221751 279 1071 16
256458 262 1200 19
450962 265 2790 33
465533 278 1894 34
656404 279 275 48
941155 279 1272 69
1238087 273 842 92
1481082 264 239 110
1602428 279 2907 119
1615604 261 1212 120
1996170 274 179 147
2009887 279 1032 148
2048664 265 1881 151
2141204 261 1804 158
2227537 269 1869 164
2326365 265 446 171
2585560 269 1329 191
2750415 264 1624 203
2864077 264 1431 212
2940606 261 171 218
3116634 278 623 232
3293742 262 2011 245
3417573 265 1877 254
4071923 263 2936 304
4583216 261 1094 343
5170926 264 478 387
5274581 272 1667 394
5602245 265 1484 418
5613102 279 644 419
5885014 270 2900 440
5960498 262 41 445
6231703 276 1367 465
6452248 276 2616 482
6463236 278 1065 483
6626703 263 2398 495
7053830 267 1458 528
7496609 272 2418 561
7649982 271 110 573
7924015 277 1959 593
8023129 260 2082 600
8084144 269 330 605
8122495 265 2246 608
8515062 269 1602 637
8575318 267 2786 641
8717660 279 456 652
8788042 274 56 658
9122360 277 1631 682
9974028 276 2070 745
10065753 278 2081 752
10095736 279 1879 754
10654089 264 1903 794
10859777 278 2968 810
11297295 263 528 843
11312635 270 1507 844
11899480 266 1987 887
12103919 276 2800 902
12349279 265 1270 920
12454276 265 141 928
12714508 276 1367 947
12729928 274 58 948
12741666 274 524 949
12855589 265 56 957
13088711 274 399 975
13205581 262 2737 984
13336544 272 2430 993
13576936 267 1622 1011
13877721 279 1701 1034
14447496 270 2837 1077
14657360 273 983 1093
15351848 266 2926 1143
15691640 268 673 1168
15760651 278 827 1173
15849501 274 40 1180
16021152 279 2900 1193
16246942 268 2158 1211
16297242 277 529 1215
16424811 271 2873 1225
16452376 275 1697 1227
16503824 277 2948 1231
16553094 277 1966 1235
16699339 276 427 1246
16768584 269 199 1252
16806921 263 1211 1255
17042859 264 1817 1272
17122633 279 1904 1278
17221932 261 2992 1285
17506633 270 416 1306
17548144 261 2047 1309
18033149 277 700 1345
18097910 264 2970 1350
18545343 262 1299 1384
18693627 268 2196 1395
18717881 265 2135 1397
18777815 262 618 1402
18875727 273 388 1409
19197166 270 643 1434
19222361 274 1258 1436
19497490 263 1207 1457
19790794 266 1103 1479
20320303 274 2416 1519
20395620 264 1352 1525
20484007 264 2836 1531
20668413 274 271 1544
20711199 275 1753 1547
20753024 260 60 1550
21279387 274 577 1589
21348696 278 2887 1595
21630309 268 2477 1617
21745029 278 1180 1626
22028516 260 2165 1648
22377921 267 1103 1675
22495928 271 1789 1684
22665478 268 919 1697
22842565 264 2358 1711
22925370 260 1850 1717
22976878 271 2400 1721
23153596 264 2584 1735
23393593 279 272 1753
23493173 276 80 1760
23633074 273 148 1771
23735364 269 449 1779
24816864 268 1748 1861
25597272 265 726 1920
25893362 264 2868 1942
26120566 269 158 1959
26145745 264 863 1961
26473963 272 1573 1986
26704486 260 2930 2003
26820738 272 37 2011
26833969 263 490 2012
26863385 270 27 2014
26906763 269 2152 2018
27272091 270 128 2046
27282796 278 934 2047
27464674 274 2367 2060
27917968 266 1922 2093
28100544 263 1715 2107
28159643 279 1391 2111
28172773 268 1729 2112
28318093 275 2846 2124
28411408 261 321 2131
28645231 276 204 2148
28825078 273 827 2161
29041539 261 2426 2177
29123611 264 2573 2183
29454236 276 2164 2208
29555303 266 911 2216
29782280 268 1387 2234
30094343 265 502 2258
30141866 277 1916 2262
30193905 277 1746 2266
30250564 261 572 2270
30278345 268 2175 2272
30355319 265 765 2278
30756448 267 2472 2309
31062091 265 1488 2331
31339802 260 1177 2353
31436619 271 1780 2360
32007335 263 1243 2402
32079783 279 1364 2408
32623980 279 1484 2449
32651545 262 283 2451
32946903 266 2307 2473
33018799 278 192 2478
33120402 274 652 2485
33159678 269 806 2488
33186544 264 655 2490
33377966 274 2769 2504
33486525 277 442 2512
33601973 274 2198 2521
34041239 274 72 2554
34088978 266 321 2558
34468709 268 546 2587
34512067 276 1627 2591
34681882 278 728 2604
34764068 278 1033 2610
34842579 275 902 2616
34856257 273 2200 2617
34925187 275 2335 2622
35128194 277 2678 2638
35260782 266 2045 2648
35406257 262 581 2658
35455581 269 279 2662
35816391 269 430 2688
35839114 276 1358 2690
36629168 270 2531 2748
36688953 271 1848 2752
36716868 279 299 2754
36857790 271 1866 2764
37040065 265 237 2778
37287257 269 2596 2797
37442967 262 53 2809
37466073 265 2224 2811
37785547 268 1992 2835
37851796 262 2442 2840
38171478 263 2954 2863
38421232 274 2308 2882
38537979 276 1303 2891
38656364 276 918 2900
38759829 270 822 2908
38772143 265 2548 2909
39212384 262 777 2942
39263290 270 1076 2946
39300826 269 2059 2949
39410960 268 1312 2957
39514321 269 2210 2965
40072903 277 959 3006
40101074 275 2373 3008
40262796 271 1772 3020
40312981 278 1637 3024
40326248 264 1393 3025
40395371 270 595 3030
40419093 271 1729 3032
40448893 272 2577 3034
41025856 264 2390 3078
41070819 261 2337 3081
41125652 271 2740 3085
41270622 270 2192 3096
41321259 268 552 3100
41411605 267 1115 3107
41500427 276 280 3114
41527539 277 1438 3116
41771234 276 2943 3134
41896578 262 604 3143
42113314 271 1075 3160
42157440 269 124 3163
42354892 260 2569 3178
42383120 261 1295 3180
42531313 272 2632 3191
42620214 267 1160 3198
42778745 266 2590 3210
43024099 278 173 3228
43230749 275 251 3244
43392323 264 33 3256
43916892 269 1797 3296
44116001 263 1340 3311
44274796 271 1371 3323
44395544 260 2632 3332
44708755 270 2186 3355
44853045 270 2983 3365
45005408 260 1861 3376
45254898 265 1852 3394
45287740 263 1952 3396
46096044 275 2424 3456
46346633 263 1258 3475
46562712 263 2882 3491
47091761 262 750 3531
47293450 260 47 3546
47501209 278 2838 3561
47616380 262 29 3569
47744119 275 2525 3578
47769059 268 1529 3580
48745192 267 379 3654
48956873 261 224 3671
49126981 265 34 3683
49151995 279 1026 3685
49880758 262 2408 3739
49893059 279 1013 3740
50813864 277 1451 3810
50856849 262 8 3813
51005058 264 2081 3824
51375950 262 2903 3852
51778135 262 1169 3882
52264147 263 2099 3918
52277070 275 786 3919
52602584 261 279 3943
52628370 261 1748 3945
52901311 273 2271 3965
52928432 264 1577 3967
53093656 267 1169 3978
53275917 261 1645 3992
53372558 278 544 3999
53412318 274 699 4002
53424577 273 1016 4003
53517810 266 2993 4010
53588778 271 1697 4015
53831544 266 2437 4034
54228296 269 1271 4064
54599177 274 71 4092
54682867 269 2266 4099
54719261 271 1680 4102
54760146 275 1744 4105
54980063 275 240 4122
55440277 264 1569 4155
55464252 271 743 4157
55492736 278 2416 4159
55824333 275 355 4185
55902631 260 1373 4191
56495903 276 1644 4236
56827089 275 1805 4260
57258898 274 695 4292
57574412 267 2389 4316
57844983 261 720 4337
58059556 261 58 4353
58330316 268 2136 4373
58381239 267 720 4377
58728750 275 2717 4403
58843307 267 2355 4411
59004291 264 2636 4423
59169073 278 1631 4436
59292845 268 1196 4445
59373615 274 833 4451
59879265 277 1888 4489
59970398 275 2301 4496
60087351 260 2990 4505
60216537 275 2241 4514
60322016 277 849 4522
60354239 273 1471 4524
60587499 272 39 4541
60890103 278 962 4564
61113941 260 1408 4581
61123941 266 2337 4582
61277997 260 970 4594
61455464 272 2536 4608
62055021 278 1141 4654
62480769 269 196 4686
62518261 276 288 4689
63070536 269 1795 4730
63184819 278 2625 4738
63385372 270 852 4754
63481741 279 1335 4761
63620945 262 746 4771
63897883 278 37 4792
65170428 268 119 4886
65182627 278 34 4887
65211412 261 979 4889
65392681 266 428 4903
65654192 279 1417 4922
65679357 272 2439 4924
65797757 265 614 4933
65826246 274 1892 4935
65948580 278 345 4945
66338102 268 1162 4976
66366739 267 2968 4978
66478418 278 1950 4986
66579703 263 2374 4993
66974336 275 1447 5023
67469463 260 627 5060
67637577 275 1291 5073
67875719 261 256 5091
67890640 267 2651 5092
67989485 269 65 5100
68070673 261 1154 5106
68270966 272 2554 5121
68314748 266 2548 5124
68424758 272 311 5132
68494226 269 2960 5137
68564843 261 2517 5142
68978532 276 2461 5172
69073631 272 2598 5179
69130187 262 2313 5183
69538408 278 1419 5213
69862232 271 919 5238
70115627 263 447 5257
70195271 262 2532 5263
70293758 260 2086 5270
70325521 272 234 5272
70513145 266 2912 5286
70680630 279 85 5299
70746330 266 1296 5304
71105703 272 1484 5331
71405301 266 1692 5354
71461210 266 1788 5358
71526933 275 2029 5363
71537212 269 1919 5364
71551016 265 256 5365
71764936 270 1608 5381
71822400 277 142 5385
72055764 277 1314 5402
72142784 266 2457 5408
72382480 278 795 5426
72494645 271 2198 5434
72705020 262 1600 5450
73019362 272 908 5474
73032712 269 1209 5475
73139424 262 2908 5482
73152232 270 1989 5483
73183020 263 117 5485
73208511 260 1140 5487
73343419 272 282 5497
73502483 277 2485 5509
73749984 276 1046 5528
73923496 266 397 5540
74588286 261 176 5590
74707326 277 619 5599
74736164 264 209 5601
74778903 265 1379 5604
74905161 262 2051 5614
74931022 268 2026 5616
75900256 272 1036 5688
75950594 275 2574 5692
76090950 268 768 5702
76577066 274 1884 5738
76592779 276 660 5739
76667855 264 2785 5745
77811493 271 1120 5830
78047174 267 2133 5847
78199205 278 1505 5858
78334683 278 1599 5868
78417327 272 2257 5874
78506445 272 114 5881
78885690 278 979 5910
79007321 270 2495 5919
79246934 263 1094 5937
79378963 278 1538 5947
79390959 269 1648 5948
79671107 263 1743 5970
79777408 276 1096 5978
79859289 270 303 5984
80126685 274 1268 6004
80219983 273 1351 6011
80303169 269 480 6017
80565293 278 732 6036
80614954 273 2644 6040
80803401 275 195 6055
80935948 261 2139 6065
81027869 261 890 6072
81172447 279 2125 6082
81295507 272 2577 6091
81397049 261 2475 6098
81420753 275 284 6100
81681970 269 111 6121
82098283 278 1097 6152
82343393 260 2400 6170
82393262 263 2564 6174
82470012 278 2706 6180
82495429 267 2041 6182
82532635 266 1049 6185
82844333 261 552 6208
83186392 275 2462 6233
83333866 270 2791 6244
83790707 279 2840 6279
83906158 279 2405 6288
83959586 272 1148 6292
83974852 264 988 6293
84084199 260 4 6301
84407476 270 64 6324
84629367 266 699 6340
84836924 268 2458 6355
84873409 277 1356 6358
85539099 277 1120 6406
85706801 260 2184 6419
85744210 273 1632 6422
85824050 270 1267 6428
85908039 266 2667 6435
86061273 271 929 6446
86256091 260 2382 6461
86466765 275 1952 6477
86719725 272 2311 6496
86893257 274 1628 6510
87503931 265 483 6555
87915766 272 1406 6586
87950891 265 1517 6589
88106570 273 2208 6601
88371308 278 570 6621
88588494 272 2664 6637
88930368 264 2896 6662
89125383 267 1750 6676
89202681 260 1495 6682
89434847 267 663 6700
89606274 264 1229 6713
89661508 265 696 6717
89996035 264 2665 6743
90011930 263 314 6744
90303033 270 1002 6766
91035065 272 1359 6821
91181589 279 2012 6832
91248385 267 2680 6837
91304556 262 2491 6841
91409050 262 2292 6849
91423969 267 2371 6850
91587742 263 969 6862
91612903 262 530 6864
91957153 277 1338 6890
91986966 262 1292 6892
92295232 264 2273 6916
92529355 263 2263 6934
92540940 264 2920 6935
92730655 272 1899 6949
92868281 261 1965 6960
92880353 275 2351 6961
92991603 270 1293 6969
93493997 271 1811 7006
93624717 277 2616 7016
93775710 275 1388 7027
93785997 260 1228 7028
93955226 270 2548 7040
94019681 266 1245 7045
94048984 268 995 7047
94426210 268 1553 7075
94560540 265 1393 7085
94640711 263 2393 7091
94882366 270 2033 7109
94950238 275 1156 7114
95003970 262 1018 7118
95015525 277 425 7119
95056099 266 2702 7122
95136879 277 1314 7128
95506497 276 1177 7156
95640640 276 2270 7165
95828016 272 433 7179
95917871 276 1480 7186
96151213 271 223 7203
96445048 274 2151 7225
96814569 277 1435 7253
97128998 274 1237 7276
97397687 263 2179 7297
97445090 270 337 7301
97459978 271 66 7302
97797825 270 1191 7327
97813877 263 544 7328
97845310 261 1358 7330
98050825 271 68 7345
98254767 263 478 7360
98626279 277 2446 7388
98709533 265 2312 7394
98826102 264 2826 7403
99188610 269 585 7429
100120484 275 1970 7497
100370081 265 795 7516
101128835 274 376 7573
101315599 268 87 7587
101675042 268 534 7614
101713664 268 2544 7617
101806708 264 166 7624
102159727 272 67 7651
102263286 264 2418 7658
102561538 267 104 7681
102707025 279 798 7692
103177473 271 2846 7728
103410914 265 2687 7745
103520396 263 857 7753
103600842 277 689 7759
103870783 266 1238 7779
103982437 278 1562 7788
104087684 279 597 7796
104427765 263 810 7821
104573646 266 989 7832
104638381 275 2170 7837
104752052 261 2812 7845
104763154 273 2298 7846
104932381 277 2611 7859
105047875 265 825 7868
105315689 273 666 7888
105510927 267 1882 7903
105784454 263 1779 7923
106200509 260 1531 7953
106331306 266 624 7963
106464476 266 2271 7973
106583170 271 2963 7982
107689510 267 2600 8066
107784930 270 253 8074
108343104 262 676 8115
108699573 265 248 8142
108752043 268 1002 8146
108941849 271 1871 8161
108955923 269 688 8162
109249367 271 931 8184
109344337 277 1653 8191
109510339 278 815 8204
109753252 275 2231 8222
109859554 266 2417 8230
110123764 262 734 8250
110468593 272 1258 8276
110617608 264 997 8287
110807081 276 2086 8301
110917253 273 2956 8309
110953502 276 2989 8312
111567661 269 1095 8358
111703156 272 2247 8369
111718979 268 488 8370
112086709 270 1668 8397
112256025 276 258 8410
112467492 271 198 8426
112628003 266 1163 8438
113160197 267 2110 8478
113339062 267 2803 8492
113531361 266 1215 8506
113907020 274 2548 8534
113932814 278 2691 8536
114326132 269 364 8565
114596650 273 2558 8586
114629982 274 239 8588
115086591 266 1903 8622
115207994 276 616 8631
116847643 275 705 8756
117077396 269 1170 8773
117308619 276 121 8790
117498663 266 1179 8804
117934005 279 311 8836
118008191 265 977 8842
118106283 265 854 8849
118259257 278 1978 8860
118333303 266 1843 8866
119115082 270 1457 8924
119130361 275 2206 8925
119314497 271 2616 8939
119369070 269 1285 8943
119555310 261 2938 8957
119702530 263 2298 8968
119736849 268 1499 8971
120167326 264 965 9018
120207520 262 1766 9030
120254276 267 1321 9045
120360781 263 1853 9076
120404543 270 2028 9089
120438640 266 799 9100
120442409 279 2740 9101
120461082 272 543 9106
120481726 264 2699 9112
120587149 263 2239 9144
120609103 279 2676 9150
120625089 270 86 9155
120655215 263 487 9165
120693950 262 2599 9177
120699448 260 1760 9179
120722675 261 739 9186
120860467 264 2365 9227
120890998 270 141 9236
120941392 273 2806 9250
121110105 275 378 9300
121136822 267 1051 9308
121166498 266 2908 9317
121172646 275 1070 9319
121203310 272 388 9328
121211739 277 2899 9331
121218298 261 658 9333
121323207 277 2633 9365
121436233 268 1832 9398
121439121 267 846 9399
121453784 273 372 9403
121482822 276 1395 9412
121518610 269 2408 9422
121521474 268 1796 9423
121536509 273 1323 9427
121560586 274 1584 9435
121571794 262 2592 9438
121615711 274 2818 9450
121678295 270 2444 9470
121727100 260 736 9485
121752510 277 2543 9493
121794549 260 2688 9505
121840445 264 169 9518
121934076 273 545 9546
121940182 267 1329 9548
121946759 263 2980 9550
122001719 262 2079 9566
122076379 279 1148 9588
122197831 270 433 9623
122228431 277 2322 9632
122239566 267 175 9635
122293385 276 2076 9652
122369451 273 1200 9674
122388093 269 2886 9679
122464767 277 464 9701
122473216 278 1503 9704
122503210 267 1987 9713
122514884 265 2499 9717
122567852 263 2670 9734
122577138 269 208 9737
122647374 269 487 9758
122661280 272 2670 9762
122664409 269 1701 9763
122678514 263 1222 9768
122700403 271 1378 9775
122738463 269 680 9786
122745280 273 136 9788
122773291 279 2893 9796
122815733 264 2085 9809
122963402 274 607 9853
123188722 267 1972 9920
123206237 268 1993 9925
123272139 271 1230 9944
123343430 279 2839 9966
123377235 273 121 9977
123427930 275 2312 9992
123444517 269 888 9997
123470234 269 1620 10004
123510428 272 2835 10018
123526785 260 1028 10024
123533554 265 640 10026
123552927 268 661 10032
123678302 262 820 10071
123737775 267 1301 10090
123753669 278 2883 10095
123797273 267 142 10108
123816642 272 733 10114
123845556 270 2055 10123
124002006 268 2546 10171
124007661 270 1446 10173
124016305 267 1242 10175
124151021 270 421 10215
124217701 273 493 10234
124283991 265 1463 10255
124379553 274 1166 10284
124400357 266 2933 10290
124549074 264 300 10335
124566358 262 1144 10340
124633330 274 1382 10360
124837189 266 688 10424
124856792 276 2184 10430
124864078 271 1276 10432
124962028 274 2134 10462
124989861 264 1110 10470
125024762 272 1981 10480
125081881 264 1049 10498
125088223 261 49 10500
125099826 275 381 10504
125117449 271 136 10509
125232709 265 2119 10543
125493721 266 365 10621
125657629 278 1144 10670
125715729 270 1592 10688
125750691 275 913 10698
125871518 273 1628 10733
125920764 275 732 10748
125934216 269 2324 10752
126024968 265 2658 10779
126034911 270 2687 10782
126077569 272 2385 10795
126095958 265 2784 10801
126125045 265 717 10810
126133182 264 2596 10813
126201029 263 755 10833
126219290 273 1524 10838
126222326 274 405 10839
126236733 275 362 10844
126245808 277 367 10847
126250816 272 382 10849
126258800 268 1539 10851
126276557 272 114 10856
126301754 275 1774 10864
126306987 277 1116 10866
126510735 273 1161 10927
126516017 268 121 10929
126611988 274 2710 10959
126620084 263 2699 10962
126710832 278 270 10990
126720254 262 678 10993
126745273 265 568 11000
126755666 271 862 11004
126758088 275 205 11005
126839924 264 1373 11030
126855857 260 2228 11034
126884416 276 847 11043
126898494 263 1571 11047
126935984 275 2745 11057
126965628 270 1214 11065
127065776 266 996 11095
127205947 269 511 11137
127325828 277 1191 11174
127375767 270 61 11189
127429583 260 938 11205
127432852 275 2134 11206
127437185 264 2121 11207
127486866 272 127 11222
127508272 266 886 11228
127674227 273 760 11277
127684055 276 2227 11280
127686575 269 22 11281
127806321 262 1796 11317
127853177 271 26 11330
127862573 275 199 11333
128019091 272 1408 11383
128052429 267 1029 11394
128180170 265 1175 11432
128243163 269 1802 11451
128325891 276 913 11475
128591447 269 1873 11559
128604829 268 1369 11563
128635386 266 2837 11572
128698604 275 2345 11591
128751088 272 688 11607
128786840 266 2504 11618
128823251 276 2813 11630
128962058 269 2347 11672
129018576 260 2110 11689
129115934 277 2100 11720
129144240 270 53 11729
129212708 261 2661 11749
129229982 269 401 11754
129331004 262 1311 11784
129337939 271 1832 11786
129413615 266 462 11809
129503929 266 1325 11837
129541856 268 1783 11849
129546986 269 2775 11851
129674937 263 1194 11892
129823019 266 969 11936
129830400 263 319 11938
129835927 275 1043 11940
129933451 262 2567 11968
130040724 272 2212 12001
130123926 278 18 12027
130146475 275 1470 12034
130160295 263 2960 12038
130214786 266 2901 12054
130236722 263 2231 12061
130281317 277 2484 12074
130343071 260 185 12094
130390618 278 2975 12109
130450620 260 1937 12127
130475702 262 1482 12134
130576484 270 1619 12163
130654126 261 1472 12186
130709790 279 1755 12203
130946223 278 2650 12273
131035956 268 2273 12300
131125160 277 1894 12326
131183400 264 773 12344
131336035 261 787 12392
131556441 266 1010 12459
131711611 260 89 12506
131750833 271 2839 12518
131774731 272 2180 12525
131850866 261 1378 12549
131889587 279 1743 12561
131952331 267 1268 12580
131967748 269 2257 12584
131980603 272 1886 12588
131995400 265 2413 12592
132223087 266 182 12660
132236037 278 2120 12664
132278300 263 1528 12676
132294647 260 2447 12682
132302406 268 1447 12684
132312365 275 1724 12687
132324002 267 2277 12691
132372618 275 2443 12706
132433762 273 452 12725
132598231 278 372 12776
132612098 266 2748 12780
132626360 264 738 12784
132644506 272 1475 12789
132647564 261 1605 12790
132657236 264 2769 12793
132747158 275 625 12820
132768568 278 2082 12827
132811017 269 989 12840
132837306 270 2678 12849
132875022 262 1519 12863
132896547 274 17 12870
132908204 275 1773 12873
132973577 270 1284 12893
133026338 278 2155 12908
133121430 278 34 12937
133178579 279 2224 12955
133230810 269 2913 12971
133238480 272 2296 12974
133289290 268 701 12989
133329973 265 141 13001
133356675 260 1458 13009
133412899 278 538 13026
133463273 271 1084 13041
133514615 274 1383 13056
133928383 266 932 13175
133935331 279 2845 13177
133978176 265 2998 13189
134041003 262 1345 13208
134079791 261 2016 13220
134097422 278 1083 13225
134110296 271 717 13229
134114835 274 2765 13231
134132311 275 2831 13236
134199250 277 2570 13256
134226247 279 2880 13264
134406765 260 433 13318
134438725 261 1591 13329
134490577 264 852 13345
134533105 278 661 13358
134596585 272 2330 13376
134618747 269 476 13383
134626689 263 2613 13385
134629126 273 2832 13386
134640016 274 200 13389
134683525 260 2238 13402
134697101 276 2372 13407
134811165 271 1064 13441
134838882 274 200 13450
134882366 264 2698 13463
134908816 272 2007 13471
134921289 268 1070 13475
134961573 266 1985 13487
134993152 273 2110 13497
135016562 279 541 13503
135023247 271 1316 13505
135051706 265 2790 13514
135119622 276 1224 13535
135132943 276 758 13539
135147564 261 1555 13544
135201089 262 407 13560
135205136 275 535 13561
135217543 279 2718 13565
135240703 265 2497 13572
135353671 269 2048 13606
135372683 261 2345 13612
135387157 275 1158 13616
135394074 277 821 13619
135401681 275 431 13621
135459721 276 1611 13640
135552563 267 2153 13669
135572555 276 901 13675
135591228 278 2232 13682
135594955 264 591 13683
135610453 275 2599 13688
135619789 278 1218 13691
135659290 262 276 13703
135810172 265 940 13751
135816162 264 1355 13753
135819703 277 1194 13754
135857644 271 315 13765
135902669 268 458 13778
135918041 278 1792 13783
135925757 273 2465 13785
136042922 263 2225 13822
136076298 271 1789 13833
136150120 271 1597 13856
136199947 261 1373 13871
136256587 274 2357 13887
136286886 264 15 13897
136294692 272 2552 13899
136340431 260 9 13912
136521342 269 1041 13968
136582497 272 698 13986
136624823 279 671 13998
136630123 260 1786 14000
136668514 262 1957 14011
136689457 276 982 14017
136764511 268 2686 14040
136811205 278 2393 14054
136833511 261 2147 14060
136849606 266 2759 14065
136892194 267 2381 14078
137047484 264 1315 14125
137090776 270 1023 14138
137107474 276 152 14143
137110440 272 1796 14144
137134981 265 2040 14152
137229494 272 982 14182
137296488 279 2611 14201
137307901 275 73 14204
137328857 264 2080 14210
137358566 279 49 14219
137411900 261 2885 14234
137471810 279 2111 14252
137550395 268 2235 14275
137586623 274 2271 14285
137608342 267 2982 14292
137708067 264 2698 14322
137734287 261 1209 14330
137826416 261 1540 14357
137938141 263 488 14391
138114991 268 2081 14444
138129305 263 1230 14449
138139844 275 2794 14452
138226324 265 1478 14478
138259233 270 2625 14488
138274171 277 1932 14492
138336946 264 1698 14512
138340424 274 718 14513
138408818 270 2589 14534
138423409 264 1575 14538
138503816 265 694 14564
138514703 264 887 14567
138552180 262 1190 14579
138588303 263 1005 14589
138594194 262 929 14591
138796608 273 2672 14653
138829895 269 2606 14664
138833566 278 1241 14665
138857706 262 1135 14673
138896181 265 2815 14685
138991274 260 2612 14714
139033181 269 204 14727
139047976 264 2122 14731
139071020 276 1033 14738
139075353 265 2302 14739
139085571 264 2820 14742
139122622 272 484 14753
139180769 269 1438 14770
139246446 274 503 14790
139249692 278 2693 14791
139252596 269 586 14792
139258844 275 2316 14794
139281411 262 102 14800
139350678 278 1846 14821
139354812 264 960 14822
139386211 268 1221 14831
139432125 260 2917 14845
139476655 275 2394 14858
139535358 278 1900 14874
139554839 266 1866 14880
139560715 262 400 14882
139577127 272 1027 14887
139606056 265 11 14896
139610389 261 2062 14897
139680633 266 2872 14919
139701620 261 2499 14926
139820450 272 1087 14960
139847637 277 746 14968
139907647 262 2965 14986
139997156 275 830 15015
140055090 266 788 15033
140070066 266 2629 15037
140140299 279 730 15058
140255382 262 2156 15093
140309975 266 501 15109
140313157 269 1570 15110
140326269 273 1495 15114
140374556 265 2241 15129
140432892 264 1511 15147
140559265 271 1057 15184
140601707 276 2919 15196
140756301 274 469 15242
140762614 276 89 15244
140796886 279 1836 15255
140828070 261 1654 15264
140855718 277 942 15273
140903174 262 2192 15286
140951491 276 2186 15300
141072792 261 2327 15337
141088198 269 372 15341
141101423 262 1787 15345
141149931 276 1978 15359
141243744 274 1370 15388
141253869 265 1878 15391
141313028 260 2283 15409
141357408 271 1761 15423
141523474 274 466 15472
141582354 267 1042 15490
141623194 262 2088 15502
141676665 262 2908 15518
141703579 276 995 15526
141706978 261 0 15527
141715987 268 2261 15530
141718491 261 2040 15531
141945215 263 1645 15600
142010991 276 2624 15620
142037823 271 1373 15628
142055429 265 2533 15633
142091761 274 2753 15644
142096009 266 100 15645
142181991 264 911 15672
142194263 277 128 15676
142276187 263 2956 15700
142371367 277 1907 15729
142402955 266 532 15739
142450237 268 2510 15754
142467017 275 736 15760
142522974 264 2932 15777
142533214 276 2845 15780
142537547 264 2562 15781
142549906 270 1969 15785
142560709 266 2308 15788
142583147 262 2049 15795
142593932 272 637 15798
142609059 263 51 15803
142610584 260 486 15804
142612720 272 406 15805
142626338 269 2731 15809
142642558 261 588 15814
142660096 262 2652 15819
142689297 272 2943 15828
142696737 269 1067 15830
142819001 266 2065 15866
142828914 278 2879 15869
142922566 275 977 15898
142928431 274 1559 15900
143021384 273 1670 15928
143024781 270 2303 15929
143071493 278 2854 15943
143088682 279 1502 15948
143118119 270 2438 15957
143254183 276 2333 15996
143266027 261 920 15999
143317388 262 2291 16013
143331713 268 1959 16018
143363418 275 1257 16027
143416242 268 2274 16043
143433889 267 2630 16048
143444080 279 2309 16051
143462668 263 1408 16057
143472433 268 2252 16060
143488923 275 1254 16065
143491452 269 2704 16066
143525750 276 1113 16077
143578667 269 2658 16093
143625294 275 2744 16107
143722456 277 685 16137
143809140 262 2759 16165
143816414 268 2092 16167
143856885 275 57 16179
143866031 275 182 16182
143899376 262 220 16192
143909076 275 151 16195
143920121 261 2998 16198
143985894 277 917 16217
144013229 261 2082 16225
144026976 267 2244 16229
144056436 269 1219 16239
144191633 260 1915 16281
144194171 274 2008 16282
144238025 267 2114 16296
144333564 264 976 16326
144363566 276 802 16335
144388603 274 2245 16343
144400254 267 1607 16346
144449144 274 222 16361
144482301 263 2657 16371
144497330 276 2993 16376
144520068 268 332 16382
144609565 277 2482 16409
144641590 275 1960 16418
144769287 263 835 16455
144781813 274 828 16459
144790169 267 73 16461
144808272 271 2436 16466
144851862 260 372 16481
144887541 263 1342 16493
144929810 273 2693 16506
144971705 262 1095 16520
145020528 274 2548 16535
145040650 272 1075 16542
145131324 274 2639 16570
145149278 274 28 16576
145216610 264 1895 16597
145280643 260 1517 16616
145305880 261 2052 16624
145449028 269 863 16665
145469499 264 237 16672
145483035 269 2454 16676
145511296 275 524 16684
145534433 263 2505 16691
145560392 267 203 16699
145574801 271 525 16703
145581097 262 1128 16705
145615913 261 1114 16716
145634310 271 228 16722
145641513 269 2041 16724
145794881 275 652 16772
145809887 277 1894 16776
145937827 277 453 16812
145962089 273 2635 16819
145983468 279 1035 16826
145994155 265 786 16829
146040738 271 5 16844
146237815 263 230 16901
146268003 262 2423 16910
146270569 268 330 16911
146292004 269 2370 16918
146319595 276 2872 16926
146353004 273 1674 16936
146399374 264 2756 16950
146427684 262 2938 16959
146445125 272 2798 16964
146636998 267 1036 17021
146675629 268 767 17032
146748286 273 2059 17053
146751501 268 1306 17054
146815826 278 2057 17074
146836165 270 631 17080
146848010 262 2132 17084
146873807 267 2058 17092
146969789 275 1085 17121
146986288 262 2061 17126
147047046 266 2791 17143
147066428 275 131 17149
147073744 271 1940 17151
147080609 274 1466 17153
147159304 273 2497 17177
147169604 271 1560 17180
147237606 272 1159 17201
147383073 270 1958 17244
147540684 276 1332 17292
147544567 276 2848 17293
147813599 279 760 17373
147961699 274 761 17418
147986837 271 2397 17425
148021081 269 2239 17436
148103256 272 1051 17460
148148223 269 864 17473
148213789 278 2399 17493
148289206 273 615 17516
148318701 263 1767 17524
148365477 262 1427 17538
148386855 265 703 17544
148415507 269 395 17552
148497030 269 409 17577
148512399 272 1856 17582
148549130 273 998 17594
148593310 278 2215 17607
148624475 270 2000 17617
148640770 271 1039 17622
148707860 274 1874 17643
148725014 271 2263 17648
148787609 262 130 17668
148800716 278 1715 17672
148837565 274 444 17683
148848307 265 652 17686
148956363 278 1636 17719
148960292 261 2132 17720
148963155 275 721 17721
148967370 277 1522 17723
148976525 271 622 17726
148982640 265 1988 17728
149011966 276 76 17737
149092197 268 2968 17761
149126660 272 2518 17771
149209693 268 1188 17795
149216682 277 1535 17797
149262767 266 992 17810
149343724 269 2279 17836
149392955 270 2171 17851
149406607 273 2541 17855
149444125 278 39 17866
149445973 278 1261 17867
149453309 278 404 17869
149475679 266 2933 17876
149525143 275 427 17892
149599439 264 149 17914
149767653 273 1485 17965
149800358 271 50 17974
149991179 260 1275 18031
150008638 262 130 18036
150030249 261 2124 18042
150055358 266 2369 18049
150125720 277 1225 18071
150179891 266 478 18087
150210721 268 632 18096
150273484 265 1674 18115
150319706 264 1047 18129
150416338 267 52 18157
150450321 270 2835 18167
150491212 278 1491 18179
150509662 265 2942 18185
150535221 260 2948 18193
150577907 274 1853 18206
150614607 279 676 18217
150657769 261 354 18230
150673387 266 1622 18235
150746969 270 109 18256
150841602 271 703 18284
150856812 268 2730 18289
150913188 271 1368 18307
150974719 275 1769 18326
150981518 263 2720 18328
151012837 269 2143 18337
151022835 279 1434 18340
151034639 264 1068 18343
151038972 277 2746 18344
151182997 270 1018 18387
151244373 265 1703 18405
151254382 276 300 18408
151279454 271 1128 18416
151282337 270 390 18417
151293007 264 584 18421
151366010 271 2375 18443
151421776 262 2259 18459
151625457 273 538 18519
151682875 271 163 18536
151690286 270 1989 18538
151702780 274 1946 18542
151714248 279 163 18546
151887558 268 2639 18597
151923022 263 2356 18608
151961880 265 1534 18620
152060176 276 2599 18648
152089558 267 1941 18657
152093090 279 2354 18658
152137249 264 232 18671
152154263 273 992 18676
152182778 260 1632 18684
152210325 260 394 18692
152259161 276 2185 18707
152288462 275 1011 18716
152371824 269 1702 18741
152394244 279 493 18748
152488676 275 1591 18778
152512627 261 1201 18785
152519511 279 187 18787
152572270 270 619 18802
152587454 264 114 18806
152594865 275 1572 18808
152672838 274 2687 18830
152724079 278 624 18846
152787890 264 2101 18865
152789350 267 1871 18866
152799145 273 2772 18869
152920265 266 2623 18906
152984004 271 254 18925
152986205 276 751 18926
153007207 262 2709 18932
153093486 275 2294 18959
153169509 264 336 18980
153186599 267 2180 18985
153233359 269 1435 18999
153269565 272 541 19011
153272800 267 1163 19012
153347345 275 1434 19035
153430426 266 94 19059
153520437 262 2692 19088
153562252 267 2669 19100
153623837 274 2866 19118
153688181 265 2073 19138
153796728 277 2266 19171
153800424 278 927 19172
153806729 261 1042 19174
153814466 268 511 19176
153890112 274 496 19199
154008805 272 2801 19234
154020742 272 935 19237
154088958 279 145 19257
154092177 272 2805 19258
154112857 268 1269 19264
154157726 263 2388 19277
154161038 266 1760 19278
154179156 266 588 19283
154204836 261 262 19291
154410577 277 1169 19354
154435221 261 2099 19361
154437937 266 1842 19362
154452860 262 1571 19367
154562382 260 1234 19401
154634108 264 2224 19424
154691893 276 530 19442
154703847 260 2795 19446
154737421 261 1606 19456
154750586 266 1147 19460
154793502 269 1585 19474
154822308 277 251 19482
154869601 260 377 19496
154879492 267 2163 19499
155151130 265 1252 19581
155154618 267 236 19582
155173082 264 52 19588
155185859 261 1708 19592
155225086 272 2172 19604
155237145 276 2614 19607
155273849 264 781 19617
155356741 262 744 19643
155386969 270 2488 19651
155425286 270 311 19663
155543651 279 2689 19698
155563564 264 2214 19705
155581887 271 1309 19711
155628092 261 1668 19724
155730787 273 2760 19755
155827442 279 782 19785
155831141 269 2617 19786
155908505 262 931 19810
156151924 269 2101 19884
156164847 276 1301 19889
156190502 268 2630 19897
156200815 261 2091 19900
156280065 276 2532 19923
156286490 270 2932 19925
156314679 262 1026 19934
156326480 266 2219 19938
156349820 267 1638 19945
156471350 267 243 19983
156513327 275 1524 19995
156681631 262 984 20045
156705919 260 2346 20052
156729228 268 1890 20059
156731498 270 2410 20060
156748590 273 1737 20065
156799214 269 2729 20080
156886841 276 531 20106
156918441 275 2561 20115
156985818 269 1259 20135
156995263 277 441 20138
157045344 273 357 20153
157196815 274 1969 20199
157207406 264 261 20202
157219961 265 2823 20206
157233835 270 2995 20210
157402541 277 718 20260
157425803 261 1894 20267
157521629 274 2449 20296
157606432 265 1445 20321
157609826 278 2363 20322
157615454 263 141 20324
157617940 265 2448 20325
157659749 262 827 20337
157690467 274 2400 20346
157827710 271 997 20388
157834017 276 506 20390
157845067 276 1196 20394
158059123 275 1399 20458
158139851 262 2942 20482
158155040 271 1969 20487
158167745 265 2146 20491
158310528 274 1557 20532
158390331 262 376 20555
158409335 274 1054 20560
158432967 273 2461 20568
158475199 272 1979 20579
158609968 274 1915 20620
158622203 272 1916 20623
158729779 263 2376 20656
158732751 268 1143 20657
158736359 270 401 20658
158757286 273 54 20664
158782991 265 2292 20672
158804963 269 2741 20680
158869301 274 56 20699
158882578 270 843 20703
158886001 268 2853 20704
158996292 277 1299 20737
159167585 260 2349 20792
159185581 260 1361 20797
159211279 274 355 20805
159413699 277 2026 20864
159614451 260 452 20925
159687826 268 2058 20947
159689894 263 2260 20948
159759128 275 357 20969
159788655 263 1816 20978
159792988 263 743 20979
159823557 272 326 20988
159830273 275 1454 20990
159852440 279 574 20996
159913343 267 2841 21014
159932224 278 1339 21020
160012580 262 2325 21044
160073284 271 2485 21061
160078245 277 1940 21063
160183925 261 1247 21095
160206468 276 2358 21102
160241822 265 1301 21112
160278078 274 2961 21123
160334649 263 1351 21140
160397440 278 2343 21159
160408660 262 2947 21163
160448442 278 458 21175
160465426 265 29 21180
160561146 267 2391 21208
160582127 260 2158 21215
160762803 269 1386 21268
160805486 268 756 21282
160840662 274 366 21293
160887350 268 1492 21307
160958581 279 2541 21328
160977048 262 2689 21334
161045518 275 2276 21355
161129053 266 2928 21380
161210988 269 2701 21404
161267881 260 1070 21422
161283747 266 2350 21426
161302806 268 1141 21431
161399649 264 2915 21460
161527657 260 1804 21498
161637819 274 2537 21531
161652275 279 1555 21536
161655917 260 1917 21537
161728286 265 1032 21559
161758368 275 1361 21568
161770929 267 2827 21572
161791957 273 2115 21579
161799386 277 558 21581
161870988 275 2471 21601
161889767 276 892 21607
161916093 275 1842 21615
161968732 277 2473 21631
161974555 274 1870 21633
162003762 279 2772 21643
162011387 271 1983 21645
162110573 263 937 21676
162125677 260 1347 21680
162129340 264 1083 21681
162266230 276 617 21721
162323184 264 2892 21739
162397911 264 2383 21762
162437162 264 1141 21775
162485447 276 851 21789
162525143 262 1485 21801
162547904 262 1731 21807
162559936 272 2774 21811
162676162 268 2948 21843
162692569 268 1882 21848
162726971 262 1106 21858
162853764 260 1341 21896
162913481 260 447 21915
162965777 273 1721 21931
163028297 262 2547 21950
163031780 261 551 21951
163145214 274 2189 21986
163175164 278 117 21995
163189809 278 2983 22000
163267100 270 2702 22023
163273930 266 1767 22025
163305247 278 1887 22035
163405887 266 2168 22066
163493635 269 255 22091
163536501 274 1811 22103
163540039 274 2890 22104
163680232 270 959 22148
163687222 275 1549 22150
163709269 276 1569 22156
163719797 272 2720 22159
163745535 273 1680 22167
163754770 269 1171 22170
163790846 264 1555 22181
163802865 277 2113 22185
163837615 278 2363 22195
163861503 271 457 22202
163876277 279 1140 22206
163934691 268 2990 22224
164034891 272 1071 22253
164049200 273 2794 22257
164123948 275 895 22279
164178943 274 2473 22296
164250208 272 2779 22317
164256941 276 2971 22319
164365499 262 1305 22351
164516554 274 1209 22397
164582065 278 1809 22418
164625492 268 2368 22432
164670508 275 2873 22446
164678753 262 703 22449
164723694 271 2196 22462
164775026 270 2560 22478
164783701 279 75 22481
164825229 278 532 22494
164873882 275 1775 22508
164904714 267 1074 22517
164913025 266 170 22519
165064055 260 2641 22566
165084412 268 1788 22572
165093947 260 922 22575
165097848 278 2970 22576
165128567 279 775 22586
165135244 276 2447 22588
165145963 270 2011 22591
165171784 260 709 22599
165244051 277 381 22620
165276087 261 612 22630
165405742 275 1714 22669
165578820 267 1432 22722
165603111 279 310 22729
165610874 266 2938 22731
165628985 273 2229 22737
165639078 266 2356 22740
165845251 276 428 22801
165848587 278 2097 22802
165981532 269 2460 22842
166046298 264 2973 22863
166111943 262 1361 22883
166145017 272 2586 22893
166179925 265 2304 22904
166183344 270 680 22905
166195226 274 2114 22909
166231309 267 139 22920
166260348 275 2300 22929
166302759 261 2676 22942
166351815 272 2938 22956
166386178 279 644 22967
166437549 273 2815 22982
166477238 279 969 22993
166515028 273 2573 23004
166518801 274 1601 23005
166581666 267 2394 23025
166725470 268 587 23068
166771668 264 2042 23082
166831344 262 2508 23100
166950846 274 2223 23137
166990755 269 2637 23149
167064335 262 2766 23172
167169210 266 1240 23203
167216733 267 318 23217
167319580 278 2623 23249
167391449 275 1942 23271
167429156 265 571 23283
167493065 270 312 23303
167496476 275 2545 23304
167587386 269 2597 23331
167614784 275 296 23339
167637437 279 1199 23346
167713101 278 2123 23369
167783326 272 664 23391
167796699 270 476 23395
167799274 265 573 23396
167849510 270 1185 23411
167924396 262 2958 23433
167951998 279 834 23442
168070428 265 811 23478
168135172 263 2065 23499
168172665 262 2956 23509
168184556 272 2796 23512
168235275 265 1837 23527
168271661 274 1045 23538
168338012 266 1081 23557
168341655 276 2512 23558
168364455 267 1235 23565
168414065 272 198 23580
168487208 261 2865 23602
168504513 271 1625 23607
168550144 276 1475 23621
168559468 279 2654 23624
168616574 273 2923 23640
168664540 269 1409 23655
168685340 274 2040 23661
168717515 279 2992 23671
168750923 272 798 23682
168811744 277 2405 23700
168877447 278 1133 23720
168880490 263 504 23721
168977160 266 386 23749
169064857 275 193 23775
169067935 262 1297 23776
169078344 268 1214 23779
169088926 270 2724 23782
169192596 269 1744 23813
169196044 275 39 23814
169220900 261 1546 23822
169249016 275 1303 23830
169252966 274 1329 23831
169284046 278 1186 23840
169382953 273 791 23872
169537188 264 2056 23919
169621602 275 577 23943
169683613 275 72 23963
169705636 274 890 23970
169715684 274 1534 23973
169718934 265 1051 23974
169786063 276 839 23993
169873008 261 1795 24020
169883830 279 1629 24023
169944888 276 2214 24041
169966601 273 656 24048
170038255 267 137 24070
170055360 271 852 24075
170140964 261 2459 24101
170167915 263 376 24109
170250948 276 1979 24133
170283545 270 602 24143
170344391 264 2457 24161
170382045 277 1184 24172
170458496 277 2979 24195
170559690 269 146 24225
170572930 263 394 24229
170646346 274 2512 24250
170653800 260 2558 24252
170719732 262 2212 24272
170751654 261 2460 24281
170883859 273 2216 24322
170891579 260 1423 24324
170968230 274 993 24348
170991645 265 1537 24355
171034643 265 1839 24368
171039139 278 2136 24370
171076866 272 2524 24382
171101486 271 559 24390
171157744 264 958 24407
171250580 266 1364 24435
171314473 275 2093 24455
171331382 276 363 24460
171346270 270 417 24465
171352812 268 1382 24467
171367406 271 1996 24471
171493599 263 1354 24508
171527623 266 2114 24518
171594224 276 553 24538
171605312 268 1164 24541
171615947 270 2923 24544
171628429 269 858 24548
171660532 276 1373 24558
171665616 265 1291 24560
171714323 263 2092 24576
171729330 260 2262 24580
171828171 278 599 24611
171880601 269 1588 24627
171883905 277 298 24628
172033264 272 1550 24673
172251970 272 490 24741
172255842 278 2890 24742
172270251 261 1646 24747
172459014 274 621 24805
172650189 267 484 24862
172654435 279 1186 24863
172715756 261 2334 24881
172730490 265 1718 24886
172759189 267 534 24895
172768687 274 244 24898
172779016 268 2055 24901
172786647 274 968 24903
172871005 268 491 24928
173130700 266 1826 25005
173146810 271 1536 25010
173175299 279 490 25018
173199874 262 589 25025
173224145 279 382 25032
173258974 275 590 25043
173277274 271 2066 25049
173311237 269 2325 25060
173348604 261 983 25072
173358427 262 2722 25075
173415321 277 1114 25091
173489924 274 2631 25114
173604353 275 2535 25150
173681613 274 551 25173
173704521 273 2537 25180
173724635 260 770 25185
173775744 275 2392 25201
173778305 269 616 25202
173829977 272 2296 25218
173862189 262 2697 25229
173929132 264 1696 25248
174006825 271 2138 25272
174100740 263 114 25301
174134616 262 2239 25311
174137874 275 2103 25312
174180452 279 192 25325
174203574 266 1471 25332
174282754 260 250 25356
174294063 265 989 25360
174401027 262 659 25393
174431106 265 1346 25402
174437789 279 2936 25404
174450597 267 1874 25408
174472609 262 863 25415
174479098 268 1474 25417
174520822 266 366 25431
174603402 262 221 25455
174879943 266 2314 25536
174886464 275 221 25538
174921716 262 1628 25549
174924299 273 953 25550
175046692 274 2487 25587
175084654 263 855 25599
175152155 274 376 25620
175242076 276 251 25648
175262295 264 213 25654
175314888 260 1865 25670
175326376 278 1656 25673
175329656 276 969 25674
175336255 261 460 25676
175424173 278 851 25704
175458568 270 974 25715
175476744 277 2046 25721
175529092 278 1048 25738
175565664 265 1891 25749
175596275 261 950 25757
175613396 268 2931 25762
175619732 274 195 25764
175664717 268 570 25779
175730441 261 1732 25797
175737903 267 2989 25799
175778140 263 2583 25811
175848101 269 2399 25834
175862951 269 1734 25838
175904984 275 1287 25850
175908436 269 67 25851
175917174 277 2338 25854
175945285 278 2579 25863
175964215 264 664 25869
175967745 270 759 25870
176157495 273 40 25926
176249573 263 1288 25954
176256597 268 2165 25956
176476458 265 2951 26023
176495991 273 1529 26029
176505587 266 1188 26032
176511200 276 1722 26034
176539263 278 1637 26043
176563757 260 973 26051
176569351 266 791 26053
176583219 270 2046 26057
176601698 274 77 26063
176605916 263 1821 26064
176676169 263 2426 26087
176705259 278 649 26096
176753634 274 326 26111
176829029 265 2350 26135
176860309 264 2451 26145
176924930 264 2347 26164
177043239 264 1103 26197
177054250 271 876 26200
177060895 274 2702 26202
177080895 269 1738 26208
177291242 271 1724 26269
177294571 274 2871 26270
177301394 267 2344 26272
177367726 262 73 26292
177391746 273 1591 26299
177402207 261 931 26302
177441755 274 1877 26313
177445450 273 151 26314
177637006 268 1155 26372
177653935 275 864 26377
177727464 270 2201 26399
177868443 261 1179 26441
177880108 262 1566 26444
177885771 263 2174 26446
177929673 274 2172 26459
177958561 269 1702 26468
178070171 274 2256 26503
178115937 275 1864 26518
178268734 268 1487 26564
178287290 260 976 26569
178302339 270 610 26573
178331182 262 1746 26582
178385843 261 2589 26599
178429292 270 206 26612
178436065 271 1349 26614
178495633 266 2253 26633
178626571 266 668 26673
178739460 269 933 26707
178750354 277 1690 26710
178756989 270 1931 26712
178857978 267 1984 26744
178928316 261 2846 26766
178935576 263 913 26768
178948454 276 844 26772
179038623 266 1246 26801
179131433 262 1319 26828
179288788 271 2092 26877
179332281 269 2981 26891
179379964 272 1397 26905
179387056 271 260 26907
179408330 263 2468 26913
179425611 276 1145 26918
179439579 270 1522 26922
179584923 273 2069 26967
179655010 261 2899 26988
179683396 276 1897 26996
179688258 278 2578 26998
179711061 278 338 27006
179824345 268 334 27041
179843913 275 2423 27047
179853393 274 1438 27050
179880045 271 718 27058
179887994 262 769 27060
179891356 273 376 27061
179905361 274 378 27065
179970023 278 2312 27084
180021606 268 1557 27099
180048489 277 1396 27107
180063594 271 1814 27112
180074821 278 308 27115
180148654 265 1889 27137
180234050 273 2627 27161
180275136 267 1864 27174
180279376 270 2079 27176
180404751 273 570 27214
180429141 276 2060 27221
180463827 262 2658 27231
180561155 264 904 27259
180612586 266 2375 27275
180648455 274 1808 27286
180672231 266 2060 27293
180690381 272 1145 27299
180728354 265 2607 27312
180765197 268 507 27324
180832133 266 2218 27346
180858059 267 2833 27353
180873814 273 2370 27357
180880244 275 2403 27359
180916466 276 2597 27369
180978181 262 2936 27388
181021081 275 700 27402
181029672 265 1245 27404
181038505 266 1347 27407
181057375 275 2290 27413
181208783 260 2078 27459
181216999 262 428 27461
181228391 261 1577 27465
181298916 262 2892 27486
181348775 275 1897 27502
181408071 267 436 27520
181452212 277 2775 27533
181454481 273 813 27534
181468170 272 1892 27538
181488417 262 1033 27544
181511761 260 1540 27551
181676195 268 2381 27601
181696711 270 2698 27607
181749460 260 1162 27622
181755754 267 104 27624
181768817 279 1996 27628
181843610 275 1289 27651
181868186 270 371 27658
181916102 274 703 27673
182010119 271 231 27703
182020533 276 1198 27706
182045930 261 460 27713
182160149 275 2596 27748
182229566 261 2478 27768
182258264 272 945 27777
182269199 260 1207 27780
182275948 270 734 27782
182279214 271 1986 27783
182324067 266 1828 27796
182379361 277 1420 27811
182408938 277 2308 27820
182470076 278 2726 27839
182594157 273 2793 27875
182645785 271 2583 27891
182693045 263 769 27906
182723216 270 1075 27915
182729330 268 1813 27917
182755752 260 81 27925
182789340 279 436 27935
182804791 267 2413 27940
182852350 271 2996 27954
182873798 260 2399 27960
182875963 268 985 27961
182935828 265 1 27979
183017478 268 689 28004
183026144 279 2355 28006
183081766 270 1957 28024
183140802 260 2003 28042
183191357 267 31 28056
183503256 275 2903 28154
183542733 274 1772 28167
183815745 264 2746 28251
183863986 261 1714 28264
183948696 260 1680 28290
183964514 274 2097 28295
183988345 264 1816 28302
184006632 276 653 28308
184042158 279 2420 28319
184101503 273 1486 28336
184137072 264 22 28346
184147904 263 1229 28349
184249228 278 1576 28378
184275640 262 260 28387
184369780 267 589 28414
184426364 263 76 28432
184547214 264 461 28467
184604854 279 2615 28483
184611123 261 89 28485
184614760 273 856 28486
184631324 262 2686 28491
184642206 263 2115 28494
184653288 267 2272 28498
184704038 273 1383 28513
184712107 275 1868 28515
184804880 266 1075 28543
184889189 261 809 28568
185051488 263 1655 28617
185103815 263 233 28633
185127514 264 1131 28640
185153424 277 178 28648
185188507 264 2687 28658
185353031 271 771 28708
185386426 264 949 28718
185401413 260 147 28722
185453295 271 1617 28738
185473453 263 2687 28744
185508769 279 43 28756
185512407 263 923 28757
185537275 268 1376 28764
185580793 267 1387 28777
185591639 267 612 28780
185626500 276 458 28790
185670628 261 2653 28803
185684190 272 633 28807
185771074 276 2106 28834
185817279 260 2636 28848
185881776 266 2428 28868
185895759 274 807 28872
185957513 272 2824 28892
185991167 279 885 28902
186014987 262 2430 28909
186028667 273 2470 28913
186031312 277 229 28914
186074238 274 402 28927
186083837 271 1408 28930
186130674 278 2881 28944
186139038 279 1382 28946
186281096 268 2047 28988
186348048 274 2533 29010
186364293 276 571 29015
186440440 263 158 29039
186470818 277 1962 29049
186589490 273 547 29085
186644751 261 202 29102
186677729 268 1196 29112
186744677 270 1559 29133
186775517 266 793 29142
186784535 260 2117 29146
186828125 264 156 29159
186845917 279 1779 29164
186851316 279 2684 29166
186878020 264 1553 29175
186950365 269 417 29197
187196443 264 2992 29276
187253999 264 2691 29293
187369502 267 2942 29328
187477273 265 1609 29361
187718671 270 541 29434
187770393 262 957 29449
187910484 271 170 29491
188028074 262 459 29525
188045409 276 1350 29530
188078869 262 631 29540
188090973 279 1118 29543
188109457 271 642 29549
188140345 279 2284 29558
188157488 265 310 29563
188205712 269 1111 29579
188248705 268 786 29591
188265967 270 2024 29596
188290979 274 1173 29604
188298814 270 1875 29606
188327225 276 1425 29614
188330913 261 665 29615
188396109 274 570 29634
188440720 262 2387 29648
188472396 276 2920 29657
188487090 273 1577 29662
188586961 274 1951 29693
188615468 261 2432 29701
188737590 278 1777 29738
188779508 261 811 29750
188803777 272 1363 29757
188839349 260 2511 29767
188850334 276 738 29770
188938227 266 945 29796
189061367 264 2458 29832
189152156 272 2236 29861
189184707 279 162 29871
189319307 274 495 29913
189370287 264 661 29929
189493407 260 2042 29965
189559396 272 975 29986
