205085 208 1488 15
287502 218 1895 21
590151 201 1853 43
694596 213 188 51
1093759 201 595 81
1148394 205 1722 85
1377254 215 2243 102
1886104 214 639 139
2125318 215 2405 157
2185336 200 1541 161
2354975 214 588 173
2406830 206 400 177
2563629 209 1179 189
2918489 215 1103 216
3076262 203 57 229
3269398 205 986 243
3334012 201 485 248
3350278 207 1198 249
3375667 208 1527 251
3594955 212 2741 267
3607865 214 2360 268
3764038 208 164 280
3829616 215 297 285
4003347 206 2384 299
4193396 216 552 313
4278174 210 1504 320
4299185 205 1773 322
4315204 211 1812 323
4701601 204 668 352
4908960 202 2728 368
4990505 206 1060 374
5065390 206 2025 379
5079324 210 1863 380
5245303 211 2220 392
5379473 217 1992 402
5761837 200 304 430
5834897 214 2807 436
5873654 211 177 439
6009717 203 1491 449
6051230 219 1768 452
6327999 208 1361 472
6402738 213 2450 478
6557843 216 1972 490
6581279 212 1561 492
6610056 209 424 494
6728762 209 1578 503
6955586 213 2182 520
7081485 211 1525 530
7350870 212 1416 550
7392686 203 843 553
7432130 200 773 556
7865851 206 2815 589
8201968 213 2037 614
8271376 210 2919 619
8588328 201 2738 642
8616141 210 349 644
8666331 202 833 648
8962249 210 1523 671
8995131 205 1240 673
9133503 214 792 683
9231922 211 718 690
9422217 209 1225 705
10328239 200 2917 771
10341990 215 562 772
10354189 214 2260 773
10797660 218 158 805
11012934 203 1399 821
11034696 218 999 823
11246492 207 2947 839
11356623 215 2801 847
11367296 208 626 848
11616172 208 408 866
12388905 207 299 923
12566214 218 340 936
12591737 211 2693 938
12631247 204 1764 941
13007841 210 2669 969
13465689 209 576 1003
13548502 217 2127 1009
13701957 209 815 1021
13864878 203 690 1033
14157784 216 758 1055
14210706 214 1418 1059
14543588 202 49 1084
14606693 206 93 1089
14697881 206 1538 1096
14751906 200 1515 1100
14766943 205 1929 1101
14831835 217 1698 1106
15506988 209 1726 1155
15547126 210 1097 1158
15560243 217 1122 1159
15750334 216 2827 1172
15962715 203 516 1189
16540745 200 2004 1234
16615924 214 2572 1240
16710126 207 1165 1247
16987047 212 2188 1268
17109067 205 1785 1277
17177432 210 2610 1282
17300898 218 1619 1291
17327802 217 2882 1293
17421565 217 1178 1300
17478567 219 671 1304
17713434 208 2606 1322
17877183 202 1122 1334
18270108 211 2611 1363
18367299 209 137 1370
18458508 215 1666 1377
18679575 204 502 1394
18761463 213 2671 1401
18835483 213 2674 1406
19056798 202 2124 1423
19067198 213 1374 1424
19472690 215 2049 1455
19581390 219 677 1463
20028976 216 1269 1496
20281184 217 2240 1516
20804125 211 1547 1554
20829703 203 1720 1556
20943498 204 2988 1564
20955330 213 2143 1565
20981578 207 706 1567
21104534 207 148 1576
21265793 204 1930 1588
21720020 216 2409 1624
21917027 202 806 1639
22119714 211 83 1655
22855586 210 506 1712
22869122 202 866 1713
23177818 204 283 1737
23233713 204 277 1741
23708634 206 174 1777
24021421 214 1615 1801
24140080 218 2858 1810
24189074 204 2574 1814
24330420 217 105 1825
24495573 213 2202 1837
24605402 205 977 1845
24930991 200 1030 1869
25303154 216 52 1898
25333385 218 2136 1900
25545632 211 571 1916
25585341 219 682 1919
26174531 212 2164 1963
26396150 205 45 1980
26437767 210 2291 1983
26502021 213 1381 1988
26596243 200 1921 1995
26634665 206 481 1998
26923424 205 2386 2019
27323907 211 1800 2050
27535445 209 74 2065
28238377 211 1191 2117
28441894 213 72 2133
28467203 206 1105 2135
28538164 200 883 2140
28877065 207 650 2165
29227843 205 1581 2191
29319413 200 2490 2198
29440027 204 328 2207
29657733 207 2058 2224
29728912 212 160 2230
30014985 219 1212 2252
30104343 218 2018 2259
30384094 212 1979 2280
30572922 211 2188 2295
30588886 217 2349 2296
30906152 205 2644 2320
31289382 200 1136 2349
31397804 215 2730 2357
31424033 201 2507 2359
31877766 210 631 2392
31956971 200 2498 2398
32068511 218 736 2407
32164608 217 46 2415
32208324 214 395 2418
32480742 216 1264 2438
32519952 210 666 2441
32774060 214 2357 2460
34001893 214 272 2551
34132321 209 2313 2561
34481269 207 2218 2588
34491696 208 2569 2589
34501696 217 2475 2590
34632374 219 2419 2600
34955729 208 535 2624
35078120 213 188 2634
35666605 216 1650 2677
35719980 211 1891 2681
35940479 213 193 2698
35954413 219 2666 2699
36281338 217 616 2723
36456514 215 697 2736
36502232 205 1055 2739
36746168 202 1514 2756
36922151 210 1971 2769
37102761 200 1463 2783
37235379 206 1548 2793
37534078 216 1908 2816
37716611 202 504 2830
37957454 218 378 2848
38155961 212 1428 2862
38456571 201 182 2885
38548041 211 1203 2892
38920521 211 2208 2920
39079471 215 947 2932
39251256 212 2129 2945
39502220 211 2900 2964
39704482 200 1334 2979
39719760 209 1984 2980
39745404 210 1317 2982
39874872 204 1901 2992
39917248 215 2583 2995
39930573 218 162 2996
40141621 200 1547 3011
40675908 217 1469 3051
40713726 213 2690 3054
40739011 206 2975 3056
40782537 214 2580 3059
41349374 216 2837 3102
41361224 219 2674 3103
41672786 204 1262 3127
41843645 217 2514 3139
42040458 206 1668 3154
42050458 215 498 3155
42129226 205 675 3161
42226461 207 251 3168
42247634 212 445 3170
42738851 206 971 3207
43330581 216 2688 3251
43356478 212 1987 3253
43469762 205 2603 3262
43809544 214 1645 3288
43862208 203 550 3292
44208356 213 1364 3318
44326122 210 2035 3327
44477715 203 1590 3338
44544658 217 572 3343
44951054 201 1340 3372
45036379 204 2322 3378
45065300 215 693 3380
45076142 206 1355 3381
45392148 202 2333 3404
45598245 207 2507 3419
45727391 215 2429 3429
45753098 219 711 3431
46400120 207 978 3479
46429468 203 2645 3481
46751878 206 134 3506
46959091 205 2318 3521
46971381 219 1766 3522
47170863 203 882 3537
47228976 215 702 3541
47923839 200 1333 3592
48134110 212 4 3608
48388838 218 924 3627
48438786 205 2396 3631
48784511 214 1813 3657
48888077 212 1060 3665
49083991 210 2007 3680
49165289 206 1291 3686
49199995 217 1337 3689
49260683 207 2253 3693
49377605 207 2995 3701
49402974 215 156 3703
49472367 206 2137 3708
49567348 205 2303 3715
49581992 205 2617 3716
49682788 200 1535 3724
49906879 201 1502 3741
50042880 204 2824 3751
50212560 207 2706 3764
51017253 200 2325 3825
51058656 212 715 3828
51074100 216 479 3829
51085573 200 789 3830
51095573 217 1401 3831
51201537 203 1053 3839
51268361 214 629 3844
51282504 204 2649 3845
51690587 203 819 3875
51710662 217 2694 3877
52335641 215 2527 3924
52534785 206 291 3938
52748753 210 286 3954
53238175 212 2708 3989
53900125 209 2176 4039
54025306 200 1395 4049
54351373 215 2583 4074
54364575 206 2886 4075
54571314 215 2337 4090
55246860 209 682 4141
55261108 219 1005 4142
55360700 211 2988 4149
55480385 202 754 4158
55596701 203 1673 4168
55812950 217 2948 4184
55944156 212 2317 4194
56152038 204 2876 4210
56286165 204 1466 4220
56296875 203 1285 4221
56538836 219 39 4239
56801770 216 1015 4258
56906240 209 494 4266
56970269 209 1529 4271
57140901 215 409 4283
57219747 206 1372 4289
57456369 201 891 4307
57635733 205 2134 4320
57686076 217 2160 4324
57750793 213 2071 4329
58498484 205 2047 4386
58884760 218 233 4414
59030477 210 149 4425
59099948 206 628 4431
59141768 217 2783 4434
59654243 212 1439 4472
60369615 210 1787 4525
60385201 219 2703 4526
60413012 212 1643 4528
60506967 206 1134 4535
60656013 202 2780 4546
60963242 210 2611 4569
61174065 203 2271 4586
61240756 213 178 4591
61546522 217 2527 4615
61560924 209 1097 4616
61687936 218 646 4626
61717828 216 2406 4628
62185674 207 2284 4664
62560124 204 751 4692
62691745 216 845 4702
62807504 204 159 4711
62986137 205 752 4724
63085469 214 2919 4731
63400334 214 2527 4755
63491741 213 363 4762
63861768 201 101 4789
63873372 203 2080 4790
64018115 202 1826 4801
64031405 215 622 4802
64340780 208 313 4825
64353817 212 2797 4826
64368366 202 128 4827
64465035 209 2934 4834
64773635 218 482 4857
64789131 200 154 4858
66013381 200 2453 4950
66085449 211 2466 4956
66102115 204 2367 4957
66126766 215 1938 4959
66748418 200 1737 5006
66875711 207 1813 5016
67027319 203 1511 5027
67136689 209 1097 5035
67186176 210 2352 5039
67323619 200 2853 5049
67348174 209 1817 5051
67362489 204 1612 5052
67509900 213 752 5063
67648750 200 1889 5074
67835142 217 2010 5088
67951474 205 2097 5097
67965864 207 2064 5098
68246312 219 1063 5119
68301543 219 2775 5123
68439842 201 2916 5133
68523998 200 2544 5139
68718733 207 1931 5153
69990945 217 2937 5248
70457079 201 2662 5282
70657080 215 1721 5297
70769598 217 1042 5306
70810442 217 2103 5309
70863482 217 1597 5313
70944086 213 1251 5319
71233679 210 1574 5341
71273030 207 209 5344
71608536 218 625 5369
72088882 203 535 5404
72234936 206 115 5415
72289639 207 2445 5419
72443216 201 579 5430
72521770 204 2508 5436
72599196 205 2950 5442
72887639 217 214 5464
73290905 218 1398 5493
73542335 208 2598 5512
73606706 203 16 5517
73644178 218 1338 5520
73667029 205 724 5522
73852518 205 16 5535
74111584 213 1782 5554
74246888 209 1024 5564
74272887 205 1710 5566
74398266 205 190 5576
74550403 200 2034 5587
74611554 207 783 5592
74808519 214 960 5606
74819944 218 1282 5607
74979543 215 1675 5619
75101956 208 364 5628
75198831 212 1063 5635
75222037 218 2984 5637
75413870 202 492 5651
75718230 216 2283 5674
75783743 201 391 5679
75796579 218 1254 5680
75832609 218 1525 5683
75843687 201 1803 5684
76224297 215 801 5712
76265919 204 879 5715
76439456 203 1494 5728
77730167 212 1822 5824
77782903 216 2498 5828
78102773 215 1946 5851
78128726 207 1569 5853
78429555 212 2657 5875
78455581 205 896 5877
78665703 219 2611 5893
78849666 210 740 5907
78928491 213 235 5913
79452954 203 1117 5953
79487499 206 406 5956
79550053 204 317 5961
79940053 218 2752 5990
80233108 219 1343 6012
80497075 203 877 6031
80728893 218 207 6049
80814099 214 2171 6056
80851457 200 2754 6059
81270493 212 1655 6089
81646090 216 1814 6118
81656892 204 1521 6119
82162192 207 1101 6157
82653954 214 1550 6194
83157298 210 662 6231
83382324 203 2946 6248
83458223 200 1906 6254
83489121 205 412 6256
83764763 211 2714 6277
83830760 216 1895 6282
84055619 201 89 6299
84277148 203 237 6315
84775024 210 1693 6351
84820332 208 2562 6354
85000894 208 2074 6367
85399153 215 2324 6396
85429436 211 2897 6398
85641911 204 329 6414
85856288 202 2555 6431
85868952 212 1882 6432
86208875 217 2189 6457
86317093 215 1086 6466
86330804 200 720 6467
86384963 203 2258 6471
86656632 217 1318 6491
87054520 210 2091 6522
87343752 207 2642 6544
87572626 215 871 6560
87768119 202 2371 6575
87783604 218 2359 6576
87940891 202 2525 6588
88046610 202 1892 6596
88602592 206 1664 6638
88753307 202 2967 6649
88805856 202 425 6653
89227396 208 2390 6684
89295681 201 918 6689
89381180 216 1224 6696
89474718 217 1781 6703
89810993 200 706 6729
90027059 216 2068 6745
90275969 204 1061 6764
90356706 207 2008 6770
90561168 204 1048 6785
90572711 210 1501 6786
90845191 212 1482 6806
90870862 210 2147 6808
90880862 209 1230 6809
90980030 206 1756 6817
91453309 204 404 6852
91727776 207 1996 6873
91757051 214 1304 6875
92050606 206 1623 6897
92410082 202 1096 6925
92461804 208 474 6929
92947026 211 1997 6966
93377956 203 623 6997
93482044 205 1240 7005
93598580 210 1823 7014
94597070 210 2438 7088
94775259 208 866 7101
94897806 218 2796 7110
95378309 214 2715 7147
95523163 217 2517 7157
95716171 210 1871 7171
95939575 216 858 7188
95951242 208 1578 7189
96602863 214 2030 7237
97100947 213 1212 7274
97115220 217 2718 7275
97255996 219 465 7286
97597087 202 1523 7312
97612666 212 1285 7313
97625373 211 1052 7314
97692413 216 2132 7319
97943333 204 2966 7337
98186214 214 1852 7355
98871854 215 1067 7406
99017935 213 2476 7416
99243803 213 1302 7433
99287382 216 2005 7436
99397998 202 126 7444
99564608 206 2062 7457
99937326 213 2877 7483
100105549 219 1117 7496
100293102 210 1831 7510
100360081 212 2826 7515
100734969 219 2929 7543
100849520 210 2095 7552
101009203 208 2617 7564
101103078 218 2190 7571
101890292 205 944 7630
101902964 203 197 7631
101915043 215 2963 7632
102630138 202 1900 7686
102833072 205 2693 7702
102857215 207 270 7704
103137566 202 1928 7725
103282943 214 1433 7736
103297057 219 2967 7737
103508235 210 1818 7752
104102314 218 384 7797
104143000 213 599 7800
104359614 214 915 7816
104485053 219 875 7825
104626449 201 757 7836
104858721 218 2487 7853
105300121 202 1031 7887
105457564 210 1613 7899
105652214 200 116 7913
106031174 202 742 7941
106171489 211 2018 7951
106303426 202 261 7961
106681128 217 1364 7989
106706975 208 1841 7991
106999525 211 656 8013
107038928 209 1257 8016
107527738 219 1087 8054
107761674 202 2809 8072
108013698 206 2484 8091
108382679 212 168 8118
108451208 210 195 8123
108606297 206 2177 8135
108619607 210 1554 8136
109076554 204 2730 8171
109167389 207 2123 8178
109264879 210 2237 8185
109290894 217 640 8187
109354386 211 2871 8192
109433352 215 2569 8198
109523410 208 178 8205
109791460 218 573 8225
109807179 212 2501 8226
110017900 201 2322 8242
110073142 215 842 8246
110187371 210 510 8255
110480847 202 957 8277
110509260 205 856 8279
110533906 202 1082 8281
110630641 201 489 8288
110966943 206 1092 8313
111444292 205 538 8349
111515081 212 1181 8354
111880664 216 2129 8382
112114303 214 2360 8399
112219914 215 1858 8407
112233630 208 2902 8408
112492346 214 503 8428
112667392 218 1501 8441
112778620 202 1600 8449
113066748 212 1476 8471
113294856 210 299 8489
113365596 215 632 8494
113392358 213 758 8496
113448694 206 807 8500
113545360 212 747 8507
113572830 207 1267 8509
113773745 206 2145 8524
113802621 217 985 8526
113814235 206 1675 8527
114432175 209 2776 8573
115100488 210 2850 8623
115562334 214 2276 8658
115609083 212 338 8662
115742950 202 1497 8672
115823874 202 1628 8678
116000456 208 2351 8691
116025695 218 1204 8693
116127466 202 2561 8701
116369400 208 2976 8719
116621176 200 79 8739
116698335 209 810 8745
116784722 207 1786 8751
116807437 203 2835 8753
116832340 218 268 8755
116864309 206 156 8757
117089600 206 2627 8774
117204237 204 437 8782
117216948 204 1506 8783
117588167 202 1981 8811
117604102 219 2523 8812
117644291 213 27 8815
117721423 208 2211 8821
117996697 201 394 8841
118502456 211 620 8879
118592076 217 1165 8886
118678991 206 1160 8892
118763870 205 1864 8898
118805882 200 2992 8901
118962290 211 1216 8913
119049011 218 2093 8919
119060310 218 713 8920
119529526 207 2018 8955
119985684 205 767 8990
120171659 219 709 9019
120183011 200 2056 9023
120268401 200 19 9049
120285339 215 481 9054
120316520 206 627 9063
120324683 211 1717 9065
120385081 217 1051 9083
120435938 216 1436 9099
120449310 206 2741 9103
120468020 219 1864 9108
120523027 214 306 9125
120570784 219 946 9139
120574426 204 572 9140
120703717 204 2314 9180
120732655 205 1231 9189
120758911 202 577 9197
120761663 214 787 9198
120774013 207 1 9202
120833872 219 2319 9220
120888999 202 1794 9235
120901212 203 1285 9239
121018040 219 1155 9273
121100626 212 2191 9297
121296638 211 378 9357
121370779 218 2308 9379
121387346 203 2233 9384
121395178 219 2824 9386
121450081 212 967 9402
121485725 212 307 9413
121529746 206 114 9425
121555067 203 1300 9433
121589502 200 2166 9443
121618930 205 1043 9451
121723574 209 1725 9484
121777251 203 2292 9500
121843230 212 2639 9519
121845685 201 533 9520
121862516 211 1228 9525
121896739 205 1958 9535
121937181 200 2398 9547
121960369 210 2694 9554
122027443 219 70 9573
122039714 208 699 9577
122059132 207 2388 9583
122070180 209 1923 9586
122247641 210 982 9638
122269742 214 2004 9645
122281261 218 2364 9648
122306961 213 780 9656
122312351 200 1100 9658
122326744 201 125 9662
122358345 206 2853 9671
122398045 202 398 9682
122430656 201 1145 9692
122508554 214 2288 9715
122552166 203 2210 9729
122621169 217 1270 9750
122703513 214 343 9776
122729176 212 2075 9783
122748261 215 809 9789
122802598 202 1104 9805
122888261 205 2555 9831
122978884 213 1091 9857
122996172 214 166 9862
123027355 206 1442 9871
123063579 218 1541 9882
123069673 208 409 9884
123191534 204 959 9921
123234192 200 54 9933
123248636 206 1298 9937
123268393 207 1794 9943
123285335 209 2277 9948
123294230 213 1472 9951
123304095 204 2971 9955
123354924 205 914 9970
123450479 205 6 9999
123454789 215 2152 10000
123495828 214 2768 10013
123499587 202 1174 10014
123513837 200 1612 10019
123664556 200 2614 10067
123782816 219 486 10104
123809138 204 2990 10112
123827808 200 1678 10117
123871850 211 2177 10131
123912930 207 1787 10144
123926136 210 197 10148
124040389 214 2978 10183
124043793 217 1504 10184
124057894 203 1327 10188
124072574 214 621 10192
124078947 201 1270 10194
124136095 203 2303 10211
124186036 209 2816 10225
124264587 211 1466 10248
124323246 208 2668 10267
124343122 219 73 10273
124385445 217 1279 10286
124465341 201 2914 10310
124487032 207 1321 10317
124497816 215 2083 10320
124511828 205 1371 10324
124519452 211 967 10326
124591904 214 35 10348
124623433 208 2573 10357
124654580 219 1417 10366
124680679 209 2436 10375
124756281 211 890 10398
124763922 204 864 10400
124888233 218 150 10439
124983402 201 2443 10468
125030221 210 1210 10482
125070195 213 2418 10494
125120548 205 1042 10510
125136903 201 2455 10515
125207909 201 899 10536
125307861 216 2924 10566
125327149 216 2928 10572
125481001 206 2756 10617
125499578 212 1760 10623
125523924 215 2572 10631
125560383 214 509 10642
125574481 215 2410 10647
125614321 205 2147 10659
125692144 212 978 10681
125804525 203 961 10714
125882421 203 408 10736
125885784 209 1292 10737
126067935 200 2557 10792
126093251 203 867 10800
126208408 214 868 10835
126211008 217 2257 10836
126489859 208 2988 10921
126513152 209 331 10928
126518956 211 1652 10930
126535996 204 459 10936
126554579 216 2430 10942
126616999 203 2834 10961
126646961 217 789 10971
126738321 210 2831 10998
126865556 216 2247 11037
126876884 206 839 11040
126921565 216 1827 11053
126968518 215 2961 11066
127031003 206 979 11085
127177882 206 2093 11129
127181740 203 2702 11130
127198721 214 974 11135
127261374 212 1926 11154
127297208 203 28 11165
127383024 209 1181 11191
127408446 207 824 11198
127457022 210 1151 11213
127538938 210 275 11237
127554530 218 248 11242
127696569 202 1545 11284
127703279 207 2124 11286
127725628 202 2802 11293
127742665 210 1921 11298
127796771 209 573 11314
127816970 215 1750 11320
127921831 203 163 11354
127949194 211 1933 11362
127956585 217 1173 11364
128121940 215 288 11415
128196572 211 2250 11437
128206572 219 484 11440
128246387 206 406 11452
128322666 215 1045 11474
128429351 212 899 11507
128582693 205 684 11556
128588285 213 38 11558
128594323 203 1517 11560
128667744 200 760 11581
128706168 209 2624 11593
128797595 205 740 11622
128804012 207 975 11624
128846779 204 642 11637
128849110 209 2797 11638
129036145 208 1940 11695
129089132 203 2135 11712
129283490 214 515 11770
129287823 201 483 11771
129320775 206 2146 11781
129396665 216 2907 11803
129488160 203 366 11832
129491555 204 306 11833
129498856 216 734 11835
129500996 215 938 11836
129526398 205 367 11844
129590850 205 2833 11865
129645858 218 1644 11882
129653814 203 702 11885
129724224 202 2968 11907
129895980 216 1986 11957
129902245 209 2373 11959
129962750 213 149 11977
130025902 210 181 11997
130043383 204 1489 12002
130085329 203 2017 12014
130094008 201 1911 12017
130156958 214 2230 12037
130162702 212 1931 12039
130165329 211 2128 12040
130194265 201 1880 12048
130293324 216 2968 12078
130308090 209 748 12083
130348746 201 2108 12096
130382540 203 595 12106
130688785 216 687 12196
130706168 215 1602 12202
130721090 203 2375 12206
130723837 218 1908 12207
130746578 217 672 12213
130753301 212 1771 12215
130775987 210 2942 12222
130777995 202 1569 12223
130790023 205 599 12227
130882979 212 1605 12254
130899216 203 1668 12259
130905987 209 1713 12261
130992677 200 2506 12286
130997159 213 1442 12288
131002200 211 145 12290
131016194 205 2555 12294
131081082 202 6 12314
131134332 217 1588 12329
131163225 204 1046 12338
131166139 217 2727 12339
131169075 201 1100 12340
131173075 214 1165 12341
131175893 209 525 12342
131185984 215 828 12345
131322770 210 524 12387
131477749 206 1227 12435
131484228 211 345 12437
131523381 216 1262 12449
131529667 219 2311 12451
131632151 203 655 12481
131672917 215 893 12494
131678921 217 974 12496
131682174 215 861 12497
131719923 216 2739 12508
131738381 208 2132 12514
131744031 208 227 12516
131800159 200 1073 12533
131919291 217 93 12570
132054392 204 208 12610
132079216 208 527 12617
132102345 205 2839 12625
132250970 219 1092 12668
132260275 203 656 12671
132263912 205 2665 12672
132337260 209 2171 12695
132347083 218 2359 12698
132404189 203 2417 12715
132406233 206 2931 12716
132470942 215 2596 12736
132546074 219 2087 12760
132660496 218 983 12794
132664293 211 878 12795
132743735 215 875 12819
132759175 214 1038 12824
132839299 211 2664 12850
132859314 202 2668 12857
132969669 206 2716 12892
132983554 213 2977 12896
133003423 209 44 12902
133018250 200 2813 12906
133130959 218 1130 12940
133256092 206 1538 12979
133303755 216 2123 12993
133316498 201 596 12997
133333585 206 1958 13002
133344232 216 888 13005
133367838 214 302 13012
133390093 206 944 13019
133393857 211 2192 13020
133406541 219 2081 13024
133449403 217 354 13037
133500423 203 2234 13052
133530544 204 2834 13060
133560063 204 1563 13068
133723483 219 2970 13116
133841969 208 2395 13149
133879005 206 2524 13160
133924686 206 1042 13174
133949923 215 1852 13181
134018052 203 1051 13201
134066471 208 2738 13215
134118511 208 1606 13232
134143319 203 768 13240
134158232 203 564 13245
134180862 217 2380 13251
134192195 212 2164 13254
134243162 214 2208 13270
134247392 213 115 13271
134273617 215 2968 13279
134290627 219 2174 13284
134304707 213 920 13288
134336196 214 1230 13297
134353552 201 1306 13302
134409246 206 1412 13319
134456770 203 716 13334
134464998 207 2630 13337
134576479 215 247 13370
134588945 205 1461 13374
134655204 211 1749 13394
134659537 210 341 13395
134679672 214 1782 13401
134752082 217 675 13423
134759655 205 2491 13425
134795226 216 591 13436
134804656 212 1994 13439
134829312 212 2172 13447
135090596 206 1034 13526
135134650 205 1806 13540
135193991 203 722 13558
135220618 215 2220 13566
135252790 212 1290 13576
135302622 201 1971 13590
135329149 208 89 13599
135471565 209 2719 13643
135555806 209 871 13670
135754607 217 852 13734
135786847 208 249 13744
135803860 204 1206 13749
135875457 218 601 13770
135884861 204 1902 13773
135910786 208 1310 13781
135913842 207 203 13782
135929709 208 1089 13786
136000361 206 971 13807
136021925 209 85 13815
136031330 210 2419 13818
136100075 205 258 13841
136196855 210 1815 13870
136343920 209 879 13913
136443747 205 2403 13944
136484765 212 2185 13957
136494701 204 983 13960
136532877 201 308 13972
136570841 201 295 13983
136575174 215 188 13984
136607417 200 1261 13993
136672847 203 1242 14012
136683790 204 325 14015
136746597 202 710 14034
136904164 219 687 14081
136964353 219 376 14100
137028455 202 2338 14119
137068590 216 1073 14131
137078142 208 2833 14134
137086731 205 205 14137
137112601 200 1241 14145
137138065 209 2024 14153
137154859 217 883 14158
137180838 207 828 14167
137205005 214 2569 14174
137250534 213 1550 14188
137274334 214 432 14195
137351165 203 1715 14217
137380353 200 1898 14225
137387254 202 629 14227
137421279 200 2952 14237
137431418 200 226 14240
137538886 204 123 14271
137559061 219 1575 14277
137596152 215 2886 14288
137655423 217 858 14306
137681142 202 2419 14314
137711760 208 2849 14323
137724925 212 1894 14327
137728385 209 20 14328
137781657 217 2245 14344
137906705 210 1710 14382
138022325 205 1811 14417
138036210 203 2397 14421
138081218 217 1578 14434
138088239 201 2457 14436
138098728 211 1200 14439
138170865 215 1713 14461
138178160 203 1135 14463
138204639 216 268 14471
138216315 208 777 14475
138281456 205 10 14495
138346243 205 495 14515
138390472 201 1499 14528
138449908 213 2051 14546
138659890 213 1996 14611
138788440 212 579 14650
138893600 205 151 14684
139008417 219 1112 14719
139050527 216 2017 14732
139060828 205 526 14735
139147492 202 438 14760
139161770 200 1642 14764
139201684 210 1128 14776
139254869 207 901 14793
139314351 205 510 14810
139344149 218 1690 14819
139405077 201 2637 14837
139451668 213 1334 14851
139661602 210 1294 14913
139666683 205 622 14915
139687138 209 373 14921
139739220 212 2302 14936
139751193 209 2533 14939
139800248 208 692 14954
139824525 206 2617 14961
139887674 206 756 14980
139905258 202 2878 14985
139970999 219 2875 15007
140000442 217 286 15016
140017264 217 887 15021
140025357 205 136 15023
140027311 215 777 15024
140059423 216 2407 15034
140190520 200 109 15073
140193281 204 1773 15074
140203828 203 692 15077
140214154 203 286 15080
140246401 202 1655 15090
140358314 218 2261 15124
140531781 202 2038 15176
140556623 217 1272 15183
140589435 203 1800 15193
140641322 212 1002 15207
140791157 200 1130 15253
140853299 215 2087 15272
140870098 203 1235 15277
140909732 205 2436 15288
141049371 217 468 15330
141103892 204 1543 15346
141136225 202 2533 15355
141175974 212 562 15368
141185214 216 212 15371
141198982 210 1033 15375
141277480 210 69 15398
141363732 201 2040 15425
141370987 216 295 15428
141377225 213 2479 15430
141387361 218 2922 15433
141424809 203 1864 15443
141503937 206 681 15466
141526891 204 2212 15473
141620127 215 649 15501
141683312 211 21 15520
141712122 200 565 15529
141768754 207 2936 15547
141779000 211 2418 15550
141807153 208 1576 15558
141836130 213 746 15566
141888718 215 2029 15581
141940426 212 2959 15598
141968013 214 1539 15607
142025423 216 2894 15624
142044789 202 2646 15630
142058477 206 2652 15634
142133193 211 2187 15657
142218871 207 1835 15683
142246242 207 1487 15691
142308311 205 2702 15710
142312034 201 2805 15711
142354446 215 456 15724
142357529 211 2087 15725
142383233 208 448 15733
142579724 217 920 15794
142666472 208 1949 15821
142734125 219 18 15840
142762729 207 392 15849
142815357 219 2237 15865
142858555 213 2430 15878
142868772 207 927 15882
142951733 208 2731 15907
142979377 206 1065 15915
143004377 206 973 15923
143015143 212 2029 15926
143050620 219 2733 15937
143102689 219 496 15952
143121983 210 467 15958
143125349 214 741 15959
143128239 206 1925 15960
143134138 211 2455 15962
143147324 201 2983 15966
143167539 212 0 15972
143269896 207 1593 16000
143390323 212 1713 16035
143459269 212 2296 16056
143584355 212 2370 16095
143611695 218 1819 16103
143827516 200 2245 16171
143835676 207 106 16173
143889892 217 996 16189
144133539 217 2994 16263
144143672 218 307 16266
144182975 219 2316 16278
144225026 200 728 16292
144254470 216 1871 16301
144257618 206 1394 16302
144354411 200 2912 16332
144357639 213 513 16333
144376175 216 2987 16339
144420858 215 2916 16352
144431326 211 205 16355
144452934 213 1657 16362
144620647 201 1469 16412
144645102 205 2002 16419
144691689 206 2662 16432
144704944 219 454 16436
144837108 206 986 16476
144868263 201 2856 16486
144944782 202 1271 16511
144957010 216 344 16515
145016195 210 735 16534
145023689 208 871 16536
145057227 208 689 16547
145089517 203 1135 16557
145124815 215 2717 16568
145186223 210 563 16588
145213717 206 2649 16596
145229245 207 2503 16601
145269835 216 660 16613
145320188 204 2917 16628
145390902 216 2235 16648
145407448 208 94 16653
145493147 213 2288 16679
145500160 216 1877 16681
145554521 217 2823 16697
145652500 209 185 16728
145686434 216 313 16738
145692585 209 2802 16740
145724564 202 1182 16750
145748560 202 1833 16759
145755404 215 1524 16761
145759737 205 503 16762
145771749 218 2376 16765
145775672 203 614 16766
145781891 216 713 16768
145835928 208 2972 16783
145897678 209 1578 16802
145926007 207 793 16809
145941302 201 2246 16813
146136848 202 1291 16873
146140958 219 2403 16874
146199715 208 471 16891
146207330 200 1807 16893
146323681 204 241 16927
146391700 207 1789 16948
146421578 214 846 16957
146424837 212 844 16958
146438491 204 1962 16962
146460166 215 1004 16969
146546690 206 2067 16994
146567437 218 1230 17000
146697284 211 2510 17039
146781523 215 2631 17063
147028803 215 2201 17138
147044720 208 2220 17142
147140261 210 951 17170
147151067 204 865 17174
147156008 212 106 17176
147172531 206 1290 17181
147205254 210 347 17191
147234400 205 868 17200
147329072 206 2600 17227
147345113 211 1086 17232
147359839 214 1019 17237
147376000 213 312 17242
147388869 203 2446 17246
147394383 201 1081 17248
147426049 205 1407 17257
147461162 210 2588 17267
147502934 208 233 17280
147555553 206 1216 17296
147588018 217 1829 17306
147690480 215 2318 17335
147693290 218 2286 17336
147760304 213 2921 17355
147767395 219 1224 17357
147788097 207 2855 17364
147866663 211 2727 17389
148054262 219 179 17445
148085789 206 1078 17454
148097436 203 376 17458
148134699 213 619 17469
148164721 204 2854 17478
148172935 201 2653 17480
148221229 205 2003 17495
148229263 211 1864 17497
148264472 219 2361 17508
148284135 205 444 17514
148301021 209 63 17519
148323743 219 1724 17526
148390817 206 78 17545
148429152 214 38 17556
148527010 206 1065 17587
148555941 202 784 17596
148612775 202 368 17612
148630050 208 1652 17619
148711018 218 2458 17644
148761480 218 308 17660
148780546 204 2062 17666
148818501 216 1755 17677
148936863 204 1313 17713
148989453 213 124 17730
149058838 207 1361 17751
149082599 210 1175 17758
149115749 205 260 17768
149157476 212 2984 17780
149291920 213 933 17819
149323383 201 2512 17829
149347101 216 2745 17837
149379146 219 2759 17847
149403383 218 2350 17854
149522050 212 1186 17891
149546540 201 1701 17898
149552787 209 2630 17900
149759352 215 1802 17962
149770981 206 2246 17966
149841052 213 284 17985
150064546 216 1072 18052
150173695 211 2189 18085
150184830 213 1771 18089
150354797 211 2377 18139
150366077 209 1870 18142
150453938 206 1698 18168
150458271 211 926 18169
150481509 217 2788 18176
150545772 211 2495 18196
150618940 205 2758 18218
150666382 201 1119 18233
150692547 201 1890 18241
150728261 215 2741 18251
150773327 214 2539 18264
150793046 212 22 18270
150835268 219 1610 18282
150872992 211 347 18294
151017170 213 614 18338
151106412 203 628 18364
151144980 218 1301 18376
151187135 214 693 18388
151285433 219 2164 18418
151287114 208 919 18419
151315869 210 273 18428
151331654 217 2997 18433
151385289 211 1885 18448
151418374 218 1278 18458
151455712 214 1143 18470
151498831 207 1415 18482
151528965 209 651 18490
151552632 213 2834 18497
151562892 211 2360 18500
151591143 218 2776 18509
151705785 209 1756 18543
151796391 210 2179 18571
151851291 208 2211 18587
151880712 200 2659 18595
151899810 211 622 18601
151948687 214 1003 18616
151993524 202 1127 18630
151997825 202 870 18631
152165672 218 2171 18679
152195486 203 2942 18688
152345505 214 488 18734
152420461 216 1836 18757
152430397 218 2500 18760
152461245 204 1493 18769
152472806 213 100 18773
152515815 206 2694 18786
152590692 215 1035 18807
152640689 208 2394 18821
152658887 212 1176 18826
152688941 204 2354 18835
152739026 214 1231 18850
152762777 207 2252 18857
152812643 204 2957 18874
152825937 216 2168 18878
152845041 201 392 18884
152902809 207 1219 18901
152930307 207 2258 18909
153019834 211 2282 18936
153057291 204 1538 18948
153074815 214 2374 18953
153182884 209 1733 18984
153203697 208 2879 18990
153221266 202 1927 18995
153297559 210 296 19020
153313458 201 2733 19025
153421760 206 2087 19057
153572848 213 1706 19103
153576220 200 1739 19104
153584071 208 1665 19106
153617599 202 2737 19116
153628790 205 2838 19120
153650603 207 1761 19126
153696095 217 1163 19140
153711735 210 826 19145
153740177 214 2621 19153
153793670 212 2226 19170
153845171 206 2365 19185
153920374 210 2821 19207
153930151 216 583 19210
153945654 204 467 19214
154082393 215 2244 19255
154198660 205 165 19289
154282176 219 1075 19314
154328717 203 1496 19330
154456275 211 2276 19368
154471476 218 2645 19373
154494590 204 1682 19380
154600751 216 2338 19413
154624142 217 1301 19421
154630416 209 2431 19423
154660418 210 2029 19432
154688862 201 1604 19441
154697295 215 2086 19444
154804432 213 1650 19477
154825724 216 1547 19483
154921252 202 2903 19512
154968960 212 2522 19526
154996298 216 53 19534
155004282 219 1778 19536
155059635 208 2964 19553
155118762 202 1973 19570
155188493 207 965 19593
155244801 201 2136 19609
155262157 200 134 19614
155269562 211 745 19616
155309289 217 100 19627
155476759 214 1169 19678
155565999 216 2591 19706
155774088 210 487 19768
155784263 204 271 19771
155837927 208 366 19788
155840442 202 2832 19789
155863969 203 2426 19797
155887636 216 1912 19804
155904184 217 2345 19809
156001211 202 1125 19837
156081746 200 963 19862
156107740 218 705 19870
156155720 204 1938 19886
156208809 210 1055 19902
156245405 209 995 19912
156388506 213 2865 19957
156414894 204 1957 19965
156451778 202 918 19976
156465870 211 2665 19981
156509554 201 2664 19994
156519598 213 2568 19997
156606905 216 2079 20022
156618453 209 417 20026
156634430 218 548 20030
156642936 216 547 20032
156658575 201 2319 20037
156668227 207 2010 20040
156691956 205 2102 20048
156702981 211 1748 20051
156734098 211 2549 20061
156815603 217 2191 20085
157051495 213 276 20155
157071976 202 1680 20161
157109098 208 130 20172
157115016 218 256 20174
157242834 212 1469 20213
157254217 217 96 20216
157273217 207 340 20222
157280466 211 1732 20224
157320176 207 2693 20235
157357355 219 704 20246
157363400 208 2608 20248
157528955 210 1127 20298
157597253 210 236 20318
157645345 204 1062 20333
157676342 211 2463 20342
157765781 201 726 20369
157784139 213 1397 20375
157931078 218 1201 20420
157955204 205 2715 20427
158193921 215 2379 20498
158316794 210 2118 20534
158483661 215 2447 20582
158492581 203 1330 20585
158504708 203 2613 20589
158545181 206 2762 20602
158637010 216 2833 20627
158639842 212 2402 20628
158663508 211 1043 20636
158719728 208 2502 20653
158742768 201 1619 20660
158750061 212 544 20662
158791351 213 1922 20675
158836057 204 2872 20688
158873634 219 1971 20700
158896337 219 413 20707
158906403 206 1784 20710
158932858 216 2320 20718
159001151 205 879 20739
159045559 212 2621 20754
159063492 207 2418 20759
159065748 205 1634 20760
159208750 201 331 20804
159245966 216 2601 20815
159361656 209 2060 20847
159375066 216 2165 20851
159421821 214 1147 20867
159430919 210 2683 20870
159560009 213 1609 20907
159593882 219 2903 20918
159672501 218 2299 20942
159893685 202 2673 21008
159896151 201 438 21009
160051171 216 1464 21054
160064642 214 218 21058
160098716 209 280 21069
160103049 213 2807 21070
160166901 218 627 21090
160177584 209 707 21093
160301409 200 1170 21130
160369767 202 2267 21151
160468425 207 1804 21181
160478880 215 1102 21184
160503454 213 261 21191
160637940 200 1450 21231
160728626 212 2831 21258
160741798 200 2426 21262
160759945 215 1241 21267
160808959 211 842 21283
160865253 210 969 21300
160920266 214 1652 21317
160923601 204 874 21318
161117681 216 433 21376
161139089 201 2862 21383
161156172 204 1607 21388
161168467 212 1372 21392
161188798 214 2820 21398
161192786 212 1213 21399
161342301 207 30 21443
161356173 219 1767 21447
161401835 209 2566 21461
161437564 218 2102 21472
161443884 204 2203 21474
161548042 214 1219 21504
161571082 202 2831 21511
161681650 208 1598 21546
161718182 215 1664 21556
161740017 214 269 21562
161768356 203 2811 21571
161777340 210 403 21574
162067882 219 260 21663
162073028 206 1372 21665
162076586 206 1760 21666
162144661 219 1461 21685
162241166 214 363 21713
162320074 215 2853 21738
162336355 209 615 21743
162340046 201 1571 21744
162392848 203 113 21760
162536780 206 2346 21804
162625659 203 127 21830
162654242 208 1983 21837
162704344 211 2769 21851
162758944 203 1363 21868
162867999 216 1487 21901
162917140 213 1461 21916
163018083 216 202 21947
163092558 212 2170 21970
163113825 209 1416 21976
163181291 207 2101 21997
163311018 215 1139 22037
163317910 219 1339 22039
163325635 216 1185 22041
163370543 208 1435 22055
163381373 218 1326 22058
163392136 203 2973 22061
163514874 218 2355 22097
163525154 213 1992 22100
163598391 218 1740 22123
163607786 206 56 22126
163636827 206 1499 22135
163654340 204 1311 22140
163670959 206 1125 22145
163684142 202 1156 22149
163977441 217 1125 22236
164024979 202 511 22250
164170625 211 1263 22294
164174958 200 789 22295
164272908 215 2964 22323
164309397 206 496 22335
164332962 202 1004 22341
164387104 213 2460 22357
164389237 207 1829 22358
164397478 218 607 22360
164426433 215 1618 22370
164489814 212 2039 22389
164550132 213 2124 22408
164691471 219 811 22453
164719780 213 102 22461
164727890 217 543 22463
164745347 202 1307 22468
164762920 200 997 22474
164821397 218 394 22493
164889260 216 1213 22512
164898286 218 2635 22515
164909047 209 2319 22518
164962975 210 1470 22534
165012560 211 137 22549
165112649 216 1623 22581
165201762 201 887 22608
165204649 210 654 22609
165212190 201 435 22611
165222921 201 1568 22614
165233335 204 927 22617
165246493 218 2146 22621
165258815 218 1157 22625
165286005 219 284 22633
165292193 210 824 22635
165295542 205 1814 22636
165341160 215 1938 22649
165367886 200 77 22657
165396083 212 1049 22666
165402241 217 1628 22668
165412186 217 2513 22671
165436139 212 233 22678
165462790 213 822 22687
165476302 201 604 22691
165482957 200 1400 22693
165489842 209 2447 22695
165493332 217 561 22696
165536411 206 640 22709
165585387 203 1083 22724
165588217 215 1402 22725
165741195 214 258 22770
165827356 216 1917 22796
165841625 206 2041 22800
165888960 213 173 22814
165905665 215 1897 22819
165969818 202 1191 22839
165987406 212 2348 22844
166068942 207 2691 22870
166102227 212 318 22880
166164400 216 12 22899
166295847 214 1246 22939
166378411 210 441 22964
166408763 207 2743 22974
166443249 217 2469 22984
166502458 206 135 23000
166532293 212 266 23009
166563788 202 2774 23019
166572930 213 137 23022
166578648 211 2242 23024
166711502 217 1719 23064
166979923 215 2155 23146
167038730 218 2846 23164
167055639 212 887 23169
167158443 205 1626 23199
167228651 216 886 23221
167237787 215 2900 23224
167276484 201 2645 23236
167278875 217 2832 23237
167306792 201 2092 23245
167383415 204 1503 23269
167437110 209 1696 23286
167528398 204 1023 23314
167536661 215 44 23316
167598625 201 1910 23334
167738493 217 1849 23377
167945848 207 965 23440
168007455 204 2011 23459
168017477 202 2016 23462
168101242 212 1683 23488
168113023 201 2406 23492
168132728 218 2048 23498
168201153 207 397 23517
168319852 201 2698 23552
168466922 201 1107 23596
168621443 218 93 23642
168648103 206 107 23650
168821280 202 2623 23704
168824257 207 2868 23705
168837970 204 1621 23709
168856477 203 642 23714
168902241 201 1477 23727
168906088 216 643 23728
168984483 212 2717 23751
168988593 211 1617 23752
169156047 205 2499 23802
169199111 219 1228 23815
169207848 205 392 23818
169241058 209 2765 23828
169317541 219 2707 23850
169336166 205 1204 23856
169353084 213 961 23861
169355659 208 750 23862
169367351 212 1194 23866
169399533 212 2118 23877
169402084 213 1374 23878
169409815 201 2704 23880
169584810 219 1108 23933
169641944 201 2926 23949
169666086 216 2476 23957
169681076 214 553 23962
169789912 203 1002 23994
169810165 214 2659 24000
169824274 216 2241 24004
169887322 209 365 24024
169906648 217 302 24030
170035278 202 796 24069
170106119 202 1583 24091
170263519 217 2522 24137
170293527 203 1049 24146
170312449 214 358 24152
170336896 205 677 24159
170398384 206 44 24177
170419521 214 1503 24183
170637397 212 424 24247
170658133 204 1078 24253
170667351 200 219 24256
170911428 201 516 24330
170943766 206 2031 24340
171032921 207 2119 24367
171036479 202 2366 24369
171045286 202 185 24372
171050843 208 333 24374
171123945 209 1388 24397
171147125 217 2933 24404
171177641 211 2223 24413
171194907 204 2387 24418
171363984 219 1189 24470
171379485 218 2388 24475
171458846 207 2105 24497
171513626 217 966 24514
171559470 212 813 24528
171601729 207 1372 24540
171634577 208 1493 24550
171653033 200 1870 24556
171683602 209 2416 24566
171704679 202 849 24573
171743993 215 2556 24584
171752973 209 2866 24587
171849000 211 1604 24617
171855424 215 2159 24619
171894877 205 991 24631
172019754 212 2303 24669
172042309 200 104 24676
172154568 215 1032 24711
172277808 219 2428 24749
172313434 216 1353 24760
172338178 205 2361 24768
172372023 206 2916 24778
172401262 217 1211 24787
172480052 200 764 24811
172764515 207 834 24897
172790544 200 1077 24904
172843308 209 2426 24920
172881016 213 2728 24931
172898817 205 1090 24936
172905287 216 138 24938
173006346 212 2085 24968
173026246 219 2203 24974
173050318 211 614 24981
173056619 214 1018 24983
173066279 203 928 24986
173099717 219 2759 24996
173112280 208 1476 25000
173134450 210 900 25006
173140081 201 41 25008
173241360 219 507 25037
173387185 202 2427 25083
173649894 208 1231 25164
173670976 207 2246 25170
173677280 215 1924 25172
173716788 217 817 25183
173739694 214 1292 25190
173752947 212 2308 25194
173785583 205 2068 25204
173797454 216 2458 25208
173987546 213 1150 25266
174001075 211 203 25270
174021227 209 2073 25276
174110122 212 2485 25304
174117138 208 1205 25306
174156656 210 965 25318
174160096 215 1815 25319
174184506 200 908 25326
174223883 219 119 25338
174256023 204 2812 25348
174309917 206 104 25365
174368852 218 296 25383
174395384 214 613 25391
174403844 200 594 25394
174414343 217 274 25397
174469801 201 358 25414
174485256 206 2359 25419
174613426 217 1755 25458
174739513 217 2908 25495
174821500 215 234 25519
174848152 210 1016 25527
174862574 212 1753 25531
174866231 205 2501 25532
174908170 210 2900 25545
175025604 219 1133 25581
175200035 215 611 25636
175215361 205 1844 25641
175319221 204 8 25671
175333364 201 1040 25675
175359586 215 1599 25684
175368737 208 2815 25687
175375283 217 2706 25689
175420887 204 2803 25703
175428674 216 2827 25706
175445371 204 1513 25711
175469932 203 2935 25719
175482379 207 927 25723
175576761 217 84 25752
175649829 203 2505 25774
175700408 214 2712 25789
175811074 206 2494 25822
175816920 200 2312 25824
175832302 219 1011 25829
175866094 211 245 25839
175910772 207 2136 25852
176025423 200 765 25886
176100989 204 2200 25910
176107017 204 1318 25912
176144575 206 1110 25922
176167657 203 821 25929
176210988 218 1158 25942
176261831 216 590 25958
176313814 201 1916 25973
176466471 217 578 26020
176485855 201 494 26026
176547045 218 1130 26046
176635841 208 1048 26075
176671836 200 1355 26086
176764892 210 843 26115
176787592 208 1353 26122
176867468 209 1641 26147
176908392 217 1484 26159
176918256 210 68 26162
176987295 215 511 26181
177002545 209 1416 26185
177020062 212 259 26190
177088444 216 1899 26210
177131749 219 737 26222
177148354 208 2133 26227
177155528 205 238 26229
177175312 217 471 26235
177198554 215 312 26242
177224533 204 2963 26249
177237136 212 2302 26253
177246761 202 1249 26256
177256875 201 2252 26259
177286909 208 1809 26268
177325963 210 2245 26280
177357101 212 2058 26289
177361434 218 2954 26290
177382126 211 2408 26296
177461417 202 1322 26319
177524505 216 40 26337
177539803 217 2563 26342
177560113 206 2611 26349
177580321 202 289 26355
177672763 214 1592 26383
177714806 215 1890 26395
177745211 205 74 26405
178074078 207 1135 26504
178083851 200 2730 26507
178196593 218 1938 26541
178222584 217 2410 26549
178311941 210 1897 26576
178325707 219 69 26580
178356608 215 1730 26590
178370589 215 1202 26594
178412717 202 109 26607
178457492 212 2088 26621
178484420 219 1408 26630
178488097 208 2288 26631
178565638 216 1598 26655
178613519 210 42 26669
178641250 217 314 26677
178662973 207 1012 26684
178718497 217 1854 26700
178764931 205 683 26715
178812795 210 709 26730
178819371 211 1788 26732
178825585 216 1213 26734
178831782 208 749 26736
178845738 217 132 26740
178907130 217 958 26760
178960612 219 2914 26776
179041527 205 718 26802
179102633 203 887 26820
179111199 207 78 26822
179196977 211 1659 26847
179369898 202 2111 26902
179383949 217 1305 26906
179446799 216 2659 26924
179465480 211 254 26930
179468295 208 2587 26931
179474210 210 2853 26933
179482143 219 2049 26935
179488505 208 282 26937
179506497 203 1409 26942
179567426 201 2646 26962
179685981 217 1121 26997
179730865 214 805 27012
179776615 208 1483 27025
179784549 207 2810 27028
179895062 206 2149 27062
179922122 209 21 27070
179952333 217 2289 27079
180000595 211 1940 27093
180027410 214 2379 27101
180031272 213 2124 27102
180101141 207 717 27123
180111090 213 2980 27126
180124863 208 2844 27130
180178174 207 116 27145
180182205 212 1144 27146
180214463 218 179 27155
180293332 200 2370 27180
180314023 202 791 27186
180318435 202 304 27188
180394086 213 2046 27211
180477039 204 1295 27235
180497750 214 1706 27241
180524319 210 792 27249
180588370 206 1793 27268
180620190 200 2823 27277
180706058 203 2524 27304
180717423 212 1672 27308
180722922 212 498 27310
180746710 206 2940 27318
180752397 207 2115 27320
180814917 200 156 27340
180847013 203 1641 27350
180950658 212 1929 27379
181017804 217 736 27401
181047246 215 1081 27410
181103770 203 471 27426
181117628 211 861 27430
181120385 207 890 27431
181149298 200 2695 27440
181317115 219 460 27492
181340390 218 1355 27499
181355415 213 1149 27504
181357940 206 1418 27505
181428168 200 2482 27526
181508353 208 2869 27550
181533739 209 585 27558
181552992 201 718 27564
181566037 211 2528 27568
181759120 209 1595 27625
181792893 210 2718 27635
181799473 205 1321 27637
181829101 216 2495 27646
181840216 200 274 27650
181935859 211 3 27679
182032096 200 2488 27709
182041645 200 888 27712
182059913 207 2875 27717
182107222 210 2035 27731
182132470 217 742 27739
182136095 209 1111 27740
182223388 218 2478 27766
182373316 210 1872 27809
182433966 212 760 27828
182507000 208 1954 27850
182514277 218 1592 27852
182549264 214 1153 27861
182552382 214 336 27862
182586905 204 2941 27873
182601134 218 963 27877
182608732 210 1282 27879
182612161 205 669 27880
182759221 213 794 27926
182840436 201 2080 27950
182864528 208 105 27957
182921106 217 2381 27975
182964453 212 130 27987
183078202 212 1164 28023
183083642 205 1442 28025
183087258 218 2095 28026
183113941 208 180 28034
183217073 219 2949 28064
183231937 209 23 28069
183259953 212 273 28078
183270379 201 2102 28081
183365646 207 267 28111
183382050 211 1255 28117
183388849 206 1714 28119
183400587 208 2103 28122
183493409 207 1633 28151
183500606 204 327 28153
183515697 213 409 28159
183525050 207 1951 28162
183558291 203 407 28172
183643272 211 477 28198
183687237 215 663 28212
183727952 207 1244 28225
183768411 208 2839 28237
183790454 205 707 28244
183827382 203 121 28254
183997417 216 333 28305
184003087 203 1864 28307
184082170 211 2515 28330
184108304 209 2747 28338
184111462 202 2652 28339
184118835 205 594 28341
184153937 219 157 28351
184182819 205 1286 28359
184207219 204 1754 28366
184307439 202 1011 28396
184336934 219 526 28405
184411155 203 1003 28427
184485642 203 1298 28449
184515086 218 2768 28458
184540402 211 1144 28465
184564630 216 1044 28472
184617051 212 56 28487
184635191 217 1245 28492
184638598 205 2242 28493
184644517 201 2622 28495
184744330 212 267 28525
184762578 201 2518 28530
184779074 209 2387 28535
184788405 213 1317 28538
184832172 202 2502 28551
184835108 213 2677 28552
184860433 200 1824 28560
184913737 211 52 28575
184922359 213 2146 28577
185002141 201 2441 28602
185048253 215 2059 28616
185075286 216 670 28624
185092567 212 2592 28629
185111868 204 2457 28635
185130345 216 2503 28641
185147553 214 986 28646
185245417 218 604 28675
185362916 206 318 28711
185394731 200 2826 28720
185481176 210 2316 28747
185502726 218 2874 28754
185620058 201 328 28788
185640493 205 1774 28794
185716973 206 813 28817
185741337 204 356 28825
185764944 207 1326 28832
185798397 216 1077 28842
185826075 211 1293 28851
185834233 207 2725 28853
185904351 214 2882 28875
185916216 206 1935 28879
185998365 201 1223 28904
186170183 208 1945 28955
186223332 210 2061 28970
186226782 204 1899 28971
186283851 208 115 28989
186296971 214 370 28994
186324138 203 1570 29002
186342910 216 2479 29008
186354944 211 959 29012
186387697 209 184 29022
186491274 219 2476 29055
186532775 216 1943 29068
186544102 200 57 29072
186586746 214 265 29084
186611112 202 1036 29092
186649084 219 860 29103
186650667 208 2004 29104
186742102 206 985 29132
186781334 217 1917 29145
186788623 205 726 29147
186863367 217 474 29170
186909224 205 448 29184
186915431 211 2870 29186
186946491 217 1104 29196
186955245 205 884 29199
186965630 207 2746 29202
187010173 201 731 29215
187034616 213 1307 29224
187094003 213 246 29242
187200447 204 2420 29277
187213287 203 2237 29281
187245458 209 1673 29291
187288900 201 1847 29304
187316434 202 895 29312
187403372 205 2218 29339
187416177 202 1028 29343
187459273 209 747 29356
187506289 208 367 29369
187519901 210 199 29373
187525820 208 827 29375
187538568 201 1264 29379
187548230 209 536 29382
187555101 205 848 29384
187592280 207 638 29395
187672402 217 262 29419
187850170 201 2388 29473
187867597 211 1480 29478
187873731 209 1511 29480
187880371 208 500 29482
187887372 205 1338 29484
188031661 208 1659 29526
188136367 205 182 29557
188191404 206 1840 29574
188310698 206 1962 29609
188431421 209 1752 29645
188447234 206 930 29650
188504999 205 1620 29668
188531583 217 605 29676
188602109 219 1973 29697
188604523 217 1296 29698
188631454 210 1742 29706
188658313 211 2638 29714
188785376 219 2044 29752
188815009 215 2058 29760
188825441 205 2352 29763
188832253 210 2291 29765
188870478 208 637 29776
188873152 213 1858 29777
188890375 202 2068 29782
188954062 216 2771 29801
189014382 206 2758 29818
189070129 200 636 29835
189120751 207 201 29851
189122964 200 145 29852
189146019 217 1636 29859
189200441 209 2529 29876
189244981 214 766 29890
189255182 210 2568 29893
189274211 210 403 29899
189365954 200 2449 29928
189387435 208 1816 29933
189463324 205 1112 29956
189479088 206 1528 29961
189505000 202 1458 29969
189514435 212 1664 29972
189530211 215 2045 29977
