60378 199 658 4
176482 196 1395 13
378078 193 421 27
848245 190 263 62
1068280 196 1440 79
1404804 180 2859 104
1587324 184 1713 118
1941465 185 579 143
2108884 180 597 156
2157368 199 690 159
2838296 185 2471 210
3157772 186 677 235
3197814 189 1742 238
3255772 191 1103 242
3557951 190 2350 264
3734218 194 1199 278
4448526 195 850 333
4541414 186 2951 340
5216696 191 1658 390
5230829 180 513 391
5261969 197 1665 393
5328263 191 20 398
5366708 185 996 401
5488983 182 318 410
5800096 190 2535 433
5901680 187 2333 441
6181039 195 2737 461
6520035 199 1148 487
6530093 186 495 488
6769595 185 2397 506
6824831 184 351 510
6888819 189 2292 515
6901849 188 1161 516
7098112 188 1073 531
7459862 189 1814 558
7879356 195 1290 590
7952283 192 575 595
8314912 196 1081 622
8346303 190 1214 624
8425229 185 2649 630
8639700 191 391 646
8753069 186 1682 655
8899526 197 2289 666
8914030 191 101 667
9064591 188 2789 678
9215941 189 995 689
9334881 182 305 698
9399382 185 2479 703
9434744 189 1466 706
9575495 189 1036 716
9843734 190 659 735
9959057 191 2380 744
9988583 183 872 746
10214448 188 72 763
10888617 194 1828 812
11059495 193 649 825
11233394 191 971 838
11448472 186 2587 854
12025336 185 1221 896
12427856 188 2374 926
12485550 191 2522 930
12644141 190 1153 942
13103190 199 160 976
13221248 185 2664 985
13403922 182 294 998
13480208 184 236 1004
14059508 198 1559 1047
14144974 180 584 1054
14222611 199 1214 1060
14249853 188 313 1062
14434339 193 1713 1076
14568055 199 1712 1086
14874386 198 1659 1109
15450120 182 855 1151
15576909 199 2707 1160
15646346 193 2618 1165
15809010 192 1678 1177
15922210 189 161 1186
16005655 199 1306 1192
16098145 192 409 1199
16156906 193 449 1204
16324526 190 843 1217
16644886 189 1038 1242
16930915 184 1058 1264
16974954 186 26 1267
17151101 196 529 1280
17767945 192 2514 1326
18067468 180 2989 1348
18315780 180 2001 1366
18654363 196 13 1392
19005919 190 772 1419
19031725 191 1419 1421
19272695 183 1510 1440
19420936 183 326 1451
19639319 196 2204 1467
19877293 188 1980 1485
19916679 190 1991 1488
19985667 198 1826 1493
20014332 184 2591 1495
20055543 189 867 1498
20169665 192 2341 1507
20252165 181 2219 1514
20266075 193 346 1515
20334938 185 1778 1520
20382477 197 975 1524
20553972 188 521 1536
20591533 194 2741 1539
20621155 186 2748 1541
20765966 193 1497 1551
21119108 195 1588 1577
21141433 184 570 1579
21152575 183 853 1580
21455488 187 38 1603
21506114 192 2311 1607
21592519 191 243 1614
21875030 199 1943 1636
22172250 189 1073 1659
22342001 193 2695 1672
22367921 195 617 1674
22440629 191 499 1680
22640400 187 2104 1695
22728242 188 311 1702
22893608 183 1218 1715
23038629 188 2020 1726
23140646 196 1343 1734
23307911 186 86 1747
23323197 180 2587 1748
23350896 186 1540 1750
23420993 181 1853 1755
23476507 181 486 1759
23788239 182 2238 1783
24509753 181 2050 1838
24845780 193 672 1863
24943455 182 2435 1870
25218207 199 2848 1892
25234873 189 1089 1893
25514522 191 1289 1914
25573175 197 231 1918
25761376 187 1856 1932
25772861 184 738 1933
25824724 184 109 1937
26045903 187 352 1953
26243577 187 1340 1968
26556510 187 1432 1992
26690550 197 1966 2002
26779539 182 2515 2008
26792358 191 2388 2009
27231906 192 6 2043
27407061 186 767 2056
27550368 182 687 2066
27584815 181 1791 2069
27611279 188 2815 2071
27795163 183 664 2084
27930227 180 1097 2094
27978795 192 275 2098
28127999 190 2404 2109
28707498 184 1802 2152
28892657 195 2713 2166
28934925 193 2113 2169
29179479 198 1794 2187
29360085 186 1936 2201
29384816 189 25 2203
29401482 182 688 2204
29412122 185 1233 2205
29544670 186 1605 2215
29718399 197 1416 2229
29857650 180 2068 2240
29907508 186 512 2244
30029869 183 647 2253
30057771 192 1256 2255
30396042 187 2669 2281
30520235 183 1055 2291
30865300 185 2072 2317
30920960 181 393 2321
30959285 189 227 2324
31150772 199 243 2338
31502718 193 2947 2365
31516138 198 2634 2366
31580130 189 2260 2371
31664297 192 1176 2377
31864362 187 2982 2391
31929762 188 571 2396
32089783 180 2818 2409
32100704 195 416 2410
32111565 184 1664 2411
32218324 188 772 2419
32289716 182 1139 2424
32302646 197 492 2425
32317468 197 676 2426
32535881 186 2139 2442
32853078 184 1189 2466
32923897 192 1055 2471
33051896 196 2108 2480
33202534 196 587 2491
33897297 186 1173 2543
34219421 191 1947 2568
34295998 187 2765 2574
34334143 183 504 2577
34819517 183 1464 2614
34898907 182 656 2620
34966324 194 2519 2625
34991344 193 271 2627
35100777 188 838 2636
35180661 183 2394 2642
35273332 185 2519 2649
35379067 180 905 2656
35705811 187 2688 2680
35854712 182 750 2691
36062038 187 1097 2707
36323557 192 972 2726
36486905 195 1826 2738
36888390 181 1053 2766
36950554 194 2481 2771
37141627 197 2613 2786
37629225 185 2005 2823
37680044 198 930 2827
38264817 182 497 2870
38485036 198 609 2887
38561055 193 538 2893
38678383 182 682 2902
38879646 187 2413 2917
38936978 192 814 2921
38978669 197 1810 2924
39430960 195 2026 2959
39771787 190 2296 2984
39829286 182 984 2988
40129136 197 1126 3010
40473166 198 2170 3036
40498353 193 691 3038
40592690 181 1759 3045
40974125 195 1376 3074
41138326 187 2076 3086
41258440 182 2740 3095
41385052 191 2385 3105
41424900 192 200 3108
41813302 189 159 3137
42087496 191 703 3158
42366454 188 829 3179
42395353 180 1115 3181
42449530 185 700 3185
42846609 186 977 3215
42982038 197 1443 3225
43139666 183 998 3237
43274585 184 1070 3247
43306704 184 2146 3249
43379561 187 858 3255
43418548 195 1258 3258
43429699 184 1518 3259
44048684 186 1257 3306
44300596 188 2221 3325
44585857 190 2978 3346
44595857 188 25 3347
45242888 184 2277 3393
45402148 181 840 3405
45474217 183 2066 3410
46217497 197 1132 3465
46373012 197 1272 3477
46452295 180 1426 3483
46630290 196 2810 3496
46642529 188 197 3497
46656075 182 1535 3498
46872521 190 576 3515
46927357 183 767 3519
47078352 190 1737 3530
47144958 198 2908 3535
47215230 184 951 3540
47305347 189 2344 3547
47320453 184 1475 3548
47337119 184 2842 3549
47395098 192 300 3553
47568397 198 13 3566
47601580 194 2266 3568
47884032 183 1517 3589
48111073 190 1828 3606
48289307 186 326 3620
48414317 191 2793 3629
48453048 198 1320 3632
48703201 192 1945 3651
48730003 193 1982 3653
49000291 182 311 3674
49014926 190 224 3675
49029085 185 838 3676
49387605 187 966 3702
49553125 189 790 3714
50172354 180 2391 3761
50198901 181 2027 3763
50739590 189 1927 3804
50911500 187 83 3817
51046359 184 2507 3827
51580838 190 2144 3867
51753869 181 1934 3880
52126617 180 1103 3908
52249969 182 471 3917
52653263 181 982 3947
52669481 187 84 3948
53038250 192 1701 3974
53103656 192 131 3979
53650817 191 2659 4020
53935814 194 2009 4042
53951308 183 2672 4043
54149727 188 709 4058
54193463 181 152 4061
54265051 198 112 4067
54520187 183 456 4086
54658859 185 1135 4097
54901715 186 1078 4116
55375946 181 2016 4150
55979471 198 1423 4197
56568417 189 551 4241
56660766 187 2440 4248
57097471 195 1936 4280
57373414 181 94 4301
57831830 186 2446 4336
57886622 182 641 4340
58248593 196 2935 4367
58396001 183 687 4378
58422469 182 1869 4380
58611750 189 2912 4394
58704444 197 1439 4401
58910191 190 632 4416
59254810 193 392 4442
59345239 195 750 4449
59433496 198 1199 4455
59497925 189 574 4460
59586966 188 2792 4467
59626127 188 2363 4470
59922741 189 37 4492
60118689 188 1384 4507
60667163 199 794 4547
60680570 199 2882 4548
60817910 187 2180 4558
60865690 190 2455 4562
61494153 190 262 4611
62199272 195 517 4665
62277589 198 2120 4671
62946583 183 261 4721
63013228 191 2916 4726
63221907 199 2886 4741
64109477 197 1495 4808
64175539 187 2227 4813
64218683 199 2195 4816
64618363 198 1466 4845
64870595 191 2664 4864
64965266 193 1911 4871
65100883 184 1358 4881
65315733 186 2221 4897
65331060 181 828 4898
65443997 197 2208 4907
65584000 182 2201 4917
65718890 193 515 4927
65911632 187 2523 4942
65965049 191 2578 4946
66001341 189 2388 4949
66059509 184 1798 4954
66153706 183 691 4961
66350296 193 1201 4977
66436762 189 55 4983
66520057 184 2406 4989
66772202 183 357 5008
66946074 196 405 5021
67055121 196 1091 5029
67596711 187 702 5070
67610072 199 2541 5071
67794577 185 704 5085
68164109 187 1442 5113
68344081 187 2831 5126
68481135 190 966 5136
68627037 192 2704 5146
69198235 192 1228 5188
69562564 188 693 5215
69721584 197 2946 5227
69745190 188 409 5229
69837912 181 1576 5236
69852035 183 2947 5237
69884352 190 335 5240
70365917 199 1037 5275
70381140 187 946 5276
70887560 191 488 5315
70933735 198 2519 5318
70983776 194 1706 5322
71129078 184 2865 5333
71143084 196 2540 5334
71339516 189 2084 5349
71778872 187 236 5382
71891899 184 2978 5390
71957059 191 2023 5395
72072430 184 1150 5403
72263339 194 777 5417
72354357 191 1913 5424
72457716 195 2247 5431
72480712 199 1513 5433
72572472 184 494 5440
72800703 189 78 5457
73301517 183 908 5494
73329415 187 1466 5496
73487061 195 42 5508
73654261 186 1720 5521
73865675 187 675 5536
74040841 191 2398 5549
74233621 181 1410 5563
74259705 184 405 5565
74328299 193 890 5570
74512195 195 1049 5584
74563795 198 518 5588
74678980 184 2902 5597
74695167 184 1802 5598
74842355 197 1753 5609
74877042 198 1602 5612
75157208 194 260 5632
75186233 191 2734 5634
75340772 194 1562 5646
75464830 192 1643 5655
76424821 194 2956 5727
76499552 189 1062 5732
76759993 185 73 5752
76924716 184 550 5764
76991429 193 986 5769
77104329 189 2980 5778
77146108 190 2978 5781
77215754 189 377 5786
77388325 180 1682 5799
77417492 194 2412 5801
77853535 183 2802 5833
77949856 198 414 5840
78006525 192 1426 5844
78295043 190 880 5865
78360770 197 2969 5870
78577286 182 1037 5886
78731180 196 272 5898
78825899 188 1048 5905
79171025 185 1360 5931
79210178 193 1308 5934
79287812 198 2965 5940
79300334 194 2167 5941
79566719 196 1299 5962
79716575 184 1401 5973
79870877 184 1992 5985
79996164 180 1779 5994
80113518 190 2966 6003
80246968 192 2669 6013
80367869 187 1263 6022
81184485 193 1453 6083
81198626 193 1061 6084
81794276 186 260 6129
82113100 196 1846 6153
82202590 181 2628 6160
82908109 182 2226 6213
83015172 187 1492 6220
83250668 181 1421 6238
83279068 188 343 6240
83320185 193 1105 6243
83643813 181 2298 6268
83895372 190 2169 6287
84111022 193 1249 6303
84125636 185 2340 6304
84252080 190 249 6313
84422482 190 211 6325
84481911 183 2104 6329
84653591 195 1941 6342
85238203 199 1123 6384
85579132 199 819 6409
85684184 192 637 6417
85720685 193 1530 6420
85757639 199 1324 6423
85796798 197 271 6426
85922614 198 1501 6436
85966477 182 2982 6439
86023365 189 2950 6443
86073926 198 2243 6447
86510044 198 2119 6480
86607025 188 659 6487
86810998 182 533 6503
86869358 193 1412 6508
87247829 182 2402 6537
87286363 190 191 6540
87858339 187 148 6582
87885690 197 2881 6584
88005906 190 1042 6593
88411480 188 214 6624
88549000 180 1048 6634
88559214 198 442 6635
88618534 183 1771 6639
88726665 198 366 6647
88780688 187 1641 6651
89085282 184 2084 6673
89577355 180 1113 6711
89620275 193 2044 6714
89707072 191 1139 6721
90105131 187 1542 6751
90167569 192 2892 6756
90249129 194 2799 6762
90264977 195 2165 6763
90583048 181 655 6787
90779000 181 2575 6801
90955011 193 420 6815
91021234 182 2482 6820
91113690 186 641 6827
91489270 181 1214 6855
91561806 192 2617 6860
91841302 191 645 6881
92087115 188 1112 6900
92231413 182 2108 6911
92472844 181 2348 6930
92487123 182 2732 6931
92895730 185 357 6962
92925063 183 387 6964
93156873 199 1490 6981
93560991 187 147 7011
94086182 199 1368 7050
94193179 186 648 7058
95027602 186 2996 7120
95095726 190 2544 7125
95241015 197 892 7136
95342138 194 521 7144
96086538 180 40 7198
96125264 186 2546 7201
96358805 180 59 7218
96456552 196 2058 7226
96586979 180 2161 7236
96899716 199 258 7259
97040590 193 1 7269
97344696 181 898 7293
97528938 186 2090 7307
97717685 190 2893 7321
97930135 193 1689 7336
98304418 192 970 7364
98488848 187 1122 7378
98721655 197 701 7395
98976145 187 2074 7413
99068480 198 2662 7420
99274777 181 2667 7435
99341340 191 2094 7440
99490182 190 391 7451
99579756 192 947 7458
99828700 191 231 7475
99922402 191 2748 7482
99988212 183 1222 7487
100318612 198 2707 7512
100544152 185 802 7529
100697715 181 401 7540
101400881 180 1075 7593
101543933 192 2344 7604
102219009 193 2221 7655
102234187 191 317 7656
102277345 181 2 7659
102412156 197 2753 7670
102791732 180 1928 7699
103427197 189 1567 7746
103857301 195 965 7778
104197140 190 2523 7804
104226614 189 922 7806
104834668 182 1374 7851
104846921 191 1994 7852
105060303 183 693 7869
105127443 184 1706 7874
105288131 184 2093 7886
105445124 185 2101 7898
105880497 181 1085 7930
105950915 189 2631 7935
106143963 181 581 7949
106514964 180 2102 7977
106528665 186 215 7978
106554869 197 2405 7980
106609623 195 2885 7984
106916929 193 83 8007
106930324 194 2398 8008
107227494 194 1898 8031
107266671 196 1365 8034
107551628 189 1017 8056
107565440 198 171 8057
107931735 198 1640 8085
108142820 193 1619 8101
108214727 183 1226 8106
108398301 199 2060 8119
109114950 199 358 8174
109603540 196 307 8211
109821686 189 1305 8227
109885050 181 55 8232
110325763 192 2981 8265
110688236 192 1702 8292
110715039 197 1449 8294
110782630 194 602 8299
111357471 195 1077 8343
111429649 191 898 8348
111804582 193 845 8377
111985583 181 1000 8390
112195210 182 812 8405
112296295 199 1048 8413
112544602 186 100 8432
112600195 181 474 8436
112808111 192 657 8451
113644164 189 1043 8515
113828997 187 1751 8528
114107754 194 2060 8549
114689707 192 763 8593
114973776 188 2427 8614
115475491 181 2782 8651
115521220 180 563 8655
115671930 193 2881 8667
116077598 196 2041 8697
116258426 198 383 8711
116408516 180 2354 8722
116498181 186 391 8729
116753256 192 2050 8749
116819197 190 324 8754
117241971 195 1327 8785
118203329 183 1977 8856
118216416 197 54 8857
118623045 191 1738 8888
118636513 194 2439 8889
118664147 186 1073 8891
118721529 183 1194 8895
118735770 198 2025 8896
119540154 196 2242 8956
120036258 189 493 8994
120061558 185 1079 8996
120119730 198 1904 9003
120147910 196 1478 9012
120154044 193 2012 9014
120193758 187 490 9026
120287734 194 2690 9055
120357149 186 1681 9075
120490955 191 2095 9115
120509505 196 70 9121
120530433 180 498 9127
120594697 180 73 9146
120619446 187 1857 9153
120670354 191 2737 9170
120673617 183 1851 9171
120792397 188 2668 9207
120801618 190 1220 9210
120828802 195 310 9218
120978454 187 1776 9261
120984400 183 585 9263
121008665 197 578 9270
121035437 199 2779 9278
121072665 183 373 9289
121159981 199 2271 9315
121200480 199 777 9327
121233128 188 501 9337
121276712 184 1513 9351
121309049 199 379 9361
121480314 198 814 9411
121538235 180 324 9428
121564418 197 2880 9436
121688060 189 2707 9473
121690919 181 746 9474
121705883 194 1872 9479
121741443 193 2448 9490
121758906 195 2665 9495
121836112 193 2861 9517
121852828 194 456 9522
121856266 192 1087 9523
121911579 192 1984 9539
121918024 182 1664 9541
122013274 194 1650 9569
122030503 181 279 9574
122055556 192 2640 9582
122073895 186 2809 9587
122121933 197 2236 9601
122146390 188 1076 9608
122177211 187 1982 9617
122215618 199 1903 9628
122343541 187 2545 9667
122360977 181 2099 9672
122380865 187 90 9677
122518770 186 1043 9718
122524462 190 823 9720
122584672 190 1379 9739
122629448 196 174 9753
122637013 195 1284 9755
122698320 185 1901 9774
122755607 198 2305 9791
122796416 190 1542 9803
122799813 184 212 9804
122828408 198 348 9813
122839120 197 1604 9816
122930418 188 751 9843
122954189 184 157 9850
122974632 194 508 9856
123009053 193 280 9866
123036973 182 2492 9874
123076187 189 2625 9886
123092026 183 2052 9891
123128269 180 942 9902
123135275 181 1239 9904
123139116 193 2981 9905
123201904 182 2779 9924
123364265 190 2292 9973
123465920 196 671 10003
123478501 184 1127 10007
123516269 181 223 10020
123556264 198 1355 10033
123562032 186 2944 10035
123586879 199 1107 10043
123785292 195 2211 10105
123893079 188 1897 10138
123929938 193 1308 10149
123934080 190 455 10150
123943760 182 2030 10153
123987325 185 2168 10167
123998824 184 401 10170
124099623 188 1907 10200
124101953 189 228 10201
124128946 187 1801 10209
124139520 180 2713 10212
124208953 197 1656 10231
124366104 180 1650 10280
124432860 192 1946 10300
124494029 182 2847 10319
124552450 187 106 10336
124584440 180 285 10346
124705800 195 86 10382
124715639 187 1377 10385
124801151 185 1540 10413
124832602 194 1882 10422
124860564 180 1150 10431
124896423 191 2446 10442
124912928 194 917 10447
125045151 184 2034 10486
125076271 186 1619 10496
125093537 182 1025 10502
125113116 183 442 10508
125124134 192 253 10511
125211888 187 1220 10537
125224920 183 1231 10541
125236545 180 1505 10544
125324484 189 2781 10571
125334200 180 1059 10574
125346292 181 2624 10578
125350488 180 2333 10579
125408242 192 1903 10596
125469414 194 2441 10614
125649057 189 868 10668
125667938 186 535 10674
125699358 192 695 10683
125759632 198 322 10701
125801686 189 964 10713
125961509 199 256 10760
126003064 189 1706 10772
126019342 182 1676 10777
126038839 193 368 10783
126267989 199 643 10854
126331511 182 1354 10873
126347703 183 82 10878
126362304 183 1768 10882
126388606 191 2051 10891
126528279 197 1995 10933
126641378 192 560 10969
126731237 187 1590 10996
126734720 190 2445 10997
126775925 193 2884 11010
126816881 196 1285 11023
126830814 190 2232 11027
126862574 182 612 11036
126947172 186 1081 11060
126961601 189 1108 11064
126995433 188 1465 11074
127016056 199 1440 11080
127038664 184 2611 11087
127042290 182 2803 11088
127075504 182 312 11098
127088113 180 2316 11102
127202081 183 1750 11136
127218020 198 520 11141
127234602 191 850 11146
127419915 183 1758 11202
127443184 195 1590 11209
127581182 190 2505 11250
127652132 199 948 11271
127666454 199 135 11275
127669894 188 2748 11276
127722093 183 782 11292
127868236 182 894 11335
127958866 185 2663 11365
127968646 180 2778 11368
127988928 189 927 11374
128024687 195 1434 11385
128105532 199 403 11410
128111212 186 81 11412
128174474 194 395 11430
128176911 194 425 11431
128202628 191 191 11439
128221989 189 1079 11445
128229089 198 2147 11447
128277205 185 246 11461
128435665 196 2171 11509
128437885 183 2607 11510
128567743 186 2107 11551
128614770 193 2432 11566
128620090 184 543 11568
128679528 198 764 11585
128702114 185 989 11592
128799867 196 1465 11623
128936664 180 1177 11664
129102257 198 1760 11716
129112847 185 2072 11719
129132735 189 1391 11726
129168189 194 1823 11736
129327595 195 2881 11783
129334699 192 2743 11785
129401671 181 317 11805
129513321 192 1526 11840
129561539 186 2487 11856
129574204 184 2347 11860
129584256 190 1036 11863
129615392 183 598 11872
129630137 198 432 11877
129647897 180 1318 11883
129651017 190 239 11884
129739995 191 850 11911
129884774 186 2427 11954
129981897 191 2985 11983
129995539 181 2998 11987
130017286 185 1155 11994
130056341 194 414 12006
130096779 196 2508 12018
130211709 180 857 12053
130234627 188 2596 12060
130336754 182 612 12092
130583656 188 1399 12165
130586000 198 194 12166
130656654 184 591 12187
130699640 187 2928 12200
130756616 196 527 12216
130772401 181 551 12221
130797387 182 2501 12229
130873087 192 2153 12251
130892090 194 398 12257
130896423 189 2952 12258
130915613 191 1671 12264
131085216 182 2149 12315
131089034 194 1555 12316
131107062 195 1770 12321
131156329 190 2364 12336
131224701 194 132 12356
131279087 183 2380 12373
131318417 190 2568 12385
131339127 186 2412 12393
131362336 199 2728 12400
131367770 182 2122 12402
131446596 197 198 12426
131450177 188 1128 12427
131552247 183 651 12458
131566913 188 1433 12462
131627981 186 1448 12480
131685701 195 2960 12498
131753598 194 2004 12519
131803458 196 2122 12534
131808998 184 2227 12536
131811910 198 2600 12537
131894853 199 1493 12563
131973752 186 2152 12586
132045547 197 1582 12607
132074883 181 2653 12616
132174680 199 1496 12645
132289624 191 1613 12680
132298571 187 820 12683
132355712 180 2191 12701
132486283 198 1621 12741
132498302 190 2626 12745
132559300 199 1082 12764
132562744 197 2149 12765
132592218 180 2814 12774
132630209 196 1917 12785
132634351 188 2204 12786
132678799 187 1862 12799
132782600 184 1966 12831
132833791 196 1338 12847
132911215 184 1873 12874
132962683 197 637 12890
132965430 183 1004 12891
133056840 185 921 12917
133064000 180 1559 12919
133097842 185 855 12929
133104687 189 2550 12931
133157367 189 175 12948
133251759 180 1259 12978
133322638 199 2457 12999
133340724 185 612 13004
133419833 190 2775 13028
133426457 198 1705 13030
133497138 180 1085 13051
133572806 188 2253 13072
133591077 180 1246 13077
133630236 199 1047 13089
133658727 184 399 13097
133719715 182 861 13115
133764461 193 260 13127
133804737 181 332 13138
133828747 192 960 13145
133904785 181 2005 13168
133919553 180 1574 13172
134005196 194 536 13197
134091447 191 2532 13223
134173415 191 1891 13249
134206220 188 2946 13258
134323901 182 970 13293
134358525 180 2281 13304
134504402 197 8 13349
134529163 185 751 13357
134669513 199 1280 13398
134691452 198 1183 13405
134718291 192 869 13413
134739468 186 1419 13419
134816605 198 671 13443
134848166 190 1795 13453
134878448 182 2464 13462
134898219 190 1234 13468
134904843 189 1336 13470
134918074 194 780 13474
134929519 182 2933 13478
134957666 196 2563 13486
135008652 197 214 13501
135129634 199 2389 13538
135164768 192 2489 13550
135168209 192 2928 13551
135182689 182 1180 13555
135226688 199 2769 13568
135256639 197 783 13577
135420338 184 311 13627
135424671 185 736 13628
135427342 199 262 13629
135479467 183 2400 13645
135498017 185 1232 13651
135500605 198 1947 13652
135509747 183 2767 13655
135521749 199 1538 13659
135559925 196 1618 13671
135578565 198 2968 13677
135679617 194 1003 13710
135717017 180 506 13722
135740975 188 1009 13730
135962671 184 151 13796
136006201 186 827 13809
136065194 189 93 13829
136121100 187 2799 13847
136132507 187 2427 13851
136135549 198 292 13852
136162568 191 1691 13860
136209307 190 876 13874
136273330 184 641 13892
136319785 194 103 13906
136336098 192 432 13911
136432099 189 1760 13940
136476447 197 2299 13955
136517124 195 2392 13967
136664852 185 985 14010
136771564 190 438 14042
136823084 182 2408 14057
136836882 184 815 14061
136858688 180 191 14068
136872556 186 2862 14072
136899970 184 2057 14080
137040613 191 1213 14123
137096455 194 1200 14140
137164038 198 682 14161
137209848 192 749 14176
137266970 194 372 14193
137317074 186 2168 14207
137391090 192 1002 14228
137513564 192 2062 14264
137619618 195 1266 14295
137623217 198 2781 14296
137659227 195 122 14307
137672939 187 2406 14311
137768671 190 1311 14340
137778752 196 635 14343
137795962 180 669 14348
137879205 196 2103 14373
137917697 192 1291 14385
137921172 185 2259 14386
137967808 182 2664 14400
137973536 181 36 14402
137998898 180 625 14410
138055770 191 1306 14427
138105658 182 1208 14441
138187787 188 84 14466
138293743 183 771 14499
138328167 192 2127 14509
138373387 193 2303 14523
138517763 185 2004 14568
138525814 197 1484 14571
138716457 185 1724 14629
138723776 196 2544 14631
138742845 196 2235 14636
138836359 187 2004 14666
138940362 196 498 14698
139001262 190 302 14717
139053281 194 2908 14733
139140346 183 1329 14758
139168242 187 1479 14766
139274361 198 451 14798
139311886 190 636 14809
139335391 196 1889 14816
139392656 189 339 14833
139417793 183 1973 14841
139426298 189 2167 14843
139514564 189 1741 14868
139518525 187 380 14869
139548655 188 2055 14878
139590399 195 2584 14891
139614397 198 2884 14898
139627299 192 1011 14902
139712818 199 2241 14929
139721350 191 1794 14931
139728085 185 1156 14933
139735185 188 1708 14935
139850810 181 1773 14969
139862245 189 1261 14973
139874143 184 2231 14976
139948517 180 2812 15000
139960854 192 2208 15004
140014009 182 1396 15020
140093903 185 2563 15044
140103732 184 2232 15047
140122791 182 411 15052
140243110 193 1960 15089
140286002 183 2755 15102
140352949 184 1743 15122
140361353 190 1722 15125
140391878 186 1672 15134
140672262 189 2143 15216
140719180 181 1562 15231
140747374 192 1459 15239
140752683 180 2609 15241
140768079 185 2517 15246
140794089 194 1760 15254
140888367 196 670 15282
140892568 185 1229 15283
140929485 197 2755 15294
141023510 199 1064 15322
141046809 194 831 15329
141143749 199 66 15357
141152566 184 491 15360
141222995 183 2345 15382
141328905 183 2970 15414
141331684 187 1715 15415
141397665 192 494 15436
141450941 196 1993 15451
141555306 194 2837 15482
141562589 181 2753 15484
141635818 190 2170 15506
141641705 192 911 15508
141738991 184 1024 15537
141762012 184 1458 15545
141795871 192 319 15555
141961232 190 621 15605
142019263 188 900 15622
142147273 194 715 15662
142232091 189 2741 15687
142242964 184 2236 15690
142253844 191 1393 15693
142267014 181 633 15697
142280512 193 2522 15701
142337732 194 684 15718
142342360 188 1423 15720
142364244 187 2194 15727
142412112 191 2189 15742
142486654 193 548 15766
142495577 190 413 15769
142605563 191 268 15802
142678887 197 553 15825
142737490 183 1153 15841
142777039 193 675 15853
142800253 195 365 15860
142875452 190 2949 15884
142885860 180 1007 15887
142916206 187 788 15896
142986119 185 2758 15917
143035053 196 1885 15932
143043266 180 2167 15935
143061126 188 1569 15940
143064830 192 1181 15941
143185978 198 2031 15977
143227870 183 2455 15988
143272418 186 363 16001
143356983 180 2525 16025
143375435 192 175 16031
143446208 194 233 16052
143507597 191 2112 16071
143517090 193 472 16074
143549778 185 2398 16084
143566434 184 2157 16089
143586775 186 1690 16096
143595871 184 360 16099
143627782 198 2002 16108
143669901 198 2299 16121
143686541 187 319 16127
143718802 188 1169 16136
143745133 192 2886 16144
143819934 196 2256 16168
143916469 193 2892 16197
144047693 180 676 16236
144106112 192 2689 16254
144114225 190 2199 16257
144209777 192 2192 16287
144245453 195 1674 16298
144343783 193 1286 16329
144360666 185 333 16334
144369830 190 1568 16337
144379580 196 2114 16340
144396513 199 1486 16345
144469852 198 2303 16367
144628880 191 1102 16414
144659359 182 2154 16423
144748286 184 1211 16449
144754942 181 159 16451
144797960 192 652 16463
144812397 193 1848 16467
144842401 187 2888 16478
144865096 187 2324 16485
144876216 183 786 16489
144986942 182 2176 16525
145074712 194 350 16552
145108426 184 1041 16563
145165351 194 1654 16581
145188887 195 256 16589
145223201 192 8 16599
145327518 181 1478 16630
145387712 193 1144 16647
145423823 185 2154 16658
145717474 191 8 16748
145821144 199 523 16779
145894864 197 1665 16801
146071449 196 2372 16853
146085147 182 1038 16857
146092488 180 1119 16859
146165954 186 2235 16881
146213700 183 314 16895
146230532 190 2177 16899
146362393 197 612 16939
146379638 184 1187 16944
146543978 187 2641 16993
146608944 188 2087 17013
146744749 181 694 17052
146754462 186 1684 17055
146795104 184 1972 17067
146796932 184 448 17068
146838886 192 339 17081
146866562 193 221 17090
146911341 186 2578 17104
146990176 183 202 17127
147025177 185 1806 17137
147036228 195 2885 17140
147052565 194 1026 17145
147062749 198 2315 17148
147070405 191 2312 17150
147077686 185 2476 17152
147165577 186 2244 17179
147225371 193 133 17197
147227987 189 229 17198
147230067 184 1885 17199
147341841 192 2916 17231
147380333 198 1755 17243
147464101 192 66 17268
147499113 197 1634 17279
147509680 181 1236 17282
147535218 188 1951 17290
147606878 183 820 17311
147629359 188 2816 17318
147675363 193 1610 17331
147785601 181 1411 17363
147847549 199 490 17384
147862693 184 1711 17388
147904799 184 526 17401
147984173 182 108 17424
148042867 198 1601 17442
148047200 197 1928 17443
148207465 193 7 17491
148275278 192 2264 17511
148405194 193 2188 17549
148432049 192 1622 17557
148445436 199 2565 17561
148575525 180 1448 17602
148578487 185 1772 17603
148663235 196 1565 17629
148669235 184 2410 17631
148683343 197 2510 17635
148719144 198 1963 17646
148769153 193 2700 17662
148885205 197 2591 17697
148888094 191 1086 17698
148952030 197 903 17718
149075481 194 2700 17756
149078718 192 2965 17757
149099130 182 47 17763
149112505 187 2140 17767
149284029 184 2832 17817
149299242 184 2945 17821
149321028 190 1421 17828
149335276 196 2044 17833
149421650 185 642 17859
149465158 193 1727 17873
149478277 199 2389 17877
149539657 192 1060 17896
149596022 185 1989 17913
149628799 198 105 17922
149632172 195 1949 17923
149698165 194 2866 17944
149708435 181 2764 17947
149725972 188 722 17952
149729527 195 2174 17953
149804051 191 1904 17975
149825550 186 650 17981
149853625 190 2187 17989
149856558 186 2840 17990
149860201 186 2895 17991
149998369 187 2432 18033
150048152 188 1307 18047
150052328 194 71 18048
150082705 183 2617 18058
150242183 182 1249 18105
150270285 187 984 18114
150313022 182 2444 18127
150347738 184 1574 18137
150351945 191 925 18138
150361972 199 2264 18141
150395456 198 2271 18151
150426625 190 1208 18160
150430958 197 2814 18161
150434766 194 1629 18162
150521767 196 310 18189
150648369 197 2065 18227
150663187 199 381 18232
150739761 191 41 18254
150751302 193 1125 18257
150761449 184 2475 18260
150850454 181 1215 18287
150859749 185 856 18290
150862556 184 2665 18291
150880073 181 1094 18296
150895272 196 251 18301
150992014 181 2381 18331
150998174 188 867 18333
151099889 180 867 18362
151113339 183 870 18366
151125466 192 2022 18370
151127728 191 936 18371
151139443 185 2664 18374
151142186 183 340 18375
151214592 197 7 18396
151414973 187 1341 18457
151614354 197 1178 18516
151637080 185 2516 18523
151644584 199 1466 18525
151676177 185 2917 18534
151696421 196 246 18540
151738040 185 2214 18553
151747648 198 950 18556
151793519 190 2797 18570
151877774 189 2086 18594
151895477 183 390 18600
151906268 187 1299 18603
151916217 187 1076 18606
151941062 183 2454 18613
151946029 195 2933 18615
151959132 191 518 18619
152023590 195 733 18638
152086586 188 2915 18656
152103681 182 1637 18661
152106915 184 1138 18662
152172422 192 548 18681
152203345 192 1725 18690
152206380 182 2155 18691
152293776 198 847 18718
152326327 180 1767 18728
152378211 190 2498 18743
152381502 197 138 18744
152391260 188 959 18747
152485240 190 827 18777
152499534 187 2733 18781
152533649 185 2186 18791
152544195 196 1941 18794
152558117 190 1452 18798
152611498 181 614 18813
152647184 189 1035 18823
152662358 195 1899 18827
152707393 188 2023 18841
152742741 196 1012 18851
152755934 186 2574 18855
152848425 182 914 18885
152852087 192 2683 18886
152872396 197 50 18892
152974538 190 1710 18922
152978594 184 402 18923
152989431 198 478 18927
153023932 184 875 18937
153144871 192 1393 18973
153176664 196 1074 18982
153217886 180 535 18994
153282345 185 1733 19015
153366684 193 2530 19041
153390776 186 1141 19048
153471857 191 964 19072
153483223 195 511 19076
153485673 188 1406 19077
153494333 190 1130 19080
153606600 191 85 19113
153625705 180 518 19119
153647314 186 538 19125
153698706 183 2378 19141
153708943 187 610 19144
153830950 196 1247 19181
153860561 193 2295 19190
153863709 181 288 19191
153947726 182 1917 19215
154039068 183 2264 19242
154192642 180 1089 19287
154279243 198 1640 19313
154289238 197 513 19317
154367358 180 2728 19341
154389163 180 2051 19348
154392435 185 614 19349
154535064 190 2267 19392
154558496 181 2041 19400
154584207 183 275 19408
154679314 180 1653 19438
154856826 189 1700 19492
154901734 180 1148 19506
154937758 193 2021 19517
155014984 180 561 19539
155041443 195 2198 19547
155067744 192 2374 19555
155077503 185 1699 19558
155094778 194 429 19563
155105678 180 1947 19566
155134252 181 277 19575
155136567 184 1105 19576
155200792 181 2879 19597
155207538 182 1856 19599
155361074 196 2568 19644
155398109 196 2070 19654
155456623 183 1969 19672
155480108 193 1785 19679
155546598 199 2532 19699
155575219 194 1117 19709
155645682 184 2134 19729
155648281 182 2518 19730
155651088 180 1794 19731
155657428 191 165 19733
155706807 188 985 19748
155758730 181 2175 19764
155818655 187 441 19782
155834649 196 2956 19787
155937292 187 2855 19819
155975739 186 2301 19830
155986678 193 2398 19833
155992754 191 2359 19835
156017259 188 2335 19842
156096724 193 2323 19867
156120557 185 1749 19874
156212372 182 1195 19903
156424943 195 68 19968
156429276 181 858 19969
156526589 187 2204 19999
156603369 190 641 20021
156615264 181 486 20025
156688924 197 991 20047
156744743 187 2655 20064
156793796 192 2762 20078
156829331 195 2428 20089
156874129 183 2154 20102
156880016 198 2376 20104
156915199 189 1798 20114
156959018 188 1919 20127
156961327 190 229 20128
156969306 196 2198 20130
157125171 187 560 20177
157132759 186 1746 20179
157156527 191 1805 20186
157163246 198 1286 20188
157193919 185 1052 20198
157383109 189 921 20254
157439294 180 2634 20271
157448580 198 1002 20274
157475655 182 299 20282
157497101 197 2105 20288
157525414 182 559 20297
157564328 188 37 20308
157584459 181 1416 20314
157631840 192 2635 20329
157744244 183 933 20362
157759653 187 2350 20367
157779230 180 2554 20373
157817793 196 53 20385
157866316 192 976 20401
157869505 191 1913 20402
157952236 181 1143 20426
158023806 197 400 20447
158042537 197 2499 20453
158045778 188 640 20454
158063062 190 807 20459
158070447 192 1189 20461
158090127 180 2668 20467
158179473 180 1896 20494
158186876 192 2093 20496
158333367 187 2941 20539
158379913 183 720 20552
158424834 199 1666 20565
158481158 195 1469 20581
158532426 194 1597 20598
158563385 192 2056 20607
158618000 191 2519 20622
158786155 187 712 20673
158799903 184 849 20678
158843517 195 1464 20690
158876704 186 1126 20701
159041897 189 760 20753
159048562 191 2380 20755
159069648 186 1039 20761
159085127 198 2623 20766
159123328 181 124 20778
159195681 197 2538 20800
159202333 180 2443 20802
159253133 183 2488 20817
159299394 184 2962 20830
159371934 188 2924 20850
159380328 192 1100 20853
159389689 195 1558 20856
159459293 198 1671 20878
159477642 185 2850 20883
159489787 198 560 20887
159585502 186 2570 20915
159587707 180 1309 20916
159603102 185 1179 20921
159731852 181 308 20961
159745768 196 811 20965
159762185 198 2910 20970
159810123 190 722 20984
159813182 187 1183 20985
159899979 195 2781 21010
159990198 185 2769 21037
160136173 183 1073 21080
160193799 180 2164 21098
160263367 188 948 21119
160281833 191 1749 21124
160305662 195 2695 21131
160347082 188 468 21144
160538144 182 1651 21201
160689687 188 1671 21246
160692920 186 1369 21247
160801879 195 422 21281
160812455 195 2740 21284
160827303 196 2938 21289
160843708 199 160 21294
160874230 186 752 21303
160943471 182 1839 21324
160951290 187 629 21326
160986475 184 574 21337
161028804 180 895 21350
161061978 198 766 21360
161085733 195 2250 21367
161204435 190 23 21402
161207573 188 1242 21403
161291327 194 1163 21428
161319682 194 646 21436
161431586 199 2375 21470
161599827 183 332 21519
161616819 184 1775 21524
161645900 184 564 21534
161748730 190 2661 21565
161843576 184 2372 21593
162087338 194 147 21669
162090404 198 2367 21670
162121797 183 2571 21679
162140328 181 2453 21684
162186501 197 1139 21697
162226643 196 489 21709
162238399 185 2133 21712
162252354 187 2745 21717
162314442 193 44 21736
162333500 197 190 21742
162413944 182 201 21767
162458492 194 1912 21781
162472907 193 268 21785
162515671 183 306 21798
162580241 194 1688 21817
162629992 184 1651 21831
162634293 182 1092 21832
162650016 188 848 21836
162661993 198 1638 21839
162786889 199 2259 21876
162812691 194 2244 21884
162836861 195 234 21891
162959040 186 2603 21929
162962400 189 2179 21930
162968520 185 2489 21932
162985647 182 95 21937
163001415 186 94 21942
163040727 190 1406 21954
163045730 184 2477 21956
163048590 190 1451 21957
163084901 181 772 21968
163121839 180 288 21979
163132096 187 447 21982
163155585 197 2781 21989
163196143 193 1652 22002
163469278 194 2434 22084
163478219 197 887 22087
163640273 195 1140 22136
163660662 197 1211 22142
163787456 186 1448 22180
163794616 182 684 22182
163809850 190 1183 22187
163819566 185 119 22190
163850065 195 1564 22199
163889401 183 2368 22210
163916018 185 294 22218
163950887 197 1709 22228
163962563 185 2171 22231
164013858 190 2025 22247
164074831 193 789 22265
164085987 195 618 22268
164095960 182 1668 22271
164117100 197 2400 22277
164145955 198 2463 22286
164160446 199 828 22291
164181905 184 2376 22297
164239322 189 2372 22314
164325098 184 944 22339
164393452 193 2848 22359
164492526 181 258 22390
164537982 195 2001 22404
164566223 185 173 22413
164587695 193 2453 22420
164609450 188 1635 22427
164619105 184 1109 22430
164695666 199 1034 22454
164699801 195 2486 22455
164742451 191 2743 22467
164855614 195 1962 22503
164929606 198 2132 22524
164943511 194 312 22528
164984822 194 2524 22541
165014951 191 1391 22550
165081026 182 1170 22571
165101386 189 1749 22577
165266537 184 2909 22627
165278979 196 510 22631
165320159 189 491 22643
165356452 199 136 22654
165374001 190 286 22659
165387990 189 2351 22663
165448990 199 2600 22683
165473225 191 1695 22690
165479956 190 2683 22692
165486034 188 361 22694
165514361 191 18 22702
165557966 183 2429 22716
165620976 191 12 22734
165655404 185 410 22745
165657167 180 1232 22746
165727928 191 1132 22766
165731185 196 1631 22767
165861818 194 2915 22806
165920090 189 1728 22823
165933222 187 2538 22827
165939394 199 713 22829
165947269 187 2358 22832
165989801 190 2625 22845
166012554 189 2552 22852
166018819 193 27 22854
166037530 189 678 22860
166049957 190 14 22864
166153628 198 2909 22896
166267309 188 2982 22931
166309969 187 638 22944
166374851 181 574 22963
166403257 193 399 22972
166495545 190 1452 22998
166528741 198 2800 23008
166615105 180 592 23035
166641089 184 803 23043
166818428 196 2664 23096
166825216 184 565 23098
166846778 185 1155 23104
167030698 190 2482 23162
167048447 194 1394 23167
167078589 180 1435 23176
167086344 197 777 23178
167124758 190 2738 23189
167154485 184 2881 23198
167231629 194 2604 23222
167248333 197 811 23227
167252127 193 974 23228
167266057 195 1749 23233
167294159 182 2964 23241
167316007 198 2154 23248
167367267 193 1851 23265
167379082 185 363 23268
167403396 199 1118 23275
167409981 180 1965 23277
167498107 182 2082 23305
167521551 197 650 23312
167618692 180 1239 23340
167650809 193 1636 23350
167699871 193 1431 23365
167715826 191 2203 23370
167770435 197 2129 23387
167837032 187 936 23407
167907847 194 2003 23428
168139471 184 1541 23500
168231655 195 2852 23526
168261643 185 172 23535
168292581 195 2821 23544
168368374 194 69 23566
168428147 194 240 23584
168479497 180 583 23600
168527424 194 924 23614
168589058 185 1774 23633
168759750 192 922 23685
168808911 193 2664 23699
168818156 184 2903 23703
168850479 181 945 23712
168863815 198 1454 23716
168894814 198 991 23725
168974153 192 20 23748
169111788 195 2634 23789
169145574 197 1239 23799
169217226 192 1503 23821
169264185 184 2003 23834
169323314 185 2401 23852
169365298 187 1061 23865
169391194 191 1364 23874
169430355 181 1737 23886
169519464 197 1566 23914
169567526 199 457 23928
169571668 184 1532 23929
169574360 198 879 23930
169603270 180 188 23938
169663773 188 73 23956
169752732 199 1443 23983
169860605 191 1713 24016
169864620 190 1996 24017
169903718 186 1543 24029
170013802 191 1561 24062
170028984 185 261 24067
170102590 184 2292 24090
170125765 183 1703 24097
170143712 198 1856 24102
170188957 186 564 24115
170207052 193 1547 24120
170266121 197 1543 24138
170274543 189 325 24140
170299559 194 1008 24148
170388708 187 1969 24174
170608348 195 690 24239
170615016 184 972 24241
170670344 184 1615 24257
170790572 188 2651 24293
170800211 186 1219 24296
170841686 188 1462 24308
170843501 180 2137 24309
170849795 190 2881 24311
170880979 193 2050 24321
170940360 181 1365 24339
170952887 180 122 24343
171023025 198 269 24364
171026433 191 1527 24365
171087767 186 1631 24386
171105525 180 1158 24391
171116890 181 18 24395
171161048 195 813 24408
171174503 188 2367 24412
171181345 189 168 24414
171191852 181 1849 24417
171218452 180 393 24426
171373510 193 2912 24473
171386459 187 181 24477
171500055 181 2967 24510
171520366 186 2622 24516
171586839 196 1365 24536
171773559 188 1657 24593
171804424 184 1646 24602
171817639 197 1770 24607
171821207 189 831 24608
171831484 181 135 24612
171864459 190 1940 24622
171868792 197 1303 24623
171921887 186 1801 24640
171953653 192 2757 24649
171998493 182 20 24663
172027174 180 1263 24671
172030132 189 757 24672
172146251 191 460 24708
172151610 199 2428 24710
172191188 188 1836 24722
172229449 193 1963 24734
172240573 187 1145 24737
172257840 195 902 24743
172355561 188 1490 24773
172398330 190 2278 24786
172490815 197 2325 24814
172527887 198 1875 24825
172592363 189 1718 24843
172625496 197 2271 24854
172635790 197 675 24857
172700005 191 2478 24876
172753620 185 942 24893
172797119 191 2962 24906
172942198 197 2537 24949
173023265 193 1030 24973
173046559 184 2340 24980
173058231 181 2785 24984
173153060 186 2978 25012
173226876 189 1013 25033
173280196 184 710 25050
173333072 181 1721 25067
173398846 198 500 25086
173409055 180 1218 25089
173515031 199 878 25121
173517809 199 17 25122
173570900 195 2503 25138
173574038 198 2773 25139
173594083 193 2942 25146
173653415 184 162 25165
173667608 198 1723 25169
173712455 199 5 25182
173759364 180 973 25196
173767986 197 105 25199
173826659 195 1642 25217
173839373 193 2304 25221
173848303 182 2731 25224
173851139 196 2191 25225
173893168 189 1142 25238
173977580 184 1971 25263
173996959 185 2315 25269
174018645 181 1971 25275
174043417 196 1408 25283
174047411 198 2954 25284
174063818 197 2571 25289
174120322 194 709 25307
174177230 184 22 25324
174213470 188 1571 25335
174242519 187 2676 25344
174329729 185 943 25371
174354460 183 2637 25379
174365460 181 765 25382
174457161 180 1670 25410
174466327 198 715 25413
174506585 180 2776 25426
174588771 180 1879 25451
174599873 196 2517 25454
174627713 195 2000 25463
174635005 193 2216 25465
174693619 183 852 25482
174733444 180 135 25493
174736590 193 364 25494
174757769 182 2423 25500
174801434 184 1565 25513
174949844 191 2012 25558
174973892 191 2266 25566
174998463 181 939 25573
175008980 194 750 25576
175019527 198 1527 25579
175049126 198 1182 25588
175101804 186 845 25604
175130380 187 2114 25613
175137809 192 975 25615
175190399 197 2359 25633
175209524 199 737 25639
175339518 194 2162 25677
175426833 190 1345 25705
175435917 191 54 25708
175485751 181 1858 25724
175599805 193 1658 25758
175603298 182 555 25759
175726777 184 1310 25796
175762264 185 1324 25806
175829035 190 455 25828
175877485 191 286 25842
175901208 188 1635 25849
175928184 182 1491 25857
175955121 183 1138 25866
176073409 181 2149 25901
176173413 196 747 25931
176224160 193 2463 25946
176363804 186 150 25988
176366561 190 1931 25989
176375667 188 1957 25992
176382159 180 2632 25994
176446516 195 2776 26014
176453790 197 1926 26016
176499224 193 889 26030
176524895 188 521 26038
176534930 188 2003 26042
176544133 190 1481 26045
176557201 182 370 26049
176619763 199 1308 26069
176625628 180 723 26071
176743662 193 881 26108
176790858 182 1564 26123
176801908 192 2724 26126
176810094 199 487 26129
176820927 192 2910 26132
176898680 194 2595 26156
176978881 196 2459 26179
177115588 194 437 26218
177144156 185 575 26226
177163247 197 2193 26231
177169758 193 2443 26233
177243683 195 1117 26255
177343117 198 1810 26285
177388901 189 271 26298
177404382 185 2495 26303
177707963 199 1840 26393
177723986 182 1103 26398
177759710 189 499 26409
177774351 180 2259 26413
177792176 196 1357 26418
177810282 180 2773 26423
177849943 189 2822 26435
177897732 194 1056 26450
177933229 193 469 26460
177979587 185 1255 26475
177997120 191 2060 26481
178013339 189 2107 26486
178023090 187 38 26489
178056207 185 2013 26499
178065838 191 2659 26502
178091971 182 2725 26510
178102063 194 198 26513
178145830 199 648 26527
178173064 183 403 26534
178202230 190 1067 26543
178253334 196 1291 26559
178259013 181 44 26561
178352383 191 1486 26589
178406243 193 149 26605
178451564 184 2014 26619
178502189 180 2170 26635
178562815 191 1689 26654
178568166 191 66 26656
178596255 197 2322 26664
178630904 191 2136 26674
178634491 195 756 26675
178705223 186 1048 26696
178709256 196 1097 26697
178728680 198 1496 26703
178769264 196 2686 26716
178816680 191 72 26731
178822569 198 2131 26733
178834497 195 2887 26737
178974788 189 610 26781
178978913 195 629 26782
178984830 190 1584 26784
178987929 182 857 26785
179074663 185 2872 26812
179119444 190 957 26824
179146017 197 1237 26832
179152940 181 1023 26834
179193202 181 987 26846
179241323 185 460 26862
179253198 199 1817 26866
179393845 189 1451 26909
179418812 196 278 26916
179436747 183 213 26921
179496356 189 598 26939
179606193 180 871 26973
179625769 187 779 26979
179703063 185 759 27003
179708637 186 151 27005
179718724 180 1981 27008
179733895 186 70 27013
179786838 193 2813 27029
179806606 180 2883 27036
179814368 190 2717 27038
179828381 199 271 27042
179963671 186 309 27082
180018133 198 1608 27098
180041757 193 963 27105
180156182 189 2695 27139
180219780 186 2820 27157
180285874 191 870 27178
180297188 197 2252 27181
180343758 182 2394 27195
180377976 197 2784 27206
180390750 183 229 27210
180501086 189 2240 27242
180544109 180 484 27254
180641528 185 1307 27284
180678496 183 1533 27295
180686899 199 1995 27298
180697655 197 2624 27301
180700363 196 2697 27302
180711955 187 2357 27306
180755662 183 42 27321
180757881 199 1108 27322
180780626 192 167 27329
180792795 191 2694 27333
180909794 194 2488 27367
180930169 197 1306 27373
180968918 185 857 27385
181005665 198 1679 27397
181008433 192 553 27398
181061708 192 2774 27414
181079402 187 1158 27419
181090382 191 2614 27422
181162891 183 743 27444
181166994 186 2894 27445
181199739 188 1460 27456
181265316 195 1430 27476
181280266 190 1269 27480
181364281 191 2609 27507
181368614 195 2634 27508
181505682 199 46 27549
181530881 185 1795 27557
181558502 198 194 27566
181568556 193 2857 27569
181585978 195 2831 27574
181593682 182 1081 27576
181626112 197 1562 27586
181633088 195 1906 27588
181693716 182 1105 27606
181700290 194 203 27608
181857392 196 1178 27655
181861280 181 1971 27656
181913101 182 1903 27672
181973151 187 2109 27692
182076911 181 2742 27722
182081244 196 303 27723
182116885 180 810 27734
182119496 181 917 27735
182168193 182 1598 27750
182227222 195 1275 27767
182237675 195 2006 27770
182266141 189 2512 27779
182283064 185 2454 27784
182331603 181 1890 27798
182339145 193 2455 27800
182478498 185 947 27841
182560818 199 1943 27864
182579526 182 686 27871
182686663 185 798 27904
182696025 194 2983 27907
182807976 191 1123 27941
182846479 186 181 27952
182953968 196 207 27984
182986675 180 2025 27995
183014227 180 357 28003
183028640 186 1852 28007
183064359 183 1187 28018
183103682 186 878 28031
183170122 188 2264 28050
183194085 195 804 28057
183200393 187 1283 28059
183206847 194 408 28061
183326104 194 2223 28099
183359490 187 2733 28109
183370677 181 1248 28113
183372534 183 1360 28114
183408806 193 2401 28125
183453424 181 2941 28139
183505638 193 110 28155
183545769 180 1289 28168
183591129 192 2300 28182
183646788 182 721 28199
183670998 188 2740 28207
183694251 199 2579 28214
183754470 182 2315 28233
183800589 187 2614 28247
183891216 199 1990 28272
183981386 193 465 28300
183984012 190 1523 28301
183991552 197 1313 28303
184013275 197 2443 28310
184026256 182 925 28314
184049281 181 2428 28321
184140656 190 2832 28347
184157544 199 2301 28352
184255496 199 264 28380
184282433 185 2827 28389
184289609 187 2503 28391
184358000 199 2396 28411
184375259 197 423 28416
184451488 192 193 28439
184536069 197 490 28464
184572904 185 95 28474
184607735 188 1495 28484
184672148 187 992 28504
184740794 194 2925 28524
184769634 183 724 28532
184858050 196 2298 28559
184881311 183 1999 28566
184897845 189 1934 28570
184940389 186 922 28583
184958861 191 866 28589
184991372 198 2137 28599
185100434 183 1847 28632
185118565 194 62 28637
185282005 187 466 28686
185294832 198 1046 28690
185298497 183 147 28691
185310762 189 665 28695
185368527 187 1361 28713
185464375 181 398 28741
185478481 194 639 28746
185495585 183 1460 28752
185571929 181 1228 28774
185588325 190 2913 28779
185629437 198 1089 28791
185732439 185 68 28822
185744819 196 1388 28826
185754261 183 127 28829
185839951 183 1485 28855
185863787 190 1711 28862
186090485 182 2148 28932
186123643 182 2018 28942
186191366 193 1563 28961
186214658 196 1980 28967
186232686 193 97 28973
186246246 183 166 28977
186272292 187 115 28985
186302655 180 2806 28996
186405296 182 2798 29028
186538564 193 1078 29070
186576588 189 94 29081
186667523 184 2367 29109
186686435 190 2323 29115
186812850 194 1083 29155
186927161 190 1508 29190
186943073 184 1475 29195
186958594 188 1148 29200
186978438 198 2979 29206
187020970 185 2855 29219
187048049 196 1681 29228
187077283 188 2955 29237
187101047 197 2901 29245
187118916 194 2547 29251
187124694 187 1235 29253
187226424 194 1492 29285
187249730 191 1094 29292
187302358 182 2486 29308
187336562 195 527 29319
187436144 184 1385 29349
187535692 184 61 29378
187620030 195 1464 29404
187644379 187 125 29411
187686850 181 2960 29424
187689542 191 186 29425
187755863 194 1671 29445
187789016 186 1984 29454
187842975 180 113 29471
187883039 192 1181 29483
187936255 194 2882 29498
187979639 188 606 29511
187983287 181 1614 29512
187996649 193 1310 29516
188100731 183 1246 29546
188123351 191 659 29553
188133704 198 278 29556
188269294 180 2495 29597
188368944 185 141 29626
188380219 181 2966 29629
188393459 186 1939 29633
188409528 198 1873 29638
188443857 186 589 29649
188462316 193 2690 29654
188469176 191 689 29656
188521715 198 1604 29673
188638856 187 1631 29708
188640962 191 418 29709
188716463 188 1505 29732
188775546 183 1634 29749
188808109 199 2934 29758
188818247 199 3 29761
188971700 182 767 29806
188994651 180 667 29812
189057974 180 1662 29831
189164626 197 785 29865
189334442 181 1592 29918
189347359 197 2926 29922
189358208 193 519 29925
189383260 180 1527 29932
189443212 187 1427 29950
189446481 198 902 29951
189453411 181 1190 29953
189496799 191 2670 29966
189524061 180 801 29975
189573614 182 1269 29991
189580209 197 1903 29993
