161677 136 2079 11
184453 126 1184 13
288728 134 2290 20
369788 130 1138 26
474983 125 1776 34
516025 125 53 37
871575 138 108 63
1575164 120 2330 116
1585596 130 82 117
1611266 133 1363 119
1757107 124 124 130
1767903 123 2655 131
1868987 130 1750 139
2108498 137 982 157
2131154 133 800 159
2867973 136 2525 214
3188902 139 707 238
3204433 122 480 239
3220372 120 408 240
3499189 126 2329 262
3535867 132 1890 265
3939371 131 1171 296
4044600 120 470 304
4156327 127 2205 312
4170371 125 1376 313
4233139 137 2656 318
4281011 133 2806 322
4367453 120 772 329
4394782 133 2209 331
4423900 130 449 333
4884889 139 2159 370
4929415 136 2250 374
5072827 125 2578 385
5373114 124 1611 408
5450390 124 2917 414
5489439 138 2662 417
5636670 125 1307 428
6117702 135 955 467
6144408 135 1931 469
6326824 135 1493 483
6340109 136 2022 484
6489600 125 1196 495
6835535 122 1742 521
7218338 129 2917 548
7278594 121 2053 553
7432655 122 245 564
7612629 120 2952 578
7811192 138 2827 593
7823388 121 1798 594
8246048 139 1443 626
8453783 127 427 641
8988036 120 1901 681
9013856 121 1000 683
9470622 134 2162 718
9496208 125 138 720
9547869 124 1047 724
9571603 123 2357 726
9932880 139 2988 754
10015463 127 1299 760
10173391 120 2571 772
10332407 132 1555 784
10550990 131 2306 800
10705556 126 230 812
10763136 121 1624 816
10773136 136 22 817
10930010 138 1498 829
11067017 129 1039 840
11670071 123 2890 885
11742633 135 379 890
11757652 136 1600 891
11771365 126 887 892
12297286 137 1980 933
12379797 133 1088 939
12559050 130 2195 953
12722952 136 2327 965
12732952 126 2347 966
12771541 125 2933 969
12887857 139 617 978
13050343 120 1117 991
13332525 139 492 1013
13418148 123 97 1019
13586657 120 2203 1032
13666547 131 1429 1038
13819313 124 389 1049
13917661 139 514 1056
14290542 122 784 1083
14398583 128 1178 1092
14560782 127 2362 1104
14853936 122 1967 1126
15190034 136 1721 1151
15233158 127 1700 1154
15317541 127 2817 1160
15757215 134 868 1193
16002821 138 2421 1212
16505712 124 247 1250
16616774 122 1718 1258
16673696 133 2995 1262
16894828 120 608 1279
17004583 120 601 1288
17159379 122 1674 1300
17207139 124 144 1303
17273211 132 2448 1308
17440587 136 2023 1320
17677511 120 608 1338
17966762 124 1400 1360
18099469 129 2024 1370
18177388 126 1967 1376
18206301 137 1574 1378
18288920 139 2676 1384
18920501 129 239 1432
19061300 124 2049 1443
19101883 128 57 1446
19240325 129 2537 1456
19454921 136 2455 1473
19483462 129 2898 1475
19656433 136 1372 1488
19917984 134 1360 1507
20084135 138 1574 1519
20115077 138 1392 1521
20644658 132 2857 1560
20672562 123 2136 1562
20876538 131 786 1577
21635109 135 2185 1634
21692163 122 2932 1639
21855814 130 528 1651
21998456 124 1344 1661
22096279 139 1291 1669
22406277 132 665 1692
22417068 131 1136 1693
22538898 136 667 1702
22648406 138 2037 1711
22766211 130 718 1720
22898982 134 1537 1730
22978886 132 2375 1735
23377417 121 2341 1766
23714054 135 1170 1791
23953361 120 869 1808
24263136 137 1346 1831
24393674 130 785 1841
24449864 138 349 1845
24571855 126 1452 1854
25334422 122 2765 1912
25778544 134 1147 1944
26101336 125 1670 1968
26137889 137 1150 1971
26463822 128 510 1997
26534160 138 1439 2002
26761945 125 2239 2019
26830651 126 644 2024
26892831 136 217 2029
26922817 137 2071 2031
27217237 123 774 2053
27475021 126 391 2071
27847670 132 2916 2099
27967844 132 437 2108
28601007 133 1646 2156
28845982 120 482 2174
28976427 124 2089 2184
29017501 127 2050 2187
29330497 133 2854 2212
29790644 130 2509 2245
30403771 133 2994 2291
30612002 138 680 2307
30988814 123 2538 2335
31061382 138 164 2340
31135909 134 870 2346
31310839 128 2314 2358
31483650 127 1112 2371
31529769 133 1376 2375
31560562 122 1192 2377
31572485 126 1180 2378
31656631 137 1270 2384
31823125 136 2256 2396
32325517 133 1777 2434
32440593 135 1278 2443
32559187 124 2080 2452
32722462 127 300 2464
33241962 130 2675 2503
33432839 120 1651 2517
33567022 126 683 2528
33661471 124 335 2535
34077912 126 291 2565
34157628 123 56 2571
34323371 139 629 2584
34442644 127 1237 2593
34960166 135 2037 2632
34970914 133 2823 2633
35078949 121 1157 2641
35644251 134 2132 2683
36043853 137 2240 2712
36272543 124 590 2730
36434658 133 1328 2742
36461167 131 818 2744
36774713 126 1797 2767
36813628 139 2708 2770
36970140 132 2820 2782
36986806 133 2469 2783
37103751 138 2638 2792
37234106 129 58 2802
37662703 123 1412 2834
37878195 137 1626 2850
37999613 125 1825 2860
38147455 131 1232 2871
38209829 129 1921 2875
38616987 131 2051 2905
39129977 132 2818 2944
39255710 137 1627 2953
39311309 120 2730 2957
39788271 139 1871 2991
40185618 122 2824 3020
40317925 122 2225 3030
40727073 139 1346 3061
40919294 135 1071 3076
40942787 139 2436 3078
41197454 126 527 3096
41323195 137 324 3105
41430411 120 396 3113
41917376 132 2397 3149
41930305 124 2023 3150
42118874 135 1058 3164
42347315 136 698 3181
42374298 125 2168 3183
42402977 135 2124 3185
43406835 129 2861 3259
43463090 139 2711 3263
43534735 123 1676 3268
43617391 128 1788 3274
44125869 137 1428 3311
44385649 123 2306 3330
44482805 134 1226 3337
44611026 133 497 3346
44729941 138 1989 3355
44741456 133 605 3356
44811667 123 1816 3361
44856055 123 2750 3364
45189004 126 2304 3388
45445517 129 2001 3407
45604024 127 587 3419
45952278 133 890 3445
46212260 134 467 3466
46503613 136 1760 3488
47029039 127 2364 3527
47263033 130 1350 3544
47568635 120 1737 3567
47594177 136 2940 3569
47712054 121 210 3578
48443954 136 1705 3632
48471864 130 2960 3634
48630348 136 378 3646
48652925 131 248 3648
48817237 138 173 3660
48967407 130 404 3672
49103495 121 1910 3682
49188688 121 2902 3688
49499127 131 2644 3712
49829600 132 1396 3737
49981380 120 410 3749
50240142 120 1916 3769
50508535 127 868 3789
50700768 132 1780 3804
50714265 125 2926 3805
51060347 120 732 3831
51236005 132 726 3844
51483995 123 2827 3864
51523921 128 2316 3867
51605016 130 45 3873
51769993 134 645 3885
52048406 134 1145 3906
52116744 132 71 3911
52291279 121 1820 3924
52500747 126 724 3940
52534109 131 1448 3943
52726119 137 703 3957
53298028 133 317 3998
53324603 132 1185 4000
53337254 129 157 4001
53472666 135 872 4011
53648757 127 1217 4024
54230756 135 1586 4068
55056564 124 660 4130
55079188 135 2007 4132
55207590 128 2472 4141
55248010 120 2690 4144
55476497 122 2266 4161
55642460 125 585 4173
55823257 122 446 4186
56006261 122 2049 4199
56551398 135 904 4240
57163324 127 975 4284
57483574 124 2300 4308
57599296 126 1011 4316
57949233 135 2547 4341
58080234 129 2157 4350
58285398 131 565 4366
58566984 134 142 4387
58961117 128 988 4416
59335705 135 2502 4443
59374833 124 896 4446
59873409 132 1320 4483
60003570 137 317 4493
60209317 123 1206 4508
60380091 136 2795 4521
60420472 128 480 4524
60523910 123 1905 4532
60674468 131 964 4543
60801232 127 591 4553
61299991 127 1219 4589
61326490 132 936 4591
61467871 136 2797 4601
61524446 135 2345 4605
61562575 123 2736 4608
61763625 125 999 4624
61902031 134 1618 4635
61969295 125 573 4640
62132199 132 340 4652
62218834 136 2396 4659
62382094 132 2441 4671
62621220 121 351 4689
62696233 137 2209 4695
62748923 122 1660 4699
62822336 120 2643 4704
63162589 137 764 4730
63256672 120 2794 4737
63503732 122 2995 4756
63728713 121 2981 4774
64052530 132 2207 4798
64407198 130 270 4825
64446118 136 547 4828
65241940 136 378 4887
65313556 131 1441 4892
65429164 127 590 4901
65507800 120 557 4907
65731152 137 168 4924
65782971 121 1410 4928
66317530 129 2965 4968
66629898 124 2743 4991
66717056 134 842 4998
66823135 124 2662 5006
66969409 126 2775 5016
67112560 132 2320 5026
67246621 128 1075 5036
67390985 129 712 5047
67500230 127 2899 5055
67512635 137 1732 5056
67526873 125 123 5057
67567236 129 1789 5060
67786935 129 1742 5076
68194262 130 1264 5106
68376633 122 1759 5119
68491227 137 1821 5128
68534156 122 153 5131
68640130 127 497 5139
68796327 127 455 5150
68922754 125 1624 5160
69038659 133 163 5169
69603113 120 427 5211
69726968 131 1165 5220
69857152 122 882 5229
69982919 131 2076 5238
71055998 128 1542 5318
71242341 127 1525 5332
71449068 126 531 5347
71660501 129 966 5363
71893003 139 799 5381
71903668 121 1399 5382
72925735 139 2102 5457
73224521 121 6 5479
73461573 126 1706 5497
73742989 122 1861 5519
73756536 123 670 5520
74055591 134 226 5543
74148227 121 245 5550
74240190 135 1658 5557
74441403 137 1041 5572
74485934 123 2162 5575
74621743 129 1725 5585
75107971 121 1538 5621
75885669 134 91 5680
75967936 121 585 5686
76009142 138 2246 5689
76171439 123 2907 5700
76407096 138 203 5717
76568932 124 306 5729
76682742 122 295 5738
77131429 124 2525 5771
77543626 127 2475 5801
77745970 139 1723 5817
77982014 129 2658 5834
78213020 130 446 5851
78761935 126 1130 5893
78837862 137 1814 5899
78926868 128 1398 5906
79063831 124 1871 5916
79395559 138 2039 5940
79405559 138 1349 5941
79433610 135 2502 5943
79558747 132 42 5952
79844654 126 845 5974
80157315 121 1950 5997
80169928 134 1247 5998
80200056 122 391 6000
80343567 129 2103 6011
80410914 138 2379 6016
80563077 127 2003 6027
80869764 139 2103 6051
81090720 124 183 6068
81340382 136 927 6087
81485231 124 964 6098
81509612 139 2327 6100
81847087 124 2288 6125
81860413 121 1864 6126
81922015 137 2090 6131
82260289 122 406 6157
82372533 133 2451 6165
82643993 136 2639 6186
83283717 129 1416 6235
83719995 120 2147 6268
83817987 120 2945 6275
84180530 123 798 6302
84249804 136 2481 6307
84297004 126 391 6311
84350165 136 2125 6315
84361195 131 110 6316
84523603 123 187 6329
84558112 121 1164 6332
84586060 129 1695 6334
84614425 125 2221 6336
85442420 127 2091 6396
85737172 124 2625 6418
85989177 123 2128 6437
86480722 124 2394 6473
86649262 134 2863 6485
86919034 131 1376 6506
87024237 127 852 6514
87087476 120 1010 6519
87192270 130 355 6527
87233800 120 195 6530
87260263 122 2923 6532
87326004 138 2787 6537
87455820 126 1977 6547
87994375 129 601 6587
88149659 134 1980 6599
88304267 132 2850 6611
88339717 126 709 6614
88450446 132 1311 6622
88511342 132 747 6627
88635243 134 938 6637
88724565 123 2505 6644
88826030 134 2232 6651
89064346 129 2591 6669
89102731 133 1677 6672
89576782 126 2385 6707
90024300 127 1993 6741
90387918 121 2588 6768
90454476 133 1843 6773
90833058 120 2476 6801
90916785 135 301 6807
91013824 125 2010 6814
91645583 131 674 6861
91707809 135 880 6866
91826755 139 2768 6874
92049764 134 339 6892
92513287 126 2336 6926
92541632 138 771 6928
92803031 127 1805 6948
93076100 139 2589 6969
93150985 120 1725 6975
93184436 127 1262 6978
93197045 135 2376 6979
93675870 123 708 7015
93776757 124 2876 7022
93991453 129 303 7037
94360075 139 2981 7064
94700872 126 288 7089
94909708 136 1315 7105
95114070 132 2659 7120
95885071 125 996 7177
95910157 125 2830 7179
96178566 120 2791 7200
96233011 137 2247 7204
96313975 127 286 7210
97727939 130 2631 7318
97796878 124 2482 7323
97863090 135 1235 7328
98133890 135 408 7349
98262616 125 2442 7359
98413414 136 1950 7371
98640559 133 592 7388
98736416 136 1778 7396
98836875 128 2690 7403
99015287 124 2972 7416
99142647 137 578 7425
99194201 138 24 7429
99428111 134 1311 7447
99482518 123 2630 7451
99526649 120 2840 7454
99762548 136 2973 7472
99896935 126 2866 7482
99962434 137 73 7487
100136697 136 2263 7500
100718455 132 2486 7544
100880825 133 325 7556
101123646 136 2231 7575
101136533 125 241 7576
101203335 122 135 7581
101360692 137 1025 7592
101849096 126 2890 7628
101891761 123 998 7631
102013847 136 2407 7640
102123231 128 483 7648
102403186 122 1662 7670
102593177 128 2636 7684
103101608 127 2759 7722
103245504 139 1569 7732
103300534 131 2356 7736
103408597 120 1098 7744
103422792 137 2220 7745
103432792 133 2125 7746
103792275 123 36 7772
104162488 139 1364 7800
104492150 123 65 7825
105232297 124 1128 7882
105510436 126 1473 7904
105699404 132 1987 7918
106079908 134 1597 7946
106405736 120 154 7971
106846521 130 2724 8003
107174766 132 244 8028
107314711 134 1972 8038
107412230 129 112 8046
107484552 128 2204 8051
107619492 132 1496 8061
107842230 131 936 8077
107984886 130 2267 8088
108108588 138 2073 8098
108254519 129 279 8109
108432240 130 663 8123
108507860 139 1859 8129
108625351 128 845 8138
108675421 137 145 8142
109062853 123 2830 8172
109086638 124 2692 8174
109359037 122 1377 8194
109583951 123 2953 8210
109669417 139 1879 8217
109745586 126 877 8223
109853013 139 2952 8231
110251667 126 2365 8261
110451178 138 1528 8275
110831491 120 1507 8303
111013231 136 11 8317
111217987 123 980 8334
111240061 123 144 8336
111455354 124 1453 8352
111522259 130 2504 8357
111669220 133 1787 8368
111864963 123 2528 8383
112354035 133 509 8419
112652993 138 1493 8442
112692068 139 350 8445
112858836 137 2121 8457
112870822 127 955 8458
113096240 124 1082 8475
113168017 133 2031 8481
113222399 129 233 8485
113398133 120 863 8499
113683546 128 1932 8521
113977974 129 278 8544
114079245 122 2106 8552
114296173 129 611 8569
114798320 125 1351 8607
114854559 130 313 8611
115252230 124 2661 8641
115281826 138 2669 8643
115623677 122 2171 8668
115852321 136 1764 8685
116151678 125 2660 8707
116233470 125 511 8713
116270551 127 2610 8716
116565726 133 2515 8738
116668957 138 2266 8745
116783163 135 1189 8753
116849215 129 322 8758
116987823 139 8 8768
117586203 128 729 8813
117740357 136 2906 8824
118356259 138 1520 8871
118568518 124 542 8887
118582059 130 1461 8888
118664200 129 2363 8894
118903228 120 1855 8912
118940455 125 1946 8915
119169122 137 2794 8931
119222669 129 52 8935
119440498 132 776 8951
119533195 123 2630 8958
119633138 122 257 8966
119796209 126 2491 8978
119855550 136 983 8982
119971511 132 277 8990
119985658 123 1308 8991
119998888 127 108 8992
120013173 123 2597 8993
120132864 138 858 9007
120154855 136 232 9014
120170643 138 1963 9019
120263679 129 2197 9046
120369071 123 1988 9077
120375146 138 2583 9079
120401988 122 1282 9087
120409479 136 867 9089
120418201 133 2246 9092
120492982 131 1617 9114
120534114 127 355 9125
120593174 135 1765 9143
120603737 133 1425 9146
120617401 123 1759 9150
120631962 136 2488 9154
120634492 123 2785 9155
120653127 124 2334 9160
120735599 137 1744 9184
120743727 127 2747 9186
120797523 127 2996 9202
120822772 123 584 9210
120951747 137 2620 9249
121059027 132 1692 9280
121141558 129 818 9304
121187512 129 2031 9317
121382108 121 229 9375
121434750 133 2753 9392
121458332 130 2074 9399
121545228 131 2947 9425
121569537 123 2743 9432
121572563 130 2018 9433
121637694 130 1969 9452
121732213 131 1436 9481
121739064 136 2345 9483
121766178 133 615 9491
121780185 123 2453 9495
121858664 123 2997 9518
121887103 136 1307 9526
121890830 125 786 9527
121911708 136 115 9533
121921005 122 1001 9536
121924481 128 1072 9537
121994667 133 2810 9558
122084734 135 1762 9585
122188181 137 2143 9615
122224434 139 1979 9626
122288444 131 880 9644
122307559 130 2412 9650
122377266 135 1808 9671
122392064 138 2088 9676
122394883 128 2113 9677
122476805 136 161 9703
122488865 135 684 9706
122502278 125 681 9710
122549780 131 786 9725
122564859 120 2641 9730
122666050 129 2422 9759
122726439 123 1169 9777
122803486 128 2640 9800
122822424 121 48 9806
122837806 127 2105 9810
122929183 136 1167 9837
122965846 124 1559 9848
123056943 123 499 9875
123119817 125 91 9895
123143378 131 2432 9902
123217415 126 392 9925
123291737 127 1210 9947
123298093 138 1727 9949
123325185 125 353 9957
123363567 131 1170 9969
123426459 128 1480 9989
123490211 126 228 10008
123546550 130 2447 10025
123635908 136 888 10052
123652995 136 1630 10058
123665650 131 1095 10062
123699943 137 1948 10073
123709880 124 572 10077
123765290 127 2739 10093
123835727 126 2967 10114
123879608 124 1711 10127
123891759 131 1800 10130
124025643 136 458 10170
124031582 122 1984 10172
124073281 125 2343 10185
124172640 122 2740 10216
124310685 129 1385 10256
124376842 135 2664 10276
124410837 120 2591 10286
124440824 130 1713 10295
124458536 133 18 10300
124517469 138 1910 10317
124534630 125 117 10322
124551420 121 2897 10327
124757659 124 110 10391
124777063 138 2393 10397
124961633 127 214 10451
125040292 127 2804 10475
125117974 125 2896 10499
125189625 128 450 10520
125223646 132 404 10530
125239719 133 709 10535
125251721 125 2415 10538
125305551 134 1903 10554
125353703 127 2961 10568
125366446 131 2469 10572
125446415 130 1411 10596
125454524 130 1427 10598
125457085 135 2408 10599
125471665 135 2908 10603
125642105 139 1927 10653
125671600 139 1804 10662
125802499 134 720 10702
125831530 136 1405 10711
125835407 120 2543 10712
125848384 129 1897 10716
125910389 128 2928 10735
125913643 125 986 10736
125978363 135 735 10755
125980366 136 507 10756
126114912 138 69 10798
126128348 123 410 10802
126174959 133 1651 10817
126179292 136 2699 10818
126248449 129 1084 10839
126257664 132 120 10842
126342796 131 40 10868
126406518 124 1685 10887
126487167 131 156 10912
126503171 130 155 10917
126506615 135 2492 10918
126639512 138 2091 10957
126699776 129 1705 10977
126770718 130 773 10998
126802403 122 1134 11008
126865977 120 2759 11026
126984204 123 679 11062
126987782 122 141 11063
127032138 128 1995 11077
127080526 126 2472 11091
127164074 131 1669 11116
127207488 133 1846 11130
127256854 122 685 11145
127272621 137 2344 11150
127445516 123 453 11203
127482290 123 1284 11214
127511018 130 1026 11222
127620271 132 110 11254
127798248 120 608 11308
127934960 124 630 11347
127951709 125 293 11352
127981537 131 2917 11361
128018441 125 1827 11371
128048278 131 1042 11380
128054234 127 30 11382
128056786 124 2597 11383
128064233 137 1537 11385
128287217 127 2782 11451
128357031 134 632 11471
128364119 135 2593 11473
128414820 132 492 11488
128465285 135 551 11502
128468253 137 1259 11503
128473636 129 1093 11505
128496828 127 894 11512
128574315 136 2569 11535
128629994 135 81 11552
128696305 133 1320 11573
128878813 136 176 11627
128895775 131 770 11632
128944781 124 1223 11648
128952604 134 36 11651
128990235 124 1734 11664
129085219 134 1968 11695
129101130 125 2588 11700
129134259 134 847 11710
129144821 135 2432 11713
129205770 125 2791 11731
129289761 138 211 11756
129361881 132 968 11778
129381873 139 503 11784
129390660 129 285 11787
129432310 134 935 11799
129456498 123 2876 11806
129465370 131 1629 11809
129472982 124 1212 11811
129568546 139 1782 11840
129660648 139 2880 11868
129674945 122 316 11872
129711263 129 1648 11882
129739301 133 2652 11891
129765818 125 789 11899
129858224 128 2344 11927
129867213 130 1040 11930
129874460 130 2033 11932
129881847 126 2392 11934
129908929 121 670 11942
130003606 129 1857 11970
130020783 138 93 11975
130038067 120 2949 11980
130120718 139 2197 12005
130169403 130 1597 12019
130176318 131 562 12021
130232043 125 2998 12037
130292936 134 7 12055
130300032 128 1624 12057
130304011 123 1248 12058
130351687 130 2603 12073
130774754 130 1746 12198
130872955 137 776 12228
130882353 126 2730 12231
131050199 121 773 12283
131103588 137 2517 12299
131160989 133 2348 12317
131187432 130 1247 12325
131194604 128 588 12327
131203170 133 2045 12330
131209767 133 206 12332
131213549 123 2380 12333
131241931 130 2830 12342
131258617 122 329 12347
131271735 125 1754 12351
131339304 139 2605 12373
131361781 134 1744 12380
131376946 134 1415 12385
131397300 134 2135 12391
131461659 125 2116 12411
131545486 136 1470 12436
131561587 125 110 12441
131597385 135 1577 12451
131615984 121 1228 12456
131672423 128 1726 12473
131732013 122 2664 12490
131737803 121 1849 12492
131838623 129 2475 12522
131912296 124 581 12544
131931332 132 24 12550
131947523 124 2782 12555
132101571 138 764 12601
132115195 127 2114 12605
132179363 125 2714 12624
132341241 124 2566 12672
132391295 132 2509 12687
132410872 139 238 12694
132547195 128 2077 12737
132573745 124 1988 12745
132604551 125 1213 12755
132652306 126 795 12770
132858279 133 1263 12833
132906922 131 535 12847
132956454 132 318 12863
132963539 135 1292 12865
132997396 139 1629 12875
133000328 130 2998 12876
133012778 133 2946 12880
133016853 139 978 12881
133037961 130 1842 12887
133127948 131 2541 12913
133153262 138 2822 12921
133256478 137 2089 12952
133320395 127 2851 12973
133329588 128 1070 12976
133387131 129 2908 12994
133390155 125 260 12995
133405077 131 2056 13000
133410125 134 1781 13002
133416641 135 2945 13004
133525950 135 397 13038
133637258 125 2060 13070
133734159 132 830 13098
133747496 133 1291 13102
133785339 123 1012 13113
133787512 125 747 13114
133823865 138 357 13124
133833752 136 152 13127
133888908 133 438 13143
133907359 127 1961 13149
133937385 127 2038 13158
133951059 124 2775 13162
133974294 133 114 13169
133980325 126 1604 13171
133984253 131 2038 13172
134000776 135 846 13177
134092773 138 2083 13204
134135954 133 1272 13218
134152559 132 1484 13223
134275835 123 408 13260
134333874 129 1658 13276
134354173 126 185 13282
134443267 138 1553 13308
134536584 139 2407 13335
134556383 125 2093 13341
134599283 128 2080 13355
134682767 129 1818 13381
134698451 123 624 13386
134735409 121 532 13396
134826845 127 91 13425
134830720 137 2550 13426
134845808 129 2775 13431
134890766 132 2831 13445
134932137 133 1092 13457
134959708 129 1607 13465
134989233 135 1953 13473
135013594 137 2230 13480
135079991 125 2016 13499
135402686 138 2473 13600
135503168 136 1158 13632
135506051 135 960 13633
135517533 123 1823 13636
135587962 130 2511 13657
135614002 122 1960 13665
135646015 125 1492 13674
135719906 121 2480 13697
135743811 124 2698 13704
135790704 126 1852 13718
135795025 139 1873 13719
135886041 122 2540 13748
135898406 122 2690 13751
135945772 137 425 13765
136017230 137 2818 13786
136027844 125 1718 13789
136061178 134 2398 13798
136063941 122 567 13799
136138803 120 1454 13822
136237189 121 2620 13849
136251507 120 1362 13853
136322916 120 304 13875
136338304 124 385 13879
136486344 132 2869 13922
136514744 128 2860 13931
136548667 131 2834 13942
136591572 137 1788 13955
136598122 124 553 13957
136632797 132 2648 13967
136661876 124 1477 13976
136680023 132 1307 13982
136703379 124 2407 13989
136715788 139 957 13992
136744955 138 1994 14000
136775328 121 2011 14009
136816749 138 2968 14022
136827769 137 2614 14025
136859650 129 1932 14035
137101089 136 985 14109
137136019 125 2431 14119
137171162 127 2485 14129
137174183 135 2926 14130
137255632 135 1639 14155
137295096 129 2413 14167
137308784 137 1744 14171
137312174 137 181 14172
137411096 123 2587 14201
137470098 136 2707 14221
137477211 120 1193 14223
137602834 137 2237 14262
137835999 133 483 14333
137846376 132 765 14336
137934608 133 2126 14362
138035610 130 2977 14392
138080341 123 1646 14405
138091778 124 1617 14408
138101861 127 256 14411
138136066 126 713 14421
138139614 130 370 14422
138157451 123 2318 14427
138221557 123 2732 14446
138273416 124 1362 14461
138309106 129 88 14472
138329776 137 142 14478
138340131 134 2155 14481
138441809 121 1640 14514
138447777 131 1904 14516
138458647 129 2261 14519
138508905 132 1273 14533
138531111 122 832 14540
138538389 137 2973 14542
138699551 135 347 14591
138838084 122 14 14632
138860096 129 2159 14639
138869453 134 2978 14642
138920500 130 935 14657
138955123 129 2329 14667
138971477 129 1325 14671
139022072 135 981 14687
139080593 129 133 14705
139161279 126 727 14729
139206350 124 902 14742
139228399 135 384 14749
139255299 129 2482 14758
139362086 139 2373 14789
139365690 129 2062 14790
139503994 121 1720 14833
139550252 135 1340 14847
139571983 138 1153 14854
139578324 120 2975 14856
139590695 122 2948 14860
139670320 127 2023 14884
139747961 128 1611 14908
139762751 129 2313 14913
139829576 127 334 14933
139832623 138 1373 14934
139947277 135 264 14967
140039304 126 211 14994
140075083 130 370 15006
140109969 120 2077 15016
140114146 131 258 15017
140125616 136 763 15021
140190678 129 599 15041
140201807 120 2818 15044
140205959 123 2300 15045
140234950 137 556 15054
140242483 121 1639 15056
140461177 123 2274 15121
140465510 124 2684 15122
140506109 122 598 15135
140621483 122 1077 15171
140710846 124 1138 15198
140772147 126 1469 15217
140815451 124 641 15231
140890569 135 2315 15254
140939166 124 1315 15269
140973083 137 256 15280
141017144 136 2240 15293
141042836 122 1112 15302
141106528 129 484 15321
141145069 127 2436 15333
141238626 137 2151 15361
141246887 134 2671 15364
141424247 134 2384 15416
141462235 124 172 15428
141551900 124 821 15455
141563497 136 2056 15458
141672947 135 1631 15492
141688904 130 786 15497
141753641 137 819 15516
141770628 129 384 15522
141809689 120 2026 15533
141910596 135 455 15563
141944684 130 1401 15573
141989806 138 1076 15586
142062503 121 1784 15607
142070120 136 2854 15610
142174057 126 1949 15641
142176930 129 274 15642
142194954 124 2109 15647
142298676 127 2869 15677
142305245 120 324 15679
142327319 121 1499 15686
142403065 132 1636 15709
142412426 125 2741 15712
142445226 134 1719 15722
142463282 125 1928 15728
142513415 137 123 15743
142529977 135 1451 15748
142556529 123 2981 15756
142657738 123 214 15786
142679906 123 2640 15792
142813936 136 1576 15834
142881881 135 2250 15854
142928969 136 208 15869
142967565 136 1198 15880
142999968 129 798 15890
143043441 134 1374 15902
143119834 121 755 15926
143259833 126 2086 15970
143304074 133 2567 15984
143374490 133 297 16005
143419871 123 1879 16019
143583738 125 1015 16067
143597991 139 380 16071
143639636 135 1092 16083
143661654 132 516 16089
143665186 126 76 16090
143689061 128 360 16097
143708462 133 828 16103
143721241 126 2940 16107
143870808 134 1567 16150
143879206 125 1410 16153
143908563 122 301 16162
143943377 122 2728 16173
143989856 129 1805 16187
144000195 120 1037 16190
144002116 132 2722 16191
144006396 131 799 16192
144106753 132 1544 16223
144110285 128 359 16224
144134133 132 111 16231
144172778 135 1964 16244
144192020 128 110 16249
144226285 133 753 16260
144274923 126 1409 16274
144303824 138 2978 16283
144351945 132 959 16296
144425266 122 2416 16316
144478215 138 2834 16331
144484224 134 136 16333
144513076 128 1011 16341
144575177 126 2524 16359
144621574 123 2080 16372
144730690 129 1919 16406
144790725 135 235 16424
144801603 125 228 16427
144878978 133 1370 16450
144963688 130 549 16475
145102023 123 2338 16516
145350423 128 2745 16591
145352528 120 2257 16592
145370838 130 2390 16597
145433406 129 1081 16616
145445718 138 1380 16620
145449891 125 32 16621
145501494 136 2472 16636
145531118 123 2313 16645
145572257 138 2023 16657
145630102 127 2167 16674
145658268 133 1078 16682
145712844 128 784 16697
145782295 121 777 16717
145790899 121 1324 16720
145798284 134 2437 16723
145804671 124 2302 16725
145945361 128 186 16769
145949306 139 2430 16770
145969476 135 2571 16776
146026102 121 2113 16794
146041879 131 2028 16799
146238776 124 2188 16859
146298737 136 2207 16878
146339949 125 615 16890
146363099 137 772 16898
146414670 124 1789 16913
146545866 133 2105 16952
146763408 124 1518 17016
146864076 126 2511 17045
146894873 123 2611 17054
146964038 120 2377 17075
146987553 120 3 17083
147079838 133 2927 17109
147264541 123 2221 17166
147291317 126 1845 17174
147328082 131 1915 17185
147393596 125 2867 17206
147402914 133 2613 17209
147499220 128 2954 17237
147509303 120 345 17240
147571951 139 602 17260
147613679 132 2191 17272
147770308 133 893 17318
147789579 125 917 17324
147827142 133 2082 17335
148068491 137 1147 17407
148117593 133 1606 17422
148247251 128 1260 17461
148288993 139 2179 17473
148428526 124 421 17514
148446630 133 1267 17519
148449713 123 630 17520
148514927 128 261 17540
148550207 131 1531 17551
148566908 122 1041 17556
148633514 133 718 17576
148660421 125 13 17584
148680907 127 565 17590
148755176 127 287 17613
148802703 130 1592 17627
148886524 122 1391 17652
148948900 136 2755 17671
149017178 130 2217 17689
149038014 129 1284 17695
149104282 120 2770 17714
149113550 129 305 17717
149142590 132 426 17725
149210330 131 1987 17746
149333295 131 2341 17784
149350248 120 479 17790
149357871 124 2121 17792
149455930 133 2364 17821
149473201 132 2256 17827
149492782 131 251 17833
149519910 138 2698 17841
149540447 138 2531 17847
149631360 135 1841 17874
149651488 132 1002 17881
149760298 127 1009 17913
149795658 136 1636 17924
149877102 126 591 17949
149905242 136 2121 17958
150181204 138 1823 18043
150184564 133 2696 18044
150222390 124 2978 18057
150265621 131 88 18070
150357507 122 2974 18098
150441732 132 1434 18123
150545814 131 1282 18154
150576719 135 1270 18163
150626474 131 1198 18177
150637689 120 1769 18180
150669074 135 883 18191
150796494 122 755 18229
150799451 123 1419 18230
150886373 120 1274 18257
151024825 120 670 18299
151159881 132 2368 18338
151209935 122 1283 18352
151216731 132 869 18354
151257282 127 838 18366
151260446 139 1381 18367
151273218 133 1045 18371
151316493 131 527 18384
151338201 123 625 18390
151371208 126 1818 18400
151495622 124 1561 18438
151594513 123 485 18468
151617799 136 633 18475
151648988 135 2930 18484
151691458 125 1069 18496
151723253 131 603 18507
151737150 134 568 18511
151810062 136 2510 18533
151839637 139 1060 18541
151899670 132 2511 18559
151948042 131 1562 18573
152063534 127 2863 18606
152255450 125 650 18664
152262948 137 2635 18666
152306745 137 1395 18679
152387903 123 773 18704
152423074 120 281 18715
152451136 125 2673 18724
152515262 129 1001 18743
152619188 132 1110 18773
152679722 122 2689 18791
152705774 129 1270 18799
152762082 128 2078 18816
152783843 120 2294 18822
152848870 125 1318 18841
152852435 138 985 18842
152872660 138 949 18848
152933982 132 2615 18866
153163948 136 1125 18935
153280607 126 2717 18969
153338786 131 1996 18987
153415917 135 2769 19010
153455344 132 2921 19024
153473763 122 2362 19029
153563313 134 2289 19056
153576678 126 588 19060
153579102 139 1258 19061
153586022 129 138 19063
153597267 120 1837 19066
153628121 123 2016 19075
153716397 125 2266 19101
153766578 137 315 19116
153775091 126 1613 19119
153815342 131 657 19131
153833478 123 2754 19136
153875768 125 809 19148
153910481 135 2386 19157
153944284 127 2118 19168
153993279 121 1603 19182
153999038 127 1422 19184
154015652 134 29 19189
154035221 131 1249 19195
154069574 129 2337 19205
154180639 120 2597 19239
154205138 137 716 19246
154231612 131 932 19254
154245314 120 2007 19258
154284768 121 920 19270
154453628 120 459 19322
154494596 125 2474 19335
154553423 127 1403 19354
154604442 126 2045 19369
154610667 136 910 19371
154627153 126 2767 19376
154674206 120 803 19391
154787223 125 974 19425
154897895 124 2660 19456
154945194 139 1973 19469
154963337 120 2536 19474
155067565 139 1420 19505
155148986 127 2065 19528
155206162 138 363 19546
155227953 125 1733 19552
155244481 134 1364 19557
155319898 123 2781 19578
155324162 132 2344 19579
155366844 136 839 19592
155499140 128 36 19629
155673343 121 2372 19682
155723110 132 1259 19698
155726840 132 2142 19699
155730109 125 2371 19700
155799869 122 2591 19721
155947400 136 1130 19764
156048769 137 1090 19795
156064285 129 1562 19800
156070033 128 1298 19802
156115016 136 461 19815
156116819 125 45 19816
156174198 132 2474 19833
156177060 120 549 19834
156252521 127 2014 19859
156354745 124 2960 19890
156427019 132 2944 19911
156459705 131 2903 19921
156489626 137 2329 19930
156519892 132 74 19940
156525704 120 1106 19942
156617259 124 471 19970
156629683 123 2573 19974
156654644 131 236 19981
156664998 130 1162 19985
156731825 128 1176 20005
156739655 120 2359 20007
156833417 138 2681 20036
156881836 133 264 20050
156888714 123 2760 20052
157001612 138 2297 20087
157028989 123 2832 20095
157055185 123 1722 20102
157110989 123 2804 20119
157121153 125 2994 20122
157124737 133 31 20123
157137949 121 1874 20127
157206647 123 453 20148
157210082 123 783 20149
157234881 124 2479 20156
157270844 127 701 20167
157327987 138 725 20184
157397913 132 2109 20204
157415333 132 1870 20209
157417909 130 1092 20210
157424183 135 421 20212
157525275 135 2335 20242
157540615 134 2283 20247
157566785 131 2662 20255
157604747 125 430 20266
157644868 120 227 20278
157710243 136 1633 20298
157738263 129 1249 20307
157809953 129 891 20327
157883620 136 237 20350
157941386 134 1447 20367
157958911 125 2047 20372
158011537 131 1207 20388
158096381 129 117 20413
158126366 137 2604 20422
158133820 137 430 20424
158199511 139 410 20443
158252280 121 1264 20459
158353819 128 2913 20488
158369795 135 492 20492
158374124 129 2475 20493
158487226 125 1880 20528
158546229 139 818 20546
158567291 137 1208 20552
158593930 136 1642 20560
158631863 125 2226 20572
158659774 122 2868 20580
158711462 137 779 20596
158746061 129 2088 20607
158771586 139 2635 20615
158808019 121 1824 20625
158848747 129 739 20638
158858149 131 1921 20641
159001968 127 471 20685
159113023 130 43 20717
159119445 134 214 20719
159170775 131 209 20734
159186944 133 2832 20739
159254611 130 2896 20761
159261670 132 2478 20763
159378637 125 2088 20798
159447791 121 1243 20819
159451884 134 297 20820
159595095 122 554 20864
159637815 129 1733 20877
159690593 131 71 20892
159693125 129 2316 20893
159905364 139 2622 20955
159990486 134 623 20982
160042212 135 2867 20998
160152003 134 1469 21031
160162996 125 1409 21034
160178913 139 938 21040
160241956 130 292 21059
160244733 123 2581 21060
160352864 128 1370 21092
160395102 131 1058 21105
160523927 124 2991 21145
160574544 125 1639 21160
160660068 125 1934 21186
160752042 137 2495 21215
160776804 123 1443 21223
160782118 126 404 21225
160798874 138 786 21230
160890473 135 2474 21259
160904876 134 1768 21264
160913225 120 1278 21266
160962075 125 2730 21281
161022365 121 1518 21300
161051057 123 1427 21308
161054041 135 1332 21309
161133700 132 432 21333
161163866 124 1983 21341
161210002 122 428 21354
161347867 121 1301 21396
161350267 130 1673 21397
161353384 135 379 21398
161565681 135 706 21464
161569810 120 1177 21465
161632501 120 1623 21484
161787400 130 204 21532
161872325 123 1313 21557
161891209 135 1397 21563
161934017 132 224 21575
161942642 122 2119 21578
162040844 122 120 21607
162059535 128 1598 21613
162092012 126 2116 21623
162144089 122 1482 21638
162236010 129 1657 21665
162267568 139 2264 21674
162320670 125 1694 21691
162333009 139 183 21694
162363905 120 2299 21705
162377781 136 76 21709
162444502 123 473 21728
162560313 135 2028 21763
162605934 128 2178 21777
162704206 128 2658 21806
162722096 128 2036 21811
162768354 121 936 21824
162799251 124 1812 21833
162802107 139 0 21834
162817110 122 2928 21839
162839344 126 1670 21846
162846354 139 572 21848
162900286 127 926 21864
162906951 136 1047 21866
162933936 138 1370 21874
163027833 127 1910 21900
163042603 131 1876 21904
163072887 127 2156 21914
163076127 133 1540 21915
163090039 120 1842 21919
163105156 120 2413 21923
163189599 125 2995 21951
163233269 138 1659 21964
163262307 122 4 21974
163270237 138 2459 21976
163322360 139 632 21992
163413863 139 1810 22021
163516896 138 1443 22052
163547808 138 1676 22061
163608153 132 675 22079
163696651 136 773 22104
163728916 138 1511 22114
163824141 134 2877 22144
163878774 139 1150 22160
164000608 126 1782 22196
164063275 122 2734 22215
164154362 125 113 22242
164180803 134 739 22250
164388480 125 2172 22313
164431950 139 1133 22326
164483730 135 2089 22341
164486558 129 2507 22342
164487976 127 762 22343
164562764 121 665 22365
164621814 126 2297 22383
164655711 131 576 22394
164817535 124 1092 22440
164865237 120 2805 22455
164898514 139 758 22465
164901021 138 2228 22466
164921583 128 2469 22472
165010731 135 2387 22499
165027787 129 1722 22504
165039232 129 1329 22507
165049645 139 2400 22510
165055901 136 86 22512
165118489 135 817 22531
165129012 131 826 22534
165219581 129 1305 22560
165274288 135 1077 22577
165333778 138 1351 22594
165340000 138 1332 22596
165353128 139 2130 22600
165364382 134 2037 22603
165384601 135 1755 22609
165480015 135 2973 22637
165486710 123 1619 22639
165501108 138 681 22643
165505329 127 754 22644
165551858 121 614 22659
165587807 130 2729 22669
165618492 135 2409 22679
165701859 126 2933 22703
165730332 135 74 22711
165775583 131 1356 22725
165782582 123 128 22727
165810590 138 2712 22735
165821449 138 2470 22738
165842653 135 2755 22744
165887593 131 1430 22757
165891834 120 1135 22758
165934305 121 2918 22771
165941358 137 2388 22773
166073817 129 2003 22813
166133773 120 1758 22832
166191332 122 2117 22850
166194614 121 1538 22851
166342953 124 342 22894
166366908 133 169 22901
166465687 135 1246 22931
166569617 138 1102 22961
166610642 124 12 22973
166649128 134 444 22985
166651954 129 2645 22986
166719967 125 1429 23007
166830295 123 1457 23040
167010465 130 1880 23096
167014798 128 219 23097
167133339 130 158 23133
167143534 137 2607 23136
167219276 138 330 23160
167222588 137 939 23161
167345467 121 1422 23196
167379386 122 2371 23206
167404591 139 942 23213
167441315 135 1846 23224
167461524 132 1695 23230
167466671 120 1451 23232
167511389 130 931 23246
167713248 125 1277 23307
167744430 135 2455 23316
167751356 139 1636 23318
167776461 138 309 23326
167838103 125 2696 23345
167845519 123 2688 23347
167862300 121 555 23352
167866560 136 396 23353
167941877 127 1365 23376
168052744 138 1377 23409
168076917 135 1073 23416
168089221 120 1806 23420
168161125 124 790 23441
168175987 135 2075 23446
168179938 120 248 23447
168196391 135 1081 23452
168202728 139 1902 23454
168205484 136 1750 23455
168343868 137 2663 23496
168415294 138 935 23519
168529508 129 1673 23553
168603593 137 1210 23575
168609753 137 2395 23577
168661859 135 2231 23593
168665169 133 2817 23594
168700221 131 2149 23605
168744113 122 2626 23619
168750873 121 1524 23621
168800454 130 1541 23637
168808599 126 708 23640
168860920 134 1313 23657
168878945 134 1551 23662
168925379 130 643 23675
169039427 131 1115 23710
169076153 134 829 23721
169081976 125 2536 23723
169113175 131 2774 23732
169201763 126 2889 23758
169205014 128 2427 23759
169248366 138 883 23772
169286162 122 689 23783
169324276 121 2475 23794
169339336 124 2319 23798
169420180 129 2438 23822
169450808 120 120 23831
169505084 123 1906 23847
169597214 121 2225 23876
169610258 129 2382 23880
169700579 120 156 23908
169716759 124 2415 23913
169736608 121 149 23919
169776989 122 1245 23930
169795006 130 2882 23936
169847516 131 2275 23951
169921524 130 2048 23975
169927053 127 982 23977
169963909 127 2019 23988
169978957 121 2052 23993
170014945 129 1371 24005
170135146 133 1456 24042
170170715 123 2938 24053
170180751 131 2659 24056
170207191 133 1122 24064
170230931 132 1203 24071
170237227 132 81 24073
170250867 139 1616 24077
170311629 128 1771 24095
170315789 126 597 24096
170403782 137 23 24122
170437280 128 1886 24133
170444602 126 1368 24135
170816687 137 2404 24247
170829755 134 2522 24251
170836659 123 1721 24254
170950007 130 1157 24287
170952115 129 2012 24288
170971754 131 714 24294
170985642 125 2728 24298
171051788 138 2694 24318
171125813 127 689 24341
171129531 136 2150 24342
171274437 133 1793 24387
171303126 120 1984 24396
171306883 129 2206 24397
171498193 130 2678 24454
171630832 133 616 24493
171701185 127 2626 24514
171741605 137 2712 24527
171771059 123 1315 24536
171776542 136 428 24538
171841824 138 1867 24559
171857224 126 1326 24564
171898548 121 1183 24575
172019933 139 2596 24610
172052819 126 2222 24620
172058683 137 996 24622
172069921 135 2888 24626
172086107 137 1701 24631
172089356 125 910 24632
172169176 135 639 24656
172222972 133 457 24672
172286645 138 214 24690
172302478 123 7 24695
172417299 126 2664 24728
172420988 139 1012 24729
172495851 137 2842 24752
172517657 135 2322 24758
172524731 131 1088 24760
172574606 128 1031 24776
172588405 121 2779 24780
172702392 129 57 24813
172746757 137 1309 24826
172762487 125 2410 24831
172816659 131 31 24847
172834798 123 880 24852
172935444 136 739 24884
172971431 126 906 24895
172975764 137 1583 24896
173078190 137 1930 24927
173082047 127 1944 24928
173216496 120 2185 24970
173265248 125 2782 24985
173343206 130 870 25009
173414131 125 772 25030
173475563 135 500 25047
173611847 130 2029 25089
173739769 134 2223 25129
173758737 136 619 25134
173804786 124 1859 25149
173858259 124 2220 25166
173968004 122 188 25198
173982236 125 706 25202
174069556 123 2494 25228
174154693 139 495 25253
174196543 134 947 25265
174225260 125 1195 25273
174296915 138 2923 25295
174302290 136 1799 25297
174388485 120 942 25325
174406639 125 2671 25330
174412438 137 1470 25332
174484411 122 432 25354
174532309 136 2827 25369
174555505 125 1453 25375
174581765 127 1588 25384
174660087 138 869 25408
174664063 126 1881 25409
174735912 125 445 25432
174749615 128 851 25436
174774305 133 1234 25443
174833834 135 701 25460
174980742 127 1766 25506
174987852 126 2786 25508
175043198 131 1222 25524
175141868 124 1832 25554
175148450 133 1958 25556
175185626 134 1064 25567
175219843 127 2008 25577
175275588 123 2627 25593
175373382 121 965 25624
175445924 138 693 25646
175481646 122 836 25657
175498438 129 1233 25662
175509437 121 2557 25665
175551147 131 1432 25677
175571472 123 1943 25683
175603314 122 163 25694
175617758 138 2690 25698
175643427 124 1974 25706
175657116 121 2559 25711
175776634 138 1698 25749
175783916 127 2782 25752
175894968 130 1729 25785
175909810 125 2317 25789
175930243 125 1665 25796
176003037 128 2615 25819
176019697 121 20 25824
176070893 130 1567 25839
176101246 125 2857 25848
176109782 131 531 25851
176182891 134 2289 25873
176189617 125 1400 25875
176192471 135 68 25876
176198066 136 1913 25878
176279918 133 2198 25902
176359118 131 681 25928
176421536 129 1722 25946
176452082 134 1954 25955
176456415 134 836 25956
176459072 136 567 25957
176504734 130 440 25971
176523550 132 2900 25976
176654683 130 2981 26016
176737793 136 850 26040
176816384 129 2722 26064
176883843 139 1930 26085
176896219 125 1968 26089
176902358 132 1151 26091
176917028 133 1937 26095
176934636 137 1617 26100
176971524 135 1980 26111
177009242 135 1331 26123
177134992 132 300 26160
177174349 130 1171 26171
177188118 128 2869 26175
177205035 137 50 26180
177274455 127 1600 26201
177309837 137 949 26212
177334713 129 37 26219
177344361 135 1804 26222
177405057 131 2550 26240
177416399 127 2757 26243
177488602 121 156 26264
177534283 132 1906 26278
177537130 138 176 26279
177540586 131 1363 26280
177546586 124 1978 26282
177554074 129 508 26284
177614061 127 1267 26302
177670464 135 2451 26319
177691638 135 1613 26326
177693523 136 216 26327
177744740 127 86 26342
177793578 120 1140 26356
177865853 124 1904 26378
177881684 137 2645 26383
177915168 132 1882 26393
177941421 134 767 26402
177951358 128 2337 26405
177997001 134 1700 26418
178053018 139 1167 26435
178062760 122 784 26438
178100111 129 2879 26449
178126869 131 1779 26458
178193244 128 672 26479
178223256 126 744 26489
178343269 132 1277 26524
178351236 136 1122 26527
178372743 139 1362 26533
178394896 124 2473 26540
178397374 132 2846 26541
178421394 124 415 26548
178470303 129 1666 26562
178480170 126 1447 26565
178516754 123 2572 26576
178545532 128 2233 26585
178561393 131 2048 26589
178633680 131 2085 26611
178646604 131 1773 26615
178703418 125 108 26631
178713766 135 2774 26634
178817298 138 726 26663
178852952 128 1566 26674
178922933 132 286 26695
179019869 120 315 26726
179028881 123 2366 26729
179082280 137 217 26745
179100334 129 2837 26750
179129856 128 1465 26758
179144502 129 1900 26762
179172712 139 2922 26770
179214272 136 935 26783
179331995 128 1153 26819
179353990 121 723 26826
179407489 128 461 26842
179485822 128 990 26866
179508666 121 1755 26873
179615153 134 2577 26907
179652167 137 433 26918
179658645 122 2996 26920
179684163 131 111 26928
179818502 139 2354 26969
180007852 136 1173 27026
180032358 126 1317 27033
180034528 125 726 27034
180111979 123 1996 27056
180213093 137 1026 27085
180277911 133 2361 27105
180362304 131 2871 27133
180402928 121 1965 27144
180541037 134 552 27185
180605135 139 2120 27203
180687487 139 2396 27228
180815700 132 2929 27266
180830358 139 327 27270
180858672 133 927 27279
180885777 131 474 27287
180900718 130 965 27291
180993810 135 2035 27320
181054561 137 2090 27337
181072118 123 2591 27342
181153478 121 354 27366
181164051 130 2556 27370
181251393 127 2404 27396
181261181 125 1989 27399
181359360 123 1641 27430
181364883 130 2145 27432
181404594 122 1871 27444
181429917 138 315 27452
181444595 134 1389 27456
181470990 135 1875 27465
181512660 139 1149 27477
181554992 137 603 27490
181580709 132 2189 27498
181596988 136 930 27503
181702097 125 2656 27534
181766747 126 2995 27554
181812273 124 2699 27569
181839068 134 605 27577
181867443 125 1518 27586
181904255 130 1742 27598
181926239 125 646 27605
181970780 121 1728 27619
182072908 130 2366 27648
182096651 137 167 27655
182135989 123 1251 27667
182165050 134 1317 27676
182254228 135 380 27703
182260994 133 490 27705
182317321 126 745 27722
182350593 139 1528 27732
182374772 131 2552 27740
182393639 124 1881 27745
182421206 130 2121 27753
182425094 130 2085 27754
182450984 125 822 27761
182455028 123 45 27762
182494610 124 548 27774
182516666 135 1443 27780
182530867 131 2330 27784
182538176 134 1596 27787
182570625 132 755 27797
182577606 139 1427 27799
182628585 135 1042 27813
182725721 126 1608 27843
182732791 122 2826 27845
182742456 132 2240 27848
182758926 132 314 27853
182769661 123 2907 27856
182784493 137 813 27861
182825864 125 1213 27873
183125079 120 2496 27962
183168962 132 1630 27976
183238536 136 2545 27999
183275590 135 576 28010
183349984 129 90 28033
183394895 122 8 28047
183501901 139 2777 28079
183567203 129 1783 28098
183592898 138 125 28107
183632029 131 2734 28119
183900100 138 409 28201
183937017 128 1442 28212
183985255 120 1267 28226
183993921 137 1353 28228
184005584 138 531 28231
184072012 128 2794 28252
184137083 135 882 28272
184224014 128 1046 28298
184248744 137 537 28305
184294957 138 2459 28319
184345516 127 173 28335
184370887 139 2683 28343
184425183 125 1456 28360
184431201 134 226 28362
184483730 120 1353 28378
184546183 134 530 28397
184605668 121 765 28415
184677500 126 1964 28437
184696435 124 598 28443
184716610 121 641 28449
184826444 126 2014 28484
184861124 126 1106 28495
184880323 123 681 28501
184920430 130 767 28513
184934129 128 2595 28517
184951361 120 1423 28522
184971200 137 1611 28528
184990394 135 1249 28534
185210556 139 190 28601
185222672 130 2372 28605
185225698 136 987 28606
185263826 121 1776 28617
185278138 120 1245 28622
185314570 135 1155 28633
185322855 129 2620 28635
185409014 127 2659 28659
185434456 128 560 28667
185493122 125 806 28684
185521839 120 1532 28694
185551549 137 70 28704
185623090 129 2337 28725
185700922 135 2858 28748
185791051 133 1336 28775
185799643 127 972 28778
185805504 138 623 28780
185812502 139 78 28782
185853465 135 1987 28795
185928864 135 1319 28817
185962587 124 884 28827
186090090 124 1185 28867
186169114 128 2816 28892
186218341 137 1764 28907
186268898 127 1970 28923
186278655 128 2481 28926
186317544 120 1849 28938
186548375 135 470 29009
186562160 135 783 29013
186593245 126 807 29022
186596389 132 1657 29023
186640579 128 2406 29037
186657370 131 1713 29042
186678167 131 1622 29048
186745307 129 200 29068
186779233 134 1853 29078
186802604 121 834 29085
186825918 123 423 29091
186829209 135 2969 29092
186864332 122 2823 29102
186870516 138 1848 29104
186986642 129 2936 29137
187073418 129 1979 29163
187114540 136 2936 29176
187218024 123 2349 29207
187226459 136 562 29209
187230353 122 1669 29210
187233728 134 977 29211
187328830 128 790 29238
187401734 128 2000 29261
187449370 134 578 29274
187491975 131 657 29286
187591011 129 2996 29316
187600894 125 2624 29320
187652534 122 956 29337
187683241 137 1703 29346
187750056 138 442 29366
187791784 130 2501 29378
187801001 136 2402 29381
187879653 131 396 29404
187889145 130 1654 29407
187905441 134 1783 29412
187912479 135 2952 29414
187929329 126 2305 29420
187942564 125 2893 29424
187970239 137 1124 29432
188058694 125 412 29458
188118794 133 1221 29476
188130339 134 1503 29480
188155156 128 2966 29488
188185620 137 2286 29497
188214264 120 1047 29505
188293164 136 1938 29528
188313726 129 964 29534
188348909 132 2483 29543
188365141 130 2537 29547
188439397 136 2788 29569
188496783 131 1274 29586
188501116 120 2435 29587
188536349 136 2680 29599
188647942 139 911 29634
188807938 127 1133 29682
188860554 124 2511 29698
188869982 138 2907 29701
188924345 127 1021 29717
189037231 120 2872 29751
189061067 130 194 29758
189067466 123 1085 29760
189100126 133 1190 29770
189135695 137 1184 29780
189279698 139 2917 29825
189283807 123 1098 29826
189305255 134 1724 29832
189347105 137 654 29844
189354504 138 668 29846
189483290 133 562 29884
189548976 121 2479 29904
189572478 138 532 29912
189660415 133 1258 29938
189673191 138 665 29942
189710037 123 782 29954
