66908 191 1178 4
229853 188 2117 16
273046 188 1193 19
301134 185 1141 21
396240 180 301 28
857235 185 1557 62
1143782 193 599 83
1195718 185 1493 87
1977536 193 1738 147
2036282 181 2506 152
2325509 188 2895 174
2350551 181 2548 176
2639826 182 2209 197
2832251 180 1891 211
2846723 191 2355 212
2908495 183 1430 217
2968751 184 1926 221
3073907 185 952 229
3100966 184 1933 231
3152356 188 230 235
3325174 192 1857 248
3524278 183 2080 264
3824513 198 2931 287
4245745 192 2199 319
4825512 190 2011 365
5016230 194 2075 381
5149919 198 2517 391
5335700 185 2038 405
5526563 186 1005 420
5581709 183 117 424
5729514 199 33 435
5782542 192 2416 439
6034356 192 817 460
6245768 189 2644 477
6473540 196 206 494
6562907 186 2764 500
7344042 196 1934 558
7650900 197 260 581
8138828 189 2410 618
8469488 188 2830 642
8520409 196 898 646
8604338 188 1927 652
9080193 190 570 688
9510186 181 1649 721
9688722 190 89 735
9803203 193 1796 744
10054421 199 1898 763
10426785 188 1981 791
11405180 190 2543 866
11458551 191 1331 870
11851144 183 1867 898
11888341 187 2149 901
11977679 190 2373 908
12215119 182 251 927
12509723 183 1959 949
12986402 189 1128 986
13429864 190 2919 1020
13457905 197 957 1022
13488651 181 594 1024
14166087 194 2383 1073
14225638 194 1707 1078
14463774 199 2952 1097
14736043 181 2053 1117
14792937 180 1423 1122
14921149 189 1159 1131
15399365 192 702 1166
15716401 189 147 1190
15769457 199 684 1194
15797029 184 1952 1196
15901529 188 2362 1204
15965463 196 1604 1209
16240759 189 611 1230
16374980 191 2280 1240
16994583 189 365 1287
17116468 185 2108 1297
17450682 197 2403 1321
17495936 196 1223 1324
17630822 198 1012 1334
17767846 196 1801 1345
18152092 187 1325 1374
18275210 180 1207 1383
18347507 182 1403 1389
18437267 199 1610 1396
18634008 194 291 1410
18714388 189 2849 1416
18728669 185 2761 1417
19295382 189 1798 1460
19343324 186 1974 1464
19563171 195 1410 1481
19699615 188 1148 1491
19744936 191 1810 1494
19865610 197 1535 1503
20303865 195 849 1535
20711800 183 1125 1565
20896538 187 2306 1579
20908211 196 243 1580
21289458 187 2869 1608
21311841 188 789 1610
22260811 190 1867 1681
22625909 193 1186 1709
22638102 195 394 1710
22963751 180 1207 1734
23213035 187 2226 1753
23275846 181 494 1758
23432697 183 259 1770
23484241 183 744 1774
23522959 197 2408 1777
23598138 185 597 1783
23682669 187 1379 1789
23795997 190 2752 1797
24165481 195 151 1824
24278727 184 2108 1832
24352833 188 1425 1838
24406197 185 2322 1842
24477715 181 1990 1847
24770416 199 2303 1869
24783338 180 626 1870
24950676 194 165 1882
25045419 192 2099 1889
25080115 187 190 1892
25184783 196 2347 1900
25706671 186 1954 1939
26008577 199 2244 1961
26113778 185 1825 1969
26152482 186 2875 1972
26907565 196 2743 2030
26992749 192 46 2036
27027010 197 218 2039
27071927 181 292 2042
27231805 183 427 2054
27391069 185 2059 2065
27416973 187 2898 2067
27498868 180 527 2073
27678107 193 1478 2086
27785409 197 1743 2094
27915982 193 2143 2104
27930638 183 152 2105
27942126 198 2241 2106
28195470 198 1637 2125
28352913 191 154 2137
28446456 193 1802 2144
28780139 187 240 2169
29040036 189 494 2189
29104835 189 2881 2194
30814757 181 2838 2322
31234662 191 2827 2353
31362920 182 1629 2362
31746134 194 1347 2390
31977116 185 2650 2408
32016023 183 1694 2411
32056801 195 1707 2414
32247037 199 1817 2428
32387380 186 444 2439
32492284 180 2803 2447
32549187 197 409 2451
32735343 191 1178 2465
32848118 196 1678 2474
33101465 180 170 2493
33365052 183 951 2512
33703418 183 1771 2538
33716761 183 689 2539
34542048 182 2370 2600
34912952 188 1795 2628
34983395 192 1142 2634
35151287 189 771 2646
35324547 193 1860 2658
35593764 195 1489 2679
35604207 191 2428 2680
35614417 186 1698 2681
35687044 180 1853 2686
35714704 198 209 2688
35796232 194 663 2694
35820490 187 1684 2696
36106182 182 1691 2717
36321655 187 1392 2734
36349312 190 1098 2736
36607518 191 767 2755
36864314 191 295 2774
37198532 199 2783 2799
37370732 196 2241 2812
37420096 186 659 2816
37594608 186 1062 2829
37609404 181 89 2830
38136702 193 1487 2870
38640519 182 399 2907
38679146 191 1844 2910
38922816 187 1144 2928
39578664 183 1201 2976
39607552 180 2180 2978
39733777 197 409 2987
39838326 196 2779 2995
39909450 197 2119 3000
39950048 199 2406 3003
40071874 185 921 3012
40101010 197 1423 3014
40227401 197 2961 3023
40468596 188 870 3041
40638408 198 498 3054
40682856 193 58 3058
40710967 180 369 3060
41030532 199 250 3084
41403398 197 394 3111
41467861 184 1484 3116
41484037 197 2470 3117
42417928 190 859 3186
42487421 184 2607 3191
42580652 186 42 3198
43189516 196 1559 3244
43565968 180 781 3270
43581167 190 2879 3271
43901734 181 2853 3294
44047474 189 1926 3305
44139771 188 1218 3312
44259514 185 1738 3321
45029241 180 645 3376
45694881 191 246 3426
45723254 186 2729 3428
45831547 196 531 3436
46250152 195 453 3469
46395772 187 2332 3480
46408840 191 1551 3481
46475596 180 2148 3486
46663858 192 1210 3500
46702281 180 1353 3503
46833852 188 2119 3512
47237753 193 1791 3542
47541458 188 1714 3565
47669351 181 160 3575
47736712 199 1796 3580
48082900 182 1610 3606
48483604 189 2243 3635
48866261 199 1235 3664
48941474 193 1560 3670
49215592 184 671 3690
49427398 192 513 3706
49449652 182 1915 3708
49587200 180 1808 3719
49700374 180 1525 3727
49868906 195 2407 3740
50007196 198 1278 3751
50082563 181 1592 3757
50462084 185 2734 3786
50568279 192 1467 3794
50688013 184 1673 3803
51008222 183 1467 3827
51462532 186 2223 3862
51897331 191 1027 3895
52036648 188 132 3905
52079929 189 1372 3908
52104411 194 1380 3910
52128348 185 2247 3912
52798692 183 494 3962
52809796 197 847 3963
53243780 192 400 3994
53419654 197 2888 4007
53685546 190 2061 4027
53727447 188 237 4030
54013620 180 1711 4052
54330761 180 55 4075
54830911 191 1226 4113
55219913 183 2055 4142
55616054 184 1495 4171
55709899 180 2634 4178
55834389 187 1604 4187
55880387 183 2531 4190
55948680 181 649 4195
56199642 183 2496 4214
56418274 188 851 4230
56460117 196 990 4233
56869866 186 1786 4263
57296539 187 874 4294
57406945 189 34 4302
57739289 192 1246 4326
57807674 194 249 4331
57935977 191 2288 4340
58683711 195 1243 4396
58737163 193 1325 4400
58878915 187 1117 4410
59201411 197 2143 4433
59268197 185 1366 4438
59488791 185 888 4454
59696159 199 2090 4469
60071460 183 109 4498
60443997 193 1199 4526
60816842 190 502 4554
60869804 184 1082 4558
61106748 189 1944 4575
61853880 189 276 4631
61943174 186 2569 4638
62230137 182 793 4660
62354518 182 566 4669
62948746 191 639 4713
63030900 184 909 4720
63334816 191 801 4743
63537457 192 584 4759
63566310 180 2926 4761
63703893 180 2101 4772
63832593 180 2503 4782
63872628 181 376 4785
63958197 183 278 4791
64124078 198 2529 4803
64475522 193 2757 4830
64542938 187 2861 4835
64799147 184 105 4854
65187335 194 1073 4883
65350546 192 264 4895
65392143 189 1029 4898
65481950 188 1283 4905
65494548 197 1831 4906
65590847 191 2876 4913
65696195 181 951 4921
65771976 193 584 4927
65930416 193 2337 4939
66074538 198 2121 4950
66617700 181 1572 4990
66853224 191 2351 5008
66995564 190 1032 5018
67330442 186 588 5042
67977842 192 2710 5090
68048011 198 2755 5095
68235621 199 1174 5109
69114962 198 665 5175
69548904 195 1760 5207
69699432 187 40 5218
69961170 183 1712 5236
70385059 187 296 5268
70453783 184 35 5273
70753106 190 1582 5295
70793134 189 406 5298
71177789 189 2265 5327
71477713 191 2751 5349
71636679 192 953 5361
71736867 181 1229 5369
71779065 187 2906 5372
72174847 198 425 5401
72397060 192 562 5418
72447325 196 2972 5422
72798362 193 597 5448
72968791 187 889 5460
73021249 195 429 5464
73201328 186 1439 5477
73213847 198 2040 5478
73313511 189 2689 5486
73591233 189 2841 5507
73672095 182 2975 5513
73682095 193 155 5514
73911770 182 251 5532
74570461 185 1317 5581
74633336 192 72 5586
74701955 180 2256 5591
74890316 187 1052 5605
75981857 196 2870 5687
76092680 185 2452 5695
76155762 184 2136 5699
76378664 180 1480 5715
76430507 189 2695 5719
76772087 180 2978 5744
76827940 184 472 5748
76937023 196 663 5756
77187919 197 1423 5775
77199298 180 2197 5776
77270606 189 2459 5781
77594701 196 2002 5805
77704962 183 2435 5814
77996302 185 2811 5835
78353476 194 1422 5862
78519619 195 1947 5875
78850986 188 2978 5900
78995924 197 1428 5911
79076379 185 2512 5917
79155854 184 2383 5923
79197107 183 1017 5926
79293391 198 2569 5933
79751293 189 1250 5967
79774705 187 712 5969
80130130 190 1663 5995
80370056 181 524 6013
80536988 184 2306 6025
81076276 189 442 6067
81116585 186 258 6070
81183374 182 2620 6075
81269766 197 2829 6082
82495011 192 2605 6175
82666409 197 926 6188
82817496 199 1462 6199
83014102 191 2315 6214
83028356 191 425 6215
83221113 181 749 6230
83258058 184 577 6233
83803248 190 2265 6274
84092820 186 2898 6296
84148087 182 88 6300
84164753 195 2893 6301
84272927 186 1990 6309
84285487 194 949 6310
84324813 192 2145 6313
84336258 180 424 6314
84441108 188 234 6322
84880363 194 2312 6355
85578289 185 1159 6406
85615590 192 1807 6409
86143541 196 405 6448
86443007 195 2465 6470
86947190 198 1175 6508
87178724 191 2461 6526
87300038 199 2455 6535
87389618 182 1160 6542
87412234 185 430 6544
87678905 196 1834 6563
88043262 182 28 6591
88161855 181 514 6600
88173955 180 1298 6601
88187369 181 1241 6602
88424530 195 1839 6620
88437477 190 2312 6621
88559778 184 1040 6631
88756382 195 1129 6646
88878798 181 1179 6655
89849603 199 1944 6728
90050188 196 1738 6743
90063978 195 1271 6744
90216096 193 1454 6755
90505044 183 923 6777
90609572 190 218 6785
90737539 186 194 6794
90901392 197 2900 6806
91089789 180 1915 6820
91292699 194 154 6835
91853121 191 722 6876
92103738 190 102 6896
92330178 190 1817 6913
92553205 188 676 6929
92730806 191 1130 6942
92878554 198 100 6954
93036638 194 2520 6966
93359564 185 2396 6991
93415151 181 2703 6995
93493551 186 72 7001
93846641 197 1906 7027
93872403 189 1684 7029
94231213 192 2236 7055
94247268 199 526 7056
94345851 196 929 7063
94390242 197 2569 7066
94588775 193 607 7081
94618264 195 2348 7083
95217572 181 1293 7128
95387440 189 1868 7141
95398913 198 1204 7142
97038890 184 682 7264
97178890 192 538 7275
97505993 189 1994 7301
97584128 194 443 7307
97636719 194 1107 7311
97686500 191 155 7315
97834000 190 2377 7326
98033225 197 1963 7341
98687436 181 1943 7392
98711595 192 1350 7394
99154344 198 875 7426
99248109 185 2559 7433
99289227 180 189 7436
99316851 187 1663 7438
99458351 184 1227 7449
99509983 181 2551 7453
99539077 190 2406 7455
99652978 180 2100 7464
99793376 185 865 7474
100672194 190 2614 7540
100686591 192 2874 7541
100708455 191 796 7543
100936964 196 1619 7560
100961921 187 1007 7562
101040007 181 2631 7568
101053368 190 1603 7569
101063368 182 448 7570
101162988 182 266 7578
101218600 181 1402 7582
101231206 199 558 7583
101445717 195 309 7598
101484045 195 633 7601
101522568 186 2917 7604
101591151 189 2859 7609
101656717 189 417 7614
101744788 196 1769 7621
101817155 182 1646 7626
101986960 196 168 7638
102269131 192 1714 7659
102463571 198 1650 7675
102490615 186 2135 7677
102551257 190 1217 7681
102606207 199 673 7685
102647017 197 2279 7688
102817320 190 725 7701
102908591 191 172 7708
103035209 183 2180 7717
103202789 188 537 7729
103230798 186 2422 7731
103285661 181 2127 7735
103581522 188 374 7757
103634002 188 2762 7761
104133213 193 2593 7798
104145822 183 675 7799
104226856 197 1090 7805
104267918 188 2354 7808
105046316 183 88 7868
105419218 184 80 7898
105736998 189 397 7921
105871047 181 2688 7931
106364197 188 1800 7968
106652617 189 1970 7989
106667933 185 1065 7990
106913579 187 415 8008
107051683 189 1835 8018
107186796 186 2009 8029
107324863 196 671 8039
107387674 189 562 8044
108216650 190 1396 8106
108279081 198 583 8111
108318946 184 156 8114
108457397 197 243 8125
108836044 186 1423 8154
108994891 187 2512 8166
109051721 195 693 8171
109132919 196 825 8177
109758118 186 549 8224
109769380 182 528 8225
110114190 194 504 8251
110240023 192 712 8260
110570436 184 2147 8284
110609519 189 2539 8287
110661530 194 2511 8291
110724731 192 560 8295
110909691 194 1414 8309
111207987 186 1890 8333
111357309 192 262 8345
111440118 181 744 8351
111552795 195 2672 8359
111631925 192 224 8365
111770848 185 832 8376
111839862 188 335 8381
111850498 184 2897 8382
111960063 193 1109 8390
111976691 181 2632 8391
112044530 192 2518 8396
112057988 186 919 8397
112614363 192 2776 8439
112630558 197 1707 8440
112678539 194 500 8444
112935316 186 2199 8463
113284419 182 484 8490
113602271 181 1148 8515
114177437 193 1632 8560
114448723 184 1387 8581
114607864 185 1063 8592
114657950 191 1912 8596
114756356 199 2602 8604
114827487 188 1343 8609
115360135 198 2631 8649
115420232 187 172 8653
115476701 192 2776 8657
115530519 184 1374 8661
116165371 194 1119 8708
116834825 180 2315 8757
117412965 197 2141 8800
117822156 189 1829 8830
117992071 183 1585 8843
118272762 195 870 8864
118370172 191 1512 8872
118634962 194 1348 8892
118717475 198 233 8898
118733445 197 337 8899
118876248 188 1622 8910
119059488 199 2054 8923
119212669 192 388 8934
119236616 181 2371 8936
119321659 198 577 8942
119544442 195 728 8959
119664762 190 2693 8968
120123127 184 1901 9003
120272694 191 1834 9049
120355695 189 1679 9073
120378323 186 1108 9080
120385530 188 232 9082
120421101 190 2520 9093
120440863 191 688 9099
120462765 191 289 9105
120536926 191 1543 9126
120707336 181 2284 9176
120770235 199 2416 9194
120816752 189 77 9208
120830024 196 428 9212
120870113 199 1532 9225
120880576 180 265 9228
120937263 194 1300 9245
120968444 193 614 9254
121025932 192 2229 9271
121029158 180 2237 9272
121085790 185 376 9287
121190989 191 1142 9318
121266841 196 2068 9341
121284676 184 1910 9347
121307576 194 1919 9354
121334553 193 2833 9361
121378336 183 2458 9374
121494888 191 2150 9410
121565204 182 876 9431
121611487 194 2063 9445
121656909 189 2611 9458
121752504 198 339 9487
121783353 180 2479 9496
121915197 180 532 9534
122003191 180 1923 9561
122062577 199 315 9579
122095882 185 2702 9588
122106645 192 2426 9591
122147759 182 1902 9603
122167561 180 1116 9609
122227228 195 2109 9627
122241858 192 310 9631
122249032 195 476 9633
122270866 185 930 9639
122346995 183 508 9662
122356790 188 340 9665
122383536 194 2799 9673
122389786 194 1513 9675
122397804 191 1673 9678
122441971 190 553 9692
122510164 181 1897 9712
122513586 198 1753 9713
122527946 180 1889 9718
122544123 185 1703 9723
122580385 187 2385 9735
122594004 192 2244 9739
122686198 196 1764 9765
122847463 198 2880 9813
122859469 182 2299 9817
122884315 198 1392 9824
122902685 182 2072 9829
122950114 180 2678 9843
122970065 188 178 9849
123001781 193 2207 9858
123060590 193 1464 9876
123140198 194 2646 9901
123149960 196 556 9904
123242899 183 2790 9933
123252549 185 139 9936
123329238 196 1549 9958
123626093 197 2481 10049
123792181 195 88 10101
123829966 196 1472 10112
123848832 199 1678 10118
123856133 185 28 10120
123959686 192 2529 10150
123967176 183 2776 10152
123988610 192 2987 10159
123992136 188 2192 10160
124022300 180 1381 10169
124029581 181 1621 10171
124035122 181 2245 10173
124054763 186 1066 10179
124070062 182 637 10184
124080975 186 1557 10187
124104480 185 2041 10195
124114894 180 453 10198
124118782 190 2441 10199
124131217 182 2870 10203
124135267 191 815 10204
124176141 196 1071 10217
124189995 197 2200 10221
124218923 194 1042 10229
124280584 186 2237 10247
124327042 194 1151 10261
124352274 187 570 10268
124464981 180 2727 10302
124530555 196 720 10321
124541823 194 1392 10324
124553980 188 1569 10328
124565738 182 1899 10332
124640264 183 2147 10355
124655805 194 1498 10360
124672247 195 1592 10365
124679392 199 176 10367
124754051 181 136 10390
124768033 184 2817 10394
124786546 197 1275 10400
124795024 198 2894 10403
124866310 182 616 10424
124930186 192 2396 10442
124957300 198 2410 10450
124968964 184 2415 10453
124981788 187 2729 10457
125063420 192 1989 10482
125076237 183 2680 10486
125150422 180 1294 10508
125163901 199 2145 10513
125185697 198 1755 10519
125260683 190 880 10541
125274599 183 1344 10545
125319613 190 1272 10558
125323583 182 2913 10559
125347703 196 2993 10566
125417191 186 2106 10588
125516779 189 2556 10615
125520875 184 1029 10616
125527719 195 358 10618
125537826 191 2931 10621
125544638 191 1639 10623
125578857 183 600 10633
125585583 185 1600 10635
125664629 182 1866 10660
125694361 183 1846 10670
125703941 188 2396 10673
125743498 194 879 10685
125796791 190 808 10700
125821968 186 1170 10708
125940455 197 2204 10744
125950762 187 1810 10747
125966270 186 500 10752
126006259 181 914 10764
126014925 191 1285 10766
126031298 187 2144 10771
126092345 184 1854 10790
126105213 182 220 10795
126152788 183 1932 10810
126283029 195 1340 10850
126356347 184 530 10872
126413766 186 803 10889
126530613 190 1132 10925
126653471 191 2623 10962
126662487 188 562 10965
126707317 192 510 10979
126718208 183 1834 10982
126766385 180 315 10997
126781176 188 660 11001
126823802 192 2518 11014
126874998 185 110 11029
126882266 182 1865 11032
126903782 181 169 11038
127129957 188 1957 11106
127140188 198 1265 11109
127188562 186 1971 11123
127303492 182 182 11160
127355062 188 1071 11175
127387063 186 2530 11185
127419801 184 2842 11195
127432183 183 742 11199
127507872 186 1414 11221
127549490 186 1402 11233
127579613 182 174 11242
127591638 194 1346 11246
127614679 195 1445 11252
127661227 180 1920 11266
127675669 183 2817 11270
127753403 198 1770 11295
127773205 180 1809 11301
127961425 189 1307 11355
127974651 195 1143 11359
128176407 196 2085 11420
128183336 181 1630 11422
128336703 199 1926 11465
128343944 188 2498 11467
128417481 195 738 11489
128477656 193 1003 11506
128558252 186 2676 11530
128672394 183 75 11566
128712119 186 2333 11578
128729070 191 2693 11583
128737949 182 1979 11586
128761732 199 225 11594
129044549 194 1659 11680
129075087 182 881 11691
129104523 186 1313 11701
129155009 189 2139 11716
129165300 186 1019 11719
129176001 195 1151 11722
129216456 192 2890 11734
129223128 199 2476 11736
129254327 195 676 11745
129516919 194 751 11824
129548565 181 1566 11834
129724005 184 863 11886
129733407 190 2984 11889
129743593 196 104 11892
129847002 191 1871 11923
129901582 181 592 11940
129965222 185 2830 11959
130014417 187 1182 11973
130162372 195 2757 12017
130271650 186 2200 12049
130322001 184 2024 12064
130407669 197 2666 12090
130424536 189 2551 12095
130457140 187 153 12105
130507930 196 124 12120
130578114 194 2865 12141
130666545 198 30 12167
130781249 189 252 12200
130789640 181 2004 12203
130795534 191 2816 12205
130831354 197 1168 12215
130912935 189 1420 12240
130920664 197 2538 12243
130968447 183 144 12258
130973515 199 2170 12260
131140322 192 2783 12311
131235729 188 1141 12340
131267711 193 2051 12350
131311988 194 2275 12363
131325251 196 499 12368
131327642 194 1356 12369
131331300 199 2291 12370
131425167 180 2636 12399
131526870 184 2855 12431
131529847 186 2425 12432
131554571 186 1620 12439
131650310 196 1543 12467
131660724 192 2155 12470
131748491 189 2849 12495
131879337 192 299 12534
131908545 199 2252 12543
131944402 182 407 12554
131991690 183 2284 12568
132055436 181 1792 12588
132089376 197 2728 12598
132093393 181 440 12599
132145704 198 2314 12614
132164168 181 1877 12619
132176361 184 329 12623
132193192 183 324 12628
132264993 182 65 12648
132302889 182 1724 12660
132356089 192 1556 12676
132369351 187 1560 12680
132394477 186 619 12688
132436919 191 1732 12702
132456063 183 2452 12708
132481349 184 334 12716
132487504 193 2785 12718
132499293 197 1247 12722
132618048 192 1187 12759
132660812 193 1482 12773
132672795 185 872 12777
132688351 191 659 12782
132697017 191 1103 12784
132705003 183 1568 12787
132798574 194 2770 12814
132811035 186 2834 12818
132814519 181 21 12819
132855229 186 1986 12832
132890697 199 416 12842
132902684 184 2905 12846
132910175 183 2038 12848
132933332 184 532 12855
132989558 190 2581 12872
133024085 190 1691 12883
133041585 198 186 12888
133053122 187 2554 12891
133080265 185 958 12899
133087988 182 2788 12901
133104733 199 2467 12906
133143855 194 2240 12918
133233069 188 1480 12945
133305865 197 1427 12968
133336479 181 1307 12978
133340294 181 1956 12979
133393611 187 426 12996
133451947 187 588 13014
133514091 190 2099 13034
133656068 188 578 13076
133680865 184 1391 13084
133691093 198 2666 13087
133725939 183 2756 13096
133806343 185 2852 13119
133816278 192 1313 13122
133837014 184 1635 13128
133857039 188 2425 13134
133916861 180 1059 13152
133928016 184 2843 13155
133957657 181 2077 13164
134036973 193 301 13187
134072571 196 2159 13198
134079034 181 2375 13200
134103846 181 944 13208
134197558 191 664 13237
134200996 186 384 13238
134267772 188 2543 13258
134283536 180 2282 13262
134351893 181 184 13281
134365698 181 2211 13285
134431390 180 1041 13305
134453238 185 2879 13311
134547055 197 1488 13338
134595725 186 1220 13354
134769124 181 35 13406
134780330 182 1439 13410
134788060 181 1973 13413
134841694 184 2287 13430
134865877 181 2922 13437
134981473 184 2466 13471
134993554 181 1309 13474
135000521 192 755 13476
135017281 184 206 13481
135041831 197 1298 13488
135104848 185 2904 13507
135196619 188 1862 13538
135267612 182 1566 13559
135284467 193 2791 13564
135310592 180 1037 13572
135323083 199 1166 13576
135452618 181 1167 13616
135457246 197 349 13618
135463232 197 1190 13620
135471568 186 2389 13623
135496311 186 1752 13630
135562189 198 861 13650
135679842 184 1671 13684
135694370 181 2489 13688
135727834 189 1680 13700
135731907 197 1015 13701
135811579 185 2075 13724
135855680 196 2290 13738
135969327 186 2439 13772
135972485 193 2145 13773
136113335 187 786 13814
136118971 197 115 13816
136172918 193 43 13831
136188000 194 677 13835
136301927 188 2322 13869
136318646 193 2972 13874
136335388 193 1442 13878
136469991 193 159 13917
136489965 187 1937 13923
136496454 198 1051 13925
136508431 185 1123 13929
136527714 180 110 13935
136642169 194 2307 13970
136697029 182 2932 13987
136764663 188 1654 14006
136790131 184 1528 14014
136887619 189 390 14042
136890954 192 652 14043
136896996 194 787 14045
136901647 194 1346 14047
136921027 192 1588 14053
136975621 193 901 14071
137002372 196 1333 14079
137005733 190 451 14080
137070586 186 1778 14099
137122588 182 1556 14115
137153870 195 1275 14124
137205321 184 1403 14140
137223405 198 2523 14145
137226635 198 1361 14146
137343404 195 2143 14181
137347635 188 1861 14182
137545282 199 596 14244
137610039 198 373 14264
137629854 189 2379 14271
137655863 190 316 14279
137687182 186 1550 14288
137773876 186 238 14314
137895156 193 2308 14350
137905030 182 1101 14353
137939753 198 2037 14364
137968382 187 1716 14372
137999785 191 2803 14381
138007172 194 1505 14383
138049657 189 458 14396
138070913 197 2474 14402
138073876 192 1902 14403
138098462 190 247 14410
138179215 190 786 14433
138224423 191 331 14447
138238109 183 2090 14451
138359113 198 2012 14487
138409811 181 2346 14503
138470743 196 2202 14522
138474541 185 327 14523
138493291 195 190 14529
138517541 180 247 14536
138598356 193 216 14560
138631746 180 2339 14570
138664037 185 440 14580
138804174 182 2872 14622
138811024 194 946 14624
138883980 198 185 14646
138963464 183 582 14669
138981336 180 1184 14674
139027348 184 2754 14689
139037435 180 1845 14692
139196069 187 599 14739
139217630 185 1592 14745
139246286 190 714 14755
139304605 199 480 14772
139327131 198 1596 14778
139329962 197 2416 14779
139374078 187 2095 14793
139404569 181 1114 14802
139463867 180 1061 14820
139466864 192 1880 14821
139534987 192 2177 14843
139623597 199 918 14870
139689311 186 953 14890
139729899 193 1797 14902
139789511 184 432 14922
139844486 184 2020 14937
139889125 192 2170 14950
140029255 182 760 14991
140033545 192 1237 14992
140070750 197 1398 15005
140122830 187 742 15020
140133086 194 1265 15023
140171685 185 1962 15035
140181264 197 967 15038
140197655 194 1729 15043
140221452 187 2186 15049
140292509 196 34 15071
140428624 197 2389 15112
140451292 184 1668 15118
140482166 196 1795 15127
140515575 189 2796 15138
140524253 191 985 15141
140534989 187 2572 15144
140543116 186 2671 15147
140545549 181 991 15148
140608064 199 774 15167
140637496 195 1724 15176
140664378 184 535 15184
140690382 183 2998 15192
140694715 189 2311 15193
140761791 180 2352 15214
140765499 196 1444 15215
140845608 197 1454 15240
140863718 186 1475 15246
140887483 185 1876 15253
140905216 184 2150 15258
140977416 199 524 15281
140987550 190 2337 15284
141005141 188 1548 15289
141074038 183 2300 15312
141102746 198 1636 15320
141221458 188 2928 15356
141283888 185 1806 15375
141342897 195 2419 15392
141532578 196 1038 15449
141637318 187 912 15481
141698679 182 985 15500
141740228 182 1397 15512
141766480 187 2368 15521
141776892 188 1414 15524
141798004 186 168 15530
141817129 199 2378 15535
141820221 192 2364 15536
141901293 194 1924 15560
141975057 186 1668 15582
142040424 196 1601 15600
142053056 184 209 15604
142059047 196 1445 15606
142110099 198 2413 15622
142113798 190 963 15623
142246715 194 291 15663
142291430 183 122 15675
142351136 196 147 15693
142392867 188 1549 15706
142396272 193 762 15707
142422953 189 1121 15715
142520567 180 2790 15745
142604662 196 2543 15770
142625149 182 89 15777
142696698 181 2345 15798
142820778 181 459 15836
142886284 198 2419 15856
142893660 187 1584 15858
143002845 189 1156 15891
143022295 199 695 15896
143098861 198 1811 15919
143134973 199 2121 15930
143266203 188 286 15972
143580313 191 789 16066
143614325 197 1453 16076
143617092 186 1452 16077
143652080 191 1298 16086
143677611 182 2653 16094
143685341 181 1585 16096
143793315 195 64 16127
143827945 197 47 16137
143850243 198 618 16144
143977196 185 1871 16183
144014509 183 1963 16195
144059956 193 1220 16209
144096843 187 2108 16220
144126679 198 2540 16229
144155623 198 2078 16238
144160615 191 389 16240
144181372 198 1049 16246
144220644 183 1225 16258
144234560 182 2500 16263
144292390 180 1765 16279
144406255 185 807 16311
144437086 193 629 16319
144440808 192 338 16320
144457132 188 2770 16325
144487235 181 2491 16334
144526400 193 3 16345
144562231 198 2616 16355
144586820 183 642 16362
144590837 186 492 16363
144677484 181 1933 16391
144703982 195 240 16398
144748367 199 1312 16411
144754425 181 1270 16413
144814902 193 798 16431
144840947 183 1108 16439
144854759 194 1823 16443
144882430 196 2574 16451
144902289 180 2575 16457
144950630 196 2049 16471
144961317 191 2886 16474
144988870 197 1219 16483
145031079 182 2725 16496
145076270 184 302 16509
145112482 184 2089 16519
145174401 182 881 16538
145191674 183 2016 16543
145203184 190 2334 16547
145245769 197 715 16559
145306282 189 1900 16578
145323411 191 474 16583
145436329 198 1788 16617
145498286 185 1908 16635
145504748 188 1716 16637
145508045 189 2249 16638
145560553 185 437 16654
145602353 191 1800 16666
145679066 185 1922 16688
145705393 192 2074 16695
145819687 190 2732 16730
145960119 190 481 16773
145982451 195 2694 16780
146009881 188 2546 16789
146029400 195 1198 16795
146048714 193 2190 16801
146083775 184 575 16812
146136019 189 168 16828
146198297 191 2225 16847
146218645 195 2954 16853
146349271 185 911 16893
146374791 193 1074 16901
146381804 184 1712 16903
146519333 194 427 16944
146647721 193 731 16982
146703707 197 1054 16998
146707057 181 784 16999
146723279 185 35 17004
146773732 180 392 17019
146853841 193 1533 17042
146901638 186 965 17056
146908225 189 950 17058
146919341 191 2242 17061
146951830 183 548 17071
146997777 188 1481 17086
147027256 183 1383 17094
147036523 194 2030 17097
147055166 186 453 17102
147206402 196 891 17147
147258335 197 1737 17164
147324075 192 219 17184
147333019 199 1025 17187
147387930 181 578 17204
147760846 198 1178 17315
147772452 197 2669 17319
147799155 197 715 17327
147839669 194 1213 17339
147852407 192 38 17343
147856205 180 1301 17344
147913769 189 1260 17361
147974560 191 372 17378
147983157 193 1893 17381
148074850 191 2933 17409
148108762 190 1843 17419
148127395 190 2832 17425
148163660 196 2202 17436
148238295 197 835 17458
148271775 198 1070 17468
148328099 192 1073 17485
148333846 185 343 17487
148368017 197 1175 17497
148420806 197 209 17512
148518144 192 1575 17541
148571241 190 17 17557
148598961 194 1507 17566
148652005 188 1719 17581
148667539 189 872 17586
148670768 191 55 17587
148775785 189 2006 17619
148835440 181 2458 17637
148897062 191 1215 17655
148944819 193 2643 17670
148955893 180 1783 17673
148986869 181 1927 17681
149054045 195 1658 17700
149123525 186 1847 17720
149226902 194 49 17751
149229561 192 736 17752
149233606 190 579 17753
149236960 184 441 17754
149239366 197 2965 17755
149322014 184 1720 17781
149432462 196 1415 17815
149551425 192 865 17850
149601858 186 365 17865
149623087 182 582 17872
149673206 184 2376 17887
149693949 192 282 17894
149819042 181 191 17931
149832556 192 473 17935
149838892 191 613 17937
149859083 197 895 17943
150055090 181 121 18005
150073065 197 466 18011
150090587 198 2046 18016
150106556 181 1810 18021
150112586 199 1795 18023
150236351 187 609 18061
150287481 180 2908 18076
150331129 197 60 18090
150370700 197 1794 18102
150402770 191 1379 18112
150449622 195 1581 18125
150478973 191 1415 18134
150502567 191 1868 18141
150579686 190 2926 18164
150615100 185 1852 18174
150640361 198 744 18181
150697495 186 135 18199
150737234 199 518 18211
150785846 183 562 18226
150836413 197 2477 18242
150897290 180 1369 18260
150906073 183 2204 18263
150912341 192 2115 18265
150931335 196 564 18270
150962495 192 1688 18280
150996980 197 898 18290
151100671 186 2858 18321
151115655 185 2510 18325
151119936 180 1624 18326
151129729 199 2970 18329
151297047 192 2375 18378
151378180 185 2403 18402
151389959 192 2288 18406
151392498 198 1519 18407
151521126 198 2663 18446
151525262 195 1352 18447
151589799 180 2469 18466
151697462 180 1170 18498
151707779 187 713 18501
151720990 180 2693 18506
151865414 189 2135 18549
151885109 197 2348 18555
151923402 199 955 18566
151977039 198 2439 18581
152081811 183 310 18612
152195855 181 1205 18646
152205555 190 599 18649
152215197 198 2668 18652
152234883 194 2403 18658
152390648 190 2323 18705
152484024 196 1436 18734
152595289 186 1896 18767
152603796 180 435 18769
152630386 196 2766 18776
152632643 199 653 18777
152636670 187 2642 18778
152639612 198 1610 18779
152657966 183 2782 18784
152676109 195 652 18790
152755199 182 302 18814
152868845 187 2974 18847
152930178 194 2358 18865
152968262 195 600 18877
152987821 182 2491 18883
152991850 183 322 18884
153071151 199 1907 18908
153098707 183 2660 18916
153118547 187 1199 18921
153184402 199 1793 18941
153191986 186 2214 18943
153250345 182 2374 18960
153269673 192 1789 18966
153300895 184 817 18975
153304256 180 1882 18976
153405216 197 1704 19007
153420577 185 522 19012
153450250 197 2085 19022
153499107 184 293 19037
153569734 185 2917 19058
153819675 190 1443 19132
153916722 195 2090 19159
153968587 187 2030 19175
153984887 198 2099 19179
154032021 187 1533 19194
154062793 183 2589 19203
154116601 197 2115 19219
154126570 199 2721 19222
154238572 185 59 19256
154270016 191 912 19265
154275848 188 1706 19267
154364385 189 2074 19295
154383116 199 1877 19301
154607000 192 2246 19370
154699431 194 2552 19398
154738727 182 111 19410
154769729 186 1829 19420
154790257 192 2385 19426
154806019 180 1533 19431
154841660 187 430 19441
154955279 181 2233 19472
155012830 195 61 19489
155060014 186 2860 19503
155074888 190 1673 19507
155123341 180 2169 19521
155194211 187 381 19542
155259199 181 302 19561
155273801 186 2698 19565
155277558 199 1025 19566
155342849 185 1514 19584
155355884 183 2503 19588
155468011 194 2380 19621
155490926 187 692 19627
155581234 188 2511 19654
155583391 185 1597 19655
155637664 182 965 19671
155669938 181 2787 19681
155761772 182 709 19710
155772467 195 1662 19713
155860264 190 2052 19738
155876274 186 659 19743
155908269 188 2699 19753
156181393 184 1605 19835
156228708 188 289 19851
156256277 186 1622 19860
156344074 187 590 19887
156383793 189 1369 19898
156510401 182 2040 19937
156554096 190 545 19951
156592660 193 899 19963
156605819 190 1327 19967
156612926 192 654 19969
156621592 197 355 19971
156625966 197 45 19973
156721289 199 456 20002
156753167 187 852 20011
156778874 188 756 20019
156784798 189 315 20021
156813326 191 1508 20030
156819079 190 1743 20032
156895863 193 2347 20054
156924426 188 764 20063
156943353 189 1145 20068
157009210 185 697 20089
157114752 198 2819 20120
157254741 194 2904 20162
157306424 198 2987 20178
157336654 184 2178 20187
157381388 197 1702 20199
157404732 188 376 20206
157434812 190 918 20215
157536309 193 313 20246
157563866 190 253 20254
157586291 192 2558 20261
157589611 181 2121 20262
157607954 191 1557 20267
157722898 188 1756 20302
157768803 183 2524 20316
157772937 195 115 20317
157781128 194 2149 20319
157813214 196 89 20328
157951546 182 1286 20370
158051697 185 397 20400
158054579 198 379 20401
158083222 189 1532 20409
158137345 191 655 20425
158186857 184 12 20439
158270900 189 746 20464
158302078 184 1255 20473
158322860 182 2498 20479
158473853 197 545 20524
158501191 194 2605 20532
158540214 194 1809 20544
158557220 197 2424 20549
158584143 190 1753 20557
158600568 182 1255 20562
158604496 194 1514 20563
158618291 197 949 20567
158666648 187 1265 20582
158714910 191 2966 20597
158727310 195 628 20601
158733279 192 2236 20603
158753270 188 601 20609
158783222 194 1900 20618
158814896 196 2929 20627
158841922 194 52 20636
158844943 189 2540 20637
158964126 198 1375 20674
159080862 182 1220 20708
159206028 183 2590 20745
159239604 181 2108 20756
159398722 181 545 20804
159442389 193 2879 20817
159445364 193 2725 20818
159491411 188 2392 20831
159526966 193 1170 20843
159532065 193 215 20845
159535611 184 616 20846
159549491 192 885 20850
159561426 190 1561 20853
159579812 184 14 20859
159625183 191 2672 20873
159759864 198 509 20912
159764046 183 1203 20913
159795779 195 2389 20923
159804364 194 2388 20925
159814100 191 1917 20928
159869252 193 2240 20944
160002895 193 1448 20986
160034804 194 654 20996
160068071 188 2929 21005
160093723 194 512 21013
160177294 198 2055 21039
160184657 195 815 21042
160305479 188 2371 21078
160383344 197 703 21101
160480179 188 2588 21132
160517595 194 629 21143
160543935 197 529 21151
160584601 185 2485 21163
160642310 188 517 21180
160719071 184 2499 21204
160736608 186 998 21210
160748724 191 1977 21214
160779642 182 2334 21224
160806240 197 927 21232
160886140 180 19 21258
160929580 184 2674 21271
160940653 195 1791 21275
160968173 180 1003 21283
161057214 191 1992 21310
161115965 183 865 21328
161137187 188 171 21334
161146754 199 985 21337
161267832 182 1677 21372
161287357 195 1079 21378
161291079 195 1757 21379
161294519 186 2705 21380
161328230 190 1966 21390
161337259 187 2684 21393
161383659 192 2982 21407
161602530 190 2216 21475
161738231 184 1144 21517
161818961 185 1367 21541
161876045 184 2155 21558
161885174 187 867 21561
161894174 190 2187 21564
161921661 181 2719 21572
161925435 185 51 21573
162025530 191 2121 21602
162087893 189 1168 21622
162138632 189 1328 21636
162230627 191 481 21663
162232920 182 1219 21664
162281327 199 529 21678
162303150 186 2306 21685
162324828 186 20 21692
162360716 194 2836 21704
162408059 194 2989 21717
162462129 182 1874 21733
162494679 181 1285 21743
162512645 185 2987 21748
162536429 194 610 21755
162571007 197 1709 21766
162585732 198 2124 21770
162587927 184 1241 21771
162614556 195 505 21780
162641737 180 928 21788
162671954 180 2289 21797
162700914 181 2904 21805
162707648 193 1601 21807
162735734 182 837 21815
162777961 198 2832 21827
162784713 193 1905 21829
162852837 181 1865 21850
162917641 197 351 21869
162979932 198 354 21887
163097607 180 502 21921
163114005 198 1511 21926
163123220 198 2954 21929
163134001 195 2780 21932
163138283 185 2616 21933
163165293 187 2363 21942
163175998 190 1202 21946
163187050 195 1387 21950
163192528 190 1009 21952
163206638 180 1022 21956
163229521 190 0 21963
163294417 186 1336 21983
163300463 183 2509 21985
163309932 196 2180 21988
163362913 187 635 22005
163372652 186 556 22008
163519682 194 2352 22053
163602139 181 538 22077
163871365 182 2277 22158
163908606 192 116 22169
163929986 190 249 22175
164007539 196 151 22198
164049160 188 1825 22211
164087895 199 2523 22222
164122949 187 136 22233
164217765 187 602 22262
164220064 186 172 22263
164224485 184 201 22265
164277109 191 2508 22280
164415318 188 2567 22321
164447935 181 1918 22331
164459574 189 565 22334
164465543 190 2523 22336
164512296 186 1751 22350
164535858 182 2615 22357
164740165 181 405 22417
164906922 194 1898 22468
164951982 198 2718 22481
165077035 183 821 22518
165078803 195 1524 22519
165111865 182 1117 22529
165145709 180 2213 22539
165163199 191 1084 22544
165175160 198 1135 22547
165236442 184 1171 22565
165262703 180 240 22573
165322964 194 2592 22591
165368427 191 1038 22604
165396432 199 1190 22613
165734665 187 2020 22712
165766296 188 472 22722
165818362 187 2423 22737
165838570 195 2036 22743
165895415 184 2906 22759
165898531 181 1116 22760
165994398 181 2194 22790
166011347 197 807 22795
166025254 199 408 22799
166065747 194 2909 22811
166076965 189 2874 22814
166130193 199 2664 22831
166143499 180 1725 22836
166147729 187 2174 22837
166150915 199 813 22838
166188380 198 2621 22849
166234107 195 2263 22862
166241930 185 866 22864
166280686 180 1534 22875
166288225 189 1791 22877
166381532 187 2676 22905
166456315 185 2672 22928
166674596 194 1529 22993
166749909 197 514 23016
166791665 199 637 23029
166839666 181 153 23043
166864837 182 1802 23052
166887510 199 2204 23059
166922296 197 178 23070
167137672 185 1699 23134
167161467 191 690 23141
167210618 193 2904 23157
167229380 196 547 23163
167285701 196 2448 23179
167352227 190 1362 23198
167429695 183 984 23221
167471926 192 1261 23234
167498078 190 2589 23242
167522159 184 688 23250
167530663 181 1592 23253
167551897 181 2350 23259
167556837 188 2069 23261
167626268 186 2454 23281
167696759 190 2957 23302
167720547 197 91 23309
167792803 180 532 23331
167997139 190 1282 23393
168035780 192 1315 23404
168079167 183 908 23417
168163537 181 1652 23442
168207699 186 542 23456
168211220 185 2029 23457
168236871 182 2308 23464
168306750 191 75 23485
168340851 182 2085 23495
168346724 188 2924 23497
168362696 182 2032 23502
168400450 188 1084 23514
168448427 188 1593 23529
168464018 190 1111 23534
168508146 190 2628 23547
168545915 182 688 23558
168575301 195 2374 23567
168615769 196 139 23579
168635782 197 431 23585
168763240 190 224 23625
168767008 199 2586 23626
168810825 180 733 23641
168816263 195 759 23643
168825046 186 268 23646
169009459 190 399 23700
169100682 187 1182 23728
169141726 184 2714 23740
169256850 190 584 23774
169262358 182 1045 23776
169276110 198 1430 23780
169295621 195 340 23786
169303097 196 2426 23788
169381079 183 2465 23810
169387651 199 2275 23812
169402433 183 1235 23817
169438004 181 1844 23827
169477315 193 1854 23839
169643701 186 325 23890
169652854 191 2936 23893
169656729 180 2291 23894
169669652 191 1060 23898
169690562 192 2898 23905
169694073 197 2436 23906
169712924 185 1745 23912
169754572 187 1474 23924
169793103 194 633 23935
169801465 194 1965 23938
169816071 195 1095 23942
169877136 181 1807 23961
169910338 185 2714 23971
169913716 191 2198 23972
169916377 187 1401 23973
169945451 192 1757 23982
169966974 194 2148 23989
170011662 182 1835 24004
170018145 190 1254 24006
170057443 192 2513 24018
170061347 195 244 24019
170064836 187 1141 24020
170070397 181 569 24022
170085664 181 2270 24027
170128323 197 677 24040
170174732 180 2082 24054
170227618 181 759 24070
170247630 197 1916 24076
170278306 196 2243 24085
170296960 197 2641 24091
170412282 181 1289 24125
170499761 197 2561 24152
170517110 183 2159 24157
170557765 196 1444 24169
170571311 192 1084 24173
170588766 198 2057 24178
170609614 183 2905 24185
170655965 192 965 24199
170682295 193 232 24207
170722779 192 431 24219
170726929 190 1266 24220
170730765 195 491 24221
170736520 180 2767 24223
170754097 182 636 24228
170806994 183 2215 24244
170938746 183 2100 24284
170975118 199 2944 24295
171044402 192 2833 24316
171076499 190 333 24326
171091555 181 2561 24331
171101836 195 1574 24334
171264847 196 2966 24384
171268433 190 590 24385
171325632 190 1566 24402
171416286 184 2952 24430
171442824 198 1826 24437
171459586 188 356 24442
171495218 199 1985 24453
171531652 195 831 24463
171550657 180 2937 24469
171565116 190 2647 24473
171587030 190 2973 24480
171663104 187 1821 24502
171666034 197 2139 24503
171697478 198 2742 24513
171751638 187 2815 24530
171894215 192 1722 24574
171973840 185 62 24597
172029148 187 1634 24613
172055430 181 2838 24621
172061541 193 1825 24623
172173509 180 519 24657
172261075 191 1358 24682
172299391 184 1742 24694
172305261 188 2719 24696
172357944 195 1686 24711
172365850 182 1904 24713
172392621 188 935 24721
172547862 195 60 24768
172667272 194 1718 24804
172717579 198 1071 24817
172766319 190 2669 24832
172799982 180 471 24842
172922876 187 1113 24880
172961168 199 2259 24892
172978956 184 2388 24897
173063655 198 2043 24923
173122478 191 650 24940
173159640 197 2124 24952
173165874 195 2208 24954
173220455 180 1681 24971
173229246 197 2164 24974
173235541 184 1102 24976
173242078 184 1602 24978
173283748 195 1333 24991
173288933 196 902 24993
173339905 187 130 25008
173391410 195 2727 25024
173448306 197 2544 25039
173452551 198 1602 25040
173532147 198 1489 25065
173558425 180 2996 25073
173653861 181 2723 25103
173721176 185 2566 25123
173791181 193 2640 25144
173807369 189 784 25150
173975831 181 1956 25200
174038157 188 1438 25218
174087241 192 2609 25233
174286699 188 221 25292
174318349 197 1538 25303
174327027 195 703 25306
174329725 181 2278 25307
174341303 190 471 25311
174348643 184 1936 25313
174385680 190 2464 25324
174428944 194 2546 25338
174443179 192 2831 25342
174528750 192 558 25367
174540474 197 371 25371
174575205 182 2713 25382
174608037 197 593 25392
174701801 194 1195 25421
174770350 189 2922 25442
174805802 190 1626 25453
174890887 183 2280 25478
174945412 192 1189 25495
174971374 193 2558 25503
175015911 194 196 25516
175061434 184 1608 25530
175074384 191 2225 25534
175086681 196 2773 25538
175098151 181 1089 25541
175116815 188 2874 25547
175130956 188 67 25551
175213360 197 624 25575
175240237 196 2929 25583
175258332 190 256 25588
175314173 191 1567 25606
175318322 198 2306 25607
175347551 186 2366 25616
175389358 181 1417 25629
175470462 187 2585 25653
175553804 182 2814 25678
175564713 189 2312 25681
175573949 187 545 25684
175597208 198 1551 25692
175672857 194 1046 25716
175767313 182 961 25746
175811155 189 2464 25760
175848325 180 92 25771
175958295 197 1748 25805
175996591 180 1522 25817
176087832 194 468 25844
176098141 188 207 25847
176132270 199 2020 25858
176172515 187 1301 25870
176213076 180 2072 25883
176264994 184 1967 25898
176282192 196 1385 25903
176288854 188 3 25905
176306988 195 1386 25911
176310619 196 1184 25912
176353361 186 944 25926
176362257 196 2377 25929
176378864 199 726 25934
176389401 199 2144 25937
176424794 188 965 25947
176470646 192 2678 25961
176496510 185 1228 25969
176662055 185 2878 26018
176696309 189 2177 26028
176746591 184 1773 26043
176760637 190 531 26047
176777077 191 85 26052
176790694 183 25 26056
176870424 193 2160 26080
176872752 195 2541 26081
176938344 183 1520 26101
176968760 196 603 26110
177046008 194 2154 26134
177087843 194 1758 26146
177159868 186 1565 26167
177214626 191 2909 26183
177217778 193 1205 26184
177233687 187 285 26188
177313290 196 2908 26213
177382785 181 1326 26233
177394163 184 2894 26236
177649254 198 1602 26313
177705945 193 2077 26331
177720252 184 1213 26335
177831699 199 579 26368
177859591 181 2810 26376
177937547 184 1851 26401
177972043 199 2713 26411
177986104 193 568 26415
178038307 191 1327 26430
178066681 193 2011 26439
178183527 180 2437 26476
178251442 185 2221 26498
178259231 196 1958 26500
178309032 182 548 26515
178313365 188 238 26516
178327571 199 2862 26520
178477302 194 1149 26564
178484503 193 1844 26566
178592610 187 1567 26598
178631572 191 2248 26610
178636458 183 1510 26612
178640704 193 226 26613
178726402 189 600 26638
178729152 197 773 26639
178746757 192 2994 26644
178765565 182 1672 26649
178884645 192 196 26684
178958558 191 1478 26706
179137370 186 1040 26760
179225099 199 662 26786
179255181 192 1448 26795
179305354 182 2869 26811
179318775 182 2200 26815
179335535 199 1428 26820
179342326 185 1799 26822
179375718 184 1704 26832
179378701 195 2585 26833
179442104 199 2107 26853
179687985 194 256 26929
179695832 180 1845 26931
179723639 181 1339 26940
179811387 191 1362 26967
179840942 189 98 26976
179930687 183 1547 27003
179940019 198 898 27006
179975934 187 2883 27016
180090957 188 1304 27050
180120880 184 2471 27059
180139417 192 2576 27064
180164336 196 2422 27071
180313516 185 1548 27116
180373780 196 1254 27136
180420007 182 2742 27149
180431310 199 1583 27152
180433372 187 706 27153
180478081 181 2785 27166
180552932 191 575 27188
180608434 188 2360 27204
180659393 192 517 27219
180728765 185 220 27240
180767238 195 534 27252
180910722 196 624 27294
180951022 186 2281 27307
180958716 182 1133 27309
180980092 198 709 27316
181005409 180 123 27323
181026438 186 386 27329
181075446 198 2760 27343
181160419 184 411 27369
181207755 192 2021 27383
181226153 183 2696 27389
181255036 188 889 27397
181268174 187 855 27401
181306759 197 1991 27413
181349450 194 2863 27427
181434250 189 1577 27453
181461977 194 1618 27462
181545619 184 1791 27487
181573500 193 151 27496
181589531 180 1118 27501
181602243 199 2616 27505
181644978 191 1061 27518
181686207 183 2670 27530
181769806 187 571 27555
181934341 185 75 27607
181979277 190 1526 27621
182000068 188 1089 27627
182059524 195 164 27644
182263823 199 1040 27706
182270381 188 495 27708
182331089 193 2674 27726
182362003 184 1486 27736
182397903 192 1720 27746
182443227 197 1474 27759
182461168 188 245 27764
182472513 182 1679 27767
182491567 186 679 27773
182526860 197 913 27783
182565454 195 1113 27795
182611466 188 326 27808
182625457 188 2963 27812
182678326 185 2972 27829
182748794 185 2097 27850
182795477 183 1465 27864
182900546 186 1271 27896
182925135 198 1945 27903
182976596 186 2850 27918
183060055 185 2024 27943
183106788 185 2235 27956
183192033 183 243 27984
183197468 185 109 27986
183212994 198 2809 27991
183408127 199 1508 28051
183475974 191 2949 28071
183500229 185 1833 28078
183573287 187 1241 28100
183604825 188 2444 28111
183697979 187 2960 28141
183963412 193 319 28219
183966680 180 1935 28220
183969362 198 2811 28221
183981912 187 1917 28225
183989588 187 33 28227
184043659 191 113 28242
184171284 184 1935 28282
184192667 197 346 28288
184210815 190 2529 28294
184305155 182 129 28323
184347488 187 2800 28336
184367898 191 2861 28342
184382857 188 382 28346
184409624 185 1372 28355
184421985 189 211 28359
184442132 187 1244 28365
184530016 187 1428 28392
184571752 180 2756 28405
184616010 185 2650 28418
184662550 183 38 28433
184689986 199 2907 28441
184761874 190 1016 28463
184807781 184 2508 28479
184822111 184 2080 28483
184875358 193 730 28499
184974855 184 2976 28529
184987048 196 2850 28533
184999852 185 2080 28537
185081763 181 1147 28562
185201932 181 1569 28598
185261969 192 838 28616
185273943 186 1409 28620
185308528 192 2402 28631
185333716 183 597 28638
185375994 181 477 28650
185391230 196 1544 28654
185426355 181 225 28665
185465074 185 2016 28676
185489042 190 2098 28683
185511071 190 2562 28691
185526353 193 2111 28696
185547943 183 650 28703
185631685 186 1461 28727
185676986 180 1731 28741
185797273 196 1321 28777
185883455 187 815 28804
185903905 197 610 28810
185989170 183 1529 28835
186110818 188 514 28873
186314068 195 632 28937
186326472 184 941 28941
186332640 185 1857 28943
186457638 190 272 28981
186487494 195 2506 28990
186511493 195 541 28998
186601848 195 361 29025
186634196 193 676 29035
186636679 182 1735 29036
186692749 195 189 29052
186712417 189 847 29058
186725015 198 1667 29062
186735517 194 2621 29065
186954156 181 2313 29128
186965597 185 2581 29131
186979879 191 360 29135
186983361 180 282 29136
187003276 193 1623 29142
187036092 180 1487 29152
187039592 182 1288 29153
187047280 196 1974 29155
187102537 199 2234 29172
187148392 195 1707 29186
187162374 189 4 29191
187169167 190 2009 29193
187199991 196 1569 29202
187281518 190 2492 29224
187288028 192 1132 29226
187311282 183 591 29233
187331983 188 2420 29239
187345376 181 2443 29243
187380721 186 2388 29254
187419917 190 581 29266
187498577 199 2285 29288
187577971 197 2131 29312
187610133 196 2208 29323
187612037 198 816 29324
187724243 187 1163 29358
187804613 189 764 29382
187976513 186 1964 29434
188000699 195 33 29441
188065524 191 844 29460
188177149 188 2871 29494
188209956 193 932 29504
188345632 195 880 29542
188395839 198 1336 29557
188422124 193 1729 29564
188452562 185 1313 29573
188539663 197 1477 29600
188585274 184 1407 29614
188701472 190 441 29651
188729151 193 1465 29659
188739894 180 514 29662
188839368 190 314 29692
188897672 183 1066 29709
188916055 194 1912 29714
188939928 183 1008 29722
188946708 195 2971 29724
189117856 194 1816 29775
189162202 198 2899 29788
189214399 187 2497 29804
189249426 180 1442 29816
189265937 183 2813 29821
189273732 184 2635 29823
189301276 185 995 29831
189312630 180 34 29834
189384249 184 1054 29855
189420568 182 713 29865
189426302 188 1843 29867
189480362 188 513 29883
189486407 186 1060 29885
189524350 187 428 29897
189530882 193 1805 29899
189551472 185 1677 29905
189560129 192 1962 29908
189578715 186 549 29914
189588343 184 2550 29917
189680692 180 2297 29945
189693606 196 2868 29949
189738049 190 2982 29962
189826385 196 389 29990
