55946 141 1091 3
119793 143 299 8
314727 151 882 22
447804 141 962 32
503001 147 1190 36
689849 152 1730 50
705039 154 1986 51
917320 149 999 66
1025198 146 1238 74
1364265 151 2668 100
1457142 152 2368 107
1520077 154 2546 112
1545522 142 231 114
1685961 148 2027 125
1924154 140 2444 143
2062651 150 776 154
2375738 157 311 178
2424921 145 2640 182
2481965 149 1908 186
2775515 149 2319 207
2994222 153 1070 223
3005826 156 1043 224
3031229 156 108 226
3085902 150 1246 230
3310358 152 1978 247
3572353 157 86 268
3667653 155 1018 275
3901352 143 1481 293
4355996 156 24 328
4448471 148 2615 335
4645890 159 1057 351
4682953 158 2236 354
4694442 155 2723 355
4940420 152 473 375
5136806 145 704 390
5423773 159 1059 412
5512266 152 2884 419
5890095 156 2760 448
6044356 149 1496 461
6270238 150 2121 479
6458318 152 19 493
6680258 149 1351 509
6865947 151 2879 523
6892303 153 1761 525
7136671 158 1391 542
7241928 147 2136 550
7574849 146 1223 575
7715055 159 2512 586
7981887 145 1148 606
8037091 156 402 610
8209979 147 1564 623
8483650 155 2507 643
8802262 151 2814 667
8858779 150 451 671
9202528 149 1418 697
9289361 156 232 704
9431568 143 2285 715
9535831 142 792 723
9559043 141 1109 725
9655343 150 452 732
9893637 155 2237 751
10135684 144 1736 769
10373518 148 2354 787
10399561 148 2021 789
10454215 148 2145 793
11078593 150 265 841
11104499 158 196 843
11173910 146 1266 848
11215572 157 2440 851
11275014 152 2697 856
11504419 144 1090 873
11531752 149 257 875
11642761 158 821 883
11910710 158 873 903
12102789 141 2063 918
12151362 145 1188 922
12201839 159 2993 926
12612335 144 2150 957
12700109 149 2828 963
12850557 149 2250 975
12973392 143 874 985
13178619 140 2396 1001
13442961 141 2676 1021
13615764 153 1013 1034
13777037 146 1943 1046
13977322 149 1794 1060
14278754 142 833 1082
14375549 158 2578 1090
14839069 155 2795 1125
15063171 148 1120 1142
15533025 157 751 1176
15954308 148 939 1208
16073021 144 1120 1217
16179451 159 1289 1225
16296243 142 1727 1234
17258973 148 1683 1307
17364015 149 2203 1314
17481277 142 1749 1323
17618597 158 598 1333
18088064 142 1846 1369
18112278 140 1678 1371
18452793 140 626 1397
18564245 148 1794 1405
18661956 146 175 1412
18687321 158 220 1414
18792702 154 2283 1422
18970475 142 2133 1436
19047542 148 40 1442
19173782 145 2570 1451
19512404 153 1103 1477
19759785 140 62 1495
19902670 148 2577 1506
20129128 155 2501 1522
20209186 142 769 1528
20251457 157 1733 1531
20515763 144 2288 1550
20559711 144 418 1553
20862312 148 2635 1576
20962016 151 203 1584
21593679 157 1701 1631
21645109 158 2539 1635
21734936 149 2825 1642
21747341 150 2298 1643
21940596 146 1441 1657
21955234 148 1510 1658
22220364 152 13 1678
22551012 143 1319 1703
22780864 144 1211 1721
23300049 157 2693 1760
23326280 159 375 1762
23406442 158 2042 1768
23560450 143 1849 1780
23583643 154 2188 1782
23668852 156 2193 1788
23810007 157 1660 1798
23851495 158 1426 1801
23969769 153 592 1809
23994786 153 23 1811
24028858 153 206 1814
24040346 150 2654 1815
24105835 155 232 1820
24177660 150 360 1825
24421469 152 1785 1843
24556575 142 2817 1853
24909623 149 1325 1879
25002176 153 995 1886
25361585 140 1802 1914
25790812 149 2621 1945
25806025 141 166 1946
25881874 149 2338 1952
26088954 145 2901 1967
26293804 140 1702 1983
26328257 156 1007 1986
26363169 148 554 1989
26480488 147 1870 1998
26820651 145 1525 2023
27116267 152 255 2045
27129082 153 1448 2046
27374553 141 987 2064
27513210 150 2064 2074
27577536 152 1202 2079
27606388 145 2181 2081
28128288 158 1026 2120
28141397 158 1930 2121
28181193 145 2875 2124
28222136 149 245 2127
28577632 150 1568 2154
28672554 156 1825 2161
28742374 157 1546 2166
28767096 159 2612 2168
29080973 150 1351 2192
29190918 156 2725 2201
29579814 159 652 2230
29661896 158 1351 2236
29804881 150 2383 2246
29814881 158 2655 2247
29923082 147 2632 2255
30181152 155 756 2274
30430611 159 1783 2293
30542739 148 2106 2302
31432823 159 2759 2367
31460387 145 2872 2369
31472209 144 1416 2370
31601682 159 2749 2380
31615055 152 2113 2381
31688213 141 2456 2386
32193211 142 1349 2424
32415567 150 26 2441
32427286 159 205 2442
32517415 151 938 2449
32760521 159 67 2467
32875338 157 617 2476
32964224 148 1305 2483
32991148 151 2826 2485
33063819 142 2966 2490
33379493 140 2724 2513
33403186 151 2519 2515
33504823 159 542 2523
34874919 141 1606 2625
34924634 156 328 2629
35529383 146 872 2674
35656854 147 609 2684
36116992 146 2251 2718
36185650 146 2080 2723
36211175 154 1064 2725
36914478 150 2813 2778
37053191 159 1453 2788
37301127 144 305 2807
37341784 148 2509 2810
37457514 152 2489 2819
37636070 157 130 2832
37691159 144 2954 2836
37703204 157 2506 2837
37758931 144 2492 2841
37864056 158 728 2849
37888195 159 1010 2851
37899454 156 1448 2852
38040789 156 486 2863
38092057 159 1133 2867
38414843 156 85 2890
38494490 152 31 2896
38582285 155 2651 2902
38653271 157 243 2908
38934263 144 2461 2929
39439879 147 2210 2966
39897248 142 2030 2999
40047071 143 911 3010
40156547 155 973 3018
40409604 143 2458 3037
40492774 154 1604 3043
40565900 144 1674 3048
40660197 152 2364 3056
41129668 156 9 3091
41497771 143 79 3118
41603103 157 2464 3126
41871108 157 886 3146
41900710 141 404 3148
42024888 148 1476 3157
42075195 152 1252 3161
42129867 150 2799 3165
42730896 144 647 3210
42771349 150 2657 3213
42971632 145 2065 3228
43084042 154 2228 3236
43135753 152 1960 3240
43422653 140 2468 3260
43592932 149 618 3272
43993044 154 2507 3301
44073691 141 565 3307
44189966 151 192 3316
44828333 153 1331 3362
44997907 146 144 3374
45527180 143 2320 3413
45670138 159 463 3424
45990502 156 1362 3448
46102964 148 1269 3457
46423007 154 1230 3482
46731611 147 1250 3505
47250909 143 2378 3543
47512834 149 191 3563
47619310 143 2860 3571
47760394 156 360 3582
47831231 144 1172 3587
48055012 140 2364 3604
48206181 156 1627 3615
48219289 143 1372 3616
48902927 153 1346 3667
49020254 158 2002 3676
49047718 153 1028 3678
49158868 148 2321 3686
49242611 142 2572 3692
49399898 156 2378 3704
49524196 142 814 3714
49549001 152 1608 3716
49819176 142 857 3736
49968722 148 210 3748
50047597 149 1658 3754
50644102 152 2759 3800
50992696 150 1819 3826
51050347 142 1273 3830
51246005 151 281 3845
51359556 144 1661 3854
51374143 150 1460 3855
51499337 158 2452 3865
51513921 151 345 3866
51747501 151 664 3883
52668700 140 1284 3953
53037846 149 2524 3980
53159089 154 2184 3988
53284621 157 839 3997
53311677 152 341 3999
53847881 152 79 4039
53976731 144 971 4049
53999371 145 2746 4051
54522376 145 1323 4090
54551259 146 1498 4092
54672168 145 931 4101
54881689 140 1576 4117
55107749 158 1916 4134
55274140 150 1767 4146
55288290 145 2290 4147
55301043 150 738 4148
55312423 140 411 4149
55603805 141 1870 4170
55894123 148 2243 4191
56085433 146 937 4205
56148395 146 2978 4210
56338077 154 591 4224
56577816 153 1809 4242
57147029 150 1697 4283
57187510 141 524 4286
57213716 144 421 4288
57444947 154 2599 4305
57457511 140 483 4306
57638712 142 1800 4319
57682233 140 327 4322
58325750 148 40 4369
58382917 152 2230 4374
58426022 157 845 4377
58539296 143 1280 4385
58918772 140 1425 4413
59239906 144 1030 4436
59282752 149 1018 4439
59400207 153 310 4448
59502140 157 783 4455
59670197 152 1431 4467
59835398 151 144 4480
59927087 158 2088 4487
60274773 152 2642 4513
60593350 153 2218 4537
61190160 159 676 4581
61369689 159 2019 4594
61424178 145 875 4598
61591044 146 474 4610
61864129 154 2749 4632
62155757 145 1153 4654
62423010 147 752 4674
62532548 159 2233 4682
62544888 148 1008 4683
62556152 147 2361 4684
62580703 142 357 4686
62595905 147 2220 4687
62807659 143 514 4703
62839002 149 358 4705
63093239 141 1779 4725
63295697 150 2500 4740
63983304 147 2738 4793
64199517 142 2783 4809
64357340 153 688 4821
64381467 152 507 4823
64417710 149 1798 4826
64677092 147 809 4845
64768669 140 2329 4852
64869896 150 1451 4860
65083461 141 1815 4876
65159797 145 2498 4881
65616450 150 2507 4915
65796486 148 21 4929
66482611 159 261 4980
66549036 143 2275 4985
66606533 154 996 4989
67340756 147 2109 5043
67404984 147 1203 5048
67746654 140 1694 5073
68131571 145 902 5101
68167680 149 1329 5104
68624861 158 286 5138
68653253 150 390 5140
68781100 156 651 5149
68808533 140 2818 5151
69012865 150 2870 5167
69301179 153 2994 5189
69590867 141 2763 5210
70520870 150 86 5278
70803134 147 2820 5299
70948733 142 1097 5310
70999897 153 2118 5314
71026453 151 2418 5316
71079692 146 1758 5320
71106860 157 582 5322
71215962 156 833 5330
71407811 148 1457 5344
71531684 156 2879 5353
71709409 152 2016 5367
71789065 152 1011 5373
71936651 151 907 5384
71977581 144 1681 5387
72639053 144 177 5436
72814018 142 1532 5449
72893223 156 1008 5455
73130223 157 639 5472
73236037 140 2793 5480
73769030 158 1766 5521
74070169 158 1899 5544
74369519 147 1923 5567
74398441 142 668 5569
74471376 150 331 5574
75096864 151 1044 5620
75537626 142 23 5653
75700992 154 1343 5666
75727922 140 1644 5668
75830979 148 208 5676
75853407 147 2925 5678
75896869 145 347 5681
76062011 158 2063 5693
76516291 141 2573 5725
76556068 140 1410 5728
76653245 144 1034 5736
77325724 150 2144 5785
77489776 152 2478 5797
77691231 141 634 5813
77836628 149 2182 5824
78114239 154 2195 5844
78503195 158 109 5874
78884528 143 2480 5903
78911038 149 1579 5905
79050671 151 1001 5915
79870298 149 114 5976
80525203 151 186 6024
80881368 152 20 6052
80911062 152 2162 6054
80960934 145 1223 6058
81143274 146 739 6072
81373714 157 884 6089
81433733 151 53 6094
81524716 140 454 6101
81871810 143 1383 6127
82012570 158 150 6138
82097742 155 2642 6145
82385223 158 2553 6166
82595494 144 267 6182
82705814 146 1669 6191
82802495 149 283 6198
82830910 140 1161 6200
82960029 156 137 6210
82972137 148 1266 6211
83052310 143 1623 6217
83102417 145 686 6221
83114726 154 2188 6222
83746498 156 1009 6270
83758483 142 314 6271
83855864 150 1501 6278
84387901 142 1904 6318
84835961 158 756 6352
85254443 148 42 6382
85538069 147 1652 6403
86196348 143 2716 6452
86279276 141 1279 6458
86602417 144 171 6481
86731110 141 2838 6492
86974652 143 2 6510
87205512 148 1900 6528
87653868 150 2429 6561
87735187 140 1093 6567
87758439 155 972 6569
88007595 149 966 6588
88863371 153 587 6654
88940180 147 2893 6660
88955047 147 1268 6661
89218049 141 154 6681
89281640 156 2119 6686
89338983 148 39 6690
90268914 141 2737 6759
90295192 158 1596 6761
90311858 153 2145 6762
90323993 142 1313 6763
90482736 159 963 6775
90494281 142 267 6776
90589373 148 1044 6783
90694679 145 533 6791
90859724 156 2091 6803
91027362 149 2750 6815
91115772 144 2908 6822
91373868 144 1458 6841
91547243 157 576 6853
91602973 147 2904 6857
91966892 144 2411 6885
92251164 143 617 6907
92345479 147 508 6914
92958965 140 1851 6960
93530828 154 253 7004
93945102 145 1380 7034
94019998 145 1075 7039
94374463 157 1352 7065
94471604 154 2053 7072
94549519 151 1659 7078
94645823 156 1195 7085
94770181 148 1012 7094
94922580 159 1728 7106
95082250 154 1366 7118
95098790 142 1055 7119
95323383 157 1843 7136
95412944 156 2390 7143
95544122 141 2719 7152
95665941 149 2394 7161
95774796 146 476 7169
96354892 149 1411 7213
96384431 147 2887 7215
96453298 156 1269 7221
96666977 153 870 7237
96784071 142 785 7246
97011314 156 1105 7262
97064322 155 1879 7266
97188890 148 459 7276
97343653 159 1902 7288
97381018 140 2436 7291
97445433 156 2051 7296
97610747 149 1028 7309
97899810 143 69 7331
97981560 141 2826 7337
98086605 149 2518 7345
98172072 145 758 7352
98322125 141 2457 7364
98391892 143 2192 7369
98544361 156 1023 7381
98558288 155 1279 7382
98614293 143 2634 7386
98763490 140 2617 7398
98775901 159 2143 7399
98789767 158 2179 7400
98921440 155 2088 7409
99692693 142 1460 7467
99974071 147 133 7488
100107410 156 117 7498
100607203 148 1769 7535
101090903 144 2230 7572
101347433 153 222 7591
101786374 157 2326 7624
101863246 149 75 7629
101876874 140 2093 7630
101972344 144 1317 7637
102094334 144 1269 7646
102391433 155 1084 7669
102450991 151 2186 7674
102662282 156 1677 7689
102792733 150 1787 7699
103021818 143 1963 7716
103063162 148 496 7719
103079508 140 830 7720
103383218 153 2093 7742
103569133 145 2681 7756
103802596 143 2906 7773
104053009 154 2213 7792
104439088 149 2663 7821
104596204 145 2657 7833
104665894 152 2596 7838
104803818 156 1050 7849
104891879 156 598 7856
105096941 152 1205 7872
105181180 143 2700 7878
105305168 150 2146 7888
105386888 143 163 7895
105662244 143 1336 7915
105789719 140 2848 7925
106165344 149 2934 7953
106176888 144 1594 7954
106206302 146 891 7956
106536517 144 226 7981
107661929 142 1597 8064
107673786 155 2744 8065
107783510 143 828 8073
108483587 140 1714 8127
108782410 150 1608 8150
108873052 157 19 8157
109007018 141 426 8167
109103304 149 2149 8175
109228510 142 2779 8184
109304097 147 2612 8190
109541030 154 2717 8207
109570151 155 538 8209
109863431 144 2859 8232
109902112 142 2434 8235
109928355 149 1466 8237
110035026 151 2303 8245
110491150 147 1108 8278
110530590 146 736 8281
111153025 144 2902 8328
111186892 146 998 8331
111250070 157 1604 8337
111331613 144 489 8343
111508627 152 228 8356
111990309 152 262 8392
112485550 148 332 8429
112763428 143 2516 8450
113589080 155 270 8514
113696262 157 1483 8522
114029726 151 2146 8548
114549998 155 316 8588
114814986 145 2223 8608
114906456 156 2847 8615
114920798 142 190 8616
114961717 157 493 8619
115566046 149 2990 8664
115825972 158 2154 8683
116218796 142 1162 8712
116245237 145 293 8714
116259953 148 2269 8715
116353541 140 1669 8722
116468735 147 2758 8731
116823030 157 1917 8756
116921294 142 816 8763
117194398 150 950 8784
117220402 140 704 8786
117359686 158 153 8796
118111386 157 2491 8852
118124306 142 1064 8853
118444505 141 759 8878
118508293 152 23 8883
118613403 153 2819 8890
119276363 142 2693 8939
119368803 141 948 8945
119509277 154 2462 8956
119704128 147 1210 8971
119899309 142 433 8985
120131123 152 1941 9006
120145845 146 404 9011
120164941 151 106 9017
120210372 159 1816 9030
120230828 148 581 9036
120233903 158 1839 9037
120236674 156 2151 9038
120266649 142 126 9047
120286997 152 759 9053
120300914 144 2178 9057
120322904 147 1787 9064
120436171 151 1200 9097
120465720 149 1258 9106
120473504 142 148 9108
120483201 144 13 9111
120514755 155 1553 9120
120609537 149 2608 9148
120646290 156 78 9158
120753289 149 2875 9189
120776939 157 45 9196
120843250 145 207 9217
120884233 159 1569 9229
120955470 148 2620 9250
121044399 152 623 9276
121051849 155 1987 9278
121063115 154 2121 9281
121096176 144 409 9290
121126501 155 215 9300
121133814 145 2441 9302
121215129 141 1224 9325
121227974 142 2500 9329
121424203 151 2059 9389
121427616 148 2496 9390
121485135 143 2434 9407
121512480 146 1246 9415
121521665 154 78 9418
121679402 159 311 9465
121687178 153 2819 9468
121690601 158 2785 9469
121728710 151 796 9480
121897597 142 2108 9529
121901071 143 2698 9530
121949968 151 1106 9544
122006255 149 2215 9562
122027215 158 1951 9568
122128172 141 1778 9597
122215958 145 2742 9623
122219005 148 2859 9624
122291705 141 1813 9645
122379926 152 1614 9672
122431601 140 13 9689
122498616 143 2966 9709
122516774 156 1075 9714
122535407 144 675 9720
122572338 142 2362 9732
122575269 152 374 9733
122607075 147 1376 9743
122752188 152 440 9784
122850073 158 1195 9814
122877015 145 717 9822
122932732 140 722 9838
122979507 156 1928 9852
123092427 156 615 9886
123123858 140 434 9896
123179654 149 2149 9913
123214752 148 1515 9924
123249156 142 1294 9935
123389952 140 518 9978
123409315 154 2104 9984
123433388 148 2022 9991
123437556 145 1212 9992
123453505 140 2721 9997
123527984 151 2628 10019
123530282 156 1561 10020
123551975 144 1734 10027
123568579 159 922 10032
123613740 157 1637 10045
123642266 159 972 10054
123675182 159 2104 10065
123681717 143 2214 10067
123690184 140 964 10070
123721351 151 1614 10080
123771395 159 557 10095
123774569 156 2454 10096
123789592 155 1545 10100
123809109 144 2908 10106
123816880 142 1900 10108
123827742 156 344 10111
123839631 152 2596 10115
123874644 144 2924 10125
123876958 158 2823 10126
124062108 155 1508 10181
124106746 148 1162 10196
124204249 143 2225 10225
124230336 143 2651 10232
124253738 159 1554 10239
124301192 142 2911 10253
124317523 143 653 10258
124341129 142 1534 10265
124363112 152 990 10272
124400692 146 699 10283
124408203 156 1667 10285
124418385 148 2813 10288
124421966 158 2444 10289
124486411 142 2608 10308
124544833 158 2700 10325
124560073 143 2321 10330
124597667 142 1864 10342
124612835 149 2903 10347
124633534 146 325 10353
124683600 140 1383 10368
124702234 157 450 10374
124751307 140 2139 10389
124839337 143 1710 10416
124848768 142 148 10419
124862679 145 1199 10423
124937154 158 854 10444
125028172 140 279 10471
125130201 156 2292 10502
125161707 147 1980 10512
125181995 156 145 10518
125197520 149 2295 10523
125373148 149 2332 10574
125389423 145 2850 10579
125392379 156 2092 10580
125421524 152 1848 10589
125482911 143 1490 10606
125491057 159 2374 10608
125508992 142 1407 10613
125524092 142 622 10617
125560372 153 757 10628
125610310 147 772 10643
125616371 151 2258 10645
125714233 158 1113 10676
125724428 155 59 10679
125933544 141 1695 10742
125954232 141 108 10748
126034752 159 1075 10772
126122278 141 2146 10800
126155836 159 824 10811
126171865 157 1532 10816
126182480 148 964 10819
126275089 158 227 10847
126303665 146 870 10856
126362827 145 359 10874
126383787 140 1992 10880
126540169 145 837 10928
126553491 147 1995 10932
126562390 155 1502 10935
126715416 148 1970 10981
126752498 145 2596 10993
126762052 149 2586 10996
126808862 159 743 11010
126918924 153 1013 11043
127061875 148 334 11086
127181405 151 647 11121
127193735 154 1113 11125
127205088 151 275 11129
127211069 155 1171 11131
127315374 143 2517 11163
127383975 149 2157 11184
127429133 148 768 11198
127439654 149 2493 11201
127471754 143 2065 11211
127500363 146 1506 11219
127531908 159 938 11228
127553369 140 436 11234
127576980 145 138 11241
127689551 159 398 11274
127698499 157 2078 11277
127835325 143 2612 11318
127872887 149 2845 11329
127939293 140 1397 11348
127971098 152 2417 11358
128007280 159 634 11368
128034277 159 2719 11376
128167015 146 1503 11417
128172263 156 1412 11419
128199045 158 2507 11426
128231959 148 579 11435
128272280 152 2683 11447
128279831 148 2355 11449
128283658 141 2287 11450
128308718 142 1093 11457
128390406 154 150 11481
128405094 151 2658 11485
128428993 158 2908 11492
128454584 159 1816 11499
128514653 155 2093 11517
128518185 149 2370 11518
128538068 152 2160 11524
128545255 150 2808 11526
128579661 157 71 11537
128586448 140 1866 11539
128644771 150 1066 11557
128655508 145 1627 11561
128664903 151 2344 11564
128683962 158 1759 11569
128723940 154 1644 11581
128740964 152 2691 11587
128766065 152 540 11595
128939046 149 1369 11646
128997968 152 2435 11666
129046999 156 2776 11681
129055480 155 1467 11684
129069571 152 835 11689
129130757 153 65 11709
129168929 159 613 11720
129296581 146 784 11758
129371472 142 2274 11781
129407189 153 879 11792
129520445 156 1976 11825
129618222 159 258 11856
129699889 143 379 11879
129753009 152 784 11895
129755917 158 1008 11896
129783597 148 678 11904
129806342 153 54 11911
129819901 143 2288 11915
129888264 144 1527 11936
129955720 146 2546 11956
130018443 143 917 11974
130189822 158 2174 12025
130235545 143 2489 12038
130253127 149 1346 12044
130289533 159 1739 12054
130345933 144 2484 12071
130364291 145 2567 12077
130604524 158 1815 12149
130629926 150 2990 12156
130670104 140 2974 12168
130727999 145 661 12185
130834934 158 1792 12216
130885894 159 235 12232
130915225 153 1762 12241
130936839 153 459 12248
131007548 142 1397 12270
131099874 155 1231 12298
131107177 155 802 12300
131110957 143 1985 12301
131180719 149 382 12323
131184138 145 1244 12324
131218710 154 1079 12335
131307655 148 1136 12362
131507067 149 1637 12425
131533464 149 2010 12433
131587413 144 2726 12448
131593912 159 1909 12450
131601010 156 2457 12452
131640930 145 2069 12464
131675580 158 360 12474
131772266 147 2418 12502
131822685 154 2209 12517
131830260 146 1615 12519
131855902 156 1143 12527
131962784 158 1130 12559
131997260 146 1787 12570
132021129 141 1900 12577
132052375 149 1296 12587
132066533 151 1758 12591
132097559 148 2195 12600
132122537 156 254 12607
132203641 147 1471 12631
132210395 152 1002 12633
132241980 140 1324 12642
132338172 144 444 12671
132470977 141 1396 12713
132571930 152 2125 12744
132577477 154 440 12746
132585937 144 1386 12749
132598878 158 2016 12753
132611309 157 1202 12757
132647314 153 482 12768
132682636 155 677 12780
132764686 149 523 12804
132768519 146 2487 12805
132879949 157 1451 12839
132897617 154 927 12844
132936146 147 254 12856
132942924 145 2656 12858
132944855 141 1525 12859
133028364 142 275 12884
133031709 141 1646 12885
133083796 142 2642 12900
133101343 146 1862 12905
133117991 141 2342 12910
133147448 152 2296 12919
133156623 159 2353 12922
133164129 148 2359 12924
133188366 152 2281 12931
133224886 145 2490 12942
133299858 149 339 12966
133333021 157 878 12977
133346488 158 50 12981
133384006 158 390 12993
133420184 146 1341 13005
133469070 149 2689 13019
133483191 141 329 13024
133491266 146 2394 13027
133508648 145 2624 13032
133620851 152 1607 13065
133627038 142 140 13067
133634241 147 44 13069
133697851 142 891 13089
133751078 159 724 13103
133884575 156 2092 13142
134126999 142 1211 13215
134168497 158 1113 13228
134233563 145 1946 13248
134410402 159 2742 13299
134554275 142 165 13340
134606547 149 444 13357
134679624 141 1763 13380
134686531 152 1243 13382
134750078 155 306 13400
134777274 141 1412 13409
134794522 147 89 13415
134824528 142 2591 13424
134855136 143 897 13434
134904407 152 26 13449
134910660 142 2984 13451
135089226 144 135 13502
135154874 154 2941 13524
135177561 140 1138 13532
135226175 150 139 13546
135229987 151 2341 13547
135255276 151 2997 13555
135349590 153 1177 13585
135410916 150 972 13603
135499202 143 1638 13631
135546188 142 419 13645
135549679 146 1251 13646
135584765 152 1000 13656
135591106 150 2627 13658
135597247 152 1852 13660
135618301 159 2222 13666
135649213 144 2376 13675
135665513 154 2979 13680
135672688 149 662 13682
135683036 159 2201 13685
135712279 158 597 13694
135783711 155 625 13716
135800766 149 378 13721
135803279 153 2524 13722
135817035 152 871 13726
135824258 148 429 13728
135867443 143 663 13742
135935557 150 1602 13762
135978046 144 930 13775
136020893 151 2408 13787
136070313 144 1570 13801
136153457 159 1661 13826
136226857 150 2217 13846
136245227 145 404 13851
136254944 150 1279 13854
136295657 159 468 13867
136398132 153 2237 13896
136417782 152 1406 13902
136445134 146 2211 13909
136448224 145 2981 13910
136542641 155 996 13940
136570102 154 1729 13949
136615550 150 1150 13962
136768046 153 2391 14007
136771717 143 799 14008
136797050 146 1137 14016
136810737 152 1704 14020
136866544 158 159 14037
136961062 141 2907 14066
136988684 150 1289 14075
137056680 155 2586 14095
137067101 152 1693 14098
137086753 144 2142 14104
137092278 156 2383 14106
137196219 155 1138 14137
137200186 156 153 14138
137264196 141 589 14158
137322406 154 2734 14175
137394797 144 2038 14196
137436438 141 2843 14209
137449565 159 2287 14213
137461952 154 358 14218
137559040 152 1086 14248
137584825 141 1546 14257
137599364 140 1244 14261
137632712 149 1841 14272
137642829 152 2397 14275
137703624 153 1261 14293
137720974 149 1991 14298
137778101 141 424 14315
137787298 149 941 14318
137864048 152 1020 14341
137903045 154 153 14352
138057784 152 197 14398
138106194 156 1487 14412
138120300 148 860 14416
138229443 141 2538 14449
138305093 141 349 14471
138316138 150 133 14474
138342773 159 1039 14482
138365693 157 1375 14489
138455487 151 2527 14518
138462389 154 619 14520
138557307 158 1883 14547
138601479 153 2392 14561
138758362 156 754 14609
138828184 145 760 14629
138853168 149 2397 14637
138937959 150 1782 14662
138942120 156 2972 14663
139017558 153 1131 14685
139076745 159 2266 14704
139092305 146 2180 14709
139231729 146 2735 14750
139250619 141 1927 14756
139348952 141 2923 14785
139469592 152 2568 14822
139538694 153 892 14844
139627353 153 1568 14871
139723100 159 2735 14900
139920399 159 2814 14959
139944140 158 1508 14966
139955051 144 555 14969
139969813 148 43 14973
140024060 159 1964 14989
140046045 147 507 14996
140078920 141 1869 15007
140086371 152 1677 15009
140097012 140 1803 15012
140143055 149 43 15026
140164412 150 2783 15032
140269880 158 2627 15064
140283263 152 2805 15068
140306601 153 2663 15075
140313030 152 105 15077
140328051 143 2596 15081
140348973 145 2474 15088
140425114 147 300 15111
140486108 159 1967 15128
140528362 151 2648 15142
140559558 156 1994 15153
140563431 147 398 15154
140567764 159 2082 15155
140781262 151 552 15220
140824458 159 904 15234
140838737 142 1712 15238
140856363 153 1216 15243
140882003 145 2871 15251
140884579 150 534 15252
140908321 141 1950 15259
140924560 141 918 15264
140942529 140 2395 15270
140952127 155 1745 15273
140961226 142 308 15276
141008380 145 685 15290
141045557 157 241 15303
141084536 155 1412 15315
141128078 158 2869 15327
141162082 143 774 15338
141224609 149 350 15357
141267640 149 1533 15370
141336348 156 1420 15390
141524270 147 2203 15446
141526635 149 682 15447
141606920 159 2346 15471
141614340 157 1058 15473
141617426 153 1037 15474
141713028 143 473 15504
141802337 155 2821 15531
141938261 142 2707 15571
142086909 146 2171 15615
142136486 159 1019 15630
142150765 158 764 15634
142222654 159 961 15656
142254184 146 2390 15665
142362951 140 1183 15697
142384741 151 1892 15704
142406055 152 1003 15710
142524254 145 1812 15746
142526981 159 2361 15747
142533695 154 795 15749
142637305 150 2916 15780
142683044 142 2213 15793
142685267 147 558 15794
142723684 151 2744 15806
142831036 144 515 15839
142838476 156 2078 15841
142914798 144 2735 15864
142926806 156 476 15868
142977403 152 2044 15883
142996811 156 1740 15889
143029609 144 1279 15898
143037623 140 998 15900
143047605 148 523 15903
143076847 158 241 15912
143295354 159 2556 15981
143300983 147 525 15983
143331915 147 1996 15992
143357270 149 2272 15999
143384952 157 179 16008
143436515 157 1442 16024
143458132 142 334 16030
143506829 145 2601 16044
143587244 142 2929 16068
143635303 149 1795 16082
143699638 147 269 16100
143738204 140 779 16112
143761284 150 2585 16118
143860198 142 2019 16147
143864455 142 2726 16148
143877036 145 596 16152
143918416 141 1767 16165
143956581 144 1807 16177
143970129 157 1034 16181
143983542 150 370 16185
144011528 143 1339 16194
144130279 151 490 16230
144158702 158 1998 16239
144188498 144 2094 16248
144267736 145 1430 16272
144297806 150 855 16281
144450196 158 2922 16323
144494055 144 848 16336
144502024 145 847 16338
144600591 146 1584 16366
144681817 157 778 16392
144700028 158 921 16397
144727675 141 1260 16405
144736340 158 306 16408
144775971 158 2324 16419
144920479 158 2903 16462
144927362 151 1146 16464
144991204 146 369 16484
145045839 159 2098 16500
145080336 158 1890 16510
145131234 143 635 16525
145327266 159 82 16584
145343935 159 2385 16589
145380230 141 837 16600
145390152 159 1702 16603
145420529 154 2736 16612
145426341 155 1170 16614
145469729 146 54 16627
145568162 150 1475 16656
145580624 141 1761 16660
145826565 153 1117 16732
145840141 141 2751 16737
145962515 158 359 16774
145979019 158 2373 16779
146117934 149 1141 16822
146120410 158 2436 16823
146139334 147 1939 16829
146162252 140 133 16836
146174161 146 1341 16840
146259553 154 1333 16866
146287522 159 2830 16875
146309420 154 866 16881
146470291 150 2178 16929
146486239 153 1908 16934
146502504 140 1251 16939
146562982 147 1297 16957
146596555 157 2293 16968
146643388 140 344 16981
146778065 142 1306 17020
146847125 151 329 17040
146877433 141 2701 17049
146938227 144 2598 17067
146990809 157 1762 17084
147015775 159 139 17091
147107995 141 2196 17117
147125178 152 862 17122
147188232 143 1521 17142
147277598 141 1805 17170
147306836 144 781 17179
147313531 141 1579 17181
147329651 159 1129 17186
147406116 158 844 17210
147556069 159 2111 17255
147593266 157 1101 17266
147635911 150 1031 17279
147645892 153 1595 17282
147672336 150 1443 17289
147692583 149 2222 17295
147721323 152 2486 17304
147795759 149 2210 17326
147948371 148 9 17370
147955286 156 2500 17372
148004091 144 712 17388
148044541 157 1697 17400
148055683 158 2962 17403
148061970 154 100 17405
148189842 153 2685 17444
148256951 152 2529 17464
148414703 155 1062 17510
148443002 144 1192 17518
148736193 148 360 17607
148789538 158 542 17623
148930565 150 2262 17666
149073634 159 2159 17705
149084979 159 2635 17708
149116868 155 1570 17718
149169197 150 2500 17733
149203437 147 377 17744
149205997 156 1574 17745
149248542 147 1958 17758
149262939 157 889 17762
149371301 144 2507 17797
149470498 157 1288 17826
149569325 158 2088 17855
149582189 153 862 17859
149662857 143 666 17884
149697928 159 2285 17895
149729174 142 1081 17904
149738421 148 967 17907
149771213 149 586 17916
149776921 151 1840 17918
149806719 145 68 17927
149835896 148 1785 17936
149851357 144 1444 17941
149855250 151 1692 17942
149873529 158 2808 17948
149911022 157 1537 17960
149932397 156 2093 17966
149935277 155 1218 17967
149955756 148 2183 17974
149983142 145 2424 17983
149998819 152 2579 17988
150011163 153 1115 17992
150047965 156 1335 18003
150052298 146 2602 18004
150139430 145 2057 18031
150190677 156 2472 18046
150316862 157 788 18086
150367205 152 1089 18101
150566843 148 1065 18160
150665506 140 2785 18190
150707050 148 284 18202
150760443 158 1228 18218
150768622 143 547 18221
150789294 158 749 18227
150805427 145 2473 18232
150890145 142 2126 18258
150975276 151 1113 18284
151097103 148 32 18320
151135784 145 1696 18331
151144033 151 607 18333
151172861 154 484 18342
151264779 153 1603 18368
151290765 149 2394 18376
151307261 154 2650 18381
151405519 159 2929 18411
151611221 152 2694 18473
151665639 145 1613 18489
151752144 147 892 18515
151770694 159 1174 18520
151782880 151 350 18524
151786016 158 385 18525
151793617 152 175 18527
151799551 144 2648 18529
151953566 150 1772 18575
152013873 146 2672 18592
152198857 156 2186 18647
152299684 140 662 18677
152344753 146 2659 18691
152393430 147 2731 18706
152437852 159 752 18719
152473662 140 997 18731
152489616 158 2044 18736
152525889 145 1559 18746
152542855 145 2614 18751
152549564 152 627 18753
152576117 142 477 18761
152589627 141 1733 18765
152611603 154 1111 18771
152696040 150 1896 18796
152703400 152 1220 18798
152731556 152 1825 18807
152769553 140 510 18818
152814442 155 921 18831
152898062 150 1592 18855
152955993 154 1470 18873
152959032 149 36 18874
152999286 155 1102 18886
153017961 143 2015 18891
153047878 158 259 18900
153061808 151 1856 18905
153088586 158 2775 18913
153138987 153 1524 18927
153142371 148 2476 18928
153198993 158 1954 18945
153242759 142 1360 18958
153297952 157 556 18974
153307348 153 89 18977
153383295 144 224 19000
153480123 155 750 19031
153544658 148 2933 19051
153566893 146 825 19057
153593762 158 1915 19065
153617528 141 2006 19072
153638995 150 2979 19078
153647815 147 283 19081
153711006 145 2340 19099
153744152 151 231 19109
153747708 141 706 19110
153754362 145 749 19112
153760599 144 2644 19114
153829990 141 368 19135
153950830 159 2035 19170
154002290 147 629 19185
154018956 144 2372 19190
154221206 143 1778 19251
154311739 147 1683 19279
154396191 141 2614 19305
154406227 143 13 19308
154550986 153 1772 19353
154600373 143 46 19368
154662959 154 737 19387
154695769 151 2121 19397
154709113 143 713 19401
154719040 140 2595 19404
154731377 143 1970 19408
154751047 156 2431 19414
154933427 142 1239 19466
154972944 153 1851 19477
155016418 153 1776 19490
155037969 156 1419 19496
155041660 159 2919 19497
155043869 142 1779 19498
155071264 155 1632 19506
155177216 158 172 19537
155252415 151 1678 19559
155255732 141 2033 19560
155388465 140 1485 19598
155430020 140 2658 19610
155520978 152 2936 19635
155527894 154 469 19637
155574674 149 443 19652
155604396 159 1465 19661
155660895 146 464 19678
155748382 158 2919 19706
155806241 142 106 19723
155825288 140 1049 19728
155926722 155 2383 19758
155932569 159 2569 19760
155980458 151 1017 19774
156003491 150 711 19781
156024735 158 1559 19787
156028361 157 2870 19788
156035898 149 50 19791
156086218 142 408 19807
156151261 148 1110 19826
156160855 159 2260 19829
156235702 142 180 19854
156267342 153 1128 19863
156270144 156 278 19864
156291852 154 1405 19871
156340466 145 2562 19886
156351240 159 2120 19889
156386693 159 1860 19899
156424597 150 2778 19910
156492611 156 1292 19931
156717462 147 1846 20001
156735880 158 2698 20006
156742558 150 52 20008
156760633 142 2611 20013
156789478 145 940 20023
156945724 143 2363 20069
157005945 140 1704 20088
157035373 158 1923 20097
157159434 144 37 20133
157184324 144 1985 20140
157191238 156 909 20142
157263756 153 2743 20165
157279846 159 489 20170
157285860 156 829 20172
157461455 147 1569 20223
157474508 143 1569 20227
157527668 155 2006 20243
157544149 140 782 20248
157550661 144 866 20250
157570267 151 541 20256
157601099 159 2807 20265
157629067 159 1569 20273
157647931 151 1124 20279
157707091 150 2685 20297
157765377 156 1667 20315
157861430 141 2683 20343
157870096 156 391 20345
157955264 159 2407 20371
157992347 149 542 20382
158004588 159 1261 20386
158064604 155 2863 20404
158068613 140 2283 20405
158087163 142 1329 20410
158123229 144 2107 20421
158175276 145 2320 20436
158182524 153 2837 20438
158313385 156 288 20476
158407934 159 1620 20504
158470488 144 824 20523
158505860 145 1462 20534
158513635 141 430 20536
158522758 144 958 20539
158553351 149 866 20548
158853816 146 1797 20640
158861650 150 2126 20642
158896431 146 2903 20653
158934933 153 1792 20664
158940287 159 1284 20666
159053797 159 2673 20700
159115666 152 2559 20718
159127479 143 1331 20721
159167032 154 1227 20733
159230230 154 979 20753
159280818 144 819 20769
159294505 148 2991 20773
159343082 159 858 20786
159352253 140 1343 20789
159394998 158 735 20803
159500583 149 2475 20834
159564197 140 537 20854
159583354 150 2570 20860
159632080 152 539 20875
159634964 149 205 20876
159703428 150 2919 20896
159748629 142 1708 20909
159775009 145 11 20916
159821119 140 1435 20930
159844923 157 2426 20937
159879648 151 124 20947
159895808 148 2199 20952
159952320 159 89 20970
159957809 148 1597 20972
159964037 152 157 20974
160031534 155 1221 20995
160108036 148 1985 21018
160141744 150 1483 21028
160155459 152 1271 21032
160159509 145 749 21033
160165853 145 2165 21035
160181118 151 2472 21041
160298654 147 2261 21076
160399247 157 2737 21106
160410411 159 206 21109
160414389 152 992 21110
160461524 157 940 21125
160471054 146 2422 21129
160535269 146 2861 21149
160594009 153 538 21166
160688370 153 2777 21194
160703607 151 246 21199
160705576 140 2715 21200
160725029 142 2608 21206
160731535 149 74 21208
160754313 149 1147 21216
160773520 156 1259 21222
160832573 149 16 21240
160908892 144 1604 21265
160979069 143 2384 21286
160995318 142 1700 21292
160998282 154 2823 21293
161028197 145 636 21302
161098142 148 2790 21322
161119041 148 597 21329
161196180 143 2598 21350
161239178 147 760 21363
161377747 147 1097 21405
161400355 153 1136 21413
161536563 145 75 21455
161692562 154 2794 21502
161749001 140 685 21520
161824215 152 2951 21543
161838779 145 2616 21547
161975113 148 2315 21588
162103639 155 1474 21626
162182150 153 550 21649
162212070 154 1180 21658
162252671 150 408 21670
162260609 151 2785 21672
162309692 143 928 21687
162339817 140 433 21697
162344519 145 836 21699
162399620 150 433 21715
162426968 141 1838 21723
162471897 151 2643 21736
162533396 140 1500 21754
162628399 140 1035 21784
162696932 159 659 21804
162718027 150 510 21810
162790764 154 2172 21831
162794918 148 1291 21832
162814155 152 1786 21838
162876331 143 429 21857
162889957 142 403 21861
163020802 147 543 21898
163110978 141 2976 21925
163222943 149 1257 21961
163241427 151 2132 21967
163253243 153 1402 21971
163291204 146 2273 21982
163376365 147 696 22009
163402263 156 577 22017
163411016 158 1437 22020
163427542 151 616 22025
163430961 154 2629 22026
163542838 157 2671 22059
163605560 148 1487 22078
163686590 144 1811 22101
163759757 150 544 22124
163769525 157 1779 22127
163800821 152 312 22137
163853978 140 2450 22153
163898566 150 2247 22166
163977173 159 2602 22189
164017524 159 2191 22201
164023360 147 2420 22203
164043320 141 1176 22209
164103918 145 777 22227
164126657 140 1008 22234
164288583 145 1602 22283
164321985 144 33 22293
164355151 144 1847 22303
164364851 144 2377 22306
164395154 154 1121 22315
164463312 149 1182 22335
164609986 140 17 22379
164645651 140 1270 22391
164687265 156 2746 22402
164752665 157 663 22421
164787255 156 2594 22432
164852900 144 1544 22451
164979136 147 704 22489
164998720 149 2891 22495
165007144 159 1142 22498
165035227 140 45 22506
165207579 156 640 22556
165276976 143 237 22578
165391297 158 601 22611
165393768 143 714 22612
165414404 150 835 22618
165493989 143 1880 22641
165532585 159 1950 22653
165592661 144 873 22671
165629686 140 2035 22682
165633409 142 264 22683
165845846 149 993 22745
165860729 159 564 22749
165871227 153 1863 22752
165911892 153 611 22764
165978376 147 1514 22785
166110211 152 390 22825
166166580 144 1696 22842
166276459 146 1688 22874
166295363 145 2745 22879
166302329 154 974 22881
166336450 152 1102 22892
166360401 159 1825 22899
166450881 159 402 22926
166507338 157 1338 22943
166560844 145 287 22958
166578675 152 2775 22964
166661514 149 267 22989
166684147 158 2166 22996
166706603 140 2644 23003
166725174 153 1871 23009
166753157 145 706 23017
166763359 157 39 23020
166788199 153 1835 23028
166816154 158 2457 23036
166826872 141 977 23039
166833466 153 213 23041
166933925 141 1697 23074
166970009 148 1634 23084
166983959 152 895 23088
167038774 158 2005 23104
167075017 153 2836 23115
167157134 152 1429 23140
167173940 147 2501 23145
167289565 155 1976 23180
167336921 142 2364 23194
167341134 153 2786 23195
167373856 147 571 23204
167411276 154 2167 23215
167495023 153 918 23241
167594881 147 1803 23272
167710036 150 1436 23306
167823761 141 724 23340
167835146 153 227 23344
167849157 155 548 23348
167885649 158 808 23359
167928531 147 2374 23372
167978985 148 912 23387
168100713 153 1033 23423
168183469 151 1567 23448
168189340 143 2339 23450
168222328 140 2725 23460
168279465 140 1585 23476
168304938 141 1390 23484
168483979 141 2775 23540
168536376 151 1606 23555
168538590 149 154 23556
168554451 143 2923 23561
168794795 154 2745 23635
168797400 150 76 23636
168837631 140 2342 23650
168932569 140 1737 23677
168981891 156 2370 23691
168987103 149 1896 23693
169122950 148 1017 23735
169129102 150 1213 23737
169133086 149 2108 23738
169185837 151 1574 23754
169348955 155 2378 23801
169374262 144 1859 23808
169479712 148 2920 23840
169494491 150 466 23844
169534299 144 2423 23856
169548161 147 274 23861
169557995 141 2617 23864
169578055 144 575 23870
169632739 148 708 23886
169647859 151 412 23891
169729699 153 2511 23917
169797189 156 2002 23937
169822351 158 1026 23944
169832425 156 1452 23947
169904083 147 1778 23969
169960102 156 2274 23987
170051274 149 1957 24016
170141825 141 192 24044
170152575 152 1030 24048
170167379 141 2180 24052
170430855 159 1844 24131
170469729 141 1236 24142
170528815 151 1432 24161
170565264 146 2283 24171
170750901 142 95 24227
170810025 149 49 24245
170820209 141 1343 24248
170831895 156 2940 24252
170878522 145 2443 24266
170882208 147 1641 24267
170898868 156 262 24272
170956259 157 2991 24289
170998951 158 391 24303
171074064 149 1815 24325
171095232 151 110 24332
171142186 159 1041 24346
171169366 141 1162 24355
171198392 141 1635 24363
171222339 140 2758 24371
171232948 152 1938 24374
171235158 146 116 24375
171271421 146 2257 24386
171361517 149 142 24413
171505788 156 1199 24456
171540375 158 716 24466
171583504 141 2318 24479
171729406 140 318 24523
171758135 147 956 24532
171768743 155 1183 24535
171792820 148 1400 24543
171802376 158 1231 24546
171865305 145 947 24566
171868824 159 1701 24567
171914241 159 938 24580
171943075 141 1091 24588
171963564 142 325 24594
172038946 156 2593 24616
172065077 147 458 24624
172078310 156 2114 24629
172099243 146 1549 24635
172203358 148 285 24666
172264252 157 2548 24683
172274046 142 398 24686
172316943 147 1450 24699
172334881 144 2508 24704
172433946 154 1558 24733
172436792 159 193 24734
172537908 152 2730 24764
172618771 140 618 24790
172646907 147 2038 24798
172660905 157 709 24802
172663963 146 2312 24803
172694526 151 1963 24811
172710470 148 2052 24815
172740227 156 1327 24824
172788317 146 1324 24838
172793703 155 2198 24840
172848871 148 1165 24856
172852187 146 2230 24857
172957386 146 2268 24891
173019896 159 1585 24909
173050802 153 2900 24919
173056147 152 2422 24921
173142574 152 1650 24946
173157390 143 1655 24951
173212469 156 2087 24969
173249738 154 1539 24980
173277947 147 2850 24989
173285463 143 2606 24992
173378936 141 2836 25020
173395743 152 100 25025
173487838 146 2609 25051
173568708 140 1157 25076
173614989 142 1862 25090
173765448 159 860 25136
173787594 141 2785 25143
173836856 150 65 25160
173903305 155 1210 25179
173951313 159 89 25193
173961494 141 1809 25196
173991565 158 2487 25205
174096303 159 463 25236
174107842 151 2828 25239
174125288 153 452 25244
174137762 142 991 25248
174210912 159 162 25269
174249582 147 967 25280
174370667 150 1159 25319
174421180 143 1169 25335
174505292 158 2801 25360
174508605 145 94 25361
174517350 146 1386 25364
174544454 143 623 25372
174552256 141 820 25374
174565953 140 44 25379
174603704 150 165 25391
174615579 152 486 25394
174704663 143 540 25422
174731937 150 596 25431
174780330 152 1924 25445
174793076 152 1645 25449
174817992 159 1469 25456
174872400 151 482 25472
174888271 156 2939 25477
174905001 152 1334 25482
174964827 143 544 25501
175055012 143 1766 25528
175090789 140 2523 25539
175123839 149 264 25549
175175238 156 1018 25564
175179236 158 2359 25565
175233494 153 638 25581
175269671 144 200 25591
175311684 150 2746 25605
175321952 146 610 25608
175475773 154 2054 25655
175567591 153 2783 25682
175650035 155 1207 25708
175654564 145 1642 25710
175661449 142 583 25712
175739339 148 2847 25737
175754530 149 1306 25742
175781345 158 2182 25751
175798856 140 1416 25756
175846225 143 1734 25770
175933817 152 2361 25797
175939862 159 1899 25799
175988473 146 62 25815
176048687 148 2140 25832
176175406 141 657 25871
176202745 156 1672 25880
176554889 140 1629 25985
176574899 156 2485 25991
176610264 158 2152 26001
176622800 148 1312 26005
176625797 151 1117 26006
176635930 150 1846 26010
176750011 143 2597 26044
176803493 143 1598 26060
176825950 152 2026 26067
176850957 152 164 26074
176889399 159 694 26087
176977243 145 1504 26113
177032250 153 266 26130
177042816 158 605 26133
177063939 146 576 26139
177094038 145 623 26148
177127927 143 1818 26158
177299091 146 2637 26209
177412066 154 833 26242
177507591 144 2100 26270
177559492 144 2311 26286
177578366 158 2793 26292
177606760 149 1958 26300
177629185 152 797 26306
177709517 140 2222 26332
177713850 151 693 26333
177716859 142 126 26334
177778599 147 694 26352
177838237 148 2251 26370
177848698 142 1661 26373
177862103 156 1270 26377
177902837 151 1046 26389
177955519 142 1828 26406
177962651 156 2684 26408
178049738 141 1958 26434
178090649 144 2031 26446
178119818 147 2415 26456
178205177 159 1814 26483
178243762 159 2409 26496
178317326 142 1446 26517
178334894 152 1122 26522
178358496 142 718 26529
178405404 145 1157 26543
178494551 147 1441 26569
178510238 149 240 26574
178571066 154 1765 26592
178586232 158 1966 26596
178675540 149 2209 26623
178772765 152 2247 26651
178810890 159 2784 26661
178835994 155 918 26669
178934220 155 2817 26698
178969093 144 2444 26710
179110580 142 1718 26753
179269057 145 2126 26799
179271227 157 2293 26800
179274012 142 2557 26801
179363954 159 1635 26829
179429858 157 604 26849
179498152 145 1111 26870
179603308 158 1106 26903
179606195 143 2146 26904
179648142 150 2743 26917
179665414 150 725 26922
179773518 154 2550 26954
179790480 147 402 26960
179799396 154 302 26963
179863080 151 953 26983
179893916 148 1673 26992
180012185 156 1705 27027
180061775 144 208 27042
180076501 149 1079 27046
180108340 147 664 27055
180249045 147 2734 27096
180259288 156 96 27099
180289985 158 778 27109
180310792 150 316 27115
180322192 159 899 27119
180366637 159 1473 27134
180388166 140 242 27140
180437705 159 1388 27154
180587166 140 1226 27198
180635300 158 893 27212
180749624 156 2867 27247
180761242 156 1905 27250
180788977 157 2912 27258
180827581 143 304 27269
180846576 159 2299 27275
180854911 142 1420 27278
180873112 153 2898 27283
181043986 153 2588 27334
181078167 159 2110 27344
181106940 151 895 27353
181150350 151 1177 27365
181223618 155 511 27388
181241121 156 2946 27393
181264412 147 758 27400
181331346 140 1864 27421
181497570 146 1359 27473
181567984 151 532 27494
181626551 154 303 27513
181655695 140 2782 27521
181658776 157 2180 27522
181723266 150 2005 27540
181835646 147 2312 27576
181849467 149 743 27580
181918917 158 28 27603
181949412 148 2495 27612
181996969 140 311 27626
182103615 151 1074 27657
182169036 156 501 27677
182226892 149 1825 27695
182378397 157 106 27741
182382730 157 2650 27742
182413489 147 2044 27751
182558014 145 2584 27793
182581939 142 2037 27800
182600828 140 2362 27805
182653041 142 952 27820
182684693 145 1931 27831
182799649 151 1030 27865
182859156 142 362 27883
182907990 142 2364 27898
182942516 151 2246 27908
182946519 155 1292 27909
182963156 149 2274 27914
183149819 149 2769 27969
183183961 147 902 27981
183245491 142 1009 28001
183252912 154 1788 28003
183259342 150 2648 28005
183273326 157 1341 28009
183388968 150 2564 28045
183427648 145 1158 28057
183451606 159 1798 28064
183464755 146 1654 28068
183514962 153 983 28083
183584647 141 1285 28104
183637762 141 1619 28121
183670561 144 992 28132
183673868 153 1192 28133
183740429 151 2054 28153
183854680 153 1366 28189
183941076 152 2087 28213
183948093 141 2958 28215
184002117 152 1716 28230
184009229 151 58 28232
184025778 150 1285 28237
184081781 142 2005 28255
184110604 157 205 28264
184188533 146 87 28287
184227877 156 2325 28299
184235648 144 1466 28301
184242879 154 6 28303
184312830 155 1847 28325
184332647 155 85 28331
184378955 142 2117 28345
184445435 142 361 28366
184460352 154 1414 28371
184493821 142 1574 28381
184575969 146 334 28406
184640655 142 2908 28426
184643263 145 2808 28427
184692704 143 483 28442
184709790 143 1156 28447
184733463 149 1266 28454
184746448 143 2231 28458
184836326 159 2951 28487
184886196 147 1651 28503
184898426 145 817 28506
184905532 140 2740 28508
184993984 149 1150 28535
185013211 158 461 28541
185153827 152 434 28583
185163575 159 2510 28586
185188527 141 1554 28594
185384522 153 2459 28652
185443238 152 2776 28670
185447033 151 937 28671
185501321 156 2565 28687
185504082 150 616 28688
185580009 158 548 28713
185681319 158 868 28742
185745301 144 358 28762
185754113 149 2189 28765
185775864 144 238 28771
185841071 140 929 28791
185917933 159 740 28814
185968894 150 3 28829
186007876 151 1806 28841
186060942 146 766 28858
186087698 159 1033 28866
186361772 151 894 28952
186383786 145 993 28959
186408022 148 544 28966
186423469 151 2457 28970
186441603 141 46 28976
186490477 154 1486 28991
186522162 152 926 29001
186671795 147 126 29046
186705322 155 213 29056
186763471 157 2867 29073
186908943 140 851 29115
187124259 159 2166 29179
187173402 147 1121 29194
187321719 157 322 29236
187358257 144 1260 29247
187367826 152 2262 29250
187395714 152 2333 29259
187427879 154 2778 29268
187435699 153 2987 29270
187513790 153 1152 29293
187522293 159 551 29296
187536924 140 1823 29300
187567405 145 2610 29309
187597498 151 1000 29319
187630941 156 2978 29330
187673361 148 1058 29343
187676768 159 2338 29344
187707149 157 89 29353
187785340 152 497 29376
187899028 145 509 29410
187973651 156 1665 29433
187987836 156 2099 29437
188015999 141 1820 29445
188297133 143 788 29529
188361451 149 2378 29546
188384553 157 494 29553
188513528 149 1380 29591
188550811 144 857 29603
188613448 151 1331 29623
188636780 158 1798 29631
188654402 148 521 29636
188672889 140 1598 29642
188690705 144 2665 29648
188713982 142 1150 29655
188793302 143 1687 29678
188813938 152 848 29684
188904479 151 2601 29711
188957645 156 1174 29727
188969098 144 440 29731
189081611 140 493 29764
189171620 142 623 29791
189175396 150 2617 29792
189180093 142 2502 29794
189245701 142 1556 29815
189252859 159 1039 29817
189388350 144 1672 29856
189404986 148 1195 29861
189496495 154 1477 29889
189605829 151 1577 29922
189623655 147 443 29927
189627162 154 2709 29928
189630729 151 1501 29929
189669594 143 1846 29941
189773172 148 1134 29973
189778391 146 2057 29975
