417303 220 1157 20
1317363 236 1766 65
1496033 222 1464 74
2036184 220 598 103
2163318 232 1705 110
2254434 234 1212 115
2295125 233 325 117
2469038 233 281 126
2609057 228 1940 133
2756872 228 1351 140
2976527 229 499 151
3326969 222 182 168
3347160 232 330 169
3511634 239 1602 177
3860165 221 1550 194
4175376 238 932 211
4467642 226 1683 226
4928967 236 1956 248
5438559 230 10 274
5493097 220 1291 277
5944496 220 1742 299
5968366 239 1839 300
6282140 226 1906 315
6794616 228 517 341
6879303 228 895 345
6938595 227 575 348
7124493 233 1889 357
7705452 238 298 387
7768834 223 1383 390
7822334 228 1508 393
8098137 234 1096 407
8302779 231 1578 417
8358507 220 243 420
8748628 224 1590 440
8806684 238 1365 443
9027731 238 1113 454
9360772 228 626 471
9383610 233 960 472
9890106 231 1046 497
10617131 223 817 534
11382946 227 1212 573
12431795 225 398 625
12659050 238 210 636
12674313 221 945 637
13225018 225 1924 664
13383923 234 931 672
13477022 225 924 677
13769717 236 1185 692
13828352 220 1283 695
13897110 234 1451 698
14380899 236 1523 723
14879197 238 573 747
15176950 227 1510 762
15346026 235 1804 771
15641489 221 121 786
15747017 233 1871 791
16126166 237 151 810
16478572 228 813 828
16607011 223 725 834
16867420 232 840 847
17460463 221 431 877
17606675 233 134 885
17809640 232 1299 895
17828020 231 854 896
18509507 221 1264 931
18551578 230 342 933
18877996 234 361 949
18898204 239 1556 950
19519955 228 1258 981
20461277 224 179 1028
20784592 224 1885 1045
20846496 237 770 1048
20868246 236 1836 1049
21362144 228 1700 1074
21522987 237 913 1082
22263810 221 1883 1119
22435586 237 867 1128
22895261 230 1640 1150
22916892 228 1312 1151
23171499 232 1976 1163
23188331 226 632 1164
23448884 227 829 1177
23775840 225 1347 1194
23897344 224 1126 1200
24229833 223 867 1217
24273376 237 564 1219
24373224 233 1355 1224
24452978 220 1850 1228
24541486 231 1366 1232
24939696 239 1025 1252
25045460 229 1138 1258
25208619 222 457 1266
25229119 239 495 1267
25426998 236 239 1277
25693310 238 221 1290
25715580 225 1640 1291
25804420 226 494 1295
25848080 222 236 1297
26280621 228 1620 1317
27033351 238 614 1355
27050585 239 1702 1356
27458728 238 1012 1377
28034696 221 1110 1406
28077301 236 1477 1408
28098161 234 85 1409
28453446 226 1935 1427
28588729 232 1107 1434
29102329 228 1332 1459
29320991 223 779 1470
29521434 228 944 1480
29575748 230 1075 1483
29659125 239 749 1487
29919070 238 1837 1500
29962197 237 1101 1502
30028707 232 1673 1505
30715268 235 116 1539
30970768 225 1003 1552
31248703 221 1578 1566
31769591 230 103 1591
32660536 228 1284 1635
34060842 221 636 1706
35135848 221 834 1758
35204361 237 898 1761
35427073 233 1253 1772
35632715 235 950 1783
36252282 220 757 1814
36345969 233 1444 1819
36437455 225 1251 1823
36482390 228 1207 1825
36538689 222 1732 1828
36989829 228 271 1850
37419778 235 1693 1871
37524239 239 30 1876
37685413 237 467 1884
38595779 223 1435 1931
38643974 224 957 1933
38715850 230 1632 1937
39033464 234 1798 1953
39421482 223 1827 1972
39607332 234 1388 1981
39916072 228 1550 1997
39996262 220 1885 2001
40860531 225 463 2044
40991657 227 379 2050
41205363 225 1912 2061
41265792 221 1600 2064
41424587 234 1248 2072
41463343 224 1977 2074
41655585 224 122 2084
41735001 225 868 2088
41818889 227 1513 2092
42415706 233 783 2122
42845624 235 1669 2143
42866719 228 145 2144
43098705 221 214 2155
43238548 234 1939 2162
43489236 222 61 2175
44002477 224 15 2201
44114299 234 374 2207
44183882 223 375 2211
44535862 229 1084 2229
44804240 221 155 2243
44845729 227 496 2245
45080418 236 289 2257
45733813 230 872 2289
45790653 226 1977 2292
46115071 227 544 2308
46266971 228 668 2315
46490679 223 1764 2326
46723118 239 1043 2338
47075195 224 677 2355
47677331 236 890 2384
49122437 236 781 2457
50405065 236 1902 2522
50608457 230 337 2532
51046110 224 1744 2554
51061383 228 1716 2555
51081127 220 911 2556
51184276 231 1457 2561
51701844 227 314 2585
52007610 230 1825 2600
52071842 239 597 2603
53352161 229 215 2668
53372913 222 425 2669
53391124 225 372 2670
53591925 233 91 2681
53681393 229 271 2685
53725931 231 1430 2687
53864826 235 1271 2694
54338004 237 1032 2717
54524538 229 113 2726
55694418 223 362 2786
56205683 229 710 2812
56221962 225 1653 2813
56281368 235 880 2816
56999412 234 629 2853
57039458 225 1777 2855
57252875 232 209 2866
57571917 221 1411 2882
58393310 220 1475 2922
58862425 223 411 2946
59564466 234 211 2980
59756153 230 1620 2990
60022578 226 1821 3003
60100014 228 779 3007
60430624 220 1091 3023
60447080 234 1677 3024
60574039 228 191 3031
60871403 235 17 3045
60995830 239 995 3051
61035708 220 222 3053
61255057 228 1960 3064
62063481 239 387 3105
62239839 221 419 3114
62285161 231 1570 3116
62325657 220 1324 3118
63469677 233 1393 3173
63489835 220 1409 3174
63812773 237 1977 3190
63985090 239 1193 3199
64048703 236 1111 3202
64224022 236 1681 3211
64548191 239 781 3228
64611023 236 685 3231
64843608 239 399 3243
65935295 229 1324 3298
66068546 238 788 3305
66194979 222 478 3311
66782700 237 340 3341
66799911 232 1435 3342
66874108 229 1839 3346
67202640 237 963 3362
67382469 228 862 3371
68348176 233 477 3419
68768556 231 216 3440
68941874 224 488 3448
68961193 236 1852 3449
69136061 237 696 3458
69663470 232 398 3483
70069872 226 560 3503
70347110 236 1533 3517
70945138 235 1825 3546
71064072 235 46 3552
71416976 235 929 3569
71911142 222 1919 3593
71990234 233 210 3597
72012880 237 823 3598
72031230 233 112 3599
73508991 222 1625 3673
73611691 221 443 3678
73938781 227 25 3694
73998890 226 1368 3697
74126476 228 946 3704
74428600 231 499 3720
74554230 220 1159 3726
75042540 224 231 3750
75426126 234 175 3771
75442915 233 1587 3772
75744318 228 296 3787
76062706 227 644 3803
76236916 222 393 3812
76997675 222 1499 3850
77495185 226 543 3875
78154317 223 1018 3908
78331220 234 1096 3917
78739661 234 844 3937
78880391 229 1667 3944
79142233 231 361 3957
79350096 221 1361 3967
79754925 231 123 3987
79975772 231 247 3997
80013497 224 355 3999
80369347 238 451 4016
80593325 220 1064 4027
81261662 229 227 4061
81550607 233 1524 4076
82336654 232 1755 4114
82453209 227 1049 4120
83131834 233 1845 4154
83343386 221 895 4165
83824441 235 263 4189
83859182 222 1392 4191
83994960 222 1725 4198
84171900 236 1248 4207
84275191 228 666 4212
84298642 235 212 4213
84393127 230 1931 4218
84512646 233 1022 4224
84556473 225 1433 4226
84701007 239 1467 4233
84816202 237 1091 4239
84950380 231 225 4246
84969566 220 1851 4247
85426276 226 1267 4269
85446823 225 1447 4270
85808041 236 1934 4288
86059328 230 1589 4302
86743631 235 211 4337
86858271 239 956 4343
87024262 236 1247 4351
87367946 237 558 4368
87403488 237 688 4370
87562488 236 165 4378
87993577 230 759 4401
88011445 225 1612 4402
88035337 237 1757 4403
88197235 221 747 4411
88838076 229 1973 4443
88876764 232 64 4445
89806411 229 552 4491
90259803 227 1319 4514
90987110 238 623 4551
91046140 221 1140 4554
91207771 220 51 4562
91342844 233 1536 4569
92108608 221 834 4607
92124466 231 1675 4608
92475933 222 1739 4626
92594116 238 1959 4632
92718335 227 1624 4638
92868341 221 758 4646
93017087 221 1408 4653
93264161 225 1557 4665
93595050 225 361 4681
93825332 239 381 4692
93863255 233 583 4694
94077319 226 1612 4705
94158006 220 1718 4709
94544882 229 748 4728
94566988 235 238 4729
94780400 225 1605 4739
94897235 226 1023 4745
95020790 224 84 4751
95190138 239 1390 4759
95232999 237 709 4761
95583110 234 1320 4779
95806752 227 1437 4791
96231040 230 1128 4813
96270014 220 575 4815
97123175 235 1773 4858
97332813 225 1526 4868
97480488 220 1859 4875
97998183 235 66 4900
98051106 225 646 4903
98144128 239 660 4908
98628114 226 676 4930
98771964 238 934 4937
99622820 220 359 4979
99793543 220 1388 4988
100178166 231 503 5007
101272438 230 370 5062
101626273 222 1003 5080
101886991 222 422 5093
102099213 227 897 5104
102414042 233 1135 5120
102634687 232 1925 5131
102813850 235 308 5140
102831871 232 1012 5141
103047945 238 1896 5152
103106473 221 1556 5155
103357001 220 343 5168
103531140 234 614 5176
103716088 229 918 5185
104107896 220 1011 5205
104311987 230 1725 5215
104667999 225 1055 5234
104945817 224 831 5248
105239249 236 183 5263
105480066 237 536 5275
105707646 223 891 5287
105746049 222 416 5289
106053026 236 1164 5304
106117877 223 499 5307
107126604 239 355 5357
107706838 236 449 5387
107758137 229 1728 5390
108382931 224 1178 5421
108696208 232 1867 5437
109006072 237 1901 5453
109252477 237 1686 5465
109564776 226 663 5481
109587081 222 155 5482
110126913 230 618 5508
110268563 236 605 5515
110361456 236 947 5520
110384800 233 461 5521
110912929 224 69 5548
111224761 220 32 5563
111242068 222 1799 5564
111265590 229 1636 5565
111759596 232 1220 5590
111933955 228 1809 5599
112764643 239 241 5641
113095007 226 1813 5657
113691555 225 1128 5687
113729153 235 1111 5689
113945208 221 291 5699
114677735 222 1764 5735
115252928 229 282 5764
115433367 236 1048 5773
115517761 233 190 5777
116418590 237 513 5823
116571078 239 1285 5831
116588767 238 816 5832
116645584 225 1928 5835
116779849 231 371 5842
116990144 233 1067 5852
117091840 238 1080 5857
117272382 236 1622 5866
117490118 228 1248 5876
118076406 235 1993 5907
118325220 231 1201 5920
118362100 238 316 5922
118635198 223 494 5937
118906527 226 606 5950
118983894 231 1146 5954
119072193 231 1072 5958
119544935 233 108 5981
119760306 224 208 5992
120039304 221 1853 6006
120338908 226 1589 6021
120617837 223 1967 6035
121003665 223 283 6054
121636817 224 443 6085
122104305 239 1265 6109
122528923 226 61 6129
122651293 227 470 6135
122692004 228 1163 6137
122711877 234 1562 6138
122938480 232 1695 6149
122963480 226 600 6150
122985940 237 368 6151
123607972 225 624 6183
123732710 232 196 6189
123818120 237 1049 6193
125082844 239 66 6256
125555183 231 1645 6279
125871081 233 603 6295
126052053 230 978 6304
126186821 232 1762 6311
126374158 237 1335 6321
126889869 230 647 6348
126977251 226 1538 6352
127014303 228 1174 6354
127075024 236 111 6357
127296787 224 1731 6368
127869509 227 1361 6396
128029912 239 1402 6404
128426120 223 1918 6423
128466955 239 1028 6425
128585908 226 1946 6431
128607797 228 538 6432
128898116 233 1555 6447
129332510 231 764 6468
129958614 232 1379 6501
130016927 229 640 6504
130072925 239 952 6507
130091770 238 625 6508
131361875 239 1534 6569
131378982 233 1343 6570
131838502 235 1567 6595
132601476 231 630 6632
132758949 227 1709 6640
133408860 233 1332 6673
133444676 220 1232 6675
134280179 231 1585 6717
134487194 228 1743 6727
134929999 233 1756 6749
135327667 233 1798 6769
135846902 228 426 6795
135949007 223 772 6800
136462428 221 1377 6825
136485800 228 1931 6826
136933381 232 497 6848
136976764 226 1723 6850
136993063 228 34 6851
137178105 227 310 6860
137328233 238 873 6868
137915534 222 442 6897
138054606 223 1381 6904
138087587 221 1769 6906
138246987 231 169 6914
138477664 235 1802 6925
139808414 224 1409 6993
140262057 232 110 7016
140366190 234 255 7021
140641301 231 1711 7035
141060410 228 186 7056
141398618 225 7 7073
141800463 232 462 7094
142314384 239 1896 7119
142330887 239 435 7120
142586880 225 528 7133
142816042 238 342 7144
143016223 237 704 7154
143499742 230 1871 7178
143754238 225 843 7191
144676716 234 1697 7236
145243140 225 1997 7264
145320085 220 1208 7268
145335085 231 357 7269
145435819 238 620 7274
145488529 239 1931 7277
145566014 229 172 7281
146315666 232 1353 7317
146986531 223 618 7351
147308381 234 927 7367
147347562 226 1833 7369
147451376 222 1777 7374
147516376 226 788 7377
147632506 234 1576 7383
148258256 234 616 7414
148386843 233 60 7420
148697460 220 894 7436
149147910 227 1990 7458
149417206 226 907 7471
149454417 237 1503 7473
150077973 237 520 7505
150226163 239 1194 7513
150263432 228 291 7515
151065014 229 677 7556
151101976 235 1474 7558
152097808 227 1857 7608
152158028 221 1203 7611
152815161 227 21 7645
153247384 237 1480 7667
153474778 233 698 7679
153497406 237 822 7680
153661014 237 1777 7689
154091090 228 1613 7710
155060555 237 1928 7759
155231680 233 1962 7768
155972167 230 1134 7806
156121375 232 1983 7813
156426602 238 1463 7829
156588069 231 1206 7837
157438953 231 1130 7880
157460100 234 1065 7881
158423786 238 245 7929
158525120 229 901 7934
158684901 233 1624 7942
159070436 227 1488 7961
159527151 223 864 7984
159977211 230 920 8007
160356830 239 522 8027
160609242 230 1504 8039
160768271 223 357 8047
161465362 226 114 8083
161588566 221 288 8089
161691617 222 706 8094
162128046 238 1981 8116
162306992 222 1544 8125
162487373 223 303 8134
162525972 232 1513 8136
163224335 239 1424 8171
163378260 228 690 8179
163396051 229 485 8180
163542373 230 319 8187
163794439 229 742 8199
163999788 224 951 8210
164192130 230 1787 8220
164228000 224 927 8222
165169032 224 1598 8269
165605211 226 1120 8291
165661292 233 285 8294
166267188 235 1604 8323
166286319 220 387 8324
166347234 224 1997 8327
166647166 236 26 8342
166875941 223 1091 8354
166912329 220 1582 8356
166991529 233 1179 8360
167318420 234 544 8377
167580471 238 797 8391
167833714 229 693 8403
168199600 230 1577 8421
168274672 230 1424 8425
168937393 238 466 8458
168962393 233 345 8459
169046206 233 1107 8463
169240179 224 182 8473
169301271 221 495 8476
169815795 239 1721 8500
170179905 227 1625 8518
170217824 228 1164 8520
170466033 238 1683 8532
170488800 227 1489 8533
170523124 232 3 8535
170905033 228 1167 8554
171152702 238 1584 8566
171409751 220 548 8579
171507237 224 1214 8584
171796695 222 719 8598
171818959 221 1183 8599
172350873 226 1133 8626
172546265 237 253 8636
173531485 233 1786 8687
173877321 227 1808 8704
174357707 236 589 8727
175012020 227 1365 8760
175101421 238 1721 8765
175234030 239 860 8772
175573244 233 681 8789
175773136 230 46 8799
175830519 221 758 8802
176126095 236 1217 8816
176608421 233 1797 8840
176697750 222 519 8845
176828388 225 804 8851
177510996 226 1434 8884
177712803 231 1780 8894
177860528 227 1429 8901
178082280 222 793 8912
178204964 229 152 8918
178436470 237 85 8930
178650243 229 1368 8941
178968778 237 1593 8958
179635348 231 1348 8991
180253446 226 1764 9023
181264820 225 93 9074
181872578 239 1817 9103
181914758 238 113 9105
182713151 223 1514 9145
182796563 234 1800 9149
182911216 225 1244 9155
182971300 228 612 9158
183278596 232 555 9173
183490035 223 1499 9184
183957022 236 526 9207
184177811 227 1673 9219
184494286 235 363 9235
185194126 221 1012 9270
185369987 223 544 9279
185389501 236 1530 9280
185430511 231 1191 9282
186950580 234 1106 9359
187014261 224 391 9362
187812557 239 832 9400
188764655 232 1426 9451
189000992 227 749 9463
190427346 224 1092 9536
190457893 224 1177 9538
190826210 220 999 9557
191552008 235 140 9594
191567245 229 452 9595
191907825 220 1385 9612
192109965 221 1728 9622
192289178 229 1394 9631
192383761 225 561 9636
192463574 236 495 9640
192504816 239 1187 9642
193223072 234 632 9679
193369710 233 1457 9687
194395549 228 1376 9738
194582179 238 514 9748
194700419 237 1971 9754
194878355 226 1284 9763
194956194 223 961 9767
195011530 221 196 9770
195068481 231 1507 9773
195462599 237 1650 9793
196803286 230 637 9858
196859361 233 1092 9861
197545758 225 532 9895
197697956 230 231 9902
197786179 233 790 9906
197946665 229 22 9914
198485767 220 1626 9940
198738318 227 236 9952
198894140 236 278 9960
199275351 234 999 9979
199510459 220 871 9991
199577000 230 82 9994
199696796 229 1675 10000
199857670 228 1996 10008
199928619 220 835 10011
200544482 229 304 10042
200566747 235 450 10043
200645353 234 1802 10047
200763077 230 1575 10053
200893689 235 783 10059
201605701 221 1742 10095
202245198 222 1296 10126
202452322 232 1996 10136
202492171 220 1509 10138
202586455 220 1586 10143
202632119 227 62 10145
202689362 227 238 10148
203070793 239 1199 10167
203344469 222 730 10181
203441387 236 549 10186
204118890 226 1565 10219
204226216 227 955 10224
204358942 237 1977 10230
204382368 222 371 10231
204898212 226 24 10257
204959257 228 1026 10260
205798292 238 1798 10302
205902933 231 143 10307
206219839 229 1617 10322
206553862 225 1850 10339
206861847 231 949 10355
206921736 237 1735 10358
207204191 231 638 10372
207988273 239 1897 10411
208420533 233 1403 10433
208723100 220 1470 10448
209003405 231 1071 10461
209088247 226 1461 10465
209358196 231 120 10479
209670268 233 1980 10495
209941420 220 734 10509
211311328 237 939 10578
211412723 226 133 10583
211851223 221 1244 10605
212434466 225 422 10633
212655010 230 740 10644
213274632 238 1885 10674
213291627 227 1223 10675
214040087 237 247 10714
214155207 220 844 10720
214407069 231 616 10732
214829933 232 1647 10754
214983567 234 1126 10762
215122668 235 1792 10769
215181173 239 1571 10772
215218351 228 1051 10774
215348467 220 1528 10780
215679044 231 463 10798
215731542 229 357 10801
216028390 225 1520 10816
216184105 238 1886 10824
216491415 233 1279 10838
216680649 234 570 10848
216901867 233 1641 10859
217068237 226 1336 10869
217333906 225 393 10883
217553531 235 1280 10894
217867235 238 1332 10910
218476590 223 1961 10941
218688017 238 246 10951
219849492 236 1074 11010
220284594 229 1141 11031
220458491 226 522 11040
220592549 226 1811 11046
221349136 233 46 11084
221867873 220 534 11111
221907794 236 766 11113
221930309 221 1814 11114
222422735 225 1730 11138
222911341 223 1763 11163
223084072 220 842 11172
223135724 226 587 11175
223333886 220 160 11184
223577523 234 1216 11196
224097853 220 393 11222
224412726 236 643 11237
225021412 232 1625 11269
225185977 222 1567 11277
225318269 229 1207 11284
225522391 234 502 11294
225857107 225 1046 11311
226082333 238 1757 11323
226323123 220 1332 11335
226748235 237 506 11357
227595580 222 422 11400
228269190 220 49 11433
228478973 234 86 11443
228498568 231 874 11444
228715194 228 1671 11455
229043420 236 865 11471
229353360 237 230 11488
229396579 236 1589 11490
230217744 226 438 11531
230656732 227 801 11552
230924907 232 592 11565
231011091 226 1531 11569
231236352 236 1524 11580
231361059 225 1008 11586
231398610 227 1623 11588
231744168 229 1461 11605
231796457 236 1618 11608
231907317 228 608 11614
232207485 239 663 11629
232274046 220 1783 11632
232671541 220 754 11651
233050095 223 115 11669
233176174 222 1016 11675
233903432 224 247 11711
234004657 232 1597 11717
234025399 227 1073 11718
234613579 228 1456 11747
235315106 238 1598 11782
235646909 235 866 11799
235905837 228 1467 11812
236120774 235 350 11822
236281858 223 460 11830
236405737 225 1264 11836
236653097 231 977 11848
236959264 229 211 11863
237098884 221 1144 11870
237172124 236 1931 11874
237371840 236 450 11884
238279227 231 1559 11929
238300213 229 1073 11930
238671451 221 917 11948
238727563 220 1289 11951
239524285 226 1242 11991
239630377 232 200 11996
239652442 234 1314 11997
240185754 234 1373 12024
241545526 239 482 12092
241634748 234 508 12096
241677104 222 1786 12098
241852648 232 792 12108
241973346 221 864 12114
242254050 236 293 12128
242272350 239 615 12129
242332706 222 139 12132
242583653 234 1363 12144
242925884 235 132 12161
243070246 227 1013 12168
243762833 226 570 12203
244061632 238 555 12217
244169233 229 1342 12222
244318086 233 1517 12230
244603030 228 1268 12245
244994880 222 222 12265
245199684 236 156 12275
245244304 225 10 12277
245346754 229 751 12282
245436649 235 634 12286
245623099 225 577 12295
245814859 234 1406 12305
245971947 233 1699 12313
246090210 232 1318 12319
246309428 236 1893 12330
246334428 231 461 12331
246840798 236 1414 12357
247964106 235 1707 12414
248018020 238 1132 12417
248521415 225 893 12442
248749773 234 1279 12453
248803640 238 1760 12456
249190347 228 1700 12475
249412013 225 915 12486
249482221 225 995 12489
249743510 227 807 12502
250076080 229 591 12519
250146379 226 1470 12523
250168893 238 67 12524
250187093 220 989 12525
250239330 234 455 12528
250497766 221 1968 12540
250559496 226 1679 12543
250814278 220 1429 12556
250908181 225 157 12561
251240418 222 665 12577
251262433 228 1726 12578
251455041 237 790 12588
251882347 221 1369 12610
252173625 227 1856 12625
252618659 239 328 12648
252905184 229 470 12662
253085429 233 1203 12671
253314958 239 260 12683
253936496 230 81 12715
254086415 221 1955 12722
254315588 227 522 12734
254524781 223 1628 12744
255104304 220 91 12773
255418273 236 670 12789
255653175 227 1672 12801
255848413 234 831 12811
256771714 231 42 12857
257118804 229 332 12875
257276498 226 362 12883
257939161 227 1929 12916
258074988 233 1042 12923
258099988 234 1138 12924
258362121 223 570 12938
258840326 238 1917 12960
259403980 228 1344 12989
259914568 229 1089 13015
260040730 237 886 13021
260062575 236 670 13022
260847224 229 386 13060
261188237 220 848 13077
261223354 222 1421 13079
261403411 225 1508 13088
261628012 221 942 13100
261647626 220 404 13101
261714517 223 1171 13104
261852379 230 462 13111
261911103 220 1646 13114
262498530 223 1329 13143
262606664 233 1680 13148
263134161 236 446 13174
263265328 230 1848 13180
263770536 222 1446 13205
263802157 231 92 13207
263916171 234 688 13213
264093869 237 501 13222
264383227 239 1104 13236
265083366 222 1289 13270
265290618 231 347 13280
265310764 230 1933 13281
265490309 232 735 13290
265591798 230 823 13295
265725985 234 717 13302
265744261 232 452 13303
265765855 225 1319 13304
266167393 229 1030 13325
266453536 229 1146 13340
266563643 235 1704 13346
267494779 224 1331 13393
267740801 234 327 13405
267918791 235 470 13414
268209950 223 1294 13428
268252154 221 590 13430
268272093 239 1556 13431
268288696 237 1168 13432
269272403 238 143 13481
269293283 228 712 13482
269379808 224 1402 13486
269515799 233 983 13493
269619075 223 426 13498
269766640 234 548 13505
269977632 223 1038 13516
269993901 229 1488 13517
270168724 226 1219 13526
270306171 220 1351 13533
270346456 237 263 13535
270406065 237 1391 13538
270990620 237 635 13568
271237900 234 116 13580
271791923 239 1369 13607
272007203 221 100 13618
272084390 237 1969 13622
272105569 234 383 13623
272307936 221 53 13633
272502607 220 1847 13642
275174978 231 869 13776
275299323 234 369 13783
275645980 220 1780 13801
275710221 238 686 13804
275893262 230 742 13813
275911293 233 1302 13814
276464722 228 1719 13842
276850381 229 569 13861
277746967 232 916 13906
277935782 231 1913 13915
278278737 238 101 13932
278320364 239 297 13934
278796910 221 1391 13958
279316802 238 611 13982
279572738 223 1945 13995
279871879 224 1193 14010
279946240 239 1530 14014
279982920 232 323 14016
280405141 233 462 14038
280423601 220 1717 14039
280538724 231 289 14045
280913363 239 704 14064
280954175 239 1870 14066
281401016 228 1267 14088
281501401 226 324 14093
282221618 229 1325 14130
283203794 238 1356 14178
283225097 234 809 14179
283265317 239 522 14181
283959773 231 1441 14215
284260134 233 41 14230
284443094 230 1709 14239
284462501 225 1151 14240
284927747 230 316 14263
285808250 222 1371 14307
286519789 238 371 14342
286895563 225 1578 14361
287213852 238 805 14377
287511451 221 926 14391
287711369 234 1808 14401
287784856 221 200 14405
288082602 227 526 14420
288156141 237 770 14424
288360714 221 1135 14434
288478061 231 1295 14440
288705061 222 1645 14451
288805077 223 1879 14456
289341078 224 808 14482
289379709 239 1777 14484
290077160 239 1664 14517
290439249 232 688 14535
291201699 222 821 14573
291237785 225 1458 14575
291346500 228 169 14581
291508422 237 1722 14589
291539721 235 1494 14591
291615433 222 940 14595
291854910 229 943 14607
292201102 236 1063 14626
292595019 236 174 14646
292866190 229 1391 14659
293057941 238 549 14669
293428912 230 1173 14689
293638196 236 171 14700
294008790 220 608 14718
294277360 223 383 14731
294963931 229 1377 14767
295087915 226 698 14773
295593532 229 0 14799
295611320 221 640 14800
295905168 220 357 14815
296213059 232 1871 14830
296234555 237 616 14831
296278644 233 19 14833
296320341 228 483 14835
296518655 230 476 14845
296755905 232 1092 14857
297439711 236 212 14891
297724531 222 641 14905
297785991 222 1426 14908
297908607 220 644 14914
298087136 234 1117 14923
298843564 233 1177 14960
299440523 225 241 14991
299975880 220 555 15017
300324196 238 169 15034
300424721 238 1772 15039
300996922 226 71 15067
301066829 238 1441 15071
301139907 232 398 15075
301861173 230 293 15112
301960590 233 894 15117
302085220 227 1913 15123
302368461 228 1492 15137
302389937 227 1449 15138
302766002 224 837 15157
303279886 221 396 15183
304793435 239 634 15259
304917226 227 1932 15265
305122997 220 1958 15275
305505609 220 417 15294
305664803 232 456 15302
305682100 235 662 15303
306102427 231 57 15324
306202229 227 1942 15329
306381336 222 33 15338
306900021 226 932 15364
307369734 226 702 15387
307825873 225 1609 15410
308133277 231 338 15424
308158277 238 984 15425
308216984 238 409 15428
308236272 234 1411 15429
308507694 229 82 15443
308801598 239 19 15458
308924204 223 1949 15464
309136888 233 1123 15475
309171423 226 447 15477
309191654 226 213 15478
309433194 232 689 15490
309453166 229 641 15491
309490697 235 655 15493
309680632 238 1333 15503
309772967 227 1128 15508
309858691 229 553 15512
310168793 226 1354 15528
310471802 232 1951 15543
310830960 233 1670 15562
311107575 226 1393 15575
311185642 239 1580 15579
311272692 222 51 15584
311309376 225 181 15586
312099427 235 1528 15627
312116807 225 98 15628
312424479 239 1048 15644
312876451 237 1705 15666
313241879 228 1781 15684
313292908 238 1226 15687
313313598 239 1510 15688
313608139 236 1730 15702
314428424 224 744 15743
314624266 231 95 15753
314804052 235 461 15762
314838632 231 953 15764
314896769 221 631 15767
315974865 223 1458 15821
316579352 232 1012 15852
316969819 233 1393 15872
317133061 227 336 15880
317316104 227 904 15889
317349948 228 1782 15891
318052108 235 1738 15927
318360771 230 1709 15943
318555206 232 152 15953
318818449 238 107 15966
319054301 227 696 15977
319134833 237 399 15981
319175806 221 865 15983
319486038 221 1048 15998
319831350 228 1427 16016
319944060 224 1465 16022
320444383 231 854 16046
320891802 238 20 16067
321302100 220 732 16087
321612044 228 1459 16102
321809269 224 704 16112
321948008 225 683 16120
322093108 225 535 16128
322874178 238 1808 16168
323249797 231 782 16187
323460123 231 730 16198
323495505 238 1584 16200
324455063 224 1963 16247
324589457 226 1040 16254
324658766 221 706 16257
325481937 227 1141 16297
325812396 235 1544 16315
326648714 223 434 16356
328120696 221 390 16430
328162185 234 819 16432
328374236 236 196 16443
328546900 224 579 16452
329200261 220 1630 16484
329572466 233 395 16503
329866671 233 583 16517
331374172 221 1923 16591
331795312 226 1751 16612
332415491 220 1677 16643
332448748 230 477 16645
332546473 222 1283 16650
332585188 237 375 16652
332978081 223 846 16672
333012372 238 690 16674
333787801 228 833 16711
334396724 234 126 16741
334461566 228 1538 16744
334569161 237 1649 16750
334896661 231 928 16767
334937629 230 1938 16769
334977279 222 889 16771
335054175 236 1616 16775
335069624 231 1623 16776
335813910 232 193 16813
335875329 220 310 16816
336167779 234 992 16830
337102713 223 42 16879
337488193 229 672 16898
338440965 235 1208 16945
338578228 221 140 16952
339918657 220 1160 17016
340028919 220 778 17021
340113118 222 428 17025
340341259 220 658 17036
340395290 233 1847 17039
340835883 220 35 17062
341001167 223 828 17070
341077449 230 1996 17074
341489110 232 149 17093
341644169 227 1119 17101
341896805 222 254 17114
342143237 227 117 17126
342375749 237 218 17138
342735775 238 1503 17156
343532408 223 122 17196
344044184 228 1016 17222
344359606 223 1573 17237
344971094 223 699 17268
345179992 227 1226 17278
345588200 236 1470 17298
345685112 236 1399 17303
345831421 237 328 17311
346313282 239 774 17335
346599124 237 548 17350
346924042 228 866 17367
347090289 220 1062 17375
347487109 228 265 17395
347636862 226 971 17403
347789995 232 126 17411
348137987 236 907 17428
348461351 236 1589 17445
348543627 227 1963 17449
348749379 229 1491 17459
349008691 224 767 17472
349026538 229 1296 17473
349339379 229 134 17489
349618249 236 1422 17503
349661498 222 1889 17505
349918608 234 419 17518
350155410 227 1712 17530
350424875 237 237 17543
350703053 227 423 17557
350721691 225 1273 17558
350811792 227 307 17562
351663601 238 1936 17606
351678601 220 1078 17607
352014651 220 898 17624
352155734 222 937 17631
352193265 232 1665 17633
352273003 222 1090 17637
352440325 225 272 17646
352565391 235 4 17652
352604965 220 272 17654
352989205 236 1216 17674
353011347 223 455 17675
353169487 220 243 17683
353523872 232 845 17701
353663607 234 1616 17708
353747185 224 456 17712
353982354 227 1746 17723
354117221 229 537 17729
354140175 229 1591 17730
354545854 231 1049 17750
354565203 228 313 17751
355188933 238 1759 17783
355504013 224 1370 17799
355713886 222 1030 17809
356267720 228 719 17836
356306958 234 1603 17838
356407691 230 473 17843
357213426 222 1465 17883
358593366 231 1545 17954
358701935 226 1758 17959
359073787 222 473 17978
359825402 236 1320 18017
359899013 226 679 18021
359954373 225 1332 18024
360085681 221 1134 18031
360559626 234 796 18055
360750713 237 138 18065
360999777 230 273 18078
361829342 235 1514 18119
362045169 224 988 18131
362441167 225 668 18151
362517494 228 784 18155
363072097 234 220 18183
363589898 220 390 18209
363741013 236 1868 18217
364410951 221 1679 18251
364710971 237 140 18267
364846415 222 1121 18274
364953779 229 45 18279
365040340 229 975 18283
366685259 228 1598 18364
366742867 225 1704 18367
367026867 226 1584 18381
367158943 227 996 18388
367457192 233 819 18403
367494772 234 1489 18405
368358728 224 1185 18447
368537610 222 208 18457
368757842 222 71 18468
368873388 236 1680 18474
368914366 230 337 18476
369154861 237 863 18488
369576976 235 506 18509
369706316 230 1521 18516
370083807 221 570 18534
370882832 226 1118 18574
371548236 233 1538 18608
371611483 231 284 18611
371805745 231 685 18621
372218202 233 1 18641
372757831 235 1490 18668
372929866 222 1687 18676
372992639 239 1547 18679
374265207 234 1228 18742
374309132 239 608 18744
375135571 224 62 18785
375330906 226 801 18795
376397051 236 1748 18849
376433383 234 937 18851
376557332 237 575 18857
376897373 234 876 18874
377031140 231 294 18881
377187450 223 530 18889
377622634 229 896 18911
377787898 229 1653 18919
378647682 225 1437 18961
378742836 231 1446 18966
379128524 222 1309 18985
379198671 225 523 18989
379243480 222 2 18991
379396375 227 813 18999
379441777 224 908 19002
379526008 224 394 19006
379607042 225 1060 19010
380056628 220 1276 19033
380133400 236 397 19037
380655542 236 528 19063
381282789 220 1235 19095
381754021 226 940 19118
381841515 234 51 19122
382076721 230 1246 19134
382099869 221 1237 19135
382469514 226 680 19154
382869594 237 1549 19174
382927729 239 1427 19177
383078009 236 1921 19185
383930521 230 1206 19228
383971960 220 1406 19230
384009481 224 870 19232
384024481 229 1965 19233
384370167 220 520 19251
384558158 235 1114 19261
384583158 223 861 19262
384645630 224 201 19265
384689598 221 465 19267
384726995 234 1607 19269
385664378 227 205 19317
386018339 232 1370 19335
386686972 226 1843 19369
386709557 235 16 19370
387325514 237 501 19401
387380555 237 1277 19404
387444927 227 382 19407
387728319 230 1105 19421
387955179 235 492 19432
388264145 237 1440 19447
388320359 231 1692 19450
388675920 231 1251 19468
389655052 228 1743 19517
389751985 231 544 19522
390286596 226 922 19549
390607163 220 1521 19565
391192931 237 1414 19595
391364648 224 1225 19604
392129791 234 715 19642
392449794 238 1971 19658
392823362 233 1490 19677
392983207 230 1381 19685
393377352 233 1024 19705
393470915 223 1243 19710
393762855 237 362 19724
394384119 238 1984 19754
394883654 223 1479 19778
394939900 234 1357 19781
395369053 227 103 19802
395678011 224 1057 19818
395921393 221 1429 19830
396121849 235 1510 19840
396395753 232 1037 19853
396611292 237 1651 19864
397409936 222 876 19905
398186234 221 80 19945
398309326 230 1780 19951
398394303 226 777 19956
398543162 238 891 19964
398620624 225 616 19968
398716845 235 274 19973
399144509 239 93 19995
