100251 251 2724 7
427548 258 1016 31
628236 248 1392 46
997027 245 204 74
1411489 250 182 105
1532453 240 66 114
1560284 247 2536 116
1738688 242 1394 130
1921306 241 1401 143
2171954 252 1899 161
2319924 248 2577 172
2583353 252 701 191
2781020 242 2580 206
3046826 246 2128 226
3262828 258 2980 243
3289056 255 2801 245
3405222 253 782 254
3510919 241 1753 262
3522196 251 2670 263
3597876 253 319 269
3650552 247 598 273
3666328 249 1372 274
3703551 243 1426 277
3718145 252 2854 278
3854737 246 1147 289
4142763 245 889 311
4250061 246 2648 319
4628911 245 2813 348
4701158 242 712 354
5190376 253 2894 391
5348590 259 124 403
5417971 240 2568 408
5566469 249 516 419
5899023 246 1320 444
6052466 243 253 456
6487983 254 737 489
6677208 243 1918 503
6893396 254 2899 519
7146365 244 437 538
7317782 246 1001 552
7681275 259 1278 579
7817762 250 2831 589
7948283 255 2273 599
8308782 245 765 628
8948988 250 2734 677
9001986 246 2424 681
9045750 246 2169 684
9070293 246 2871 686
9550571 259 1953 721
9593255 240 940 724
9656788 250 757 729
10037152 256 2201 758
10355167 242 1626 782
10411046 250 1260 786
10478355 244 313 791
10864775 257 1524 821
11029960 254 2764 833
11116323 246 229 840
11176749 253 2531 845
11933970 253 1915 902
12013723 240 219 908
12040180 254 1815 910
12110859 250 2773 915
12252259 250 765 926
12306646 253 2391 930
12494702 243 1971 944
12595863 249 1467 951
12886087 252 865 973
12970244 249 1730 980
13023774 254 496 984
13034670 249 661 985
13085985 252 951 989
13167233 247 1158 995
13491592 244 562 1018
13900926 258 2569 1048
14322017 251 320 1080
14436868 259 273 1088
14501873 244 602 1093
14962464 244 2186 1127
15381800 258 498 1159
15393386 249 2345 1160
15463335 259 1961 1165
15751708 255 1522 1187
15836547 257 2633 1193
15965077 244 2643 1203
16403918 249 23 1236
16513512 250 726 1244
16901207 254 2521 1273
16928814 242 2905 1275
17125037 240 1449 1290
17309519 245 2597 1304
17502809 247 2358 1318
17685631 255 1317 1331
18046753 253 1946 1358
18074931 253 859 1360
18290133 256 2123 1376
18332116 243 2070 1379
18901387 245 1054 1420
18941890 242 221 1423
19129172 249 2897 1437
19174583 253 2156 1441
19871896 257 2664 1492
19928420 249 2935 1496
20063030 254 633 1506
20362525 258 2638 1529
20478682 247 752 1538
20492016 246 2672 1539
20600050 248 895 1547
21033904 249 2394 1581
21153743 240 2567 1590
21373208 241 1433 1606
21599559 241 1289 1623
21612154 245 801 1624
21932736 249 88 1649
22542455 243 2849 1695
22556785 257 2483 1696
22571231 245 973 1697
22714181 252 41 1708
22916724 247 1012 1723
22929225 242 618 1724
22944601 259 56 1725
22986506 255 2595 1728
23039682 259 2849 1732
23189159 247 504 1743
23738703 250 1363 1786
23769181 246 579 1788
24051102 255 116 1809
24194927 246 2549 1820
24286027 249 1588 1827
24342758 247 1461 1831
24376090 240 1414 1833
24391801 253 2147 1834
24728348 247 2906 1859
25471385 256 1713 1914
25538415 246 41 1919
25594415 250 2160 1923
25702180 240 467 1931
25748362 257 46 1934
26169782 258 942 1966
26339205 245 770 1978
26598705 253 328 1997
26837652 255 1453 2014
27092522 249 937 2034
27145708 256 871 2038
27313771 240 2163 2051
27498949 253 2259 2065
27804622 244 965 2088
28143465 245 287 2114
28170859 245 2035 2116
28394896 246 1128 2133
28690216 249 2199 2156
28861205 244 1193 2169
29401303 242 573 2210
29957526 250 1277 2252
30020763 256 1677 2257
30052086 250 1688 2259
30451652 245 490 2289
30503416 243 2565 2293
30557843 244 335 2297
30704821 257 1364 2308
31239176 247 1435 2347
31468717 252 1880 2364
31899387 256 2871 2396
32219880 240 2591 2420
32379525 255 961 2432
32418846 240 2169 2435
32769388 248 383 2461
32783848 258 2985 2462
32823415 258 1624 2465
32860400 248 2858 2468
33067898 244 2722 2484
33358772 246 1124 2505
33628326 256 2947 2525
33714913 247 424 2531
33903347 247 320 2545
34146315 246 54 2562
34327104 242 977 2575
34403543 250 466 2581
34546689 246 1420 2593
34625629 247 512 2599
34796422 242 1941 2612
34977594 243 948 2626
34989253 240 2183 2627
35004684 249 531 2628
35019678 259 412 2629
35070833 245 1177 2633
35178898 259 2676 2641
35495044 247 903 2664
35606469 257 504 2672
35811846 247 2846 2687
36053975 257 2245 2705
36144509 252 2355 2712
36213775 257 2458 2717
36359734 252 1766 2728
36490705 253 567 2738
36853899 249 893 2766
37175888 251 614 2790
37829855 250 1901 2839
37977389 254 2075 2850
38000756 243 1553 2852
38199253 249 1271 2866
38324330 258 2860 2875
38668932 243 117 2901
38812533 242 2418 2912
38963920 242 903 2923
39052904 249 989 2930
39398699 241 314 2956
39411603 249 293 2957
39438877 254 2258 2959
39652337 252 2092 2974
39690933 255 1679 2977
39977358 258 2047 2997
40004532 250 2970 2999
40223556 240 2160 3015
40352320 250 430 3025
40408073 254 1623 3029
40507832 256 2862 3037
41035331 251 155 3075
41208327 255 147 3088
42190722 251 45 3162
42332874 253 2911 3173
42968325 248 2004 3221
43036351 255 2188 3226
43248181 255 2619 3242
43355170 253 2935 3250
43966801 253 118 3296
44053594 247 661 3302
44218586 259 1858 3315
44465278 259 1538 3333
44601152 243 2800 3344
44616684 246 2789 3345
44803067 255 1362 3360
44941727 257 1325 3370
45198391 241 383 3389
45637362 249 2910 3421
45661254 244 50 3423
45701495 240 2947 3426
45816316 244 598 3434
45843038 257 404 3436
45871259 245 2665 3438
46187647 246 1510 3462
46260042 245 1890 3467
46304160 258 2783 3470
46476664 241 1657 3483
46588554 249 1873 3491
46614349 240 372 3493
46988949 257 1237 3521
47210909 250 1608 3537
47759678 240 1196 3580
48149103 244 788 3610
48508276 244 2200 3637
48744053 254 434 3655
48755926 249 356 3656
48929112 245 1074 3669
49063167 256 1419 3679
49146511 244 1833 3685
49432458 257 106 3706
49694134 241 704 3725
49719389 245 191 3727
49928536 242 99 3743
50317253 242 2167 3772
50452893 257 1466 3782
51018344 251 632 3825
51136071 246 401 3833
51337683 245 343 3848
51764353 248 2509 3881
52478237 243 525 3936
52636494 242 2536 3947
52728410 240 1233 3954
52863986 253 1435 3965
53001615 246 650 3976
53191152 247 2364 3990
54116569 252 1262 4058
54497066 241 303 4086
54558393 245 140 4091
54597307 256 895 4094
55202582 241 1881 4138
55375273 247 2298 4153
55418262 249 1063 4156
55617932 249 1876 4171
55764092 243 1645 4183
55860214 243 2170 4190
56176915 254 1753 4213
56227806 252 613 4217
56698185 249 769 4253
56890527 259 366 4267
57405380 259 1184 4306
57591720 252 1159 4320
57625648 242 664 4323
57850235 248 2770 4340
57860235 244 2404 4341
58606778 258 2129 4396
58738508 257 872 4406
59068007 244 1284 4431
59146497 245 300 4437
59374499 248 1881 4455
59873004 241 1462 4492
59886634 259 415 4493
59917277 251 544 4495
60135228 246 2403 4512
60225217 256 1556 4518
60554511 241 521 4542
60733219 254 1790 4555
60797265 246 2006 4560
60928745 245 150 4570
61003641 242 326 4576
61130819 256 826 4586
61244630 246 1860 4594
61573593 259 2453 4619
61633902 255 2726 4624
61854737 255 1266 4640
62103517 253 2147 4659
62340385 246 386 4677
62799295 243 1240 4712
63031692 248 1405 4730
63115269 256 1716 4736
63237403 250 1263 4745
63292515 246 161 4749
64057079 247 1486 4805
64598298 255 1557 4845
65053676 252 2925 4877
65137487 243 2414 4883
65278215 255 322 4893
65774579 247 1419 4930
65824977 252 2820 4934
66215694 257 2274 4963
66651686 252 2690 4996
66846152 249 2702 5010
67021944 242 2861 5023
67059285 251 2470 5026
67098648 247 2311 5029
67148585 247 279 5033
67187347 249 15 5036
67281338 246 1909 5043
67302436 245 2941 5045
67340231 241 728 5048
67353131 259 2180 5049
67418176 259 1039 5054
67634910 250 323 5070
67898202 251 2954 5089
68020550 252 498 5098
68095154 242 574 5104
68231844 249 87 5114
68433800 259 1667 5129
68644481 256 606 5145
68748866 258 2228 5153
69044733 240 2765 5175
69171234 247 1773 5185
69291127 257 996 5194
69328071 250 2766 5197
69383542 252 916 5201
69480551 241 310 5208
69569714 258 2101 5214
69749184 246 648 5227
69796088 254 1555 5230
69810470 254 2098 5231
70162943 242 1757 5258
70629646 256 1387 5293
70856511 251 422 5310
70926805 241 1914 5315
71314382 250 1494 5344
71492660 246 1024 5357
71781619 250 867 5379
71921144 251 2233 5389
71972153 245 1745 5393
72181368 253 2432 5410
72337727 257 2589 5423
72422809 256 1917 5429
72612222 244 2724 5443
72646989 247 1777 5446
72901093 251 2691 5465
73043611 253 2622 5476
73338828 254 167 5498
73527572 250 2486 5512
73764051 254 1702 5529
74157605 244 712 5558
74629127 243 903 5594
74849595 250 2000 5611
74989187 258 733 5621
75013781 240 2486 5623
75026249 255 2270 5624
75080948 240 2025 5628
75451156 249 2917 5656
75707893 256 423 5675
75933078 249 2029 5691
76244741 253 2625 5714
76504264 258 1233 5734
76600950 243 712 5741
76693058 254 2290 5747
76811250 240 1534 5756
77033367 248 2079 5773
77423006 253 2296 5803
77523731 253 2910 5810
77593752 255 1128 5816
77628814 241 2537 5819
78014830 254 2245 5847
78056890 241 292 5850
78123448 253 1975 5856
78285795 259 669 5868
78557223 246 2890 5888
78719593 249 2271 5901
78852425 255 1497 5911
78923628 244 1952 5917
79147509 246 858 5934
79300623 252 2834 5946
80321697 252 745 6023
80814233 254 813 6059
81026251 242 742 6075
81343331 250 461 6099
81668401 244 2607 6124
81888312 252 2610 6141
82192897 243 2893 6165
82460259 257 861 6184
82607220 256 2405 6195
82808820 247 177 6210
83490851 252 2233 6260
84015384 241 2038 6299
84094042 254 950 6305
84121330 251 1596 6307
84292530 247 2743 6320
84469145 245 212 6333
84879523 252 2227 6363
84959681 257 164 6369
85124573 247 59 6381
85382332 241 2542 6400
85410661 251 1743 6402
85708488 255 2237 6425
85764978 252 725 6429
85876426 248 656 6437
85900083 255 1455 6439
85998320 245 195 6447
86128577 258 1206 6458
86404781 252 1393 6479
86549428 253 610 6490
86772306 243 2162 6507
86800903 244 2009 6509
87177335 240 1829 6537
87539476 243 464 6563
88056973 255 621 6603
88166525 255 2963 6611
88668109 245 2986 6649
89351023 252 374 6701
89403827 246 1312 6705
89467558 247 2324 6710
89631342 252 2931 6722
90154521 256 2494 6761
90348933 245 2426 6776
90475666 257 2839 6786
90611385 255 1307 6796
91326421 259 2533 6849
91359753 253 1959 6851
91476365 250 1035 6859
91533054 248 930 6863
91693449 249 637 6875
91954093 242 136 6895
92155214 247 2825 6910
92280516 246 1329 6919
92365818 257 2548 6925
92736528 248 434 6952
93019708 248 2306 6973
93078316 259 2299 6977
93157266 247 723 6983
93314948 244 2991 6995
93406070 248 2949 7002
93622873 257 2940 7018
93685721 259 517 7023
93699291 252 1372 7024
93789419 248 1163 7031
94298426 251 946 7068
94340783 246 2166 7071
94443651 242 2929 7079
94457122 241 1062 7080
94524213 254 172 7085
94654157 242 519 7095
94697279 244 1920 7098
94783332 256 161 7104
94819569 248 669 7107
94913593 240 2104 7114
95161132 251 1135 7132
95183684 249 2212 7134
95209764 255 2723 7136
95384365 254 2826 7148
95794776 259 2958 7179
96214296 258 2627 7209
96278848 245 185 7214
96314497 257 2795 7217
96415860 258 423 7225
96573954 247 303 7237
96694859 241 2338 7246
96709833 244 2332 7247
96720709 245 1669 7248
96785712 259 256 7253
96801090 259 97 7254
96839649 249 1851 7257
96906251 259 1858 7262
97125216 258 829 7278
97351897 242 916 7295
97402653 242 575 7299
97418004 252 504 7300
97579384 253 2077 7312
97629597 248 872 7316
98085014 242 591 7351
98294135 250 1585 7367
98440894 241 1305 7378
98491651 250 2774 7382
98642371 258 1908 7393
99109878 254 2353 7428
99435181 243 946 7452
99470612 249 1132 7455
99898717 246 245 7486
99987788 241 919 7493
100002993 246 2514 7494
100309672 247 689 7517
100983542 247 2466 7568
101041753 245 1141 7572
101125239 254 2227 7579
101232785 258 1274 7587
101439493 257 1185 7602
101645500 246 379 7618
101927612 241 1331 7639
102079154 242 1387 7650
102278410 259 1179 7666
102612649 257 201 7691
102893843 258 1718 7711
102961213 246 1614 7716
103112837 246 1300 7727
103625053 242 672 7766
103781407 255 2653 7778
104085701 256 387 7801
104330482 241 2685 7819
104460697 254 936 7829
104575142 254 387 7837
104586118 248 2804 7838
104722879 257 2620 7848
104763669 240 1088 7851
104773669 251 470 7852
104815923 240 2234 7855
105249393 250 2063 7888
105503301 244 1067 7907
105853636 243 424 7935
105880826 254 886 7937
106213898 244 2991 7963
106628553 253 2199 7994
106696294 246 1296 7999
106866187 245 1026 8011
107612428 257 228 8066
107999876 258 951 8096
108092416 242 744 8103
108191553 258 1214 8110
108376448 251 115 8124
108504342 253 756 8133
108648795 251 1200 8144
108771020 257 703 8153
108896787 251 122 8162
109050975 255 2008 8173
109631873 252 1433 8217
110017574 243 2805 8247
110072506 250 54 8251
110127009 243 1798 8255
110242018 248 1583 8264
110364788 248 545 8273
110630385 244 1795 8294
110763584 247 1882 8304
111025743 243 2705 8324
111288305 257 351 8344
111355296 249 1729 8349
111615500 242 2526 8368
111884648 240 166 8388
111900356 245 228 8389
112170252 250 1759 8410
112331567 253 1089 8422
112393465 255 724 8427
112848682 258 2069 8462
112915316 240 1067 8467
113273708 242 789 8493
113340045 254 2475 8498
113434454 253 1087 8505
113472254 255 636 8508
113827234 254 1824 8535
113852685 259 425 8537
113919499 245 2065 8542
114028046 254 1816 8551
114588297 241 2586 8592
114955306 258 2413 8620
115082813 256 275 8630
115150706 240 2152 8635
115280707 249 1809 8645
115334148 259 2065 8649
115703229 258 2800 8677
116159602 255 2412 8711
116235343 254 386 8717
116429699 253 2283 8732
116517569 242 724 8739
116548163 241 88 8741
116840212 241 1906 8762
116916086 242 2798 8768
116973430 246 1045 8772
117161126 250 2704 8786
117298271 252 2950 8797
117352109 248 2789 8801
117719550 250 1200 8828
117743647 241 1248 8830
117774722 253 2956 8832
117789800 249 1647 8833
118175254 250 1826 8862
118353897 254 188 8876
118701655 243 993 8903
118835029 245 2350 8913
118971533 258 1894 8923
119165674 251 917 8938
119234465 241 2375 8943
119459815 258 648 8961
120009399 244 1603 9004
120019241 258 946 9007
120051438 253 2735 9017
120212637 254 1709 9070
120313801 254 1485 9101
120387192 254 1846 9122
120402427 242 2397 9126
120570714 245 909 9179
120578691 250 1568 9181
120591509 259 1799 9185
120600754 242 817 9188
120817428 250 482 9253
120830341 246 2591 9257
120932258 245 2053 9287
121043109 259 752 9319
121046914 247 588 9320
121167303 245 2848 9358
121199609 259 2448 9368
121213531 251 2750 9372
121265853 251 835 9387
121315644 244 891 9401
121485164 258 927 9451
121504108 240 2059 9457
121508281 255 1684 9458
121523407 246 1374 9462
121597780 257 2213 9482
121630996 259 1161 9492
121800509 257 1771 9542
121808682 244 1582 9544
121871450 251 2662 9563
121876615 244 434 9565
121883385 254 1915 9567
121994214 253 2070 9600
122017917 254 160 9606
122025082 257 1051 9608
122130901 247 82 9640
122295017 240 1519 9689
122354379 252 2563 9707
122420038 246 2753 9727
122443586 251 2590 9734
122548488 252 218 9767
122596567 248 552 9781
122619632 254 158 9788
122663819 249 197 9801
122702562 247 2476 9812
122712755 241 716 9815
122793899 250 991 9840
122838137 240 1048 9853
122908757 240 1263 9875
122973148 242 910 9894
122979006 243 2819 9896
122984554 242 809 9898
123064416 256 2748 9923
123072450 244 1878 9925
123088394 250 2873 9929
123109476 250 2416 9935
123133508 244 1504 9942
123151523 250 177 9948
123176886 244 805 9955
123247430 240 1246 9975
123263851 242 2058 9980
123276639 245 431 9984
123291230 243 176 9988
123325017 240 1865 9999
123337907 248 2943 10003
123366870 244 1723 10012
123418057 249 1242 10027
123531581 245 2443 10060
123623956 256 1965 10087
123842062 249 818 10153
123869776 252 2123 10161
123986721 247 1547 10198
123998867 243 2847 10201
124002319 240 1858 10202
124089743 242 1359 10227
124095516 259 2839 10229
124170099 242 1675 10250
124209584 241 1597 10261
124332024 240 1079 10297
124363560 256 1646 10307
124393727 255 282 10316
124424211 244 2619 10325
124515055 240 2229 10354
124585767 247 835 10377
124635463 247 1355 10392
124638773 252 2753 10393
124679008 242 1056 10406
124687260 245 1096 10409
124780687 246 472 10438
124796073 240 1220 10443
124970860 256 1987 10496
124994634 258 1970 10503
125121197 242 2632 10542
125184898 244 2363 10560
125414497 258 874 10628
125560479 256 214 10671
125585093 244 332 10678
125678902 252 1467 10707
125738142 244 1025 10725
125789527 259 1409 10741
125813764 252 682 10748
125824029 249 2725 10751
125853207 249 2297 10760
125920507 250 2329 10780
125990084 248 1297 10800
126000706 259 2806 10803
126005039 251 1092 10804
126042935 252 486 10815
126058987 241 2271 10820
126087014 250 1838 10828
126174847 259 1296 10853
126188248 254 504 10858
126215190 244 372 10867
126234202 255 213 10873
126241309 246 517 10875
126251328 241 79 10878
126367333 251 1413 10913
126369155 253 1700 10914
126375732 243 442 10916
126385423 249 94 10919
126388436 242 2763 10920
126502236 245 2441 10956
126524196 253 2061 10963
126531791 241 2108 10965
126653579 258 59 11003
126667905 241 885 11007
126732515 246 2567 11026
126738635 246 1811 11028
126792254 248 185 11044
126821186 247 1907 11052
126982658 252 258 11102
127001430 250 1410 11108
127019842 245 902 11114
127077885 254 1517 11131
127251862 241 2948 11181
127277182 250 959 11188
127365214 244 1631 11214
127398460 248 2512 11224
127402761 249 2123 11225
127450822 251 2233 11241
127477921 249 1334 11249
127498001 252 2536 11256
127515046 242 935 11261
127517964 246 1939 11262
127585374 242 1044 11282
127665358 242 1419 11306
127668915 243 23 11307
127686546 252 2550 11313
127732570 247 1457 11327
127735267 243 2454 11328
127764832 242 2566 11338
127816932 256 2943 11354
127928915 257 1844 11389
127934407 242 1135 11391
127982919 253 2273 11405
127993252 244 1460 11409
128036439 245 453 11422
128045062 243 1312 11425
128062077 255 1838 11430
128076002 258 1602 11434
128101326 248 107 11442
128104494 256 598 11443
128106963 245 490 11444
128122240 248 1893 11449
128137676 249 2633 11453
128152026 251 2167 11457
128236776 243 1739 11483
128286729 254 1138 11498
128371035 255 803 11523
128415157 251 2745 11537
128508154 253 2994 11565
128523439 242 720 11569
128534039 252 68 11573
128571269 246 173 11584
128606101 252 1981 11594
128621330 242 1036 11599
128628211 250 2039 11601
128652383 255 225 11608
128718535 242 1362 11627
128744502 254 2164 11634
128788680 246 38 11647
128808510 246 1749 11653
128953478 241 20 11697
128999858 256 2134 11710
129076087 246 1385 11734
129124285 252 1117 11749
129328243 244 1570 11811
129344904 257 160 11816
129353960 256 971 11819
129363603 247 2163 11822
129411148 240 2782 11836
129434052 257 1355 11842
129490036 240 190 11858
129508686 252 828 11864
129590907 254 2008 11889
129612072 244 1080 11895
129829480 249 654 11959
129858858 248 2326 11967
129913916 247 1651 11984
129933316 252 1127 11990
129969504 255 1259 12001
130035443 240 1406 12022
130081084 240 1475 12037
130093229 244 888 12041
130103690 257 2065 12044
130190265 242 119 12070
130285146 250 830 12099
130463052 243 2035 12151
130481375 241 417 12156
130742892 257 2599 12238
130788250 255 659 12251
130811002 255 445 12258
130922482 240 1284 12291
130932651 248 2125 12294
130971642 253 136 12306
130989807 255 2627 12312
131017445 246 1256 12322
131225783 257 2775 12385
131252989 258 46 12395
131279035 245 2882 12403
131303966 245 1082 12411
131309885 247 2685 12413
131316619 256 1720 12415
131408286 257 469 12442
131417472 249 1678 12445
131465689 253 908 12459
131509559 244 2725 12472
131521842 245 2222 12476
131542056 245 2214 12482
131610861 256 2191 12504
131630620 252 75 12510
131633609 254 428 12511
131636617 250 506 12512
131695540 248 74 12529
131710490 243 1157 12534
131747966 252 2648 12545
131753260 244 2607 12547
131828271 258 2803 12571
131886718 241 472 12589
131904520 245 1852 12595
131921159 257 1430 12600
131997666 245 2821 12622
132004883 240 2055 12624
132032453 243 1189 12632
132035755 249 1946 12633
132143625 254 1325 12665
132153862 254 137 12668
132156978 258 2452 12669
132165482 245 837 12672
132171166 249 2384 12674
132208823 252 2856 12685
132260355 256 2758 12700
132274864 244 1221 12705
132283431 257 2934 12708
132308744 257 2217 12715
132316991 245 2892 12718
132320923 244 691 12719
132329240 257 249 12721
132338216 253 2404 12724
132350938 252 1243 12728
132381664 252 172 12737
132418416 251 1650 12749
132458424 247 1481 12760
132485139 249 2125 12768
132541541 255 1456 12785
132552723 253 2407 12788
132585674 255 2836 12797
132681439 257 326 12826
132768143 245 2204 12855
132775740 245 310 12857
132806670 252 1849 12866
132835731 254 803 12875
133185625 256 1720 12983
133222250 243 1200 12994
133256309 247 1412 13003
133295171 255 2815 13013
133317107 253 2330 13020
133333017 255 2684 13025
133345609 242 1163 13029
133418377 259 119 13052
133429959 244 397 13056
133453169 259 1976 13063
133457421 250 554 13064
133463294 247 1530 13066
133476467 251 515 13070
133501103 240 2353 13078
133567206 240 1219 13098
133598607 257 1014 13108
133600709 258 1862 13109
133687331 252 1565 13133
133697117 241 2699 13136
133726950 242 859 13145
133766575 241 93 13157
133778306 258 2292 13160
133858694 253 1028 13185
133893475 250 2580 13197
133943935 259 1050 13211
133946689 252 2379 13212
133958309 246 362 13216
133990040 251 1378 13225
134015183 242 1107 13232
134027346 243 2152 13236
134049738 245 1689 13243
134080906 253 281 13253
134168522 241 409 13280
134255952 257 1729 13306
134283390 242 2047 13314
134322372 255 1897 13325
134410576 250 2580 13353
134559780 258 2373 13398
134609270 258 1856 13414
134665000 254 601 13431
134770343 255 2051 13464
134844335 250 1120 13486
134851632 258 806 13488
134895695 258 1427 13500
134968390 248 2623 13524
135082503 254 2842 13560
135254330 245 905 13609
135265207 246 800 13612
135276153 251 1143 13615
135325561 244 841 13629
135328354 256 2923 13630
135391307 255 1401 13649
135401989 256 162 13652
135405818 246 479 13653
135438971 253 2156 13663
135482804 250 2104 13676
135518481 241 715 13688
135545465 256 1336 13696
135625400 255 1587 13719
135750014 256 2042 13757
135791271 248 2875 13769
135857040 248 2232 13788
135880250 252 1271 13795
135883635 244 130 13796
135946716 243 822 13815
135948988 245 327 13816
135974555 258 2704 13824
135981510 249 946 13826
135992088 241 2534 13829
136015036 258 439 13836
136048904 253 2184 13846
136068937 252 1256 13852
136093296 240 2503 13859
136142024 245 186 13874
136205487 250 2995 13892
136221732 250 1786 13897
136256259 251 190 13907
136350183 256 2957 13935
136375824 253 1071 13942
136450032 258 1215 13965
136561752 255 2519 13997
136666166 246 2614 14028
136740938 253 298 14051
136773390 256 2525 14060
136806908 242 983 14070
136943006 255 1904 14112
136984650 246 290 14124
137335791 258 2404 14233
137345627 255 2097 14236
137348903 254 1271 14237
137370900 252 151 14243
137398337 241 705 14252
137450463 241 1058 14268
137464575 246 2250 14272
137481331 256 365 14277
137497012 253 51 14282
137502796 255 2932 14284
137526917 246 777 14291
137549581 253 2948 14298
137555283 258 1331 14300
137731778 244 2639 14353
137824197 259 2844 14380
137860718 252 417 14391
137892250 253 2532 14401
137896487 251 485 14402
137946600 246 1178 14418
137987010 249 829 14431
138012323 250 2846 14438
138051723 245 1164 14450
138181032 257 1492 14489
138183919 257 1355 14490
138227048 240 585 14504
138286896 253 1912 14522
138312678 258 2218 14530
138417811 257 2262 14561
138432608 246 2973 14565
138440064 248 916 14567
138654943 250 1625 14632
138894705 248 1563 14703
138940323 255 2257 14717
139023796 244 2123 14743
139061150 258 442 14754
139068822 242 1689 14756
139092179 258 2691 14763
139119323 248 446 14772
139215857 256 1483 14804
139302698 254 1998 14831
139375573 256 2277 14853
139393569 247 2897 14859
139420808 254 2226 14867
139490409 248 2002 14887
139516531 254 866 14896
139538678 249 639 14903
139545569 249 1961 14905
139572761 256 2303 14914
139635092 249 83 14933
139723897 253 2226 14958
139781748 258 2950 14975
139829592 240 1268 14989
139846565 259 1011 14994
139982499 240 1582 15035
139985580 258 982 15036
139990626 258 816 15038
140008416 253 1027 15044
140049305 247 1265 15056
140113171 246 2525 15076
140118831 253 2587 15078
140170697 242 2563 15093
140231253 247 1756 15111
140251546 241 1413 15117
140345854 257 35 15147
140360121 245 2806 15152
140381409 245 890 15158
140502115 255 13 15192
140561823 246 2005 15210
140641177 257 1713 15233
140689374 240 486 15247
140705838 259 2106 15252
140711614 240 2056 15254
140770084 255 1346 15272
140780114 242 1252 15275
140827666 245 1958 15289
140896903 254 1489 15309
141105784 240 759 15374
141263136 241 2730 15423
141293709 255 340 15431
141356532 242 1335 15451
141479761 249 1476 15487
141558297 243 2478 15511
141593512 244 393 15521
141651198 251 2186 15540
141692224 248 2637 15552
141799717 242 1143 15584
141879903 255 1189 15608
141883264 248 2724 15609
141922964 240 1711 15620
141927903 246 2050 15622
142027064 245 613 15651
142057320 242 217 15660
142064686 244 1848 15662
142074374 258 2691 15665
142270624 250 838 15726
142287020 257 746 15731
142362590 244 2734 15754
142373388 248 2053 15757
142448599 257 214 15779
142487468 240 2130 15791
142633593 250 1799 15835
142672538 258 2843 15848
142681221 258 590 15851
142784502 240 2727 15883
142835561 245 1084 15899
142883377 245 96 15913
142887710 259 1175 15914
142906353 254 1339 15920
142935242 241 420 15928
142951527 245 2919 15933
143002766 247 802 15949
143034265 259 2933 15960
143037196 245 2706 15961
143040200 245 690 15962
143118761 248 1906 15985
143193854 253 1416 16009
143201469 253 2305 16012
143205393 257 227 16013
143450245 254 1498 16088
143649414 256 860 16150
143722583 259 1195 16172
143726083 241 2241 16173
143748523 252 1642 16180
143818868 254 579 16202
143825781 248 1681 16204
143873287 253 251 16218
143895386 240 2493 16225
144003442 249 1001 16258
144007511 243 1552 16259
144085892 246 77 16282
144147374 244 742 16300
144221009 253 2825 16324
144281838 245 29 16342
144312098 257 2197 16350
144387216 251 2652 16373
144431731 244 1082 16388
144552231 243 1511 16425
144662279 250 1330 16459
144675671 248 1515 16463
144736540 240 2902 16482
144809859 259 2468 16504
144867528 257 2170 16521
144881131 258 647 16526
144911463 242 715 16536
144944775 245 467 16545
145161753 249 979 16612
145164002 254 2290 16613
145195196 243 1928 16623
145201483 240 1053 16625
145209177 253 561 16627
145264169 241 568 16643
145347382 256 2613 16667
145427438 258 1964 16691
145455410 251 988 16699
145490453 259 2745 16709
145497491 243 479 16711
145504763 245 2687 16713
145604669 252 887 16743
145724502 257 2243 16778
145749601 259 1123 16785
145757008 248 264 16787
145849636 247 1553 16814
146004541 250 2059 16862
146109067 251 1606 16892
146119395 249 410 16895
146177128 245 8 16912
146232090 246 1398 16929
146309291 256 247 16952
146327749 249 609 16957
146437309 243 2266 16991
146485955 243 1594 17006
146504263 254 2582 17012
146534920 245 1679 17021
146558571 259 98 17028
146565141 248 272 17030
146574230 240 1845 17033
146602287 245 1129 17041
146761188 255 738 17090
146792403 250 1748 17099
146952579 246 2716 17149
146998756 240 464 17162
147036596 249 569 17173
147120365 254 675 17198
147127871 256 515 17200
147159191 247 2584 17210
147211705 241 885 17226
147280043 254 2722 17245
147289311 245 1748 17248
147348213 247 2156 17267
147407232 242 914 17285
147427884 248 2269 17292
147528600 244 997 17325
147625419 250 1298 17353
147641718 250 533 17358
147652353 257 141 17361
147669424 256 1081 17366
147774433 246 1579 17397
147797978 256 1214 17404
147810551 245 1323 17408
147935280 249 2204 17445
148018009 245 2844 17469
148061305 241 1929 17482
148115528 248 259 17498
148128947 256 2443 17502
148192464 256 1244 17522
148194624 241 2374 17523
148265181 240 2086 17544
148318298 257 2117 17560
148321900 251 1895 17561
148359824 256 29 17572
148445209 244 2676 17599
148509737 246 958 17619
148583198 253 1296 17641
148596571 242 1380 17645
148635043 254 2536 17656
148697635 250 2657 17675
148720158 255 2168 17682
148722116 240 946 17683
148758411 240 417 17694
148816496 257 2377 17711
148846069 259 2463 17719
148878037 255 1373 17729
148976899 256 2668 17759
149103071 247 1471 17799
149106858 249 1823 17800
149130187 254 1 17807
149204692 248 1562 17829
149275772 240 1622 17850
149301585 249 922 17857
149366822 255 1580 17877
149406289 254 2061 17890
149414702 250 1915 17893
149465259 247 2568 17909
149472345 250 94 17911
149559153 256 738 17936
149571307 256 2558 17940
149598528 247 1632 17948
149638668 249 367 17960
149658311 247 977 17966
149676255 245 399 17972
149694316 255 818 17978
149705613 257 1806 17982
149719123 241 1924 17986
149780752 246 2465 18005
149808356 253 689 18013
149895459 247 2910 18040
149990678 259 1853 18068
150019340 242 188 18077
150037210 248 2695 18082
150063085 244 377 18089
150075896 246 426 18093
150223946 240 2939 18140
150278549 245 1094 18156
150320302 245 550 18168
150413965 245 2144 18197
150483971 242 1927 18219
150499525 246 211 18224
150502851 246 1503 18225
150642154 246 819 18268
150730454 257 616 18295
150779612 251 203 18309
150870549 249 1762 18336
150897102 241 2661 18344
150908638 247 402 18347
150960056 258 2415 18364
151189495 244 1181 18434
151279733 242 2868 18460
151312997 253 6 18471
151332431 246 585 18477
151435810 258 1813 18508
151455908 249 937 18514
151703731 254 2113 18588
151846735 241 1410 18631
152072338 244 961 18699
152079030 248 740 18701
152085231 257 1193 18703
152126636 252 1571 18716
152163514 244 665 18727
152208496 244 2318 18741
152309673 248 1195 18775
152316399 253 1558 18777
152337346 241 1561 18784
152473620 250 1465 18824
152616039 247 2852 18868
152691550 255 1115 18891
152722962 253 2873 18900
152751085 252 1919 18909
152809873 245 24 18927
152813261 253 1498 18928
152853167 241 1387 18940
152872533 255 216 18945
152938766 245 715 18964
152992993 256 2676 18980
153000369 256 97 18982
153049261 240 2799 18996
153063515 241 1741 19000
153101075 255 429 19011
153105950 247 2246 19013
153129802 246 835 19020
153229528 248 1327 19051
153239621 254 2012 19054
153318058 243 1579 19077
153335513 240 1800 19082
153371607 240 887 19093
153401555 252 2762 19102
153428368 256 2211 19110
153610645 242 2342 19162
153635767 240 2759 19169
153696547 248 2732 19187
153748151 253 2751 19202
153922272 257 2373 19255
153926007 254 1741 19256
153990514 254 1085 19275
154010317 240 2075 19281
154024459 246 2341 19285
154113105 252 534 19312
154157380 255 2208 19325
154187303 257 1471 19334
154238693 254 1545 19349
154359409 243 912 19384
154362319 240 774 19385
154380589 255 1406 19390
154442075 259 2213 19407
154478838 244 403 19418
154499111 241 2238 19424
154627180 242 538 19462
154648525 257 2240 19468
154711391 254 2658 19487
154811870 253 2095 19517
154931105 250 1620 19554
155011750 244 2378 19579
155046093 250 1334 19590
155056335 258 2969 19593
155065508 250 1497 19596
155104408 242 1952 19608
155135934 243 1765 19618
155281203 244 1054 19660
155305115 243 1663 19667
155325474 256 2260 19673
155328547 244 21 19674
155346658 242 34 19679
155390340 251 2455 19692
155457448 244 921 19712
155473728 240 2194 19717
155611560 245 2767 19758
155647040 242 1649 19768
155750717 258 2875 19798
155753487 254 1676 19799
155766561 256 2051 19803
155778102 244 1594 19807
155871293 246 107 19836
155923129 240 434 19851
155924491 259 1075 19852
155944055 248 626 19858
156073017 250 623 19897
156099749 245 2000 19906
156114077 255 2622 19910
156203142 241 2350 19937
156300171 241 2535 19965
156323165 246 2735 19971
156464003 259 0 20015
156557440 244 1834 20044
156605139 255 742 20059
156626462 250 499 20065
156630139 245 2729 20066
156670907 255 964 20078
156741388 255 665 20100
156766987 252 930 20108
156790012 255 308 20115
156793460 251 1880 20116
156810631 251 666 20121
156820813 256 1415 20124
156862783 255 448 20137
156877469 240 1410 20142
156953765 248 1457 20165
157046688 245 2629 20193
157071806 250 1550 20201
157083170 249 216 20204
157086183 245 1334 20205
157104360 242 464 20211
157179857 250 650 20235
157194832 244 836 20239
157198345 253 702 20240
157238830 245 291 20252
157282325 244 64 20266
157348309 249 304 20287
157351237 247 481 20288
157403309 257 321 20304
157427723 241 587 20311
157477466 247 954 20327
157522832 251 914 20341
157540445 247 2606 20346
157551535 241 1466 20349
157555338 255 729 20350
157646962 254 1139 20379
157702444 253 1245 20395
157827651 243 718 20433
157875457 245 409 20448
157897199 249 2732 20455
157903488 243 516 20457
157906183 243 222 20458
157983837 255 330 20482
158081704 253 2134 20512
158126936 258 598 20525
158143614 259 1133 20530
158231751 247 26 20556
158266413 250 1661 20567
158354264 257 564 20594
158437894 256 2695 20620
158548706 257 2986 20654
158701596 250 542 20699
158724492 252 1695 20706
158810189 252 1960 20731
158818517 248 1001 20734
158895428 240 1542 20758
158908245 259 2030 20762
158956813 243 2581 20779
158963307 254 721 20781
159016726 250 1853 20796
159106301 242 730 20824
159241940 256 1992 20864
159279872 243 2241 20875
159362705 252 2033 20900
159372142 252 711 20903
159428797 247 2488 20920
159443882 257 287 20924
159460696 259 2851 20929
159499722 258 2410 20941
159604233 250 2742 20972
159708702 254 2711 21003
159739163 247 2565 21013
159773673 254 2025 21023
159843690 245 114 21044
159936613 248 1709 21072
159939762 243 221 21073
159960800 250 1012 21080
160042670 257 1204 21105
160045718 257 581 21106
160086826 253 2150 21117
160109610 243 780 21124
160266890 255 2976 21169
160302396 242 1448 21179
160317422 257 906 21184
160335479 246 2415 21190
160339812 252 1198 21191
160425323 248 1977 21216
160497871 243 2731 21237
160510310 244 2891 21241
160568626 247 2279 21257
160613227 240 189 21271
160675047 241 605 21291
160801253 240 833 21329
160946217 259 693 21372
160992511 259 1053 21386
161064666 252 1434 21408
161155932 243 1487 21435
161169973 252 1064 21439
161245598 243 2550 21461
161264329 251 320 21466
161339421 246 1891 21490
161403762 249 1525 21509
161495657 258 809 21538
161498797 246 1987 21539
161508139 240 1372 21542
161519973 259 2317 21546
161523355 252 2090 21547
161568715 243 2845 21560
161577266 247 433 21563
161616155 241 1752 21575
161670181 250 2073 21592
161888334 241 1720 21658
161917043 257 785 21667
161918908 242 1066 21668
161973950 254 1575 21684
162030950 244 1578 21700
162048792 255 388 21706
162059540 259 1464 21709
162066602 243 2426 21711
162167486 257 1230 21741
162281883 258 2584 21776
162367771 254 1871 21802
162370541 252 2494 21803
162401898 259 428 21812
162489700 242 294 21839
162493628 255 1051 21840
162518827 242 1998 21848
162598142 255 1847 21872
162758443 240 1954 21922
162763751 255 743 21924
162986187 250 247 21993
163068574 243 399 22018
163071387 255 1662 22019
163087172 257 324 22024
163104080 249 2978 22030
163132878 254 433 22039
163239219 241 1861 22071
163249160 256 825 22074
163290515 242 2156 22087
163356443 247 27 22108
163360587 252 2765 22109
163383983 244 2185 22116
163410114 243 2459 22123
163472355 245 2823 22142
163493229 249 2650 22148
163541849 257 1844 22163
163547392 241 2572 22165
163583847 241 2673 22176
163587416 253 1739 22177
163629942 240 2822 22189
163752401 242 957 22224
163762854 245 2379 22227
163825063 244 521 22245
163892058 250 1354 22266
163899389 255 1127 22268
163961260 243 1147 22287
163970957 258 233 22290
163988540 249 2027 22295
164022722 246 2250 22305
164025147 247 734 22306
164067473 257 1134 22319
164122041 256 455 22335
164213401 253 2941 22362
164221068 257 206 22364
164287381 249 411 22383
164304266 248 586 22389
164579393 252 2801 22471
164771010 242 1301 22528
164790605 245 2247 22534
164795474 251 1403 22536
164810501 255 72 22541
164826001 249 617 22545
164834269 254 953 22548
164896134 242 2347 22568
164928036 252 2040 22577
164964783 251 1312 22588
164969116 249 1698 22589
165008644 250 1355 22600
165015665 253 1067 22602
165052436 259 859 22614
165067834 259 1273 22619
165077626 255 2362 22622
165086343 245 1281 22625
165142245 248 231 22641
165165203 243 177 22649
165210489 241 2130 22662
165320969 256 412 22695
165339417 251 1587 22701
165359332 256 2476 22707
165423619 250 1816 22726
165493494 243 405 22746
165588944 243 1919 22774
165666829 247 721 22799
165777803 255 2461 22830
165823841 256 2807 22844
165851601 253 719 22852
165891731 255 1382 22864
165906578 258 2598 22869
165985537 243 2837 22892
166056131 254 696 22912
166093313 241 685 22924
166169027 257 958 22948
166199262 255 535 22958
166206136 250 1363 22960
166239037 252 2945 22970
166251765 255 1855 22974
166272588 249 2896 22980
166430909 253 2601 23030
166471532 259 2674 23043
166484243 259 2503 23047
166503330 255 656 23053
166516724 241 2057 23057
166625269 252 1790 23089
166688006 248 374 23109
166766161 257 1209 23133
166772899 248 2777 23135
166832498 246 55 23152
166849826 249 2469 23157
166969113 254 1374 23192
166977726 243 531 23195
166980699 241 841 23196
167034268 247 2589 23213
167045802 252 476 23217
167181183 243 533 23257
167187641 244 2561 23259
167244098 244 1937 23276
167255619 254 490 23279
167374178 253 2016 23315
167522749 258 1719 23362
167598724 250 932 23383
167713064 246 1993 23417
167727333 259 348 23421
167763719 259 935 23433
167776272 240 1548 23437
167940923 255 1652 23486
167951986 259 220 23489
167956319 257 2634 23490
167982406 247 211 23498
168064950 247 1857 23524
168092085 251 336 23532
168121427 252 2944 23541
168132443 256 667 23544
168143021 248 2631 23547
168164220 240 2762 23554
168175551 249 903 23557
168254303 243 1108 23580
168529828 250 2910 23663
168550739 259 2196 23669
168613268 240 565 23688
168654129 249 2120 23700
168678224 247 1446 23707
168700327 249 928 23714
168732958 250 1005 23725
168806757 241 23 23746
168885903 248 2852 23770
168901579 258 775 23774
168924840 247 637 23781
169007771 252 1246 23805
169037184 248 867 23814
169047686 240 687 23817
169050178 253 1699 23818
169099776 257 2798 23832
169128898 257 314 23840
169183134 247 1637 23856
169244250 241 681 23875
169257315 240 1020 23879
169413616 257 1350 23927
169521326 254 2667 23959
169556846 255 2898 23971
169577874 257 1861 23977
169621281 247 877 23990
169722844 247 2969 24020
169745435 247 1973 24027
169759218 257 89 24031
169793832 242 1563 24041
169819655 248 1195 24049
169942693 244 2381 24086
170080367 243 338 24125
170101241 256 1130 24132
170220982 246 512 24166
170309832 249 1626 24192
170315329 243 1588 24194
170325439 245 1429 24198
170393175 251 2124 24219
170510567 250 2944 24254
170634531 252 1114 24292
170719150 252 1611 24319
170782464 243 26 24338
170792443 252 597 24341
170809969 246 360 24346
170840640 240 2774 24356
170854327 247 875 24360
170911995 259 1813 24377
171103222 243 484 24435
171165076 243 2310 24453
171171216 247 1708 24455
171207085 243 433 24466
171246151 252 503 24478
171248863 250 2044 24479
171301435 255 770 24496
171353075 248 2883 24512
171558918 246 2325 24575
171621332 254 827 24593
171624950 242 540 24594
171677823 257 1645 24609
171728898 248 2091 24625
171793284 255 1968 24644
171869459 249 2050 24666
171915132 251 1421 24680
171968631 252 2239 24696
172021963 241 281 24713
172039671 245 2127 24718
172043174 251 2572 24719
172075850 250 529 24729
172140012 243 68 24747
172144326 247 2057 24748
172148622 245 1593 24749
172181754 242 1411 24759
172237408 250 376 24776
172259397 255 2191 24783
172265278 253 381 24785
172323273 253 2854 24803
172341882 241 1815 24809
172401097 258 1866 24826
172564759 257 918 24877
172600301 252 2836 24888
172603218 245 1439 24889
172609904 254 1324 24891
172694535 254 2328 24915
172710860 242 767 24920
172730254 258 2294 24926
172785908 258 1191 24944
172820008 254 1134 24954
172856638 255 1507 24965
172861874 259 1087 24967
172870854 243 1795 24970
172918556 245 735 24986
172991136 254 1837 25007
173030182 241 2398 25018
173046980 240 2029 25024
173081369 259 1987 25034
173085227 251 1447 25035
173146763 240 161 25052
173179622 256 2578 25061
173187133 241 1046 25063
173190560 246 600 25064
173294260 241 2111 25096
173304257 245 1015 25099
173367747 254 1529 25118
173375360 257 128 25121
173478139 250 1056 25153
173530098 259 2268 25170
173575139 241 1022 25184
173592368 252 2192 25189
173650349 251 2858 25206
173775563 251 1825 25243
173797022 251 302 25250
173825578 250 236 25258
173835293 259 2235 25261
173907520 256 2930 25283
173910060 252 2337 25284
174092918 249 404 25340
174117359 249 1238 25348
174127163 252 2938 25351
174151787 259 424 25358
174176487 253 1984 25365
174193971 250 1522 25370
174209451 256 1178 25374
174272092 259 1947 25394
174296458 247 950 25401
174367120 245 2098 25422
174462045 256 144 25451
174644137 243 2182 25503
174807377 244 963 25550
174846718 256 2708 25561
174884396 243 1956 25572
174914508 241 2240 25581
174980168 258 2248 25600
174997081 248 1780 25605
175077336 246 1327 25629
175114083 241 2992 25641
175149997 251 1695 25651
175216427 247 1239 25671
175385281 246 2783 25723
175399743 242 2126 25727
175418452 254 2145 25733
175461361 249 934 25747
175486730 246 2460 25755
175503447 247 1599 25762
175591602 246 2778 25789
175756052 256 2661 25839
175772170 254 2129 25844
175804568 247 1723 25854
176011197 254 1447 25914
176043382 248 610 25924
176054997 243 2092 25928
176154492 251 1632 25957
176165598 251 711 25960
176194206 242 501 25969
176298316 248 341 26001
176373115 247 815 26022
176429365 259 416 26040
176485972 243 1017 26057
176521261 247 2392 26068
176604039 248 1790 26094
176722735 253 1346 26131
176746939 244 675 26139
176763424 256 1612 26144
176778735 246 2539 26149
176782104 251 578 26150
176788283 256 2822 26152
176801410 241 2731 26157
176854071 244 2530 26173
176882002 252 2662 26181
176885514 256 2340 26182
176913400 253 452 26190
176954747 253 2808 26202
176981340 255 2781 26210
176992441 244 2995 26213
177006152 256 507 26217
177067178 256 1361 26235
177076754 240 2584 26238
177098439 245 103 26244
177130336 243 1224 26254
177138033 256 1217 26257
177151594 243 1825 26261
177161038 250 2775 26264
177238308 244 2520 26287
177245446 249 1456 26289
177285081 242 13 26301
177305629 256 1479 26307
177423940 254 1634 26344
177435000 250 1963 26348
177545912 247 631 26383
177742946 242 1315 26443
177840469 252 109 26470
177929094 252 795 26496
178047080 246 1259 26531
178107978 251 1826 26550
178126231 254 1975 26556
178197509 256 945 26577
178218019 244 2529 26583
178336996 246 2951 26618
178340686 241 813 26619
178380775 252 1863 26630
178447233 250 1126 26649
178455477 258 118 26652
178524032 251 2750 26672
178664004 249 2808 26714
178735014 258 2262 26735
178783011 245 50 26748
178860383 240 2058 26770
178905353 258 2310 26784
178979909 258 341 26806
178997961 253 27 26811
179003321 253 497 26813
179012751 246 1806 26816
179153226 247 1341 26858
179157087 242 1283 26859
179164017 252 634 26861
179240701 242 1809 26882
179244437 240 1773 26883
179272560 242 1029 26892
179296232 251 2127 26899
179332220 244 2164 26910
179375611 249 707 26923
179382686 257 820 26925
179426308 243 425 26938
179458799 256 2049 26947
179603399 247 1252 26992
179614147 254 1147 26996
179666388 257 437 27012
179704400 240 791 27024
179741116 253 1327 27035
179746961 246 412 27037
179774401 255 1342 27045
179786116 245 1814 27048
179838172 240 2859 27063
179884984 248 2439 27077
179889317 247 1386 27078
179993979 257 2499 27109
180125508 241 127 27148
180171035 258 1817 27161
180186460 253 30 27165
180216112 244 2911 27173
180274842 241 2675 27190
180401345 246 896 27228
180429433 253 484 27236
180432879 248 938 27237
180475688 259 1385 27251
180490899 256 2857 27257
180520210 252 1526 27265
180536181 249 1039 27270
180546590 247 1031 27273
180553480 244 179 27275
180588170 242 607 27286
180623882 247 1763 27298
180697655 254 2664 27320
180742611 242 1860 27333
180833406 255 915 27359
180885123 249 953 27374
180918139 242 2069 27384
180927096 243 2536 27387
180977890 245 2840 27402
181051300 244 2051 27424
181097919 254 332 27437
181231396 258 2226 27477
181238388 255 255 27479
181241164 244 75 27480
181274158 258 1462 27489
181381928 246 629 27523
181409194 245 2785 27531
181423087 254 1426 27535
181444288 249 1926 27541
181457833 240 1394 27545
181518629 253 1322 27563
181593085 242 605 27586
181633177 245 1703 27599
181647524 247 1291 27604
181686004 255 230 27615
181699218 248 1824 27619
181743720 259 1510 27632
181874413 251 2853 27670
181902845 249 2533 27678
182069831 241 631 27728
182146001 244 2397 27751
182153379 246 1965 27753
182183830 243 619 27762
182331774 259 404 27806
182341438 249 2993 27809
182382065 249 317 27821
182394427 253 25 27825
182405904 242 231 27828
182448604 251 563 27840
182499629 254 1868 27856
182545367 245 2124 27871
182548761 241 2469 27872
182571195 255 38 27879
182582428 258 704 27882
182609847 241 521 27891
182630553 242 1141 27898
182732030 251 2925 27929
182743376 242 465 27932
182840158 245 2744 27963
183005307 242 2306 28015
183097115 257 614 28043
183182960 259 154 28069
183325841 258 2058 28113
183406527 257 2380 28136
183519142 252 2116 28170
183570746 257 670 28185
183735043 254 1912 28236
183738732 247 2707 28237
183799939 256 2101 28255
183833261 251 2658 28265
183836888 257 2030 28266
183896486 250 2573 28285
183913137 247 1444 28290
183923671 258 1629 28293
184065628 248 2912 28335
184093592 240 37 28344
184100403 247 246 28346
184114723 258 1515 28350
184123808 242 51 28353
184211724 256 2362 28379
184287640 256 2862 28402
184339846 243 1246 28417
184434821 259 604 28445
184440651 253 762 28447
184494031 246 1638 28463
184577505 244 1146 28488
184633342 253 63 28505
184659890 254 1597 28512
184678240 244 1344 28517
184784944 255 2152 28548
184807122 241 1285 28554
184828782 255 1984 28561
184883800 250 2886 28577
184899559 246 2031 28582
184960023 249 2291 28599
184973569 249 2979 28603
184991110 249 370 28608
184998427 240 2194 28610
185079871 247 1049 28635
185113928 254 1731 28645
185180222 257 1377 28666
185316031 253 2327 28706
185445493 245 428 28747
185539449 257 2820 28775
185567494 240 675 28784
185583619 257 2020 28789
185605373 242 68 28796
185707661 256 2702 28827
185718965 240 1890 28831
185723298 244 2156 28832
185768709 245 125 28846
185775910 253 2543 28848
185786583 250 1076 28851
185824587 249 1546 28863
185879321 251 1424 28879
185913996 252 1381 28890
186224475 249 346 28983
186339019 246 1745 29017
186367524 247 1474 29025
186378342 256 305 29028
186447447 256 2810 29050
186450973 240 1849 29051
186462218 258 859 29055
186494689 254 2365 29065
186515987 255 1605 29071
186522855 253 2587 29073
186584349 240 1457 29091
186631700 245 2472 29106
186638414 250 279 29108
186706601 243 1410 29130
186724045 259 2665 29135
186755572 241 2928 29144
186793267 241 1387 29156
186929774 244 1700 29196
187019771 259 1424 29224
187037360 240 1921 29229
187104944 255 2142 29248
187142420 257 1452 29260
187156958 242 189 29265
187168505 242 662 29268
187171482 242 2951 29269
187185702 242 1837 29273
187221641 257 495 29284
187249305 252 1565 29293
187288287 255 1919 29306
187301323 256 1933 29310
187323936 241 960 29317
187389825 257 1970 29337
187451017 255 1631 29356
187471644 248 1899 29362
187509889 248 2972 29373
187606245 250 1124 29403
187636329 253 1884 29412
187639036 250 2392 29413
187878775 256 2647 29487
187885839 244 2887 29489
187902661 243 530 29494
187949241 244 1287 29508
187983446 257 471 29519
188088091 249 538 29551
188150575 248 2105 29570
188172079 250 2007 29576
188191385 256 1763 29583
188200366 257 928 29586
188229538 246 1209 29594
188297848 244 637 29616
188356981 246 1355 29634
188411888 241 1987 29651
188448716 258 766 29662
188494873 245 1637 29676
188573012 258 734 29700
188615050 249 1416 29713
188656892 240 1157 29727
188736366 250 1750 29750
188745173 250 2930 29753
188749286 254 1370 29754
188767346 246 131 29759
188777090 245 2534 29762
188787098 242 2260 29765
188981242 241 441 29824
189024925 259 1402 29837
189103164 241 334 29862
189121358 251 1813 29867
189232468 257 2237 29901
189267599 245 2141 29911
189294642 259 2634 29921
189347669 243 2568 29936
189389570 256 43 29950
189403359 249 1439 29954
189545733 253 2870 29999
