10000 274 708 0
182478 270 2842 13
257003 272 5 18
614264 272 1890 45
900166 268 1969 66
1156207 270 166 86
1208471 279 2794 90
1236332 270 1623 92
1494995 269 439 111
1678904 275 2291 125
1861188 261 1270 139
1892595 271 1989 141
1998314 269 2223 149
2143588 261 2246 159
2279396 270 1139 169
2726897 271 157 202
3313882 278 1490 247
3546930 266 2620 265
3585971 279 417 268
4208853 274 87 316
4341106 277 2575 326
4432063 269 2517 333
4521115 261 2726 340
4711158 276 31 355
4778589 270 367 360
4805594 272 1438 362
4996662 274 1086 376
5166598 266 715 389
5363114 265 2834 404
5388672 274 2168 406
5719077 268 417 431
6041672 275 371 455
6117876 277 1465 461
6140120 271 1005 463
6217097 261 411 469
6340568 279 1607 478
6613501 278 890 498
6949591 263 1337 523
7070375 264 2710 532
7278574 260 1545 549
7430480 272 2265 560
8007735 268 1425 604
9255421 266 1367 699
9268198 275 1755 700
9343473 272 2742 705
9524629 266 145 719
9902279 261 2699 747
10098330 263 1409 762
10223941 263 2937 772
10369562 265 153 783
10465732 260 956 790
10661436 260 686 805
11320619 274 1806 856
11489324 277 1300 869
11591807 265 2079 876
12029342 273 863 909
12054490 269 2212 911
12275975 263 2048 928
12467956 267 2801 942
12876087 272 1946 972
12920292 278 2988 976
12944343 268 185 978
13142250 275 1105 993
13348202 273 2418 1008
13360529 266 2012 1009
13476448 264 2902 1017
14036438 261 2261 1058
14101834 262 2793 1063
14149944 271 592 1067
14570238 267 353 1098
15504969 265 2426 1168
16048941 267 347 1210
16260029 278 2892 1225
16418526 262 2226 1237
16636677 267 2393 1253
17545413 267 2131 1321
17626092 264 1923 1327
17653303 272 987 1329
17786061 270 567 1338
17977760 271 2929 1353
18087996 279 149 1361
18223580 271 1618 1371
18408227 267 1535 1385
18479199 270 1535 1390
18724539 265 290 1407
18886107 264 144 1419
19139914 278 1026 1438
19201601 266 612 1443
19245418 277 1146 1446
19310946 274 1744 1451
20048354 272 67 1505
20100710 271 2667 1509
20134333 273 2892 1512
20294673 265 2679 1524
20545712 270 2591 1543
20905792 263 2629 1571
21344131 278 2036 1604
21493376 265 2553 1615
21535711 275 285 1618
21639757 271 1724 1626
21650475 267 1483 1627
21666765 274 49 1628
21766141 263 1647 1636
21891715 276 305 1646
22187934 263 2319 1668
22266353 277 622 1674
22629047 260 324 1701
22724181 266 662 1709
23068007 273 467 1734
23138091 276 109 1739
23283329 266 2265 1750
23454562 264 952 1763
23534120 269 29 1769
23715103 278 2226 1784
23725319 271 837 1785
23813834 260 2223 1791
23985273 262 228 1804
24443072 266 1056 1838
24457138 261 2406 1839
24960152 268 1938 1876
25214719 275 2947 1894
25841430 277 1577 1941
26196950 271 110 1968
26447514 269 2494 1986
26528238 265 363 1992
26568893 266 672 1995
26640272 267 2302 2000
26718355 277 4 2006
26808091 266 2954 2012
26952940 264 2098 2023
27541664 273 1108 2069
27585130 264 2194 2072
27707051 278 1019 2081
27855087 262 1253 2092
28063686 275 536 2108
28461840 268 2620 2138
28769035 265 988 2162
28899920 269 1755 2172
29216085 277 1738 2196
29675313 266 2155 2231
29746372 270 2593 2236
30519823 266 1623 2294
30845223 275 673 2318
30962829 265 1845 2327
30978783 267 2389 2328
31172886 265 261 2342
31311562 279 1078 2352
31405378 268 2793 2359
31538487 267 872 2369
31580302 262 846 2372
31821194 274 1343 2390
32006831 263 1376 2404
32121272 260 1706 2413
32269988 277 1640 2424
32338890 276 2024 2429
32432209 266 1014 2436
32592196 274 1439 2448
32872388 274 1369 2469
33029654 274 2981 2481
33267716 274 841 2498
33932583 265 590 2547
33943975 272 2717 2548
33988782 260 2591 2551
34005005 266 953 2552
34182963 268 1217 2565
34228575 261 1271 2568
34466526 271 1246 2586
34557135 260 997 2594
34906359 274 2442 2621
34966160 274 2851 2625
35195564 276 2354 2642
35236218 279 163 2645
35277600 267 2021 2648
35468730 277 2610 2662
35798992 278 14 2686
35864658 273 1100 2691
35917073 273 1083 2695
36170453 260 307 2714
36278779 271 273 2722
36434861 276 1359 2734
36734936 269 1814 2756
36796476 263 1075 2761
37661883 262 1409 2827
38114759 260 1767 2860
38360973 268 244 2878
39212355 273 2263 2942
39339557 275 642 2952
39513279 262 1655 2964
39538998 267 2168 2966
39677132 273 2213 2976
39721345 270 459 2979
40099391 266 2679 3006
40125538 279 960 3008
40140555 264 976 3009
40253704 264 379 3017
40578954 260 2255 3042
40688374 270 1186 3050
40991606 265 2775 3072
41091652 264 1539 3079
41116298 265 549 3081
41332491 266 718 3097
41418900 272 1789 3104
41785425 262 2843 3131
42322874 277 1140 3172
42494634 265 1327 3185
42538578 277 333 3188
42564810 266 718 3190
42593850 268 1756 3192
42828277 279 2173 3211
42842391 274 2493 3212
43063714 261 2512 3228
43104291 261 2870 3231
43512452 272 564 3262
43615752 276 2810 3270
43860590 274 2118 3288
43874836 268 51 3289
43940591 277 1828 3294
44591152 263 1653 3343
44640363 273 2385 3347
44753494 276 936 3356
44854168 262 2301 3364
45102968 274 468 3382
45270705 275 1360 3394
45313094 268 1426 3397
45323216 275 2363 3398
45434521 279 1020 3406
45530229 276 2186 3413
45625142 277 2469 3420
46229436 260 2718 3465
46276490 264 292 3468
46665399 277 2843 3497
46755748 261 111 3504
46952341 277 836 3518
47053207 263 1755 3526
47067291 276 997 3527
47140538 275 1353 3532
47225501 268 701 3538
47510538 263 2733 3560
47908962 274 1981 3592
47950343 271 951 3595
47962060 266 2330 3596
48186973 279 1916 3613
48263525 279 1969 3619
48414805 277 125 3630
48427801 266 638 3631
48629618 260 1839 3646
49218627 264 1460 3691
49600514 263 610 3718
49915743 271 527 3742
50047574 269 2644 3752
50133081 279 326 3758
50225985 276 2163 3765
50291390 261 2939 3770
50373695 276 438 3776
50656526 260 2251 3798
50753355 276 1591 3805
50962292 261 1384 3821
51177175 279 1796 3836
51229325 271 339 3840
51308670 272 269 3846
51412137 267 28 3854
51576763 278 610 3866
51610150 266 1983 3869
51934010 275 48 3894
52144257 265 812 3910
52204215 278 2443 3914
52234342 279 2066 3916
52521132 274 2057 3939
52925036 262 2567 3970
53040656 272 1468 3979
53178770 265 2686 3989
53377041 272 1134 4004
53656107 269 1614 4024
53759005 268 2461 4031
53835614 275 289 4037
54187192 279 202 4063
54215088 261 187 4065
54522360 263 2422 4088
54678484 278 2276 4100
55130406 261 2892 4133
55390546 278 2328 4154
56026527 270 2558 4202
57105385 279 1733 4283
57250385 273 527 4294
57265886 279 290 4295
57728629 267 1729 4331
58025423 274 1275 4353
58202180 272 681 4366
58216638 278 2659 4367
58377188 261 1438 4379
58446548 268 687 4384
59013430 277 2384 4427
59106761 276 1522 4434
59222472 274 1442 4443
59292705 271 2077 4449
59401793 276 2918 4457
59471490 263 1854 4462
59576828 269 2780 4470
59667400 266 649 4477
59844415 273 789 4490
59944270 260 1905 4497
60491979 278 2780 4537
60519129 270 1647 4539
60640380 263 463 4548
60784783 261 745 4559
61340809 271 1027 4602
61884021 269 248 4642
62163809 268 1035 4664
62680966 273 2039 4703
62936874 260 1134 4723
63043596 263 1982 4731
63400408 269 1752 4757
63478112 271 816 4763
63492349 265 1742 4764
64015435 279 2509 4802
64029540 265 2811 4803
64201913 273 2929 4815
64356017 277 1395 4827
64501460 263 1757 4838
64667461 263 1889 4850
64794864 279 2264 4859
64810824 260 373 4860
65492353 260 940 4909
65885171 275 1863 4938
65936570 274 2448 4942
66097406 262 1690 4954
66113177 273 2551 4955
66127098 276 1495 4956
66321162 275 1970 4971
66354231 262 2611 4974
66470789 279 1254 4983
66569797 274 2984 4990
66621608 277 1964 4994
67163249 273 181 5034
67402882 276 1492 5053
67526088 263 1641 5062
67819664 277 599 5083
68262139 260 2448 5116
68554635 261 452 5138
68803889 271 1746 5157
69211142 264 117 5188
69224729 271 730 5189
69441621 278 1483 5205
69598180 260 2033 5216
69824156 262 2165 5232
70120905 260 1790 5255
70296540 274 1089 5268
70359616 273 383 5273
70490786 274 2139 5283
70511675 276 2028 5285
70602277 269 648 5291
70727616 261 87 5301
70825509 269 176 5308
70870982 267 341 5311
70884799 275 2261 5312
71984602 267 242 5394
72057236 272 108 5400
72082818 271 1184 5402
72228949 264 2464 5414
72530505 265 576 5437
72625099 265 2282 5444
72673640 265 1308 5448
72689792 275 2550 5449
72771592 264 2690 5455
72977157 272 651 5471
73569073 276 283 5515
73723156 276 2571 5526
73990805 260 636 5546
74296284 272 2009 5569
74472104 273 945 5583
74503120 273 2400 5585
74744274 276 899 5603
74800524 263 1833 5607
74974077 261 609 5620
75145971 274 1619 5633
75185066 265 735 5636
75975204 260 2366 5694
76027113 261 564 5698
76585679 261 1576 5740
76773509 278 1725 5753
77283770 266 1889 5792
77309994 270 2758 5794
77710194 267 734 5825
77787265 278 2345 5831
78069372 270 941 5851
78232463 275 1808 5864
78432619 262 240 5879
78590453 268 2552 5891
78626305 267 634 5894
78886475 265 1000 5914
78964873 261 595 5920
79209462 268 2250 5939
79663463 269 2091 5974
79782615 269 707 5983
79832644 277 36 5987
79957008 261 2288 5997
80417840 275 2074 6030
80552238 275 1166 6040
81173693 271 688 6086
81221047 272 2287 6090
81438116 263 2268 6107
81511972 278 1803 6113
81683754 269 662 6125
82011190 274 1029 6151
82058969 263 1979 6155
82375224 273 2395 6178
82419348 260 822 6181
82876617 273 2 6215
83338171 273 2940 6249
83438568 267 300 6256
83544860 263 2775 6264
83603744 260 2495 6269
83617752 270 1880 6270
83791917 272 813 6283
83822273 262 889 6285
84029690 274 1018 6300
84146983 267 351 6309
84174235 277 137 6311
84357240 266 114 6325
84525815 277 2573 6337
84679293 270 372 6348
85139636 276 2162 6382
85398998 275 2529 6401
85634939 261 1895 6419
86154732 261 88 6460
86261579 263 1393 6468
86304611 271 1374 6471
86454276 274 2375 6483
86468999 269 792 6484
86572742 266 2434 6492
86602117 276 2921 6494
86614371 276 1659 6495
86784399 277 1630 6508
86856181 274 2197 6513
86918779 263 1867 6517
87000689 261 1926 6523
87235061 267 1801 6541
87407311 275 647 6553
87420945 278 958 6554
87478652 267 1504 6558
87642649 272 2681 6571
87862561 265 1025 6587
87949053 268 2790 6594
88114319 277 626 6607
88316167 267 581 6622
88405662 278 1834 6629
88656286 271 1383 6648
88928708 261 1339 6669
89107095 262 1408 6682
89783124 271 2402 6733
90034670 263 1046 6752
90127697 267 1966 6759
90166986 270 981 6762
90311599 272 1139 6773
90506052 260 276 6788
90597858 279 2541 6795
90641930 262 341 6798
90720605 263 1262 6804
90851681 269 2323 6814
91283707 261 1077 6846
91403489 279 2670 6854
91873612 271 270 6889
92219096 270 1787 6915
92234925 266 1748 6916
92294628 273 2967 6920
92542874 278 1741 6938
92571203 276 2851 6940
92765687 272 797 6954
93051138 268 544 6975
93147266 279 2852 6982
93219575 278 2841 6988
93272326 260 1760 6992
93420627 267 2590 7003
93503715 269 213 7009
94245161 265 2127 7064
94352485 261 2345 7072
94954332 260 1747 7117
95051248 275 922 7124
95147830 261 2131 7131
95432882 270 767 7152
95545505 262 234 7160
95649938 278 385 7168
96078112 262 1148 7199
96226169 265 2776 7210
96236169 278 1662 7211
96616467 276 1855 7240
96642321 273 2601 7242
96772576 269 2373 7252
96823639 268 1373 7256
97509818 261 696 7307
97880634 272 1336 7335
98507659 270 1510 7383
98763180 276 521 7402
98807784 276 2451 7405
98889609 270 1588 7411
99531336 268 1464 7459
99695008 273 1337 7471
99812777 270 1768 7480
99977000 277 2430 7492
100137881 263 1443 7504
100202295 267 1784 7509
100324321 264 2868 7518
100351252 266 711 7520
100713141 275 2922 7547
100736626 269 2812 7549
100760191 270 2398 7551
101104637 262 544 7577
101353712 269 1797 7596
101465582 261 2853 7604
101488911 273 1158 7606
101502909 275 78 7607
101539632 265 597 7610
101583992 270 2669 7613
101630896 279 1610 7617
102215636 262 276 7661
102841723 267 1121 7707
102864174 274 759 7709
102909044 275 2908 7712
103002688 274 586 7719
103055990 263 189 7723
103100092 260 899 7726
103281312 262 2507 7740
103345224 268 511 7745
103478507 269 1337 7755
103572526 275 1535 7762
104184375 279 2358 7808
104290347 271 2803 7816
104316815 268 856 7818
105001164 279 1902 7869
105026359 261 2075 7871
105467411 265 2466 7904
105621243 267 784 7916
105675476 274 2326 7920
105711649 266 2656 7923
105745728 266 2434 7926
106151905 261 2833 7958
106284510 278 361 7968
106393887 276 266 7976
106593566 266 397 7991
106822076 262 1817 8008
106850874 269 1118 8010
106936013 269 2518 8016
107032262 262 1028 8023
108026824 262 1841 8098
108571191 270 2227 8138
108635292 270 804 8143
109115623 262 1283 8178
109447828 267 2373 8203
109618930 267 2109 8216
109938323 268 2648 8241
110086411 265 2175 8252
110378122 277 648 8274
110559879 264 97 8288
110788264 261 1511 8306
110969016 265 2011 8320
111139445 279 988 8333
111178516 265 1713 8336
111205759 267 2488 8338
111493210 265 2539 8359
111523474 268 1225 8361
111779054 260 2400 8380
111861431 279 1952 8386
111910433 270 1933 8390
112051622 262 2718 8401
112148420 274 2160 8408
112197846 270 877 8412
112755058 265 2239 8455
112942118 276 670 8469
113122309 272 286 8482
113353742 260 1761 8499
113485409 279 1259 8509
113512349 272 2337 8511
113567315 271 377 8515
113608104 261 1517 8518
113760916 268 947 8530
113943232 279 2845 8544
113979903 273 1670 8547
114332257 260 1494 8573
114363564 272 902 8575
114404269 275 2610 8578
114612439 272 979 8594
114868777 265 2094 8613
114906371 261 1566 8616
115026333 274 1941 8626
115192016 266 1689 8638
115537376 260 2945 8664
115600581 267 525 8669
115688877 271 2104 8676
115770519 274 1662 8682
115899948 278 256 8692
116271573 263 2812 8720
116363356 272 90 8727
116671316 277 2640 8750
116816697 264 250 8760
116963430 263 2955 8771
117237109 265 1412 8792
117328080 275 720 8799
117390126 266 1371 8804
117552898 274 790 8815
117564816 279 2018 8816
118102593 268 1826 8857
118147679 261 669 8860
118564165 267 385 8893
118727147 276 962 8905
118848180 264 405 8914
118932585 269 2578 8920
118943072 264 1955 8921
120103102 268 7 9034
120114008 270 2375 9038
120127181 261 38 9042
120193695 269 2068 9063
120215789 265 2366 9071
120243997 278 2345 9079
120354695 277 2248 9113
120450462 270 2266 9142
120517409 262 130 9163
120552143 279 2752 9173
120581897 275 2350 9182
120584112 276 300 9183
120616057 264 371 9193
120695365 265 188 9216
120733075 272 1213 9227
120736724 269 1521 9228
120891865 263 2538 9275
120939889 279 309 9289
120970703 278 2049 9298
121029115 275 2278 9315
121093328 268 848 9336
121150054 278 1095 9353
121190579 268 801 9365
121248459 263 2573 9382
121290109 271 620 9394
121318603 275 2912 9402
121400314 274 378 9425
121427800 261 2199 9434
121478573 265 1754 9449
121546104 274 55 9468
121607807 265 870 9485
121651756 275 313 9498
121668859 272 2631 9503
121696957 262 902 9511
121736402 263 1850 9523
121821099 262 2915 9547
121828368 267 2522 9549
121841129 272 2399 9553
121847752 275 688 9555
121972715 276 278 9594
122070010 271 803 9622
122072338 276 1072 9623
122165952 263 717 9651
122186878 277 2659 9658
122215041 269 2014 9666
122260862 278 1320 9679
122291780 272 65 9688
122323520 263 2051 9697
122341872 271 2225 9703
122404285 262 2695 9722
122407878 279 2068 9723
122431994 269 648 9731
122502323 266 2050 9753
122518788 267 339 9758
122576795 264 2933 9775
122613526 273 2315 9786
122616572 266 931 9787
122651060 264 149 9797
122719663 274 2739 9817
122760103 279 1021 9829
123005618 274 1168 9905
123028282 277 1816 9912
123047901 261 2119 9918
123068361 267 840 9924
123095196 267 1405 9931
123126950 265 1250 9940
123130852 276 1894 9941
123319086 273 767 9997
123328332 267 2065 10000
123388923 274 726 10018
123476633 273 705 10043
123519404 278 838 10056
123590700 278 2889 10077
123657235 273 1452 10097
123666048 275 639 10100
123684778 263 967 10106
123705021 275 2026 10112
123821381 260 2018 10147
123835936 261 1606 10151
123838883 260 2727 10152
123925143 263 10 10178
124013210 277 711 10205
124034996 277 2614 10211
124213596 277 2746 10262
124239891 261 638 10270
124246804 261 2522 10272
124270132 264 2168 10279
124338832 266 2093 10299
124341334 270 237 10300
124354595 279 1986 10304
124357467 277 319 10305
124457820 265 1598 10335
124498402 264 2847 10348
124501354 267 1278 10349
124680994 269 2515 10407
124729784 273 1568 10422
124736662 268 1017 10424
124739436 261 2664 10425
124774479 271 200 10436
124949955 267 795 10490
124954201 272 585 10491
124980865 270 1089 10499
125129727 260 848 10544
125201395 275 155 10565
125207960 275 764 10567
125273028 271 1204 10587
125307886 262 2614 10598
125386287 262 2775 10620
125410656 271 1877 10627
125478908 273 1681 10646
125503956 262 822 10654
125520799 278 1610 10659
125581428 273 883 10677
125587654 269 2924 10679
125685335 271 2715 10709
125703653 262 2786 10715
125858439 275 1108 10762
125926340 269 1552 10782
125934445 264 2758 10784
125951574 270 2966 10789
126026386 278 1878 10810
126104659 269 95 10833
126160393 277 2393 10849
126231659 278 417 10872
126323139 277 2088 10901
126341838 272 788 10906
126426003 272 602 10931
126456752 273 1818 10941
126465412 263 1564 10944
126538293 261 1480 10967
126583748 268 1213 10981
126624172 276 1187 10993
126626640 275 760 10994
126701292 278 590 11017
126729437 261 409 11025
126745858 267 287 11030
126759108 262 662 11034
126761675 273 650 11035
126810995 260 2874 11049
126868884 278 1576 11067
126916032 263 2455 11080
126942070 267 1840 11088
126975760 263 2323 11099
127176255 260 434 11158
127200436 277 2737 11165
127243160 268 2703 11178
127266053 266 1545 11185
127283060 276 1886 11190
127294552 277 508 11193
127393484 272 218 11222
127464234 275 1699 11245
127661333 279 2646 11305
127692444 278 400 11315
127848356 264 1074 11364
127851614 269 1156 11365
127857474 278 1439 11367
127976700 274 838 11403
128038729 260 2985 11423
128055877 276 104 11428
128088287 277 1160 11438
128167049 278 2894 11462
128246112 275 2926 11486
128252617 263 2862 11488
128354119 267 965 11518
128406209 266 1391 11534
128412369 269 1294 11536
128462422 279 2166 11551
128476061 268 2456 11555
128490203 266 1445 11559
128560461 269 1809 11581
128611779 269 303 11596
128630240 271 2367 11602
128655329 276 2461 11609
128795071 263 2236 11649
128845014 268 2056 11663
128883036 268 1074 11675
128895132 263 1501 11679
128931372 278 193 11690
128938877 273 865 11693
128992482 260 922 11708
129020257 264 331 11716
129115720 270 2036 11746
129146352 275 583 11756
129161655 278 1759 11761
129174031 264 234 11765
129179737 263 327 11767
129181913 269 1881 11768
129226994 276 1063 11781
129334384 270 365 11813
129499489 275 1193 11861
129542573 269 1083 11874
129568282 261 2830 11882
129571497 275 409 11883
129631920 267 1529 11901
129747756 263 1147 11934
129769448 266 1957 11941
129796804 278 713 11949
129918658 260 1052 11986
129944691 263 2643 11993
129959241 263 1852 11998
130042271 265 1528 12024
130114430 271 810 12047
130184462 269 2321 12068
130234490 275 1855 12083
130263109 274 2127 12092
130328714 277 1234 12112
130376128 270 1578 12125
130379923 268 941 12126
130408645 271 1104 12135
130469798 270 1889 12153
130492027 261 427 12159
130749347 279 676 12240
130756099 275 246 12242
130758763 279 1546 12243
130772544 264 305 12247
130790679 279 1674 12252
130853595 264 1354 12271
130908323 269 1529 12287
130938813 272 1071 12296
130973977 271 1276 12307
131015611 261 2119 12321
131046178 269 1835 12331
131074054 273 2576 12339
131097712 266 24 12346
131191642 271 2274 12375
131230466 269 1151 12387
131266989 264 2224 12399
131306841 276 1566 12412
131361073 266 800 12428
131436985 278 866 12450
131567667 261 2989 12490
131584702 264 2949 12496
131607405 267 621 12503
131654791 266 327 12517
131707983 272 889 12533
132075178 272 2124 12645
132150000 279 267 12667
132205489 260 1806 12684
132213803 275 132 12687
132344507 267 2308 12726
132388489 279 1204 12739
132460676 272 549 12761
132516711 271 2387 12778
132707789 277 2451 12835
132710830 267 2861 12836
132745223 272 2122 12847
132855831 270 2093 12881
132916979 276 2866 12900
132947455 268 1420 12909
132966183 270 1938 12915
132969936 266 569 12916
132973109 265 2219 12917
133001026 270 2483 12926
133068119 269 2804 12947
133084971 277 2278 12952
133092354 264 1005 12954
133129170 269 1946 12965
133132459 262 1707 12966
133163448 264 746 12976
133167191 266 453 12977
133268800 270 330 13006
133287116 272 2286 13011
133298016 279 1564 13014
133301543 273 709 13015
133355738 268 173 13032
133360837 273 1636 13034
133466956 265 172 13067
133497770 272 763 13077
133525093 270 203 13085
133560940 268 317 13096
133587114 266 1483 13105
133614544 272 1172 13113
133643285 261 1172 13121
133660843 276 1087 13126
133753429 265 282 13153
133847627 263 409 13181
133878859 269 2840 13191
133918978 264 1849 13204
133936203 267 1060 13209
133961290 275 8 13217
134067943 270 499 13249
134124268 268 2436 13266
134128011 263 1017 13267
134139731 263 2808 13271
134178840 268 88 13283
134208958 268 177 13292
134324548 275 1261 13326
134363113 268 1615 13337
134405821 262 2307 13351
134476865 277 1553 13374
134516939 278 418 13385
134570524 262 2890 13402
134583563 274 2956 13406
134639664 279 94 13423
134727487 264 2787 13451
134750593 264 2913 13458
134911083 261 757 13505
135020300 267 655 13539
135036310 270 2368 13545
135047757 275 546 13549
135062692 263 1815 13554
135100108 279 1431 13565
135134411 279 750 13575
135164143 267 1312 13583
135186286 272 1719 13590
135262206 277 1710 13611
135298720 274 279 13621
135320492 276 1173 13627
135322945 262 1755 13628
135366994 268 635 13642
135542138 263 1347 13695
135606664 276 269 13713
135618834 273 1619 13717
135804444 270 811 13773
135808049 270 1334 13774
135817666 266 2588 13777
135876395 260 2177 13794
135904787 267 1021 13802
135957941 263 998 13819
135964899 271 2985 13821
136027552 261 1340 13840
136054686 277 412 13848
136122002 263 219 13868
136145273 261 585 13875
136160735 260 546 13879
136167475 271 2291 13881
136302848 273 1258 13921
136356398 260 419 13937
136372070 271 2138 13941
136440290 267 2564 13962
136599731 270 164 14009
136631612 263 2429 14018
136663090 275 566 14027
136706732 270 1809 14041
136777165 263 2362 14061
136861665 278 2392 14086
136961469 266 44 14117
137026222 267 1862 14136
137204302 278 474 14191
137224053 264 2484 14197
137241015 261 106 14202
137255295 273 810 14207
137270045 265 1435 14212
137352780 275 2546 14238
137366567 267 522 14242
137433279 271 1375 14263
137472394 260 778 14274
137537423 266 720 14294
137552905 267 421 14299
137583245 273 157 14308
137617988 272 946 14318
137625137 277 2098 14320
137681632 267 1470 14339
137735741 276 2045 14354
137849476 267 1299 14387
137853184 270 426 14388
137904361 279 833 14405
137957203 272 786 14421
138055241 274 540 14451
138071981 272 960 14456
138097963 264 2670 14464
138195055 277 1286 14494
138200516 273 1955 14496
138326179 275 2977 14535
138346407 269 290 14541
138375838 263 450 14549
138406250 274 970 14558
138435943 263 1647 14566
138543838 279 275 14598
138588473 265 1521 14612
138629807 276 1631 14625
138664422 269 1602 14635
138705984 271 1731 14648
138779823 269 482 14670
138989093 272 2161 14732
139107504 274 2735 14768
139116872 260 1997 14771
139250382 263 1179 14814
139295836 265 87 14829
139319279 273 1466 14836
139358766 274 1109 14848
139361978 275 1222 14849
139417015 268 2411 14866
139485063 265 1273 14885
139567647 271 2674 14912
139637113 279 785 14934
139648793 265 1111 14937
139664413 267 327 14941
139703439 269 2592 14952
139744345 270 80 14964
139762153 272 1153 14969
139835799 276 2325 14991
140018894 266 2113 15047
140185697 262 2799 15098
140241755 277 1063 15114
140416748 265 2074 15168
140430018 278 2636 15172
140447292 273 2415 15177
140490687 261 1810 15189
140584787 262 1394 15217
140588573 264 1654 15218
140701333 271 1226 15250
140703578 267 413 15251
140773208 278 1694 15273
140800409 278 1926 15281
140838332 262 487 15292
140860152 269 2250 15299
140867954 268 468 15301
140928681 264 2029 15319
140949395 264 376 15326
141074573 264 2116 15364
141086496 275 46 15368
141116433 272 2453 15379
141127852 268 1069 15382
141227847 273 974 15412
141248593 260 573 15419
141330310 262 1362 15443
141388481 275 1558 15460
141590410 262 1262 15520
141784170 269 1968 15580
141839102 266 2992 15596
141842321 278 1878 15597
141853334 267 2284 15600
141860742 268 1793 15602
141864203 277 588 15603
141904300 267 1093 15615
141961601 274 1176 15632
142030273 268 941 15652
142032992 262 17 15653
142040124 265 1726 15655
142099984 265 1836 15673
142109462 268 2808 15676
142112049 267 2332 15677
142126972 277 161 15681
142216931 266 2201 15709
142234983 267 860 15715
142273928 273 1551 15727
142313955 274 616 15740
142376648 261 2650 15758
142390935 273 2677 15762
142418452 269 1268 15770
142505005 279 93 15796
142508243 275 2966 15797
142559515 279 2531 15812
142688107 278 2056 15853
142700254 261 681 15857
142742729 273 1367 15871
142746918 273 2251 15872
142778786 267 2446 15881
142872116 273 1152 15910
142890999 270 1259 15915
142893714 269 1516 15916
142916768 264 2666 15923
143031179 279 1645 15959
143115269 263 501 15984
143124698 260 941 15987
143215604 260 124 16016
143256743 276 937 16028
143286253 278 2610 16037
143332489 261 97 16052
143381864 278 743 16067
143387004 262 2114 16069
143445941 279 453 16087
143486153 263 2297 16100
143603705 276 1629 16136
143614119 265 2414 16139
143620298 277 693 16141
143687482 265 1049 16161
143852174 271 1110 16212
143906102 260 2223 16228
143919849 276 2294 16232
143922067 273 454 16233
143970430 275 1086 16248
143972780 272 1331 16249
143989078 266 1308 16254
144030281 261 1739 16265
144044253 275 2445 16269
144092219 278 2014 16284
144095541 264 1615 16285
144170424 262 1090 16307
144210341 278 2308 16321
144383788 265 1716 16372
144393387 273 276 16375
144402367 278 619 16378
144424777 264 744 16386
144444754 278 1678 16392
144447859 276 1855 16393
144449499 270 1946 16394
144502844 268 832 16410
144509469 277 2190 16412
144526622 268 2731 16417
144543737 271 208 16423
144582493 278 614 16435
144586606 266 1325 16436
144710460 260 2882 16474
144733409 267 1219 16481
144782571 273 445 16495
145069596 279 1925 16583
145084395 265 1486 16588
145144960 261 1940 16606
145191956 263 2808 16622
145278463 277 1949 16647
145331356 268 2783 16662
145344022 262 351 16666
145357087 273 2843 16670
145408203 276 1727 16686
145507111 269 1854 16714
145540492 263 1011 16724
145564240 268 784 16731
145615046 266 1138 16746
145679531 268 1450 16765
145784448 265 2648 16795
145799610 267 880 16800
145817599 270 2348 16805
145833102 263 1862 16809
145836154 274 1580 16810
145925234 277 2609 16837
146036754 260 1008 16871
146173370 273 1376 16911
146224938 261 182 16927
146316103 272 2063 16954
146379290 260 315 16972
146473118 260 1160 17002
146648672 270 1962 17055
146656201 260 2845 17057
146674979 274 247 17063
146698496 263 1914 17070
146704742 268 1508 17072
146719977 274 433 17077
146794544 265 1463 17100
146809857 275 2470 17105
146825591 262 1471 17110
146852263 273 258 17118
146937790 272 1886 17144
147023016 273 896 17169
147069329 271 590 17182
147162751 270 2887 17211
147204191 272 1790 17223
147216022 278 2374 17227
147263712 277 2348 17240
147285219 267 155 17247
147546168 274 1513 17330
147645343 261 1196 17359
147661369 267 933 17364
147718266 277 1256 17381
147801990 273 887 17405
147841178 263 1269 17416
147867812 261 2292 17424
147904417 267 1167 17436
147907481 278 2717 17437
147923411 278 2970 17442
147967631 278 454 17454
147990097 275 2178 17460
148033630 279 506 17474
148041238 271 2277 17476
148133985 270 362 17504
148148736 274 264 17508
148181309 276 744 17519
148224056 277 939 17532
148243459 275 2576 17538
148294577 263 758 17553
148336639 271 49 17565
148352943 272 802 17570
148424672 260 2263 17592
148451732 262 1239 17601
148463412 272 2498 17605
148533267 279 2837 17626
148554029 267 84 17632
148566332 266 2429 17636
148590922 270 466 17643
148644363 279 624 17659
148735803 261 160 17687
148781916 269 1001 17701
148788575 272 599 17703
148868341 261 2364 17726
148926211 274 1697 17744
148929711 277 2209 17745
149037289 266 1006 17779
149124066 274 1177 17805
149134463 267 56 17808
149261727 262 2210 17846
149330608 274 447 17866
149340004 273 671 17869
149347171 267 2941 17871
149354813 276 1302 17874
149403502 278 1895 17889
149429818 277 2845 17898
149447146 265 986 17903
149594380 276 776 17947
149635651 265 1796 17959
149727609 260 580 17989
149735020 271 1455 17991
149783653 263 2175 18006
149864813 264 1322 18031
149931112 270 583 18051
149963132 278 1331 18060
149969957 275 2019 18062
149995975 270 344 18070
150109780 262 1485 18104
150153572 263 978 18118
150309569 272 2351 18165
150353456 275 2069 18178
150388348 277 1618 18189
150437975 276 785 18205
150570464 269 798 18246
150576635 269 675 18248
150623496 261 2456 18262
150626748 264 1709 18263
150630126 277 555 18264
150662488 275 1060 18275
150769697 273 284 18306
150874101 266 2059 18337
150891172 272 171 18342
150905768 262 560 18346
150920401 274 1434 18351
150946936 262 1300 18359
150950133 270 2070 18360
150992800 268 2803 18374
150999733 274 1282 18376
151044288 269 1660 18390
151100729 267 878 18407
151139933 270 1703 18419
151172774 268 1832 18429
151275921 264 2639 18459
151292237 269 1049 18464
151319012 260 751 18473
151346228 264 2101 18481
151446198 272 2376 18511
151493962 277 468 18525
151539963 269 1077 18539
151590408 266 1452 18553
151617636 279 971 18561
151657040 279 830 18574
151694981 261 637 18585
151717993 260 1052 18592
151760630 271 31 18606
151771541 265 1308 18609
151774489 272 622 18610
151832964 260 654 18627
151907213 264 1206 18649
151943708 268 2528 18659
152038325 264 634 18689
152059655 274 989 18695
152083023 260 702 18702
152161122 270 645 18726
152190673 274 2275 18736
152285114 263 2914 18767
152318819 273 170 18778
152373386 265 578 18795
152398395 273 2973 18802
152401219 275 2873 18803
152429084 261 155 18811
152446592 263 2856 18816
152529716 275 223 18841
152575414 278 242 18855
152618714 269 260 18869
152668575 273 2007 18884
152764985 264 1046 18913
152771183 275 2719 18915
152826332 266 2864 18932
152924997 264 1218 18960
153023599 269 2723 18989
153067286 275 1899 19001
153167841 268 346 19032
153241346 260 2241 19055
153342107 277 532 19084
153388485 267 23 19098
153392209 263 2296 19099
153411847 276 1810 19105
153419441 265 522 19107
153449922 277 1178 19116
153604523 275 1893 19160
153706651 279 1214 19190
153843333 277 423 19232
153875525 279 512 19242
153910853 269 171 19252
154028029 270 1796 19286
154046490 270 2822 19292
154073381 269 2259 19300
154098450 271 2927 19308
154120768 270 1870 19314
154126105 268 2708 19316
154208059 269 1973 19340
154273275 279 2319 19359
154403762 268 1285 19396
154456797 266 483 19411
154671553 278 1714 19475
154701560 266 325 19484
154725503 265 1669 19491
154775305 266 313 19506
154788487 275 986 19510
154795982 266 658 19512
154825409 276 1665 19521
154857931 279 2813 19531
154863331 276 896 19533
154949849 274 1409 19560
154961089 266 1144 19563
155002698 273 911 19576
155037723 262 2804 19587
155042651 267 832 19589
155164566 264 199 19626
155211784 270 50 19640
155265853 268 1411 19655
155288875 275 808 19662
155295269 264 2598 19664
155415915 262 691 19699
155495711 272 721 19724
155526710 279 2136 19734
155555849 261 1553 19742
155621769 275 421 19761
155649158 264 2445 19769
155670625 278 2267 19775
155740387 272 91 19795
155756754 260 2946 19800
155769658 269 2755 19804
155779435 272 2352 19808
155848526 274 1555 19829
155889075 268 327 19841
156163168 274 1980 19925
156169950 273 538 19927
156251265 261 1199 19951
156308059 272 1622 19967
156319294 276 1592 19970
156397697 278 217 19995
156486915 260 193 20023
156525573 260 1737 20035
156651705 271 872 20072
156727169 278 2407 20095
156770495 265 1197 20109
156848818 265 1276 20133
156917256 270 2344 20154
156929933 261 68 20158
156956432 276 2953 20166
157000092 262 1919 20179
157039119 272 8 20191
157131702 269 133 20220
157165631 266 841 20231
157248336 274 1300 20255
157252419 273 1165 20256
157297969 265 1655 20271
157360282 277 830 20291
157380204 272 2795 20297
157446011 270 634 20317
157567879 262 1467 20354
157598147 277 1231 20364
157613055 263 281 20368
157621275 263 605 20371
157685426 261 2417 20390
157692278 270 2738 20392
157704822 274 2023 20396
157715165 273 170 20399
157780068 274 1808 20419
157797238 274 2984 20424
157855164 272 2912 20442
157895558 266 877 20454
157922194 264 1505 20463
157930561 264 1061 20465
158072678 277 2613 20509
158197356 263 1381 20546
158200205 268 1349 20547
158445890 261 679 20622
158480272 266 2879 20632
158542806 269 994 20652
158555283 267 2248 20656
158583426 270 2935 20664
158586082 272 1496 20665
158592464 265 955 20667
158658816 267 703 20687
158669425 267 2073 20690
158686121 264 2609 20695
158738867 278 1974 20710
158790792 276 1461 20725
158911984 269 450 20764
158959642 271 1294 20780
159020026 274 1037 20797
159056806 274 2562 20809
159314734 261 2281 20886
159398008 270 264 20911
159440491 264 727 20923
159455305 260 1737 20927
159493105 277 778 20939
159597900 268 1538 20970
159607775 265 2543 20973
159616829 277 2700 20976
159656327 279 202 20987
159661432 274 2857 20989
159812602 262 2699 21035
159819666 273 2435 21037
159863193 277 1307 21050
159868850 265 2696 21052
159904828 266 112 21064
159942522 267 2886 21074
159948186 261 2669 21076
159972436 264 2256 21084
159991553 266 2537 21090
160020562 272 2176 21099
160093552 275 2525 21119
160128865 273 396 21129
160142509 263 2132 21133
160152717 279 2115 21136
160156026 268 408 21137
160198450 277 990 21149
160218484 270 436 21155
160251431 274 1227 21164
160304580 268 2540 21180
160378459 278 645 21202
160386367 279 1305 21204
160396696 270 971 21207
160419744 269 1694 21214
160484690 265 931 21233
160507512 273 1788 21240
160562051 266 277 21255
160640698 267 1961 21280
160668460 269 1831 21289
160736943 261 287 21310
160744395 263 2420 21312
160812930 269 2444 21332
160817036 272 2863 21333
160824436 261 1094 21335
160827822 275 374 21336
160853988 265 1451 21343
161040929 274 935 21401
161186388 263 2988 21444
161207000 278 2128 21450
161266338 275 266 21467
161285210 261 1740 21473
161305882 263 688 21480
161363765 270 2025 21497
161387415 266 2347 21504
161413247 261 1328 21512
161423671 274 896 21515
161462593 263 602 21527
161565733 261 319 21559
161589799 274 1078 21567
161606397 269 462 21572
161628257 277 654 21579
161689851 268 1914 21598
161692783 269 2084 21599
161780021 269 1389 21626
161806188 278 2306 21634
161922220 272 1795 21669
161999001 268 1446 21691
162165703 260 553 21740
162286132 275 1937 21777
162322812 262 1562 21788
162350864 271 1912 21797
162357514 270 2862 21799
162451582 274 468 21828
162550496 269 1589 21858
162620343 277 673 21879
162623992 261 1777 21880
162635102 270 750 21883
162696261 275 1791 21903
162777448 269 2643 21928
162824228 277 587 21942
162858574 265 2077 21953
162909624 265 1869 21969
162980021 265 902 21991
162982931 268 2165 21992
163084075 269 2698 22023
163172399 269 485 22050
163195135 264 653 22057
163201099 278 2634 22059
163268527 272 2299 22080
163311460 267 1948 22093
163334706 277 2309 22101
163337443 267 2885 22102
163354268 278 905 22107
163374584 268 2005 22113
163438991 260 2447 22132
163455445 261 417 22137
163523201 262 1008 22157
163526177 273 2575 22158
163613883 274 1832 22184
163859982 274 1614 22256
163862603 271 1784 22257
163895394 275 1636 22267
163937940 270 2442 22280
163996295 271 1869 22297
164173287 266 2962 22350
164227604 273 1940 22366
164342826 270 2710 22401
164413439 278 1641 22422
164425963 265 1498 22426
164429624 261 1752 22427
164499997 274 2054 22448
164510911 261 2666 22451
164531039 270 2779 22456
164543963 274 1134 22460
164582042 278 1980 22472
164637172 262 1497 22487
164701069 276 100 22507
164787876 274 92 22533
164841563 268 2092 22550
164855903 273 2014 22555
164868619 268 67 22560
164902549 270 1774 22570
164917405 271 1574 22574
164991662 266 2294 22595
165038938 270 1212 22609
165101332 276 786 22629
165129407 271 1382 22637
165253098 269 2923 22674
165261764 270 2912 22677
165305256 267 279 22690
165318389 275 2025 22694
165346266 269 2731 22703
165349350 276 1307 22704
165375698 277 1569 22712
165396859 260 733 22718
165561905 266 1976 22765
165727791 261 1345 22816
165734351 266 2835 22818
165752386 262 1216 22823
165774938 277 1197 22829
165946555 276 2846 22880
165963003 268 369 22885
165992925 264 739 22894
166115216 275 130 22931
166166193 272 763 22947
166197623 265 923 22957
166212728 270 370 22962
166277993 269 2732 22982
166287837 279 2679 22985
166289891 276 2491 22986
166345859 263 2024 23004
166358631 279 2241 23008
166373873 262 2004 23013
166405532 275 1455 23022
166454472 262 2541 23038
166500053 263 912 23052
166672557 270 2287 23105
166706860 269 1734 23114
166732341 269 879 23123
166780517 278 2124 23137
166788169 263 2722 23139
166796648 267 2658 23141
166802984 272 770 23143
166853117 277 2658 23158
166903313 263 1593 23173
166984287 274 1807 23197
167142539 260 452 23246
167200330 272 808 23263
167295573 273 1183 23292
167336919 263 1779 23304
167384989 261 446 23319
167408478 269 508 23326
167416935 273 493 23328
167439310 271 1290 23335
167497967 274 2163 23354
167626661 262 1826 23391
167644362 270 527 23396
167787476 268 2858 23440
167815539 264 1819 23448
167851264 274 1770 23459
167934545 276 1993 23484
167936750 279 1282 23485
168021762 262 611 23510
168030095 269 435 23513
168046145 269 2873 23518
168081244 278 2274 23529
168099317 271 281 23534
168155028 260 2061 23551
168172005 279 2227 23556
168278478 278 135 23587
168285339 264 1925 23589
168332926 264 1325 23603
168344739 274 1241 23607
168437366 269 428 23634
168462454 264 1070 23642
168501886 267 240 23654
168691028 273 99 23711
168696798 264 1691 23713
168745866 279 2168 23729
168756874 260 652 23732
168764525 270 2414 23734
168803598 265 1652 23745
168871658 270 83 23766
169001022 267 346 23803
169021947 278 438 23809
169044262 271 2970 23816
169153394 268 1302 23847
169229307 269 2387 23870
169250925 269 883 23877
169331104 264 2987 23901
169375508 279 2626 23916
169451957 279 212 23938
169540792 273 1502 23966
169548047 272 2529 23968
169559930 269 931 23972
169606307 276 2972 23986
169659696 260 2140 24002
169696564 278 2799 24012
169741977 262 885 24026
169980602 275 2547 24097
170037927 279 2970 24113
170062856 261 2681 24120
170105574 264 1771 24133
170126191 264 428 24139
170129256 266 688 24140
170132850 267 1362 24141
170160641 272 620 24149
170164974 265 1368 24150
170172484 264 982 24152
170176713 278 757 24153
170238019 268 175 24171
170311764 267 1051 24193
170369775 268 853 24212
170402577 262 689 24222
170418906 273 2823 24227
170435324 278 2856 24232
170466848 270 458 24242
170561769 265 1982 24271
170585315 274 1801 24278
170589121 279 2748 24279
170668300 273 1654 24303
170670655 264 1225 24304
170729491 273 1779 24322
170749470 264 667 24328
170769722 268 711 24334
170837854 279 369 24355
170927292 266 1427 24382
170952875 275 2825 24390
170956820 273 1236 24391
170964081 267 1471 24393
170972628 279 143 24396
170998515 269 2002 24404
171020914 275 57 24411
171025160 275 2267 24412
171040510 275 2511 24417
171064527 265 752 24424
171178132 276 1867 24457
171200098 276 2576 24464
171392715 270 116 24524
171431013 274 2405 24536
171505104 267 2406 24558
171525686 277 201 24565
171536226 268 769 24568
171545949 276 636 24571
171566618 272 2517 24577
171707815 274 2728 24618
171890173 266 1166 24672
171965893 267 879 24695
171974825 278 2130 24698
171981589 279 1332 24700
171985070 260 1341 24701
172001171 275 714 24706
172150424 263 2645 24750
172202250 260 1265 24765
172287940 275 2256 24792
172313334 277 1923 24800
172337725 275 876 24808
172349541 279 2407 24811
172455775 261 1319 24844
172497847 267 961 24857
172560465 279 2392 24876
172642323 262 1572 24900
172669414 276 1675 24908
172768810 276 2984 24938
172779433 276 418 24942
172796431 270 844 24947
172799626 263 1707 24948
172874320 269 82 24971
172994907 261 678 25008
173016909 263 2313 25014
173125495 265 2390 25046
173143500 277 1395 25051
173196674 274 2050 25066
173205279 276 2229 25069
173285617 271 1001 25094
173353420 263 820 25114
173451991 264 1548 25144
173468707 279 2776 25150
173496808 265 93 25159
173511290 265 664 25164
173607102 267 648 25193
173617441 269 2182 25196
173632162 263 1326 25201
173643442 273 341 25204
173722852 263 2350 25228
173789964 275 1843 25248
173793899 275 1154 25249
173857616 276 624 25268
173927201 272 2525 25289
174004873 278 1250 25312
174014286 278 1912 25315
174134181 268 2928 25353
174161043 261 125 25361
174217562 278 694 25377
174251171 263 2345 25388
174282362 277 1105 25397
174289240 278 481 25399
174300109 265 2701 25402
174350937 273 287 25417
174397099 266 1527 25432
174424055 270 975 25439
174443071 277 1280 25445
174456022 267 736 25449
174543237 266 1301 25474
174562498 267 2120 25480
174569785 276 2046 25482
174606090 273 2194 25493
174659818 277 2870 25508
174675865 261 1184 25512
174689653 270 1196 25516
174715624 269 2945 25523
174752638 266 556 25534
174762098 260 475 25537
174863522 277 1977 25566
174881119 261 84 25571
174958870 266 1164 25594
175101658 271 2077 25637
175168437 273 1720 25656
175184510 271 1529 25661
175246628 262 833 25681
175270517 268 2011 25688
175312474 270 2309 25701
175361206 260 256 25716
175371721 260 1030 25719
175377714 265 628 25721
175405641 263 1508 25729
175412246 270 2240 25731
175465530 274 1041 25748
175483845 263 2205 25754
175646492 274 1854 25805
175652992 270 2983 25807
175697097 273 2957 25821
175699661 276 994 25822
175807934 267 2538 25855
176018085 272 2207 25916
176138237 278 2938 25952
176157791 278 1590 25958
176274953 278 2170 25994
176280823 274 2469 25996
176294505 279 2459 26000
176343890 266 165 26014
176466497 261 2277 26051
176684065 265 148 26120
176734232 272 2052 26135
176756414 260 1609 26142
176790792 263 835 26153
176804822 272 1281 26158
176875374 271 1127 26179
176948147 269 2650 26200
177185512 273 489 26271
177210446 264 1388 26279
177258255 274 2881 26293
177331711 261 1450 26315
177392549 276 963 26335
177540499 274 1892 26381
177562255 268 1383 26388
177619356 270 1826 26405
177636373 274 1609 26410
177647936 266 2425 26413
177651660 267 2826 26414
177657268 277 2931 26416
177675411 279 894 26422
177682487 262 664 26424
177695692 261 2557 26428
177765424 278 549 26449
177775617 266 2183 26452
177790284 265 2985 26456
177852350 260 2090 26473
177857986 269 856 26475
177861475 260 1045 26476
177878092 266 2501 26481
177912395 279 1951 26491
177999494 265 1639 26517
178059655 279 345 26535
178104749 273 281 26549
178136302 267 1190 26559
178395338 270 738 26634
178586686 266 2382 26691
178627293 273 2818 26703
178635075 271 1494 26705
178657960 278 1072 26712
178794077 276 1326 26751
178843012 262 1324 26764
178893878 268 2234 26780
178946773 260 2202 26796
178956735 270 885 26799
179000666 273 900 26812
179006409 268 1499 26814
179010187 276 84 26815
179070636 263 2912 26833
179149706 270 2278 26857
179189934 267 1155 26868
179246748 274 2749 26884
179259615 277 947 26888
179404693 266 2216 26932
179418421 261 1444 26936
179556370 264 454 26977
179609115 262 818 26994
179632849 262 1949 27001
179651136 273 2934 27007
179798911 260 2791 27052
179857033 261 21 27068
179949409 262 2168 27095
179975242 274 2257 27103
180024686 275 2721 27118
180091693 263 2067 27138
180145710 263 2003 27154
180248921 268 2280 27182
180261198 275 933 27186
180264904 271 979 27187
180267814 261 235 27188
180316045 268 879 27203
180328994 267 2077 27207
180374994 270 103 27220
180384374 267 734 27223
180435318 271 444 27238
180438371 273 2881 27239
180481715 273 1346 27253
180488842 278 2141 27256
180581815 263 120 27284
180669234 262 2055 27311
180699710 274 659 27321
180732159 264 1231 27330
180735940 261 2570 27331
180758547 278 1491 27337
180813111 262 2257 27353
180874395 269 1421 27371
180936667 274 1964 27390
181093849 266 1572 27436
181113978 266 940 27441
181117395 273 903 27442
181127294 277 190 27445
181195999 268 2944 27466
181324535 279 229 27505
181389858 262 1055 27526
181401340 275 144 27529
181477782 272 1189 27551
181537494 276 63 27569
181608909 277 2555 27591
181629582 273 1163 27598
181661344 270 1199 27608
181706080 262 1208 27621
181770211 268 123 27640
181780879 274 1556 27643
181909116 262 2671 27680
181926809 275 697 27685
181968967 270 1403 27697
181983220 270 1464 27701
181989561 279 2853 27703
182023059 261 420 27714
182079673 273 1983 27731
182128155 261 1899 27746
182236769 274 2668 27777
182281959 270 70 27791
182285176 272 1681 27792
182301134 277 2398 27797
182322319 268 1317 27803
182348661 261 1239 27811
182378871 274 194 27820
182463516 262 2509 27844
182480431 269 379 27850
182490337 261 1158 27853
182542532 261 1378 27870
182678787 276 2953 27912
182701927 277 2119 27919
182706240 264 2762 27921
182735555 263 1495 27930
182849588 260 518 27966
182892057 264 2570 27979
182898257 276 2588 27981
182971957 267 2149 28005
183052355 264 1943 28030
183117790 275 2047 28049
183155918 268 643 28061
183192781 269 1614 28072
183196259 273 707 28073
183202299 268 348 28075
183212623 272 2517 28078
183269469 270 450 28096
183310107 262 145 28108
183341218 262 910 28117
183500294 273 2016 28164
183503343 278 2160 28165
183559988 261 1298 28182
183628943 278 2220 28202
183645942 264 1899 28207
183701127 260 2280 28225
183767811 261 1162 28245
183868411 277 634 28276
183946940 271 928 28300
183955048 271 1268 28302
183982704 265 1286 28310
184001148 265 897 28316
184022855 261 1263 28323
184118423 262 1254 28351
184126723 275 1972 28354
184217530 269 2094 28381
184251891 265 2956 28391
184265706 278 46 28395
184298400 267 2923 28405
184319644 278 2705 28411
184379015 273 944 28429
184548767 278 842 28480
184559869 264 2561 28483
184588905 263 2370 28491
184600747 263 2610 28495
184603430 279 2087 28496
184640580 265 1219 28507
184700487 268 600 28523
184707544 262 2007 28525
184777952 271 1608 28546
184793292 262 1869 28550
184856132 267 717 28569
184882294 271 2149 28576
184915591 279 2955 28587
184964235 270 2343 28600
185082750 268 420 28636
185200023 269 2457 28672
185382241 275 144 28727
185388057 274 2397 28729
185454023 273 1793 28750
185492126 261 1453 28761
185498128 266 676 28763
185637356 273 2700 28805
185783435 274 1375 28850
185798888 269 462 28855
185897744 277 1526 28885
185942315 260 2463 28899
186085777 267 619 28943
186174248 263 1458 28969
186230918 261 1942 28985
186288925 272 358 29002
186299784 260 2300 29006
186304117 260 2263 29007
186329007 267 2370 29014
186384258 276 411 29030
186511768 277 1299 29070
186535752 279 344 29077
186559814 271 2586 29084
186575683 266 778 29089
186720842 277 43 29134
186783821 260 2685 29153
186860629 263 1320 29176
187005948 263 1382 29220
187023422 273 1822 29225
187033027 261 835 29228
187068559 261 32 29237
187087130 263 656 29242
187144514 263 855 29261
187149279 273 1390 29263
187196553 276 2159 29277
187211215 271 1765 29281
187277006 272 2909 29302
187343433 265 2834 29324
187545343 261 1467 29384
187550469 271 842 29386
187556283 278 2367 29388
187600091 260 694 29401
187740196 279 2360 29443
187766196 265 2901 29451
187768126 274 2860 29452
187775826 267 411 29454
187840601 265 2224 29474
188078364 265 1322 29548
188103746 270 69 29556
188125239 264 1416 29562
188181196 275 559 29579
188210473 274 382 29589
188388411 264 457 29644
188391294 274 735 29645
188600800 270 993 29708
188721252 262 1436 29746
188794884 276 708 29767
188798082 269 865 29768
188859568 264 1450 29785
188883696 274 751 29793
188897794 261 1180 29797
188954471 262 1407 29816
188961969 270 259 29818
189029795 263 2394 29839
189097624 271 739 29860
189131575 261 2072 29870
189137920 277 932 29872
189149452 261 992 29876
189157683 279 1314 29878
189165077 278 1150 29880
189169984 261 1185 29882
189198915 275 2878 29891
189226786 262 2261 29899
189326742 277 2307 29930
189360196 260 781 29940
