87907 49 472 6
641292 41 2857 47
680025 48 1763 50
911668 53 1618 67
1221302 54 623 91
1588543 54 187 118
1791966 41 1600 134
1955448 56 1123 146
2236759 55 1752 166
2307227 48 234 171
2423700 40 1928 180
2525878 59 361 187
2753921 50 2967 204
2793340 58 1692 207
2821556 40 385 209
2889333 40 125 214
3534811 40 1663 264
3779336 42 2136 283
4057463 51 2150 304
4316748 42 2863 324
4665103 50 268 351
5153168 45 574 388
5603658 43 1968 422
5760463 59 1861 434
6016682 59 1716 453
6089090 40 1998 459
6458696 55 165 487
6638336 41 2756 500
6758979 40 1727 509
6933613 40 2370 522
7654432 55 969 577
7718278 42 1578 582
7920121 47 2352 597
8155485 42 2086 616
8207391 51 2962 620
8221795 49 826 621
8246520 45 1926 623
8408862 49 2598 636
8546844 48 940 646
8600352 51 1711 650
8741332 45 503 661
8793240 59 311 665
8858403 56 2047 670
8897982 42 1543 673
8920164 48 1556 675
9115505 41 1722 689
9200608 52 1759 695
9379919 43 2434 708
9462269 41 2921 714
10125476 44 2919 764
10449669 50 2144 789
10702027 40 1067 808
11106234 52 2879 839
11363806 40 292 859
11615328 48 2239 878
11772129 56 1359 890
11814009 45 2894 893
11853374 50 1891 896
11974254 47 1806 905
11988106 45 1908 906
12098389 55 2671 914
12148483 43 2264 918
13195699 42 1405 997
13268169 54 775 1002
13281113 53 2810 1003
13306631 52 1078 1005
13714574 40 2000 1034
13836874 54 2474 1043
13983954 56 1487 1054
14408008 55 1401 1086
14449747 49 314 1089
14542797 40 2700 1096
14581650 40 1300 1099
14733010 59 1937 1110
14949595 45 1312 1126
15054193 41 20 1134
15114358 50 1729 1139
15298195 45 324 1153
15623696 43 493 1177
15779216 52 2166 1189
15887878 56 1645 1197
16061645 47 550 1211
16246866 50 429 1224
16663225 49 1869 1255
17098315 58 2720 1288
17324452 43 2988 1305
17463484 53 79 1315
17771059 56 1816 1337
17892090 57 163 1346
18020114 41 2824 1356
18116488 45 1162 1363
18420934 58 2571 1386
19499173 41 27 1465
19540449 44 15 1468
19566641 46 2911 1470
20123549 46 1169 1511
20386283 47 1840 1531
20398055 46 1463 1532
20409113 40 239 1533
20508622 56 1850 1540
20681036 41 1312 1554
20734254 46 923 1558
20824203 40 1606 1565
20890212 40 1152 1570
21521932 59 828 1617
21752182 59 2305 1635
21817660 45 943 1640
22001201 58 1329 1654
22239909 42 1682 1672
22278528 44 870 1675
22303767 51 2598 1677
22794131 47 2746 1714
22849245 41 2863 1718
23026931 47 358 1731
23269067 46 1539 1749
23326149 48 1885 1753
23413862 40 552 1760
23493083 41 1135 1766
23579403 50 2553 1773
23666989 58 351 1780
23870832 55 344 1795
24021627 42 861 1807
24587910 56 660 1849
24740819 56 1306 1860
24878367 57 2566 1870
25049503 45 300 1882
25240586 56 1442 1896
25305435 53 1101 1901
25353974 47 2769 1905
25648388 58 2495 1927
25715030 53 1497 1932
25798983 51 2029 1938
25825339 56 988 1940
26023060 52 1046 1955
26236229 59 828 1971
26420507 51 1412 1984
27231418 58 530 2045
27244638 54 2645 2046
27357505 54 2612 2054
27529226 57 372 2068
27654538 55 833 2077
27735926 45 449 2083
28012480 51 1661 2104
28193996 42 1839 2118
28230203 54 861 2121
28311261 50 1406 2127
28514850 42 1530 2142
28652692 55 998 2153
28960514 43 120 2177
28974277 45 2889 2178
29090888 45 1456 2187
29337287 54 1705 2205
29556187 45 1969 2222
29721812 58 890 2234
29761476 42 2732 2237
29831768 58 1668 2243
30108585 41 2619 2263
30228289 48 1075 2272
30386193 52 1426 2284
30584891 44 960 2299
30774060 46 2954 2313
30830050 55 1960 2317
30898022 44 2153 2322
31444331 40 767 2362
31632601 53 2352 2376
32056951 50 2016 2408
32134012 44 1126 2414
32244869 57 1995 2422
32408846 48 807 2434
32677147 43 2061 2454
32743909 49 2917 2459
32939308 40 1185 2474
33229124 43 1493 2495
33730164 40 2990 2532
33824157 56 1769 2539
33973200 42 892 2550
34075844 55 2486 2557
34283280 56 389 2572
34418960 46 775 2582
34895157 54 379 2620
35350914 50 678 2654
35410516 51 1437 2658
35425693 58 1969 2659
35962656 40 2844 2698
36041785 56 2340 2704
36081659 45 1495 2707
36722449 56 729 2755
36965748 40 2753 2774
36977789 57 2526 2775
37266179 40 1170 2797
37702496 49 1725 2830
37741549 41 2593 2833
37936448 42 2357 2847
38257599 54 2604 2870
38338271 45 1892 2876
38866422 47 245 2916
39027349 48 1971 2928
39611123 53 2713 2971
39876957 56 2150 2990
40089338 53 473 3005
40431843 51 808 3031
40456178 55 2456 3033
40762338 59 1918 3055
40788625 57 961 3057
41367094 53 2225 3100
41394334 56 2777 3102
41433908 58 2798 3105
41669707 42 806 3122
41828688 52 1966 3134
41997968 48 179 3147
42216355 54 1686 3164
42521927 41 809 3187
42605719 42 763 3193
42714216 49 963 3202
43340528 57 2425 3249
43815733 42 2888 3285
44026438 58 536 3300
44107437 58 69 3306
44118603 45 2673 3307
44249354 48 2961 3317
44298755 59 1351 3321
44312690 42 503 3322
44451011 50 1459 3332
44665594 42 1012 3349
44792910 58 371 3359
44969354 45 1724 3372
44982999 44 2055 3373
45240869 49 2066 3392
45740971 43 1581 3429
45997065 57 2036 3448
46104558 57 50 3456
46520683 41 2286 3486
46577875 44 874 3490
47642051 47 12 3571
47843861 54 2552 3587
48468208 47 1838 3634
48668291 44 2057 3649
48879337 43 2254 3665
48903403 58 1560 3667
49170562 48 1939 3687
49235079 41 1490 3692
49367452 41 1345 3701
49530273 42 2398 3713
49639867 54 2991 3721
49788460 56 916 3732
49815824 46 2130 3734
50160623 59 683 3760
50331763 45 1691 3773
50401599 49 1307 3778
50473988 57 2776 3784
50701475 48 609 3801
50794845 43 2073 3808
50906661 47 2747 3817
51064958 52 6 3828
51148922 41 1263 3834
51399247 57 674 3853
51456387 40 53 3857
51485798 45 1200 3859
51502464 52 634 3860
51586763 51 2077 3867
51740497 53 1916 3879
51751415 47 660 3880
51821146 42 1356 3886
52134257 59 1263 3909
52218822 42 2206 3915
52852581 40 1141 3964
53122372 51 260 3985
53218802 56 2942 3992
53335763 46 1003 4001
53522359 58 141 4014
53782051 54 2914 4033
53906754 56 2160 4042
53920327 48 2651 4043
53990912 59 1932 4049
54333414 42 2894 4074
54348073 47 1505 4075
54387408 46 1565 4078
54708242 49 2189 4102
55003130 47 1009 4123
55244553 41 2003 4142
55305888 47 690 4147
55456792 40 1578 4159
55548904 47 1982 4166
56269047 46 366 4220
56360256 59 2381 4227
56458273 41 1848 4234
56493336 57 456 4237
56555946 52 1115 4242
56850578 40 2737 4264
56914061 54 223 4269
57303581 45 883 4298
57742958 50 2031 4332
57930028 48 909 4346
58011373 40 1605 4352
58064902 48 1515 4356
58325203 42 292 4375
58459465 43 1863 4385
58563824 47 2214 4393
58630701 56 19 4398
58661533 50 460 4400
59210042 41 57 4442
59267520 47 1943 4447
59343353 48 1190 4453
59931318 43 2406 4496
60010375 53 1024 4502
60031190 51 1208 4504
60082728 50 192 4508
60308520 40 2902 4524
60669319 56 955 4550
60721557 49 2552 4554
60747258 54 2063 4556
60761645 49 1830 4557
60774691 55 136 4558
60810616 41 2138 4561
60990744 57 2919 4575
61076573 47 654 4581
61291097 51 94 4598
61304484 48 1842 4599
61803548 40 950 4636
61995308 53 885 4651
62559747 45 2847 4694
62706104 59 607 4705
62876299 40 1236 4718
63016972 55 2599 4729
63452364 55 233 4761
63602579 57 840 4772
63697871 54 593 4779
64368960 51 2256 4828
64382708 41 1780 4829
64529289 41 1098 4840
64736625 45 1645 4855
64908132 46 789 4867
65221278 50 709 4889
65300511 42 1443 4895
65605521 45 2316 4917
65622023 40 2423 4918
65762535 41 210 4929
65800123 47 2335 4932
65839244 42 409 4935
66689729 42 1785 4999
67202867 40 709 5037
67217636 45 369 5038
67328915 56 2303 5047
67567441 48 1682 5065
68407297 46 2689 5127
69097160 44 1676 5179
69137632 55 2072 5182
69368144 57 294 5200
70029065 57 462 5248
70541974 53 871 5287
70912445 44 292 5314
71079495 46 1185 5326
71906362 45 176 5388
71959571 49 2112 5392
72020645 41 2045 5397
72310135 50 1350 5421
72382872 56 135 5426
73177543 58 2345 5486
73381118 54 2231 5501
73460222 42 1432 5507
74063851 52 925 5551
74308342 54 2061 5570
74447347 53 389 5581
74543642 53 392 5588
74584682 59 2245 5591
75324895 41 1149 5647
75647688 45 2652 5671
75903586 55 2943 5689
76268903 54 2917 5716
76284188 55 2685 5717
76295243 43 1155 5718
76708301 48 2387 5748
76798820 48 1300 5755
76893809 56 1966 5762
76982525 51 1154 5769
77182373 58 264 5784
77233537 49 1200 5788
77618195 48 1341 5818
77760600 40 1013 5829
78178797 43 1170 5860
78709437 49 2899 5900
78733333 52 2585 5902
78909836 53 2007 5916
79224330 51 295 5940
79251415 41 1712 5942
79278373 52 830 5944
79408752 55 1355 5954
79530187 59 2695 5964
79568586 46 1419 5967
79873429 42 2536 5990
80072776 54 1166 6005
80223147 53 1710 6016
80376176 42 2041 6027
80469653 56 553 6034
80771812 48 2306 6056
81038927 50 2565 6076
81089943 57 999 6080
81644278 40 1465 6122
82089040 58 351 6157
82139847 50 1699 6161
82208256 51 1769 6166
82432036 48 1098 6182
82745308 52 647 6205
82756211 45 1799 6206
83265768 44 1393 6244
83367541 49 2385 6251
83424608 42 2659 6255
83630053 56 536 6271
83736697 46 2382 6279
83872848 53 1290 6289
84158150 48 739 6310
84199146 49 273 6313
84320478 53 370 6322
84638898 49 881 6345
85018876 53 2969 6373
85095937 46 2596 6379
85299284 53 2460 6394
86426330 43 1505 6481
86523688 59 315 6488
87351380 53 2360 6549
87450300 52 749 6556
87514966 56 81 6561
87620126 55 484 6569
87753724 44 2863 6579
87796032 40 604 6582
87836184 54 1930 6585
87938421 45 1398 6593
88043261 49 192 6602
88125777 40 864 6608
88469883 57 432 6634
88481912 42 2459 6635
88574054 47 2228 6642
88643920 47 1946 6647
88749298 49 2344 6655
89038920 42 1846 6677
89165491 57 1647 6687
89295545 43 2127 6697
89432668 50 2643 6707
89658970 55 1832 6724
89754332 56 1817 6731
90004186 54 2382 6750
90325002 44 2917 6774
90415819 55 1613 6781
90427249 52 209 6782
90925112 56 202 6820
91109043 44 2843 6833
91313036 59 2639 6848
91416909 46 2814 6855
91650013 50 2058 6872
91783142 45 490 6882
91937896 51 2771 6894
92007822 45 23 6899
92048251 54 2955 6902
92675482 50 1670 6948
93007956 45 2171 6972
93089902 47 2704 6978
93170256 40 586 6984
93235754 44 2374 6989
93262326 49 2559 6991
93390714 59 1424 7001
93517262 51 292 7010
93674103 58 1181 7022
93821231 47 1180 7033
93857130 50 948 7036
93912007 45 70 7040
93939034 45 770 7042
93995408 48 146 7046
94060842 52 1701 7051
95282870 44 312 7141
95326412 47 2870 7144
95486159 44 468 7156
95611648 48 1439 7165
95753642 51 812 7176
95868807 42 1930 7184
95897358 54 2938 7186
95951888 40 2105 7190
95979804 40 1673 7192
96115760 57 911 7202
96197635 42 2732 7208
97039075 41 383 7272
97084520 43 937 7275
97189819 41 2765 7283
97474198 42 2035 7304
97685531 46 1994 7320
97727367 46 544 7323
97894946 54 725 7336
97998066 57 255 7344
98071439 48 2645 7350
98108779 53 1742 7353
98280696 51 2589 7366
98681404 53 420 7396
98736309 49 259 7400
98795372 44 2806 7404
98834927 50 1743 7407
98926380 46 2448 7414
99034190 46 565 7422
99099461 46 2769 7427
99253948 42 1220 7439
99445322 45 193 7453
99734018 44 69 7474
99772591 48 665 7477
99854248 48 1646 7483
100176764 47 1327 7507
100242432 41 458 7512
100500046 45 2765 7532
100638893 50 1777 7542
100785693 52 2654 7553
100909990 40 2241 7563
100999950 51 468 7569
101283504 45 1309 7591
102092995 52 893 7651
102228008 44 2558 7662
102264721 49 978 7665
102331912 47 1261 7670
102771339 42 376 7702
102921155 49 805 7713
102986022 59 1031 7718
103086453 49 1093 7725
103226518 52 63 7736
103241158 58 467 7737
103651691 53 1422 7768
103810118 45 1997 7780
104144640 40 1203 7805
104250264 52 1834 7813
104343691 48 1146 7820
104936626 53 2468 7864
105102438 44 321 7877
105209271 58 455 7885
105274826 41 912 7890
105435544 53 2825 7902
105596547 52 2000 7914
105608635 58 2989 7915
105732895 49 323 7925
105758193 53 2116 7927
105768193 42 584 7928
105890883 47 1892 7938
105991079 47 86 7946
106097449 44 2407 7954
106137524 50 2243 7957
106179449 42 2953 7960
107109391 45 1090 8029
107123461 52 14 8030
107179756 52 2562 8034
107370815 40 1326 8048
107463241 45 1868 8055
107956791 47 1750 8093
108137303 48 1080 8106
108531185 59 898 8135
108596001 41 360 8140
108623563 48 1940 8142
109087348 55 2177 8176
109104014 49 1692 8177
109570234 51 1964 8212
109661869 59 2073 8219
110116208 49 1199 8254
110331238 43 1018 8270
110418013 52 2329 8277
110474730 51 1053 8281
110522998 55 1374 8285
110830169 54 2001 8309
110885321 53 1248 8313
110946517 51 1881 8318
110958927 58 311 8319
111076504 41 1932 8328
111340643 52 937 8348
111394059 45 954 8352
111554659 49 593 8363
111590367 44 85 8366
111655689 47 2720 8371
111738923 44 125 8377
111794795 44 1003 8381
112015251 48 2593 8398
112030417 51 697 8399
112254421 55 1065 8416
112281893 54 540 8418
112304406 54 1175 8420
112418672 46 2291 8429
112594661 59 1836 8443
112643654 51 398 8447
112983937 47 651 8472
113420386 47 806 8504
113500697 44 1516 8510
113635942 59 1932 8520
113686000 48 693 8524
113798758 45 2521 8533
114174590 47 1141 8562
114287413 42 1355 8570
114478425 52 1117 8584
114731997 49 2786 8603
114831062 41 2926 8610
114856156 41 1273 8612
115040081 59 2469 8627
115162085 48 1744 8636
115176133 40 842 8637
115415046 51 2841 8655
115740965 47 2698 8680
115808989 42 2389 8685
115840150 45 1537 8687
115971185 58 194 8697
116066422 50 2123 8704
116419699 50 1344 8731
116444238 53 2285 8733
117014676 56 2197 8775
117053182 55 2510 8778
117080818 43 2127 8780
117914864 53 2157 8843
117982517 57 1272 8848
118062750 43 2992 8854
118088831 51 500 8856
118161610 46 1349 8861
118271530 53 1765 8870
118314657 48 147 8873
118412786 51 603 8881
118604339 51 1755 8896
118621005 49 1855 8897
119022691 44 2268 8927
119587707 57 1121 8971
119757367 53 1607 8983
119774033 47 188 8984
119909218 42 984 8994
120015697 50 1503 9006
120087981 57 1261 9029
120091189 59 1076 9030
120142795 56 1720 9047
120155377 47 1603 9051
120159059 57 407 9052
120233141 49 2425 9076
120304655 45 1907 9098
120488659 56 2868 9154
120545722 47 2984 9171
120567500 40 886 9178
120604038 44 1926 9189
120630612 41 1852 9197
120634226 53 1763 9198
120688812 57 1848 9214
120806117 54 1133 9249
120834004 43 509 9258
120862686 43 1270 9267
120887974 58 2369 9274
121071477 40 362 9328
121113228 51 2410 9342
121123856 58 329 9345
121252477 57 1592 9383
121307444 53 899 9399
121324738 42 2420 9404
121349231 48 761 9411
121357327 56 1390 9413
121406861 49 2305 9427
121448857 59 1400 9440
121489922 49 1899 9453
121637371 50 1067 9494
121659564 42 531 9500
121662873 47 2959 9501
121679440 58 2642 9506
121789298 43 2210 9538
121794648 53 2451 9540
121813015 55 1752 9545
121835899 40 1190 9551
121859803 40 1263 9559
121862688 43 2167 9560
121868222 54 1669 9562
121893969 54 1469 9570
121897618 50 2836 9571
121902862 40 2056 9573
121913169 47 498 9576
121971037 55 179 9593
121976553 51 605 9595
121984407 47 1170 9597
121997044 53 1133 9601
122055026 54 1683 9617
122106838 58 852 9633
122171606 43 2167 9653
122193565 49 1703 9660
122274940 48 631 9683
122283209 48 1393 9685
122317237 59 1063 9695
122336233 44 122 9701
122390657 52 1693 9718
122505917 54 1606 9754
122536275 48 2452 9763
122690204 40 236 9808
122698856 59 2144 9811
122705597 49 879 9813
122815287 56 2876 9846
122903697 44 605 9873
122991415 56 2914 9900
123018700 47 482 9909
123212201 45 1132 9965
123219256 59 1628 9967
123469250 43 2688 10041
123495394 48 799 10049
123524549 47 339 10058
123669352 47 2193 10101
123675528 55 781 10103
123688061 43 2870 10107
123855106 47 1826 10157
123865796 47 1043 10160
123893468 45 514 10169
123917417 57 1703 10176
123990944 52 474 10199
124055562 49 205 10217
124082740 52 2111 10225
124193856 51 2156 10257
124236460 45 2048 10269
124373784 48 666 10310
124384467 41 359 10313
124432331 52 942 10327
124503185 41 1276 10350
124511391 47 1982 10353
124589026 49 512 10378
124614104 40 2217 10386
124621903 42 245 10388
124669812 58 1960 10403
124726454 51 1723 10421
124818142 41 2101 10450
124839051 49 908 10457
125018699 47 2155 10511
125096248 50 2096 10534
125143152 58 621 10548
125248825 44 2676 10580
125256059 59 1819 10582
125260262 43 820 10583
125301105 54 2247 10596
125354694 42 2284 10611
125360653 56 1305 10613
125376569 47 2837 10617
125498157 42 1778 10652
125507755 53 715 10655
125557519 46 1812 10670
125612550 56 2071 10687
125635614 47 1868 10694
125648032 52 945 10698
125781269 48 1854 10739
125785602 53 605 10740
125830739 57 1795 10753
125916174 44 1183 10779
125998229 51 1246 10802
126049572 57 2389 10817
126077370 45 977 10825
126097223 46 2149 10831
126190739 46 401 10859
126307149 55 1828 10896
126319823 46 686 10900
126334758 56 1478 10904
126360644 43 2204 10911
126453120 49 80 10940
126462509 57 315 10943
126472908 53 224 10946
126475961 43 454 10947
126527717 59 495 10964
126644478 47 2451 11000
126660464 45 1009 11005
126756219 56 2773 11033
126929845 40 2941 11084
126936285 59 2330 11086
126986365 57 2617 11103
126998381 44 2411 11107
127005648 43 903 11109
127082203 52 28 11132
127236035 44 1350 11176
127306462 48 2916 11196
127529122 44 1878 11265
127551621 48 1118 11272
127569816 40 594 11277
127592641 41 265 11284
127650776 43 562 11302
127774365 45 2157 11341
127894624 44 1109 11378
127919568 49 1245 11386
127921906 51 2127 11387
127987517 40 1529 11407
127997316 56 1864 11410
128025351 51 1359 11418
128048324 59 462 11426
128072504 40 1776 11433
128129197 59 72 11451
128170042 56 1505 11463
128190882 49 2590 11469
128205650 46 172 11473
128260263 44 2507 11490
128263948 48 2639 11491
128307790 57 1821 11505
128377406 47 835 11525
128424021 40 2393 11540
128437672 57 1586 11544
128443095 44 2039 11546
128503462 47 721 11563
128512321 54 2273 11566
128554684 48 2585 11579
128579102 40 1603 11586
128615299 45 2229 11597
128640804 42 1039 11605
128740640 43 1837 11633
128856966 44 755 11667
128867858 56 405 11670
128909226 46 986 11683
129082467 50 1674 11736
129128227 53 1633 11750
129213578 47 2175 11777
129217174 48 2145 11778
129220289 50 555 11779
129234369 48 2045 11783
129477653 46 1537 11854
129512020 41 84 11865
129546106 47 1611 11875
129574318 44 2105 11884
129604568 40 569 11893
129608587 42 1359 11894
129618465 57 1451 11897
129677570 47 463 11915
129711556 42 432 11924
129715070 56 2444 11925
129725254 42 621 11928
129729555 47 1238 11929
129733121 41 94 11930
129789802 53 2356 11947
129861383 51 1965 11968
129975305 58 2933 12003
129989010 56 1538 12007
130000011 53 1305 12010
130002736 56 1789 12011
130141758 49 817 12055
130152241 50 2346 12058
130168021 45 779 12063
130219571 56 634 12079
130256591 49 1747 12090
130278954 59 2736 12097
130295042 40 599 12102
130313239 48 458 12107
130316166 51 868 12108
130416763 47 2307 12138
130534204 43 681 12172
130583385 57 1069 12188
130621849 59 2993 12200
130630509 54 2348 12203
130647651 44 108 12209
130661049 44 2789 12213
130664051 48 2557 12214
130679725 43 1789 12219
130691568 48 1942 12223
130732269 48 718 12235
130779584 49 2184 12249
130846611 51 2119 12269
130884832 49 691 12280
130887412 59 586 12281
130924897 58 2064 12292
131002489 47 1963 12316
131064584 48 635 12336
131144765 55 729 12360
131148200 44 2800 12361
131172288 49 1280 12369
131234147 51 2100 12388
131425821 42 2372 12447
131430005 55 2352 12448
131506610 43 400 12471
131579186 54 2369 12494
131661268 59 44 12519
131688580 59 1837 12527
131740157 57 1667 12543
131832527 50 763 12572
131842060 57 620 12575
131874354 50 2876 12585
131978293 52 1255 12616
131981945 56 1812 12617
132085087 44 1716 12648
132089420 41 403 12649
132117014 48 2741 12657
132160868 47 2916 12670
132182930 58 1949 12677
132223898 43 1708 12690
132235061 56 2810 12693
132269469 51 649 12703
132325106 50 2616 12720
132348324 53 1464 12727
132384264 52 710 12738
132522879 41 909 12780
132557050 46 1785 12789
132569538 56 572 12792
132575889 56 841 12794
132592806 45 1615 12799
132620325 47 1144 12808
132635329 58 1463 12813
132691542 47 1206 12829
132812956 42 1859 12868
132837994 48 1720 12876
132873547 45 2724 12886
132941649 46 2635 12907
133125266 44 2648 12964
133232528 50 880 12997
133291079 43 52 13012
133320951 54 1505 13021
133625621 43 2568 13116
133714924 41 275 13141
133722869 50 2872 13144
133801635 45 568 13167
134061553 57 1198 13247
134099758 57 901 13259
134238350 42 1315 13301
134265866 43 2747 13309
134309692 52 1381 13321
134359102 54 65 13336
134372828 49 240 13340
134523476 49 1619 13387
134546806 53 1814 13394
134555846 46 236 13397
134605749 47 443 13413
134613447 58 1579 13415
134629899 52 729 13420
134733850 43 1054 13453
134739578 54 404 13455
134783167 53 2003 13468
134919232 45 909 13508
134944628 47 1006 13516
135005083 52 2718 13535
135053422 40 183 13551
135072663 43 2852 13557
135146554 42 1216 13578
135241025 44 854 13605
135248818 48 2289 13607
135461743 43 548 13670
135478471 40 1474 13675
135515466 59 1523 13687
135631691 49 1412 13721
135736297 52 1585 13752
135744309 57 487 13755
135756991 54 275 13759
135828974 55 1124 13780
135836316 58 2760 13782
135850583 47 295 13786
135854150 55 2791 13787
135865684 49 2172 13791
135930274 55 1684 13809
135985375 41 2194 13827
136071720 44 2490 13853
136074756 43 2157 13854
136078370 44 859 13855
136099630 59 2874 13861
136102986 54 1190 13862
136131274 52 1971 13871
136173536 49 2224 13883
136202281 59 919 13891
136271135 43 122 13912
136326328 54 275 13928
136339459 51 1558 13932
136424082 54 1879 13957
136446876 48 2709 13964
136542466 52 1218 13991
136552090 41 869 13994
136558031 51 452 13996
136751176 53 488 14054
136787459 49 1832 14064
136838555 41 522 14080
136853900 55 1483 14084
136918181 43 2694 14104
136964925 46 2971 14118
137019049 43 1453 14134
137042706 43 2047 14141
137048084 53 2846 14143
137062351 43 878 14147
137071998 59 2150 14150
137138086 53 826 14171
137198093 50 564 14189
137258147 44 2459 14208
137286922 41 2795 14218
137297836 54 2895 14222
137607572 50 1170 14315
137655917 45 2053 14331
137778009 55 249 14366
137863635 58 245 14392
137873830 58 211 14395
137882345 49 718 14398
137928607 57 84 14412
138028132 48 2895 14443
138030717 54 2771 14444
138077754 40 1848 14458
138081260 59 516 14459
138152781 49 1081 14480
138323727 47 2317 14534
138530314 49 1662 14594
138546683 55 679 14599
138569432 45 2940 14606
138595811 46 2789 14614
138602134 40 2021 14616
138661785 41 2849 14634
138729437 41 2492 14655
138800472 45 627 14676
138806975 55 2847 14678
138824012 54 1659 14683
138928773 57 2736 14713
138934408 58 1893 14715
138948485 41 762 14720
139088938 51 253 14762
139122397 56 1523 14773
139137095 51 2666 14777
139154303 49 2766 14783
139157649 59 863 14784
139200936 44 2220 14799
139313025 50 268 14834
139349595 47 2646 14845
139397063 43 2895 14860
139432701 47 2218 14870
139510498 57 395 14894
139548459 55 689 14906
139552014 50 1042 14907
139652156 41 48 14938
139700122 56 683 14951
139710527 56 2557 14954
139726740 56 850 14959
139750691 43 24 14966
139807821 59 1657 14983
139890534 41 2496 15007
139924608 56 102 15018
139958058 58 2958 15028
139997826 45 638 15040
140026614 53 453 15049
140051865 57 1339 15057
140077787 44 105 15065
140127497 43 1125 15080
140148595 43 1390 15086
140196416 41 1000 15101
140204520 54 1207 15103
140228250 55 1328 15110
140272548 56 2582 15124
140366682 51 366 15154
140505513 49 521 15193
140523236 51 2198 15198
140611044 43 1147 15225
140620772 40 2743 15228
140697216 57 1318 15249
140715450 58 2412 15255
140956986 42 2860 15328
140993401 53 1455 15340
141037847 55 2694 15353
141048832 54 2099 15356
141077589 40 1124 15365
141131035 53 1382 15383
141180425 41 1672 15397
141195395 59 1599 15402
141215658 43 1643 15408
141295870 49 25 15432
141304131 41 2554 15434
141333739 54 1196 15444
141386106 41 204 15459
141399353 50 1128 15463
141414105 59 390 15467
141424747 49 2862 15470
141441834 54 671 15475
141493195 54 292 15491
141606054 44 49 15525
141734140 40 625 15565
141745269 51 1700 15568
141832656 46 1133 15594
141931075 47 1858 15623
141944310 44 2573 15627
142050249 53 2266 15658
142061583 54 1439 15661
142085375 59 2215 15668
142133182 41 1434 15683
142162592 49 2803 15692
142229424 40 1804 15713
142248176 43 1539 15719
142299623 59 2382 15735
142311658 51 1003 15739
142384926 45 406 15760
142424704 52 1313 15772
142440944 45 555 15777
142556506 50 1908 15811
142576652 56 2085 15817
142608390 56 2319 15827
142627832 54 290 15833
142754184 50 93 15874
142757323 42 1650 15875
142768766 42 398 15878
142772308 47 1189 15879
142787891 54 1931 15884
142802275 55 1732 15889
142825739 46 884 15896
142829164 55 1650 15897
142845596 55 1227 15902
142868500 42 1451 15909
142928159 57 883 15926
143016811 57 1102 15954
143043255 56 2914 15963
143071416 48 1952 15971
143081147 44 449 15974
143101988 42 1698 15980
143144777 58 936 15994
143147802 47 1392 15995
143164666 42 55 16000
143182531 41 2360 16005
143191519 43 1634 16008
143262422 40 2495 16030
143273104 55 1297 16033
143438662 53 1486 16085
143460961 53 1330 16091
143531179 55 2139 16114
143599701 44 89 16135
143607837 51 2191 16137
143728877 43 2350 16174
143766180 47 1175 16186
143822001 51 731 16203
143880943 45 1309 16221
143898362 41 1704 16226
144025948 58 2350 16264
144066408 57 1153 16275
144140086 48 1969 16298
144157184 40 2294 16303
144197408 58 1269 16316
144235448 56 752 16329
144259309 48 2199 16336
144351423 48 2379 16363
144437429 56 1095 16390
144441762 45 706 16391
144488004 51 769 16405
144516810 44 1688 16414
144617464 50 1601 16445
144639067 59 849 16452
144672294 58 2373 16462
144698349 48 906 16470
144721120 42 2858 16477
144751753 50 1418 16486
144758563 47 923 16488
144835898 56 2920 16512
144850783 42 270 16516
144854351 41 296 16517
144895612 58 2352 16531
144905392 44 2066 16534
145112410 40 1571 16596
145121123 46 866 16599
145139346 42 2093 16604
145319708 44 1090 16659
145363401 46 2278 16672
145391252 57 182 16680
145494349 44 769 16710
145583962 45 499 16737
145649920 47 2754 16756
145703824 49 2979 16772
145872206 56 2112 16821
145885068 49 1601 16825
145904467 43 1564 16831
145954108 42 1946 16846
145969655 43 1452 16851
145991191 41 2172 16858
145997184 56 151 16860
146000675 53 2447 16861
146008353 51 1676 16863
146022314 50 1153 16867
146086512 49 2336 16886
146115405 49 2734 16894
146122368 48 2499 16896
146128954 43 1092 16898
146149074 56 2325 16904
146359673 54 1677 16966
146375977 54 172 16971
146382790 56 270 16973
146451734 45 293 16995
146528999 59 40 17019
146544920 43 282 17024
146597954 46 2230 17040
146614197 40 2579 17044
146631081 52 662 17050
146638151 50 570 17052
146645058 48 2988 17054
146687791 51 141 17067
146751620 56 2589 17087
146828100 58 857 17111
146979337 53 1331 17157
147132602 46 1885 17202
147135638 51 1562 17203
147178596 58 2214 17216
147336248 50 803 17263
147356694 53 2253 17270
147417750 58 122 17289
147423851 55 2247 17291
147433385 45 1013 17294
147439577 53 1422 17296
147451208 46 1447 17300
147476925 59 2440 17308
147484752 53 2570 17310
147655310 45 1934 17362
147680893 49 2502 17370
147698921 48 299 17375
147818801 41 865 17410
147886777 41 1688 17430
147910680 42 1980 17438
147927101 42 1418 17443
147941529 55 2356 17447
147952471 48 604 17450
148027253 56 1315 17472
148037755 46 538 17475
148058013 45 753 17481
148220310 43 852 17531
148236721 48 374 17536
148258111 53 2969 17542
148290745 41 2465 17552
148333609 47 2062 17564
148350074 42 426 17569
148394757 58 2464 17583
148448318 57 811 17600
148496364 50 1591 17615
148527072 46 621 17624
148544492 55 1988 17629
148680915 54 2777 17670
148689866 47 1906 17673
148704811 43 98 17677
148729375 45 1005 17685
148775664 55 496 17699
148779058 44 559 17700
148807596 42 465 17708
148823537 56 2531 17713
148880937 44 1722 17730
148899416 46 113 17736
148917281 57 2204 17741
149144002 58 1654 17811
149191858 42 1245 17825
149194707 55 1429 17826
149320781 41 675 17863
149327095 55 2429 17865
149336599 41 2859 17868
149376798 58 682 17880
149412570 51 427 17892
149485309 49 401 17915
149526434 54 2306 17926
149532309 59 610 17928
149641283 46 2251 17961
149651545 43 854 17964
149660672 59 2197 17967
149678900 50 2939 17973
149724519 56 2928 17988
149765353 43 270 18000
149801076 46 909 18011
149813009 57 684 18015
149819593 46 2973 18017
149924287 43 2092 18049
149948871 42 2071 18056
149973413 43 1711 18063
149987237 57 2360 18067
150006322 54 190 18073
150065928 50 1486 18090
150126463 44 294 18109
150232206 51 585 18142
150275100 48 2474 18155
150303105 49 2071 18163
150323347 47 397 18169
150331213 58 414 18171
150337785 45 1574 18173
150401989 41 1390 18193
150417423 50 1352 18198
150471790 46 371 18215
150508658 48 1081 18227
150565011 52 1976 18244
150573537 53 1181 18247
150668531 59 1040 18277
150692905 40 2917 18284
150743759 51 139 18299
150788821 59 219 18312
150802254 56 2947 18316
150864751 54 2341 18334
150931762 59 195 18355
150996483 54 2917 18375
151031192 54 670 18386
151034307 53 2399 18387
151070054 58 2281 18398
151072796 58 1509 18399
151082829 42 1840 18402
151086647 59 870 18403
151166746 53 1763 18427
151246166 57 2360 18450
151302455 45 2108 18468
151400483 55 1919 18497
151417181 56 1881 18502
151420499 52 164 18503
151438850 47 714 18509
151497750 56 536 18526
151522433 54 296 18534
151601245 52 2542 18556
151605336 46 929 18557
151642725 46 1018 18569
151647690 45 1676 18571
151691215 49 670 18584
151727793 59 2496 18595
151754723 50 2076 18604
151791314 40 1683 18615
151809388 45 105 18620
151817324 53 1550 18622
151864903 57 2899 18636
151961123 51 1489 18664
152006986 46 2679 18679
152023497 49 654 18684
152032494 55 254 18687
152053211 57 1657 18693
152272239 55 983 18763
152303070 58 661 18773
152464954 50 393 18822
152486794 46 2786 18828
152540217 53 1297 18844
152695124 40 1865 18892
152719804 49 2572 18899
152777393 59 1708 18917
152781003 55 168 18918
152788595 46 2049 18920
152868288 54 860 18944
152897826 45 2818 18952
152915681 59 749 18957
152952401 59 36 18968
152962467 49 1104 18971
152987896 56 676 18978
153013565 54 329 18986
153037985 51 2843 18993
153084541 48 91 19006
153126442 53 566 19019
153145102 54 2109 19025
153193910 52 2590 19040
153208064 58 155 19045
153222541 44 554 19049
153291602 55 1014 19070
153373417 58 738 19094
153405098 59 604 19103
153461413 55 2340 19120
153521188 55 2288 19136
153538825 58 1149 19141
153651623 49 1317 19174
153683409 51 2542 19183
153690351 56 668 19185
153938691 49 228 19260
154000553 53 1198 19278
154007162 48 2490 19280
154039398 43 746 19290
154050312 45 1489 19293
154063352 47 2970 19297
154070205 56 734 19299
154086493 50 529 19304
154093194 57 2998 19306
154101526 49 2823 19309
154142881 45 2160 19321
154211714 49 2660 19341
154295796 50 575 19365
154411348 54 1852 19398
154503013 42 2321 19425
154513420 54 895 19428
154519131 50 617 19430
154551089 45 38 19439
154561420 48 2463 19442
154678215 54 1892 19477
154690714 41 1402 19481
154742331 44 1732 19496
154849711 55 600 19529
154907589 59 203 19547
154940928 53 352 19557
155068532 51 2862 19597
155117276 55 1342 19612
155160499 53 543 19625
155202296 51 414 19637
155215315 50 230 19641
155366447 53 2466 19685
155369414 57 1599 19686
155400364 50 2884 19695
155511378 58 1363 19729
155534124 56 1132 19736
155559837 53 1330 19743
155566479 51 969 19745
155587059 52 2916 19751
155674394 49 2201 19776
155714042 45 1591 19787
155744210 55 1852 19796
155831300 58 138 19824
155839061 56 402 19826
155865172 49 833 19834
155878190 40 695 19838
155912220 54 2017 19848
155959485 50 1581 19863
156000686 52 414 19875
156038769 52 270 19887
156047911 45 112 19890
156075295 59 1688 19898
156093381 54 2584 19904
156111482 45 2119 19909
156116357 52 824 19911
156130884 51 2496 19915
156142157 57 734 19918
156271453 41 312 19957
156278548 51 1971 19959
156340047 40 192 19977
156350672 49 2179 19980
156374821 54 2631 19988
156395085 44 2470 19994
156422062 44 91 20003
156468946 44 2569 20017
156478763 54 2569 20020
156490777 51 2701 20024
156607582 59 2289 20060
156657108 45 1045 20074
156677033 41 2399 20080
156718181 56 2676 20092
156783793 50 234 20113
156835176 46 558 20128
156838336 41 2183 20129
156846210 50 2099 20132
156869172 44 739 20139
156890176 51 1948 20146
156923386 49 739 20156
156940169 50 2309 20161
157029933 46 1553 20188
157153955 41 533 20227
157260716 45 40 20259
157293636 58 2016 20270
157338795 56 646 20284
157410160 51 2125 20306
157436820 51 2974 20314
157469129 52 164 20324
157564848 45 2599 20353
157591599 56 1897 20362
157594826 59 1415 20363
157609775 58 1780 20367
157638009 59 2190 20376
157688794 54 329 20391
157722449 43 1316 20401
157750006 51 1982 20409
157818048 44 2543 20430
157882740 50 1827 20450
157909624 45 2618 20459
157965626 42 1097 20476
157980612 57 2782 20481
157986346 44 1206 20483
158034631 51 1125 20498
158063304 58 252 20506
158130511 42 1841 20526
158207087 46 1456 20549
158277959 54 790 20570
158322366 53 2082 20584
158377467 46 1781 20601
158397668 40 1219 20607
158408062 46 880 20611
158530336 59 43 20648
158611415 44 2933 20673
158614923 51 880 20674
158622018 47 731 20676
158690096 43 546 20696
158718073 45 235 20704
158786733 57 28 20724
158807063 48 65 20730
158928276 46 560 20770
158973833 45 1169 20784
159065949 59 537 20812
159124302 56 799 20829
159163326 53 672 20841
159184379 43 2963 20847
159212317 40 2258 20855
159218448 52 2834 20857
159222416 48 2337 20858
159238080 40 2236 20863
159260128 53 1038 20869
159262542 51 539 20870
159272496 59 2663 20873
159359388 46 2198 20899
159388409 43 1672 20908
159421446 59 845 20918
159470870 53 63 20932
159477767 49 533 20934
159486755 46 1009 20937
159504347 54 2868 20943
159555773 48 1896 20958
159591955 51 537 20968
159754077 52 1944 21017
159770832 49 55 21022
159785080 57 1512 21027
159788437 53 2465 21028
159802190 46 2070 21032
159847593 58 1722 21045
159853530 58 2955 21047
159872384 43 1161 21053
159888272 53 656 21059
159952061 54 2867 21077
159966222 43 732 21082
159978946 47 735 21086
160027315 58 1119 21101
160146392 50 2870 21134
160170343 57 1677 21141
160258262 45 1898 21166
160272738 40 371 21171
160329773 43 2973 21188
160356671 58 208 21196
160548989 59 663 21251
160558647 49 770 21254
160591319 46 1690 21265
160646424 55 940 21282
160772341 50 1941 21321
160917148 40 2098 21362
160934881 52 2125 21368
160958758 41 1788 21376
161033465 53 1208 21399
161055608 41 2180 21405
161059414 51 1551 21406
161166597 46 548 21438
161176171 45 1594 21441
161200277 51 2156 21448
161282570 49 1132 21472
161359772 56 675 21496
161584294 48 1360 21565
161602770 51 945 21571
161734646 50 172 21611
161766561 51 1519 21622
161770886 57 1723 21623
161789006 53 380 21629
161796481 41 5 21631
161841533 45 1264 21644
161862563 49 1092 21651
161874564 59 1720 21654
161906829 56 1267 21664
161954793 44 2868 21678
162046418 57 1762 21705
162085654 58 1426 21716
162110736 56 2204 21723
162221797 53 2328 21758
162306327 42 721 21783
162373937 46 581 21804
162429474 58 676 21821
162463358 43 2380 21831
162505976 48 1633 21844
162512471 51 1578 21846
162646316 50 1300 21886
162650866 50 534 21888
162689115 52 1274 21901
162739131 58 1817 21916
162788864 59 1187 21931
162794321 59 1511 21933
162827947 46 2644 21943
162896292 52 2972 21965
162970892 47 2234 21988
162974054 55 1207 21989
163022585 48 1649 22004
163037328 42 2317 22008
163120078 46 899 22035
163123399 44 2959 22036
163277394 44 711 22083
163370515 42 2855 22112
163397734 43 1408 22120
163432491 44 2181 22130
163459694 44 785 22138
163481950 41 1853 22145
163497545 42 2538 22149
163640560 43 403 22192
163647499 50 1017 22194
163707414 40 2206 22211
163732565 51 2945 22218
163769569 59 561 22229
163852032 58 2286 22253
163965286 57 2872 22288
164016809 58 2277 22303
164044624 57 2206 22312
164096725 50 906 22327
164118480 50 1345 22334
164216975 57 720 22363
164249101 45 2533 22372
164270555 54 1450 22378
164333264 59 74 22398
164376923 50 64 22411
164387627 50 560 22414
164409871 42 2348 22421
164504294 50 2045 22449
164507298 56 150 22450
164547630 56 664 22461
164595385 42 158 22476
164620500 50 593 22483
164671156 54 2278 22497
164742747 56 1350 22519
164807696 46 1283 22540
164865991 44 820 22559
164906079 58 1580 22571
165022842 45 2104 22604
165074558 54 1719 22621
165080646 41 2706 22623
165213351 58 50 22663
165231079 40 2748 22668
165265023 50 1017 22678
165312263 47 789 22692
165406366 52 929 22721
165527680 42 2389 22755
165586055 48 2330 22773
165612186 45 1113 22781
165646360 54 2312 22792
165670369 49 53 22800
165705705 50 2572 22810
165816563 43 39 22842
165841335 44 2494 22849
165858973 46 708 22854
165864984 43 675 22856
165915010 48 2561 22871
165967336 49 1055 22886
166017570 56 465 22901
166031752 43 1609 22905
166068061 54 345 22916
166089806 55 311 22923
166130851 44 1986 22936
166258384 41 644 22976
166268935 47 2420 22979
166284363 49 418 22984
166298529 42 1317 22989
166481591 40 326 23046
166592362 43 2185 23079
166604491 57 1259 23083
166610879 53 845 23085
166613985 45 167 23086
166621511 50 2834 23088
166639446 55 2136 23094
166667536 46 877 23103
166669242 48 548 23104
166736062 48 1948 23124
166907424 46 647 23174
166930406 52 2794 23181
166942838 44 1915 23185
166990612 49 901 23199
166993576 41 2466 23200
167096584 58 1240 23233
167105086 40 258 23235
167154688 50 343 23250
167232954 58 2257 23273
167240408 58 1423 23275
167279049 47 1257 23287
167292571 58 1470 23291
167486051 48 2055 23350
167488509 52 1625 23351
167567452 57 404 23374
167584301 49 1363 23379
167607929 40 861 23386
167746067 51 312 23426
167800481 41 1895 23444
167811206 49 1809 23447
167948991 45 1182 23488
168006934 56 2084 23506
168061846 58 2845 23523
168068578 50 2142 23525
168196550 45 1965 23563
168389301 58 455 23620
168471315 43 673 23645
168478630 56 1057 23647
168525153 46 2430 23661
168559509 45 339 23672
168625427 44 2532 23692
168642979 53 2366 23697
168712662 52 2849 23718
168767849 50 364 23735
168780326 44 688 23738
168931011 49 1782 23783
168942111 56 1579 23786
168972699 59 367 23795
168979288 42 2995 23797
168996689 41 1132 23802
169004536 42 420 23804
169053896 53 913 23819
169066707 59 1515 23823
169073959 54 2393 23825
169213316 46 552 23865
169259989 41 379 23880
169270562 47 2710 23883
169335910 47 2061 23903
169429833 55 694 23931
169526615 44 2149 23961
169543757 56 1876 23967
169586067 48 773 23980
169644736 41 1868 23997
169703482 42 641 24014
169779348 42 2038 24037
169786646 54 709 24039
169809743 42 966 24046
169812902 42 62 24047
169826357 53 2249 24051
169836695 57 806 24054
169936292 54 535 24084
169946259 41 1818 24087
169949344 56 1640 24088
170157266 42 805 24148
170205271 40 1053 24162
170209584 56 1626 24163
170227243 58 2279 24168
170450858 52 2680 24236
170458061 54 332 24239
170463416 52 1081 24241
170524307 55 2643 24258
170558561 42 2004 24270
170702502 50 2761 24313
170738595 54 1454 24325
170752039 49 883 24329
170785603 57 1327 24339
170861001 42 2787 24362
170888344 59 2955 24370
170933427 40 2316 24384
170947542 52 2055 24388
171047161 46 2464 24419
171109399 55 804 24437
171120684 51 1606 24440
171144854 51 611 24448
171402668 40 1293 24527
171427029 53 450 24535
171477442 57 259 24549
171489085 53 968 24553
171502242 58 1151 24557
171507573 41 2428 24559
171519095 52 681 24563
171650308 50 913 24601
171653441 44 1769 24602
171720506 51 638 24622
171782690 57 2582 24641
171830262 54 478 24655
171834595 52 1149 24656
171858935 44 2423 24663
171872791 56 90 24667
171955781 50 2218 24692
172011035 54 1685 24709
172019402 48 1412 24712
172108167 55 451 24738
172208364 44 658 24767
172320002 43 1218 24802
172376303 40 782 24819
172411817 52 2497 24830
172439248 49 2698 24839
172488665 56 599 24854
172543132 45 1327 24871
172616941 57 1507 24893
172652005 42 2713 24903
172701359 44 1997 24917
172737470 56 896 24928
172750400 48 792 24932
172789429 40 400 24945
172833775 41 1121 24958
172910164 58 739 24983
172940417 48 2223 24992
172947086 50 2242 24994
172971978 46 1127 25001
173005348 40 1891 25011
173012696 53 1653 25013
173096540 57 2709 25038
173114994 52 2499 25043
173246745 48 2 25082
173311094 47 1343 25101
173315072 41 2235 25102
173357753 47 2278 25115
173364540 50 230 25117
173389674 46 916 25125
173438793 49 2810 25139
173520623 42 2354 25167
173543873 42 1520 25174
173558817 51 2154 25178
173564437 51 1034 25180
173567542 42 11 25181
173610838 46 429 25194
173653155 43 1091 25207
173747921 57 1372 25235
173993674 46 285 25309
173997523 44 1321 25310
174077657 58 718 25335
174097029 59 1458 25342
174102711 59 592 25344
174190286 50 1293 25369
174340512 42 1989 25414
174344109 53 1602 25415
174364035 46 2031 25421
174389183 46 1338 25429
174392822 47 1275 25430
174477481 47 2961 25455
174481637 41 2501 25456
174501372 51 2357 25462
174535709 55 2572 25472
174623637 44 2869 25498
174631905 58 977 25500
174772072 45 1612 25540
174811415 58 718 25551
174900213 41 2197 25576
174944777 47 1608 25590
174951125 46 2939 25592
175029337 56 206 25615
175057241 43 2265 25623
175095316 44 351 25635
175107625 53 2028 25639
175121044 49 1915 25643
175125377 53 2935 25644
175174353 43 883 25658
175229480 49 483 25675
175241041 55 784 25679
175278450 50 2324 25690
175296512 54 1437 25696
175303566 59 1153 25698
175322020 45 867 25704
175357130 43 2333 25715
175421108 51 733 25734
175453915 57 236 25745
175492120 43 2598 25757
175615391 46 2049 25796
175621688 57 69 25798
175636387 54 1114 25802
175649458 44 922 25806
175855672 52 2636 25869
175875843 56 969 25875
175877909 53 328 25876
175898443 51 1641 25882
175934447 47 20 25893
175947605 44 1685 25897
175969342 50 2683 25903
176073819 56 387 25933
176168616 52 153 25961
176317033 47 1633 26007
176324266 49 2835 26009
176339633 41 1553 26013
176376704 42 1587 26023
176433302 53 2913 26041
176487992 42 394 26058
176643791 55 787 26107
176647458 47 2944 26108
176662398 51 364 26113
176726561 48 2705 26132
176729417 55 593 26133
176732209 53 2502 26134
176740817 57 2254 26137
176749785 57 2667 26140
176768641 44 2121 26146
176857703 59 1812 26174
176925556 40 2118 26193
176996774 41 792 26214
177013784 54 1045 26219
177034825 54 2479 26225
177374151 46 2047 26329
177427001 54 2129 26345
177443022 52 1103 26351
177459871 52 2334 26356
177644615 59 1865 26412
177723014 43 525 26436
177726679 52 734 26437
177737747 59 1621 26441
177758052 41 1189 26447
177803933 54 2271 26460
177808266 44 2894 26461
177818945 54 855 26464
177833415 52 739 26468
177854967 47 178 26474
177888855 50 2462 26484
177892821 52 1442 26485
177903729 50 1326 26489
177965650 43 2825 26507
177978453 42 860 26511
178111553 44 1686 26551
178149065 41 1205 26563
178194599 56 2516 26576
178200964 44 403 26578
178208458 41 785 26580
178293805 47 1803 26606
178312209 58 8 26611
178391005 54 542 26633
178398660 54 1852 26635
178419107 43 1068 26641
178426578 52 2441 26643
178432260 57 914 26645
178555758 46 201 26682
178571386 51 968 26687
178637623 59 235 26706
178704807 58 1921 26726
178762933 52 2260 26742
178766755 48 1455 26743
178789906 43 1194 26750
178801786 56 1002 26753
178819890 54 2912 26758
178877250 46 1846 26775
178994476 42 1295 26810
179030246 49 1901 26821
179052593 45 1494 26828
179063583 55 496 26831
179395563 47 1815 26929
179464854 48 3 26949
179528250 48 680 26968
179538080 43 2263 26971
179550118 48 851 26975
179553103 50 2122 26976
179566541 43 70 26980
179670036 51 1218 27013
179863427 55 1144 27070
179878207 52 165 27075
179882190 53 1906 27076
179898126 49 118 27081
179941938 58 1646 27093
180007701 51 245 27113
180036494 43 186 27121
180121722 51 59 27147
180174990 51 1536 27162
180223427 41 1290 27175
180230278 44 2211 27177
180368885 56 1030 27218
180487107 59 2024 27255
180497749 44 2607 27259
180504850 42 267 27261
180513516 48 2297 27263
180569083 53 1104 27280
180605116 41 2033 27291
180618404 41 1277 27296
180710494 50 718 27324
180749999 40 249 27335
180767526 41 1371 27340
180822194 59 1444 27356
180905755 42 1528 27380
181014554 50 2289 27413
181062893 50 2951 27427
181080528 52 582 27432
181161039 43 2787 27455
181173520 45 947 27459
181177742 59 2925 27460
181210455 44 1728 27471
181268382 48 1955 27487
181270167 55 2118 27488
181308884 44 1782 27500
181334600 45 66 27508
181369248 58 1948 27519
181412157 53 2190 27532
181515159 47 2754 27562
181576687 40 1602 27581
181639094 48 1445 27601
181731240 50 2041 27628
181867900 57 1845 27668
181897285 53 513 27676
181976219 48 1434 27699
181996414 53 1891 27705
182041049 42 1917 27719
182067840 59 682 27727
182095750 58 1122 27736
182106081 55 1028 27739
182161415 56 2219 27755
182191269 52 1311 27764
182239911 40 2413 27778
182304628 48 889 27798
182445186 59 2949 27839
182528986 54 278 27866
182533319 42 1939 27867
182588459 48 2866 27884
182622786 56 2386 27895
182746465 51 252 27933
182790657 41 1202 27948
182796610 41 2431 27950
182831290 43 731 27960
182869217 44 2233 27972
182879422 58 594 27975
182928300 44 2275 27990
182940989 56 957 27994
183003138 44 1812 28014
183015273 55 419 28018
183205924 52 725 28076
183232214 41 2519 28084
183240856 44 1429 28087
183278298 40 1380 28099
183338124 56 851 28116
183354960 52 2716 28121
183385328 48 2205 28130
183530109 44 2535 28173
183589589 57 23 28190
183601823 57 1175 28194
183624610 54 594 28201
183653366 59 266 28209
183663614 42 641 28213
183673891 50 704 28216
183677701 47 1270 28217
183703811 49 74 28226
183707451 43 1253 28227
183808665 40 71 28258
183858777 51 2309 28273
183890954 55 1645 28283
183941313 54 1533 28298
183988980 48 97 28312
183992930 49 2021 28313
184090575 56 2379 28343
184145508 47 2718 28359
184149825 41 1527 28360
184190650 50 144 28373
184248578 59 1660 28390
184255055 58 418 28392
184329150 42 2539 28414
184364756 42 2606 28424
184513859 58 680 28469
184529767 57 1728 28474
184597748 46 1793 28494
184630307 54 1585 28504
184636552 43 1385 28506
184689829 56 1289 28520
184733658 48 1168 28533
184800016 53 1696 28552
184853001 43 1583 28568
184864120 56 1011 28571
184868315 41 1662 28572
184969662 42 1277 28602
184983333 46 2145 28606
185067523 52 2261 28631
185157226 50 2468 28659
185176535 48 2109 28665
185266391 41 1243 28691
185320061 44 2594 28707
185325508 48 1559 28709
185362431 43 480 28721
185501947 46 1231 28764
185508174 55 2997 28766
185525277 47 2955 28771
185573769 49 863 28786
185622788 42 2603 28801
185749857 56 1014 28840
185789039 51 2032 28852
185794899 53 391 28854
185836585 51 1382 28866
185850972 57 2043 28870
185906408 52 839 28888
185910678 47 1666 28889
186015981 43 2634 28922
186034262 48 1685 28927
186057482 49 1027 28934
186105118 40 1189 28948
186112137 58 676 28950
186115115 45 677 28951
186271955 59 386 28997
186291152 50 674 29003
186296708 49 2314 29005
186412991 59 1695 29039
186421301 58 2447 29042
186432723 58 956 29045
186469235 58 481 29057
186490356 52 846 29064
186562602 45 405 29085
186598215 47 395 29095
186604009 42 1245 29097
186647188 55 1268 29111
186687938 58 1471 29124
187017353 46 2981 29223
187041252 44 1244 29230
187052971 52 798 29233
187061492 59 1948 29235
187243063 43 1957 29291
187291506 48 388 29307
187307986 45 527 29312
187371898 47 1149 29332
187413162 47 1507 29344
187420410 49 2496 29346
187464847 50 1761 29360
187488773 44 2348 29367
187530213 40 644 29379
187578483 57 1301 29395
187610089 46 2046 29404
187612403 49 775 29405
187632926 51 2825 29411
187650788 52 1962 29416
187656861 59 1065 29418
187714719 48 1039 29436
187732884 45 2637 29441
187832234 56 2966 29471
187875606 47 994 29486
187882830 54 599 29488
187889240 46 2049 29490
187892517 52 2209 29491
187926058 51 2609 29501
187954611 41 139 29510
187958520 47 1144 29511
187964360 47 551 29513
188000824 48 1291 29525
188044689 45 951 29538
188098774 40 2565 29554
188115574 53 1072 29559
188118100 45 123 29560
188160778 47 1782 29573
188178169 48 1305 29578
188186259 54 1223 29581
188203742 56 221 29587
188247513 44 2153 29600
188456764 54 2496 29664
188460430 50 87 29665
188470143 55 2541 29668
188502787 52 559 29678
188523391 55 1058 29685
188667419 53 1071 29730
188683670 58 1125 29735
188740592 45 2561 29751
188949866 42 538 29814
189011349 47 2830 29833
189041332 41 1051 29843
189128142 50 1990 29869
189173032 53 2697 29883
189219104 52 2357 29897
189236510 47 941 29902
189240749 52 1259 29903
189247883 40 1844 29905
189250739 49 1163 29906
189309429 54 860 29925
189323386 52 939 29929
189370509 53 2471 29943
189386670 49 2603 29949
189422107 42 744 29960
189443626 47 305 29967
189449014 41 2634 29969
189460052 52 619 29972
189463273 40 2623 29973
189468807 48 1201 29975
189471923 43 257 29976
