1481631 142 913 110
1805907 154 1724 135
2102828 151 850 156
2212155 140 2060 164
2358432 143 38 175
2664938 157 937 197
2738379 150 423 203
2981258 158 64 221
3692408 156 1892 276
3927275 145 2548 294
3977759 145 524 298
4276393 155 431 321
4300845 147 1685 323
4639561 147 1405 349
4834310 141 816 364
4968973 145 2889 374
5008523 151 2815 377
5086353 157 1504 383
5100563 153 2818 384
5402982 158 823 407
5455534 143 59 411
5496532 145 603 414
5883432 153 1582 443
5914232 143 2550 445
5924232 159 2133 446
6473991 154 2192 488
6560678 145 1525 494
6747880 146 2608 508
6824989 140 2735 514
7082576 144 654 533
7200576 153 1737 543
7496140 143 2260 565
7574781 158 2466 571
7614386 142 1738 574
7705772 150 456 581
8285142 146 2648 626
8384111 146 866 634
8727850 144 2640 660
8872473 152 1242 671
9156724 151 2601 692
9299554 151 2135 702
9400996 152 2684 710
9514629 145 2180 718
9579303 145 1796 723
9710042 144 2065 733
9808849 146 1232 740
10023657 149 2593 757
10184568 154 665 769
10210564 143 190 771
10314325 152 411 779
10571020 149 2279 798
10840653 158 23 819
11000436 141 1087 831
11334678 151 2665 857
11430441 153 1821 864
11518471 154 2056 871
11546205 142 1213 873
11837247 148 1672 895
11905855 141 935 900
11962549 152 2007 904
12069047 141 2725 912
12178950 154 641 920
12333786 156 1022 932
12554092 153 25 948
12715867 157 2812 960
12865144 147 851 971
13180225 146 682 996
13461712 154 1176 1016
13781041 157 2593 1039
13823795 153 398 1042
14126657 159 41 1065
14392111 148 755 1085
14798508 150 1603 1115
15043513 147 2853 1133
15125455 143 336 1140
15725914 140 1680 1185
16025529 143 2338 1208
16038941 140 2777 1209
16329497 148 564 1230
16677048 155 1023 1256
17035812 157 1425 1283
17152457 157 1876 1292
17200859 154 563 1296
17557632 159 2758 1322
17718963 158 1831 1333
17756163 152 2605 1336
18034489 144 680 1357
18520696 154 2350 1393
18599926 146 1671 1398
18709690 159 1194 1406
18829804 149 2396 1415
19215255 143 1985 1444
19257450 158 1627 1447
19411179 149 999 1458
19623677 159 1842 1474
19676893 152 1322 1478
19718191 151 2191 1481
19798709 145 53 1487
19812608 146 1998 1488
19842290 150 2495 1490
20149577 151 1647 1513
20284673 158 1863 1523
20335354 151 1800 1527
20421619 141 1529 1534
20584648 156 244 1546
21066245 144 1174 1583
21141587 140 630 1589
21738763 143 1041 1634
21854748 141 2855 1643
22024513 143 958 1656
22200454 145 867 1669
22702484 146 250 1707
23124472 153 1310 1738
23178193 140 1667 1742
23254110 158 963 1748
23508592 157 2960 1767
23545191 150 2821 1770
23678786 140 1931 1781
24766883 146 659 1862
24975174 144 1091 1877
25150555 143 1433 1889
25366098 143 1483 1906
25407225 154 2059 1909
25485354 152 1033 1915
25634822 140 2649 1926
25883011 159 2624 1944
26050451 145 2648 1957
26250508 157 2036 1972
26627816 154 1633 1999
26665201 157 660 2002
27104338 148 1539 2035
27132306 145 1868 2037
27157922 144 758 2039
27287430 153 1665 2049
27613876 156 1271 2074
27668705 149 2096 2078
27840455 157 441 2091
27880561 159 1336 2094
28119463 151 1878 2112
28341257 152 1553 2129
28554892 142 2633 2145
29024688 145 269 2182
29785436 145 2662 2239
29796726 143 970 2240
30149677 144 2373 2266
30352291 154 1671 2281
30436866 154 2902 2288
30641338 146 2074 2303
30654368 153 265 2304
30857687 144 124 2319
31147208 141 2560 2340
31325186 147 1791 2353
31722563 144 2279 2383
32019870 142 956 2405
32579453 150 2033 2447
32811003 159 2253 2464
33254490 152 866 2497
33382742 158 433 2507
33396914 152 1040 2508
33562795 148 1190 2520
33891684 141 960 2544
34212278 151 379 2567
34428960 152 368 2583
34453048 156 2253 2585
34478191 150 2563 2587
34535366 158 1018 2592
34781208 152 1677 2611
35250743 149 2068 2646
35519809 145 1217 2666
35661957 140 457 2676
36183441 159 1579 2715
36293093 144 2683 2723
36675090 140 2057 2751
37079659 147 2103 2783
37407513 155 200 2808
37729557 140 2978 2832
37921423 153 942 2846
38400776 155 1069 2881
38453054 158 474 2885
38654752 156 1778 2900
39015954 154 1985 2927
39041230 142 2011 2929
39226623 145 2821 2943
39240929 146 2682 2944
39370357 146 71 2954
39892847 157 2021 2991
40266002 150 1948 3018
40495983 159 1042 3036
40648905 158 2092 3047
40774782 143 1028 3056
40815967 149 1936 3059
40856432 147 300 3062
41379544 141 1503 3101
41447441 140 314 3106
41557572 145 1270 3114
41696833 154 689 3124
41947492 142 670 3143
42376131 140 2366 3176
42468798 141 133 3183
42552916 149 1193 3189
42628608 157 208 3195
43171732 146 2314 3236
43263469 144 2245 3243
43447474 157 224 3257
43786743 143 2848 3283
43901565 150 2594 3291
44041474 156 2169 3301
44501831 157 2662 3336
45569515 145 64 3416
45673186 145 2544 3424
45885173 142 314 3439
45957769 155 1283 3445
45987065 140 1055 3447
46132006 143 2922 3458
46436976 149 709 3480
46563927 152 2761 3489
46642220 157 1279 3495
46707504 152 734 3500
46719743 147 529 3501
47016646 150 1267 3523
47343642 152 673 3547
47592400 151 1778 3567
47655680 141 1023 3572
47782582 153 850 3582
48321514 146 304 3623
48387956 142 2746 3628
48440622 151 2278 3632
48457288 151 2047 3633
48547846 154 1200 3640
48562809 142 752 3641
48955438 142 287 3671
49001028 158 1616 3674
49077865 152 744 3680
49093047 141 2388 3681
50034118 156 234 3751
50199360 148 1865 3763
50462893 142 1854 3783
50487439 141 2338 3785
50594244 141 2360 3793
50711475 149 1958 3802
51080301 154 256 3829
51373830 159 1919 3851
51835827 154 1311 3887
51905795 156 2278 3892
52049510 157 2051 3903
52176201 146 2708 3912
52566010 148 1481 3942
52817802 141 900 3961
52842581 146 147 3963
52911257 154 1428 3969
52935552 154 1153 3971
52990547 151 2979 3975
53136009 158 1704 3986
53390198 141 167 4005
53421856 142 95 4007
53562450 159 2069 4017
53746189 154 1804 4030
54173860 142 106 4062
54441559 141 191 4082
54800755 149 1577 4108
54890877 154 989 4115
54973296 148 2095 4121
55402846 158 803 4155
55522450 155 1337 4164
56686630 141 2056 4252
56728095 151 1493 4255
56785138 147 1826 4259
57008927 157 455 4276
57066068 144 923 4280
57185177 144 2131 4289
57277435 148 897 4296
57326236 153 2993 4300
57492636 146 2898 4312
57581720 151 1382 4319
57915424 153 2139 4345
57973150 158 2655 4349
58711646 152 1748 4404
58880412 143 159 4417
59173796 142 130 4439
59234494 159 455 4444
59317251 148 1240 4451
59555920 147 955 4468
59615919 155 2920 4473
60057748 143 340 4506
60150927 148 1380 4513
60279382 142 674 4522
60348771 141 1178 4527
60441770 140 1973 4533
60529129 154 403 4540
61662938 152 1267 4626
61691620 156 1099 4628
61719985 142 2413 4630
62080522 159 2557 4657
62203054 153 1185 4667
62586849 140 460 4696
63058400 150 1326 4732
63465473 141 2360 4762
63618154 143 301 4773
63851266 147 2445 4790
63999495 141 2170 4801
64045170 156 1317 4804
64329089 142 613 4825
64583617 151 2943 4844
64612482 141 961 4846
64825483 153 938 4861
64922507 152 58 4868
64936214 158 595 4869
65066349 140 1855 4878
65427219 149 2196 4904
65477216 143 79 4908
66364231 150 1274 4975
66745534 149 685 5003
66966995 159 2619 5019
67072173 148 443 5027
67388643 157 465 5052
68081688 152 291 5103
68328473 140 1609 5121
68396798 155 1279 5126
69398517 149 1162 5202
69412835 153 1550 5203
69452346 144 368 5206
69465719 155 1140 5207
69662857 152 2555 5221
69942056 141 2477 5241
70094826 157 789 5253
70149824 158 2737 5257
70321322 144 974 5270
70336225 150 2735 5271
70570709 159 680 5289
70585611 155 1745 5290
70662104 149 747 5296
70781797 150 2921 5305
70972188 152 1823 5318
71139150 143 1858 5331
71205735 151 1301 5336
71331048 154 1698 5345
71388075 149 575 5349
71438091 156 891 5353
71865029 156 2954 5385
71877603 147 785 5386
71891327 145 809 5387
72105226 151 622 5404
72321061 149 2613 5422
72477319 147 1455 5433
73056714 157 511 5477
73642076 158 2146 5520
73666821 150 494 5522
73861334 142 2934 5536
74117264 149 332 5555
74343196 146 2053 5573
74356918 159 1028 5574
74386317 155 676 5576
74946928 152 2544 5618
75314705 154 945 5646
75368301 151 1216 5650
75422491 145 2359 5654
75435908 148 2206 5655
75571881 157 2341 5665
75735638 156 790 5677
75808245 157 2712 5682
76043612 158 1049 5699
76212780 149 1193 5712
76322211 150 1476 5720
76489473 147 2779 5733
76785803 158 1302 5754
76852575 157 1416 5759
77019973 149 1906 5772
77113473 144 2857 5779
77246704 153 138 5789
77681923 155 2093 5823
77726573 145 561 5826
77990500 140 2006 5845
78029299 144 1340 5848
78249129 142 2730 5865
78342930 155 1175 5872
79107668 158 1001 5931
79175074 148 1054 5936
79545102 145 2095 5965
79634173 152 431 5972
79846353 150 135 5988
79946505 146 2464 5996
80458439 146 1829 6033
80583399 155 2541 6042
80879459 140 2909 6064
80932438 147 2135 6068
80959805 144 343 6070
81010563 159 1716 6074
81403462 159 1783 6104
81501739 150 779 6112
81533361 155 1955 6115
81547873 158 1922 6116
81752917 159 787 6130
81774111 158 2181 6132
81787080 141 2628 6133
81878312 142 1255 6140
81899539 150 2716 6142
81933576 158 2449 6145
82524313 147 2689 6189
82551928 146 2063 6191
82837377 149 694 6212
82968076 147 1740 6222
83035940 158 549 6227
83398473 150 1867 6253
83474204 140 2661 6259
83642174 152 1796 6272
83708141 148 57 6277
83750646 154 1332 6280
84212382 157 287 6314
84398941 147 1009 6328
84427678 142 1117 6330
84649260 154 480 6346
84974978 148 1669 6370
85434595 141 1824 6404
85472991 159 1322 6407
85557851 151 77 6413
86022927 148 2972 6449
86331277 158 1166 6473
86676164 152 1201 6500
86745393 141 2654 6505
86930901 151 2232 6518
87035158 146 715 6526
87076606 156 1902 6529
87686642 155 1506 6574
87808982 152 2099 6583
87872561 150 2487 6588
88102177 143 19 6606
88561950 154 2036 6641
88695879 145 2967 6651
88997301 146 301 6674
89117334 142 963 6683
89499740 158 1973 6712
89593348 144 1236 6719
89620071 152 2134 6721
89806951 145 2374 6735
90234546 147 2830 6767
90259126 147 391 6769
90338637 158 1223 6775
90403687 145 223 6780
90586481 143 1682 6794
91002986 140 2194 6826
91218713 143 1007 6841
91273666 148 2264 6845
91297970 144 1263 6847
91374592 146 1283 6852
91506610 158 97 6861
91543054 153 910 6864
91558311 140 2275 6865
91585728 145 1994 6867
91665599 155 2023 6873
91902203 152 1716 6891
91992774 140 555 6898
92021901 147 17 6900
92182781 150 2068 6912
92430401 146 550 6930
92692148 159 1763 6949
92792802 140 1749 6956
92861848 156 1693 6961
92875312 153 1082 6962
92887595 152 1122 6963
93065302 144 2210 6976
93636586 149 1116 7019
93649404 153 143 7020
93660702 144 2885 7021
94102705 156 2663 7054
94365014 156 667 7073
94417611 159 783 7077
94482818 155 203 7082
94496963 143 1579 7083
94535155 154 1948 7086
94564768 142 1279 7088
94669384 143 1338 7096
94805338 142 1949 7106
95021192 145 2753 7122
95036973 154 1450 7123
95298590 159 429 7142
95690339 155 2194 7171
95924777 151 2482 7188
96017960 159 722 7195
96488914 148 2159 7231
96679922 153 294 7245
96732792 146 861 7249
97135216 142 1901 7279
98208591 154 1818 7360
98245792 146 98 7363
98258345 144 1566 7364
98561686 142 906 7387
99232842 146 1844 7437
99243088 146 2500 7438
99409213 155 2067 7450
99541336 153 651 7460
100265076 142 1239 7514
100378524 145 1837 7522
100426376 149 2126 7526
100436376 155 1458 7527
100451502 157 2203 7528
100461681 155 2247 7529
100826878 152 2172 7556
100875633 141 2049 7560
101011929 159 875 7570
101055175 143 96 7573
101188046 151 420 7584
101242812 148 2700 7588
101257460 157 1383 7589
101454540 156 2343 7603
102138841 158 1558 7655
102354720 151 1522 7672
102494283 141 429 7682
102935089 158 1873 7714
103267994 142 2802 7739
103746753 142 2509 7775
103971238 153 299 7792
104408568 149 1348 7825
104614379 156 2815 7840
104627499 152 2864 7841
104641402 158 2538 7842
104748945 152 678 7850
104802218 143 2258 7854
105285778 157 70 7891
105517664 156 5 7908
105570859 147 1484 7912
105722753 156 2360 7924
105941498 141 138 7942
106258736 148 1080 7966
106350269 148 363 7973
106365290 158 1019 7974
106378569 140 1705 7975
106570546 151 424 7989
106738298 155 381 8002
106779762 148 1025 8005
106966615 157 2848 8018
106994132 143 1913 8020
107166513 149 851 8033
107222007 153 1314 8037
107560210 151 2782 8062
107635794 147 586 8068
107749623 154 2833 8077
107866009 144 435 8086
107930194 152 577 8091
108406210 146 2464 8126
108852795 159 2073 8159
108994957 155 2492 8169
109394296 158 1243 8199
109762043 145 506 8227
109806571 144 539 8230
109818746 156 2517 8231
110048167 144 2400 8249
110202586 144 2552 8261
110645659 156 343 8295
111086971 142 2786 8329
111110112 149 444 8331
111315406 158 2844 8346
111477550 157 2971 8358
111538205 151 2896 8362
111642820 158 1319 8370
111848303 159 14 8385
112065611 141 206 8402
112080075 150 39 8403
112658025 156 767 8448
112820602 144 2183 8460
112956192 153 1923 8470
113175486 149 147 8486
113646510 146 2309 8521
113735064 157 1676 8528
113839606 141 124 8536
113864747 145 2507 8538
113931233 145 1952 8543
114122372 155 740 8558
114189921 148 1107 8563
114346898 140 2612 8574
114626198 141 821 8595
114989964 155 824 8623
115113659 146 289 8632
115235573 155 588 8642
115264226 153 2350 8644
115294005 151 2718 8646
115307511 151 1861 8647
115319812 149 2376 8648
115348363 158 1909 8650
117135837 151 1965 8784
117272278 144 1301 8795
117622372 146 1249 8820
117952847 142 2621 8846
118401974 144 890 8880
118484967 148 430 8887
118672766 149 1868 8901
118687612 141 407 8902
119071919 141 1043 8931
119261619 147 1158 8945
119273245 148 449 8946
119671594 155 149 8977
119715624 159 354 8980
119939923 155 2072 8996
120032070 144 1745 9011
120043357 151 2720 9014
120161989 143 1165 9053
120219522 144 1820 9072
120288193 156 2373 9093
120292526 155 471 9094
120311508 143 2057 9100
120350819 144 2804 9112
120394807 158 1694 9124
120559772 153 680 9175
120607622 141 2644 9190
120718250 149 1194 9223
120725169 150 150 9225
120787939 148 781 9243
120812208 149 1663 9251
120856786 146 253 9265
120878178 158 2609 9271
120908287 141 483 9280
120915350 140 2718 9282
120982556 155 593 9301
121031898 154 2085 9316
121130590 141 977 9347
121141542 142 2147 9350
121156180 158 2400 9355
121160513 158 1198 9356
121175634 154 1148 9361
121182916 157 114 9363
121278656 151 2411 9391
121412287 145 2475 9429
121455318 149 1347 9442
121472171 144 2252 9447
121530970 157 876 9464
121617092 158 387 9488
121623898 150 2550 9490
121683179 151 161 9507
121699620 144 2226 9512
121718738 159 1463 9518
121751660 141 2490 9528
121755993 153 705 9529
121880045 146 2892 9566
121929425 156 1768 9581
121961239 158 800 9590
122083496 153 2981 9626
122137083 141 1 9642
122155985 141 2432 9648
122302670 155 1783 9691
122327411 149 2071 9698
122370484 157 627 9712
122447112 146 966 9735
122539591 143 680 9764
122563794 145 2329 9771
122667435 144 1378 9802
122856224 158 2412 9858
122865377 147 1782 9861
123012167 148 51 9907
123058643 159 1663 9921
123116942 157 1459 9937
123120317 148 487 9938
123136598 157 2279 9943
123139462 155 2955 9944
123169338 153 1395 9953
123266382 150 4 9981
123294626 155 2477 9989
123300022 141 2258 9991
123408325 144 2708 10024
123527651 150 1464 10059
123542894 147 1938 10063
123626735 152 707 10088
123678818 158 77 10104
123715235 159 2261 10115
123804101 158 1402 10142
123806807 153 1517 10143
123914394 141 2206 10175
123930825 157 1673 10180
123983030 159 1292 10196
124008943 142 2764 10204
124064392 143 2449 10220
124147819 153 2528 10244
124172554 145 2517 10251
124186656 148 2464 10255
124233235 147 2422 10268
124329143 149 38 10296
124443800 145 1724 10331
124555451 157 610 10367
124567122 145 257 10371
124657236 142 227 10399
124675534 148 454 10405
124716017 141 2889 10418
124807945 143 2166 10447
124848850 145 2804 10460
124893067 158 13 10473
124896035 145 2953 10474
124967917 144 817 10495
124997620 143 2686 10504
125089003 157 1882 10532
125091915 147 1052 10533
125219010 157 1447 10570
125262857 143 1727 10584
125286933 154 1351 10592
125319242 151 2957 10601
125331520 146 2345 10604
125393859 151 1068 10622
125475609 140 2739 10645
125548233 151 993 10667
125567671 152 1592 10673
125601468 150 2071 10684
125697979 157 2633 10713
125727802 154 2625 10722
125764539 143 169 10733
125819696 152 2731 10750
125850224 154 2727 10759
125873039 158 1912 10766
125882868 155 401 10769
125896817 154 2072 10773
125911849 145 867 10778
125976930 151 1019 10796
126135334 157 1847 10842
126264409 140 1138 10883
126412738 148 196 10927
126422967 147 2512 10930
126428341 156 1526 10932
126558095 146 1683 10973
126769057 149 842 11037
126785589 154 186 11042
126807780 146 2546 11048
126876862 144 2587 11069
126887619 157 1997 11072
126898707 159 2029 11075
126933041 141 1981 11085
127008639 141 2108 11110
127017533 155 963 11113
127036754 150 2098 11119
127039938 141 1710 11120
127043142 147 603 11121
127147375 143 824 11150
127203516 147 2982 11166
127225114 157 644 11173
127329723 149 962 11203
127390209 148 2618 11221
127433434 140 1826 11235
127467847 149 98 11246
127480579 145 138 11250
127607887 146 115 11289
127624673 141 1672 11295
127739929 158 2450 11330
127803542 143 2375 11350
127813302 140 775 11353
127829429 152 1780 11358
127875305 159 522 11373
127916282 146 126 11385
128010782 159 1598 11414
128095500 144 1 11440
128110272 142 1952 11445
128178708 143 381 11465
128226571 141 418 11480
128233815 153 2636 11482
128280358 144 1194 11496
128321523 142 2625 11509
128361313 159 786 11520
128548614 150 1664 11577
128684448 142 1464 11617
128733112 144 1178 11631
128750562 140 2952 11636
128772180 140 298 11642
128875650 142 2229 11673
128903648 140 1674 11681
128919331 155 2298 11686
128933515 151 1278 11691
128943170 158 1270 11694
128966946 151 529 11701
128970978 158 1690 11702
129005304 149 459 11712
129097805 146 2257 11741
129112558 154 22 11745
129268329 157 824 11793
129310542 154 963 11806
129391224 145 2362 11830
129484293 147 2980 11856
129503264 154 89 11862
129518358 145 2829 11867
129548738 156 73 11876
129599114 150 1709 11891
129671227 146 2036 11913
129681233 159 1238 11916
129695984 159 470 11920
129803463 145 2366 11951
129814016 159 528 11954
129896188 155 2337 11978
129951233 156 1995 11995
129957025 140 1720 11997
130017498 143 963 12016
130028727 146 2483 12020
130087625 141 2151 12039
130090421 155 2333 12040
130096575 144 826 12042
130158928 152 1516 12060
130287742 145 540 12100
130343321 155 1279 12116
130346632 150 185 12117
130413527 147 1031 12137
130466495 155 1051 12152
130487700 154 2962 12158
130537745 146 2017 12173
130549117 150 1030 12177
130559474 145 1778 12180
130603060 147 2241 12194
130736193 141 87 12236
130794199 148 2760 12253
130797697 152 2472 12254
130828620 152 1990 12263
130875695 144 807 12277
130934701 151 512 12295
131113896 140 1788 12351
131164730 142 548 12366
131187560 153 2876 12374
131200606 153 1184 12378
131208087 151 2775 12380
131274772 153 1572 12402
131326215 143 2166 12418
131445651 159 2338 12452
131451431 141 1640 12454
131470022 157 1122 12460
131476469 145 1707 12462
131486666 140 2165 12465
131646863 146 51 12515
131650940 141 1083 12516
131698531 158 372 12530
131765912 154 2630 12551
131768994 157 850 12552
131806962 152 596 12565
131821422 147 41 12569
131871109 152 153 12584
131948984 145 1411 12608
131960214 152 1810 12611
132020198 145 2404 12629
132059587 144 2952 12640
132129731 149 2019 12661
132168918 154 1204 12673
132210509 158 2088 12686
132245724 144 1735 12696
132296975 149 1307 12712
132304488 145 6 12714
132447055 140 2831 12757
132511431 158 1803 12776
132544307 146 1817 12786
132617639 144 2874 12807
132623813 158 2214 12809
132660649 141 1134 12820
132726535 157 2826 12841
132829380 142 2175 12873
132884086 146 438 12889
132923532 153 1685 12902
132995556 157 94 12924
133024701 142 244 12933
133106680 150 2205 12958
133147745 146 352 12971
133156963 145 2556 12974
133179094 144 2684 12981
133348852 142 2746 13030
133425321 147 1235 13054
133473396 140 1944 13069
133511764 147 1215 13081
133536921 143 1153 13088
133550839 144 995 13092
133640097 152 1378 13120
133656537 150 650 13125
133757261 149 670 13154
133774545 148 1221 13159
133883648 157 110 13193
133993747 158 842 13226
134086346 155 292 13255
134130256 148 2356 13268
134164956 141 1171 13279
134206385 147 46 13291
134234173 146 39 13300
134258932 140 560 13307
134273155 155 1549 13311
134312270 146 154 13322
134316330 156 377 13323
134355596 152 2351 13335
134387504 145 2762 13345
134407154 154 2518 13352
134425404 155 505 13358
134552599 150 226 13396
134600085 142 2459 13411
134679261 141 1248 13436
134807319 148 490 13475
134997597 143 2844 13533
135176921 159 1133 13587
135190154 145 66 13591
135251990 151 214 13608
135340298 159 2032 13634
135467605 141 1562 13672
135471268 152 2784 13673
135475431 144 2610 13674
135501256 151 2215 13682
135586167 159 1534 13707
135609458 159 1912 13714
135612240 148 278 13715
135621988 147 718 13718
135668398 157 978 13732
135714141 147 1430 13745
135897910 153 2214 13800
135907140 144 787 13803
135943345 148 371 13814
135961345 141 2220 13820
135967514 149 215 13822
136011229 159 1997 13835
136105682 142 912 13863
136211840 141 2900 13894
136275468 158 1544 13913
136289541 150 2199 13917
136343792 140 1279 13933
136364492 141 1248 13939
136475217 142 1396 13972
136603122 146 1215 14010
136627804 147 2863 14017
136634906 152 906 14019
136672397 148 581 14030
136719861 147 796 14045
136730530 140 498 14048
136835889 142 1945 14079
136882216 146 2005 14093
136921698 150 1861 14105
136995296 152 1841 14127
137005154 158 954 14130
137015479 141 1740 14133
137059610 149 2658 14146
137075737 156 549 14151
137090991 143 2318 14156
137132149 148 953 14169
137142419 153 1521 14172
137195234 150 287 14188
137215000 140 693 14194
137289043 150 1489 14219
137301860 142 1881 14223
137356286 155 354 14239
137372902 149 2014 14244
137418954 147 2419 14259
137429450 152 2917 14262
137436551 152 823 14264
137478123 141 40 14276
137508251 140 779 14286
137529885 152 2740 14292
137559405 154 832 14301
137566271 147 864 14303
137685806 144 907 14340
137692404 157 2384 14342
137746210 150 1994 14357
137792755 140 853 14370
137827425 145 1945 14381
137912614 148 1935 14407
137932508 141 1617 14413
138004216 148 2018 14436
138018563 149 1979 14440
138025331 154 2735 14442
138068853 159 436 14455
138136956 159 313 14476
138168228 156 2794 14485
138178711 149 1474 14488
138224027 155 2983 14503
138250232 150 1433 14511
138298482 144 1971 14526
138332775 150 795 14537
138402310 143 2990 14557
138410261 143 2416 14559
138454773 149 673 14571
138457434 151 1781 14572
138509550 144 431 14588
138607106 157 2969 14618
138610097 149 993 14619
138637642 148 785 14627
138682431 145 2636 14641
138810401 148 1151 14679
138827167 154 1971 14684
138881085 154 2340 14699
138908479 147 1267 14707
138999570 152 456 14735
139039533 153 907 14748
139071538 140 1171 14757
139114405 149 2294 14770
139162947 152 257 14786
139197520 142 2813 14798
139206292 145 2451 14801
139324960 159 1493 14838
139355670 143 2289 14847
139391478 155 1469 14858
139487688 152 2445 14886
139497689 141 390 14890
139522764 141 826 14898
139593653 142 995 14920
139632772 155 1857 14932
139668581 140 2685 14942
139672767 151 2443 14943
139697300 149 1152 14950
139778531 151 1708 14974
139792030 156 1890 14978
139804706 140 1858 14982
139851825 142 1306 14996
139880588 151 1922 15004
139948723 153 2175 15025
140002678 148 2548 15042
140066707 146 2202 15062
140073454 146 201 15064
140145996 152 24 15085
140175658 157 1071 15095
140208518 159 2979 15104
140311588 155 2184 15137
140318351 147 2973 15139
140349768 152 910 15148
140498518 155 1002 15191
140512149 145 820 15195
140550859 155 1123 15207
140572816 150 347 15213
140680000 159 504 15244
140784164 141 176 15276
140817727 145 624 15286
140871975 144 1453 15302
140915519 142 1401 15315
140934011 153 1994 15321
140997101 153 2774 15341
141151048 152 2829 15388
141220895 150 2700 15410
141252657 158 1485 15420
141256681 156 1775 15421
141325041 142 2809 15441
141382264 141 1958 15458
141391495 147 615 15461
141437726 159 2665 15474
141600759 154 1095 15523
141655179 143 1696 15541
141700771 158 2623 15555
141705873 146 2633 15557
141772191 156 1878 15576
141813358 146 806 15588
141816808 156 971 15589
141823081 158 1420 15591
141877002 156 1787 15607
141894344 148 1936 15612
141915188 159 1489 15618
142015983 141 2659 15648
142103741 143 3 15674
142156403 152 1403 15690
142207192 158 1548 15706
142244783 156 1274 15718
142404820 155 58 15766
142408259 150 463 15767
142459125 159 687 15783
142470098 142 1035 15786
142535837 152 1883 15805
142539127 152 1585 15806
142585568 155 2954 15820
142589721 153 2581 15821
142596416 150 2952 15823
142722235 155 1059 15864
142750581 142 2083 15873
142811663 154 528 15892
142865314 155 2143 15908
142988752 144 219 15945
143121632 153 930 15986
143130588 153 2928 15989
143179462 144 2311 16004
143199155 144 181 16011
143224074 140 2825 16018
143239054 145 1428 16023
143292961 147 2850 16040
143339025 150 99 16054
143429936 150 763 16082
143473728 153 530 16096
143583369 152 713 16130
143623666 151 891 16142
143662551 153 845 16154
143691460 153 1005 16162
143768904 142 1447 16187
143785756 154 2937 16192
143801582 154 1554 16197
143870092 147 580 16217
143889416 157 1933 16223
144033630 159 2955 16266
144058045 159 1054 16273
144100925 147 1006 16287
144121590 140 1313 16293
144150184 141 2651 16301
144267570 143 85 16338
144271884 141 2698 16339
144315337 147 1202 16351
144318135 152 299 16352
144320799 158 1694 16353
144348563 156 821 16362
144404780 152 2209 16379
144453105 154 363 16395
144499995 154 2874 16409
144523501 140 98 16416
144632536 145 1680 16450
144654951 148 944 16457
144685023 144 2603 16466
144785454 154 1770 16496
144889060 159 413 16529
145032649 140 1069 16572
145039592 143 1103 16574
145216514 146 2181 16629
145251224 140 1388 16639
145260287 151 325 16642
145274669 146 72 16646
145338413 154 1540 16664
145354430 150 696 16669
145400539 154 2925 16683
145482420 141 1128 16707
145557945 156 2942 16729
145577606 142 614 16735
145580431 158 2141 16736
145611329 152 688 16745
145629989 159 578 16750
145656178 145 1052 16758
145675633 141 1570 16764
145691160 154 1061 16768
145694876 159 680 16769
145706323 145 531 16773
145839580 142 1594 16811
145845604 158 1874 16813
145868833 142 2503 16820
145966390 151 2539 16850
146019086 143 1519 16866
146046930 157 1107 16874
146071740 141 188 16881
146090533 153 1020 16887
146162286 158 187 16908
146190781 147 2890 16916
146235173 146 1576 16930
146260455 146 422 16937
146281066 159 1818 16943
146337599 147 2510 16960
146344222 149 1193 16962
146385483 143 1575 16974
146432521 141 1707 16989
146444444 144 1195 16993
146531986 156 370 17020
146537509 153 2610 17022
146548659 159 769 17025
146616014 143 142 17045
146619538 144 509 17046
146678404 150 1142 17064
146691426 153 1997 17068
146717410 150 613 17076
146728640 150 1142 17080
146738595 145 2648 17083
146822502 142 726 17109
146904616 155 1881 17134
147088679 142 1443 17188
147181986 149 2966 17217
147184845 146 1163 17218
147248699 155 2634 17236
147331156 156 1044 17261
147378936 158 2256 17277
147489356 142 971 17312
147506778 140 1347 17318
147539684 142 211 17328
147577423 156 1956 17339
147580447 143 1573 17340
147706214 145 830 17377
147751814 141 709 17390
147814853 154 687 17409
147863593 159 1056 17423
148177588 144 849 17518
148250583 144 2217 17540
148276528 156 188 17548
148346632 147 245 17568
148363189 158 1877 17573
148377892 149 227 17578
148397710 142 2252 17584
148407078 150 1373 17587
148469499 147 744 17607
148515038 148 2614 17621
148557300 154 2765 17633
148656327 144 1303 17662
148713570 143 1618 17680
148726381 148 1536 17684
148796268 154 1228 17705
148799535 153 783 17706
148932596 157 1275 17746
148935958 150 2133 17747
148951671 151 21 17752
148985105 141 529 17762
148990199 149 691 17764
148994000 149 1023 17765
149027262 142 666 17776
149113936 142 2265 17802
149155588 150 808 17814
149197952 147 2331 17827
149224685 149 2994 17835
149228140 148 2871 17836
149235419 149 1294 17838
149450294 147 291 17904
149459863 153 1959 17907
149492854 150 1797 17917
149536555 143 2713 17929
149610502 159 1170 17951
149623498 143 2362 17955
149669291 140 1570 17970
149778732 151 1473 18004
149804023 144 438 18012
149845693 149 1199 18025
149915484 151 1377 18046
149945229 141 780 18055
149984834 147 1410 18066
150013397 152 21 18075
150016614 146 1856 18076
150073203 146 1018 18092
150079847 155 466 18094
150156195 154 1376 18119
150170400 154 1665 18124
150240521 151 1056 18144
150243543 152 2631 18145
150347268 157 790 18176
150597630 149 909 18254
150611710 158 422 18258
150912819 148 1162 18348
150918311 143 1269 18350
150928918 146 1128 18354
151047300 148 651 18391
151176472 151 2867 18430
151183622 147 2559 18432
151201420 140 1448 18438
151264543 149 2956 18455
151376578 150 2603 18490
151407529 157 1486 18499
151525341 146 1843 18535
151593041 140 2486 18554
151653276 149 1912 18573
151740164 145 833 18599
151802687 152 1558 18618
151868069 152 2492 18637
151890040 158 2134 18644
151926131 151 1592 18654
151936826 149 1847 18657
151975089 152 1891 18668
151997160 146 1431 18676
152025722 151 1397 18685
152036170 158 2794 18688
152294222 141 2411 18770
152300862 152 788 18772
152307254 143 895 18774
152331761 142 2837 18782
152340752 151 101 18785
152357538 146 162 18790
152364558 155 1455 18792
152367498 142 2066 18793
152498338 140 2653 18832
152536752 142 2686 18843
152595685 154 747 18861
152621272 146 16 18870
152835238 141 1367 18935
152856886 144 2036 18941
152860226 148 2533 18942
152883778 149 600 18948
152990021 147 1166 18979
153108562 143 2051 19014
153112895 143 2454 19015
153263612 144 1604 19062
153456831 152 1598 19118
153458466 156 1012 19119
153531778 153 267 19139
153738497 151 1351 19199
153742265 148 1626 19200
154166162 143 386 19328
154236829 142 889 19348
154438077 141 2442 19406
154489690 159 2696 19421
154509087 148 1711 19427
154569993 149 2862 19445
154589834 147 2922 19451
154593436 143 95 19452
154668721 152 450 19474
154708741 159 506 19486
154860507 157 1475 19532
154916528 156 1091 19550
154957093 142 1023 19562
154966428 149 2219 19565
154990650 158 1698 19572
155005513 142 398 19577
155078603 157 382 19600
155101273 153 786 19607
155112943 144 987 19611
155177838 140 1786 19630
155278178 149 1201 19659
155386839 142 1839 19691
155403760 144 632 19696
155419310 145 2381 19700
155429426 140 2620 19703
155432503 154 2298 19704
155518007 140 2753 19731
155520853 142 1648 19732
155628118 149 762 19763
155636784 152 1241 19765
155659139 156 2893 19772
155688821 144 2100 19780
155782365 155 1461 19809
155788087 159 230 19811
155874541 142 2619 19837
155918968 146 2143 19850
155966636 146 534 19865
155969926 155 1942 19866
156104082 155 455 19907
156122996 142 2677 19913
156146990 151 1846 19920
156189648 151 2636 19933
156216141 149 418 19941
156229748 144 671 19945
156236662 156 2968 19947
156240995 155 4 19948
156346466 140 364 19979
156439553 143 1268 20008
156693569 151 2628 20085
156711228 142 1454 20090
156720812 151 2471 20093
156723795 146 2833 20094
156731136 147 1216 20096
156775726 140 2864 20111
156798923 143 1979 20118
156859185 153 832 20136
156902130 150 396 20150
156974776 150 1294 20171
156993509 157 803 20177
157057715 152 1321 20196
157079755 156 1285 20203
157163731 141 997 20230
157334811 154 1994 20283
157456285 144 2620 20320
157495437 144 1377 20333
157525848 142 1674 20342
157589760 152 2126 20361
157664424 145 256 20384
157729686 143 2274 20403
157768833 147 2273 20415
157885615 140 2661 20451
158018644 158 218 20493
158037871 144 720 20499
158094822 146 2552 20516
158109588 155 1891 20520
158139978 150 854 20529
158216693 152 2728 20552
158250835 153 1046 20562
158295183 143 2937 20575
158325612 154 2564 20585
158336981 159 1798 20589
158361875 142 839 20596
158390741 158 2032 20605
158442227 149 2141 20621
158449653 149 1853 20623
158465158 159 347 20628
158509890 145 1463 20642
158516640 158 1423 20644
158642736 141 847 20682
158652469 158 2907 20685
158662238 156 371 20688
158675884 146 2204 20692
158693506 156 1375 20697
158708154 148 1442 20701
158734534 150 1107 20709
158794248 152 1501 20726
158802142 148 238 20728
158886132 159 2856 20755
158976941 143 1705 20785
158988003 159 1546 20788
159013606 149 2185 20795
159039890 157 2504 20803
159046389 156 2337 20805
159117013 147 1965 20827
159180225 154 1932 20846
159198406 149 2885 20851
159215310 141 553 20856
159225656 146 1867 20859
159320544 153 1290 20888
159355055 142 2878 20898
159375627 155 1332 20904
159400988 150 2531 20912
159467286 151 992 20931
159507830 150 2200 20944
159522415 155 24 20948
159538682 148 792 20953
159577448 153 2419 20964
159587700 152 272 20967
159711783 157 1304 21004
159714944 145 1540 21005
159732746 158 1774 21011
159898779 147 2151 21062
159909161 153 2209 21065
159945561 155 302 21075
159955092 140 1754 21078
159963216 148 1093 21081
160049965 145 680 21107
160068619 150 2234 21112
160075319 155 2120 21114
160135277 150 921 21131
160160141 149 602 21138
160187385 144 21 21146
160208280 159 1845 21152
160240509 148 930 21161
160269206 149 73 21170
160276398 156 1312 21172
160284123 151 852 21174
160298559 144 515 21178
160327473 156 898 21187
160344145 158 2330 21192
160347628 159 1726 21193
160400561 146 2094 21208
160599082 159 2405 21267
160693865 158 528 21297
160857155 146 2233 21344
160861128 150 58 21345
160868056 152 2274 21347
160912114 143 1850 21360
160998455 149 2144 21388
161009043 155 598 21391
161045262 156 692 21402
161068999 153 992 21409
161080046 148 1209 21412
161089212 151 1340 21415
161237026 152 457 21459
161272200 155 365 21469
161331001 149 2857 21488
161355698 151 2687 21495
161419569 143 2351 21514
161426333 140 2907 21516
161502497 152 2835 21540
161505311 142 1922 21541
161526291 158 1496 21548
161634296 141 2204 21581
161682822 152 2065 21596
161700452 159 2133 21601
161820674 156 1336 21638
161838669 145 1191 21643
161913880 147 409 21666
161936433 141 1444 21673
161977762 155 1074 21685
162041467 151 1031 21703
162114345 155 640 21724
162126400 142 1595 21727
162133294 144 146 21729
162150238 142 2261 21735
162213584 146 508 21755
162243080 150 2797 21764
162260292 150 2218 21769
162311480 144 2428 21785
162326603 152 2591 21789
162336299 145 798 21792
162379933 156 148 21806
162481977 140 1043 21837
162580206 140 1187 21867
162617250 149 1771 21878
162781781 152 2572 21929
162864385 141 1712 21955
163030573 140 1156 22006
163101997 151 1458 22029
163157342 146 2755 22046
163222302 146 758 22065
163234529 144 2858 22069
163323848 157 1103 22097
163566195 155 32 22171
163725504 156 281 22216
163793376 142 2539 22236
163828554 159 1207 22246
163841945 146 2191 22250
163845953 157 2167 22251
163850286 157 1770 22252
163926369 158 585 22276
163935063 149 526 22279
163954770 140 1314 22285
163968118 146 400 22289
164003461 149 123 22299
164010048 152 1143 22301
164127945 140 740 22337
164160447 145 1152 22346
164201327 149 555 22358
164242361 157 2454 22370
164260176 141 1561 22375
164263505 156 473 22376
164395556 153 1350 22417
164475121 156 1735 22441
164489403 156 1110 22445
164515244 143 2566 22452
164523827 159 2156 22454
164565827 156 2666 22467
164575575 152 1954 22470
164591932 154 1781 22475
164767721 154 2381 22527
164822007 151 72 22544
164829352 142 47 22546
164889654 142 2889 22566
164954937 140 1660 22585
165042110 145 2498 22610
165156882 144 778 22646
165223759 149 862 22666
165245969 143 611 22672
165300923 156 448 22689
165382847 156 2793 22714
165426549 141 896 22727
165470839 157 1967 22740
165474310 152 1717 22741
165592306 154 96 22775
165661667 155 1389 22797
165674493 155 2039 22801
165960268 158 2452 22884
165973324 151 2365 22888
166004604 149 2383 22897
166042755 155 245 22908
166163670 153 2749 22946
166275716 154 1792 22981
166381201 155 998 23015
166418445 140 1997 23026
166555648 156 660 23068
166576723 144 276 23074
166699045 142 1305 23112
166710189 145 1854 23115
166754275 146 1331 23129
166800595 141 1279 23142
166813204 155 1578 23146
166884020 158 165 23167
166925053 141 1779 23179
166927543 146 2026 23180
166933312 152 1860 23182
166957704 152 2225 23189
167004655 145 59 23204
167028145 147 2663 23211
167076189 154 384 23227
167082362 153 572 23229
167207129 158 2886 23265
167289706 141 414 23290
167329702 158 335 23302
167357424 147 2788 23310
167474244 148 1246 23346
167605270 155 111 23385
167642160 149 316 23395
167647270 159 954 23397
167661398 151 1713 23401
167701797 144 2431 23413
167707620 158 1026 23415
167792820 158 443 23442
167854426 146 316 23460
167926994 159 622 23482
167985349 141 645 23499
167992484 147 2808 23501
168000426 146 1719 23504
168017708 151 2629 23509
168024711 148 2843 23511
168026942 145 1151 23512
168243128 158 1159 23577
168288661 146 2522 23590
168353283 153 2137 23609
168383378 152 2948 23618
168406061 142 879 23625
168474843 141 1018 23646
168494964 157 2715 23652
168565476 159 1527 23674
168588397 154 1038 23680
168684792 140 713 23709
168710637 158 1144 23717
168715991 144 1614 23719
168723834 152 1736 23722
168797013 149 2868 23743
168866157 152 1301 23764
168945282 140 2111 23787
169108373 152 2759 23834
169144953 157 2931 23845
169162524 144 1474 23850
169180226 144 2885 23855
169202108 143 1667 23862
169305889 144 2304 23894
169363342 147 2943 23912
169370707 140 2182 23914
169379156 159 2669 23917
169503745 144 1215 23954
169610640 147 1084 23987
169822833 156 2610 24050
169892809 159 722 24071
169920996 141 1495 24080
169966616 144 2674 24093
169998686 157 757 24102
170027708 142 62 24110
170047581 158 1987 24116
170136112 159 1975 24142
170179663 147 2292 24154
170187111 155 1790 24156
170224027 155 1123 24167
170234861 148 2417 24170
170255571 152 2541 24176
170317657 154 1137 24195
170340390 149 1955 24202
170360775 145 1805 24209
170384108 144 2560 24216
170544653 143 110 24265
170678659 145 1059 24306
170685958 142 2927 24308
170803144 152 2950 24344
170881110 151 2536 24368
170884467 157 1434 24369
170914978 157 824 24378
170940232 142 766 24386
171005315 154 1092 24406
171014500 151 2880 24409
171036610 155 2381 24416
171076999 158 2610 24428
171085448 156 264 24430
171095489 151 633 24433
171184571 143 937 24459
171193129 154 1826 24462
171203324 158 2434 24465
171233690 148 446 24474
171251313 144 1565 24480
171270755 147 1136 24486
171277010 149 2452 24488
171357408 154 2375 24513
171383593 156 1359 24521
171412028 158 2752 24530
171435086 142 1284 24537
171463860 159 438 24545
171589798 140 1200 24584
171695212 157 1860 24614
171802985 151 2901 24647
171806453 159 2435 24648
171906457 154 343 24677
171918746 147 2132 24681
171945612 152 1659 24689
171962886 156 2918 24694
172014088 146 81 24710
172025393 150 1200 24714
172052025 146 1557 24722
172101201 144 1948 24736
172211271 155 2033 24768
172218878 154 2197 24770
172239705 142 2104 24777
172247915 148 1474 24780
172539984 148 2619 24870
172557004 145 2793 24875
172577433 143 1830 24881
172645475 148 1851 24901
172648534 154 314 24902
172705312 156 2420 24918
172782934 150 1297 24943
172817355 158 373 24953
173077719 142 1026 25033
173266619 153 2000 25088
173321669 156 2965 25104
173344929 140 1314 25111
173485383 142 2944 25155
173595834 159 647 25190
173636412 153 1743 25202
173660375 142 1737 25209
173687179 143 2140 25217
173706411 145 274 25223
173810569 141 2847 25254
173873340 153 952 25273
173914393 143 1528 25285
174169108 157 2110 25363
174186816 142 69 25368
174225042 148 2228 25379
174303370 150 1991 25403
174360185 150 1548 25420
174394429 145 1565 25431
174400319 152 567 25433
174408152 156 1275 25435
174430525 146 629 25441
174517441 141 2873 25467
174663817 144 2253 25509
174686241 149 1234 25515
174729255 143 1942 25527
174747038 140 2048 25532
174977642 150 220 25599
174987356 154 677 25602
175012260 147 1988 25610
175066845 152 362 25626
175104853 157 2548 25638
175111359 151 130 25640
175135655 144 1448 25647
175181246 148 1550 25660
175209775 151 2857 25669
175250943 154 2037 25682
175408881 142 972 25730
175686796 142 2284 25818
175690773 148 204 25819
175705257 142 679 25824
175713890 152 175 25827
175740274 157 786 25834
175792522 147 1120 25850
175928500 140 282 25891
175958156 151 2041 25900
175965294 142 294 25902
175987627 152 1472 25908
176059220 149 792 25929
176077875 149 2728 25934
176091839 151 1180 25938
176197484 153 324 25970
176250238 154 2073 25986
176331731 146 483 26011
176386339 148 265 26026
176425169 146 2559 26039
176446915 143 1986 26045
176483667 151 1095 26056
176505590 148 595 26063
176571127 155 2017 26082
176600678 156 2810 26093
176630447 158 2815 26103
176828519 153 268 26165
176832852 142 2694 26166
176903307 159 1253 26187
176951681 149 2079 26201
176971329 155 1609 26207
176988576 145 1171 26212
176999785 158 986 26215
177094861 147 559 26243
177102093 141 760 26245
177179167 147 1193 26269
177181858 150 460 26270
177273271 141 820 26297
177376977 150 531 26330
177502640 157 425 26369
177587304 142 1944 26395
177597343 152 314 26398
177718979 148 112 26435
177939532 159 2489 26499
177943536 147 397 26500
177992958 144 1292 26515
178036229 157 1683 26528
178261189 152 2832 26596
178387794 150 522 26632
178404294 157 2023 26637
178411617 143 229 26639
178436284 159 2293 26646
178449472 148 2024 26650
178493909 159 334 26663
178537343 146 1029 26676
178558424 150 1173 26683
178578405 146 2924 26689
178614084 146 2028 26699
178616665 151 2542 26700
178623669 147 2939 26702
178688785 142 1021 26721
178771088 156 957 26744
178839365 157 1758 26763
178887611 157 2746 26778
178922128 153 1521 26789
179016441 140 2229 26817
179023403 145 1139 26819
179036789 152 2081 26823
179078425 145 522 26835
179231008 152 2935 26879
179279204 158 1957 26894
179307535 142 347 26902
179319301 149 1989 26906
179351881 151 192 26916
179355512 140 1904 26917
179422754 143 2278 26937
179430287 157 1315 26939
179496580 145 2540 26959
179535156 143 2200 26970
179543027 159 345 26973
179646348 154 1999 27005
179663523 152 2923 27011
179674517 141 1810 27015
179759581 149 740 27041
179812975 152 1074 27056
179834088 146 1556 27062
179968223 144 248 27101
179990901 148 973 27108
179997326 156 2841 27110
180103288 150 884 27141
180162510 147 1367 27159
180319527 158 165 27204
180325576 156 2313 27206
180445137 145 2137 27241
180473140 158 301 27250
180539988 156 380 27271
180590936 157 1166 27287
180682161 158 2461 27315
180685820 145 770 27316
180773977 141 378 27342
180953906 153 1048 27395
181008221 145 654 27411
181011704 159 97 27412
181023844 144 2619 27416
181039189 151 2490 27421
181073451 157 1908 27430
181077293 154 1049 27431
181106567 152 1003 27439
181124039 143 874 27444
181135738 141 2037 27448
181340723 151 1001 27510
181353332 158 1728 27514
181429864 146 227 27537
181465716 147 2791 27547
181528139 142 541 27566
181533891 156 1225 27568
181584791 156 1639 27583
181599535 143 1879 27588
181713306 148 2861 27623
181777578 147 1239 27642
181825067 140 1682 27655
181858770 141 1193 27665
181893843 144 2644 27675
182030815 141 2614 27716
182178050 153 1089 27760
182224478 150 1721 27773
182249349 146 1222 27781
182325767 148 2409 27804
182338392 148 2445 27808
182392686 143 2630 27824
182438182 148 1364 27837
182487712 143 2509 27852
182502908 153 2779 27857
182563686 158 935 27877
182633887 150 1232 27899
182689089 154 343 27915
182749335 158 2868 27934
182801728 156 928 27952
182805155 143 1016 27953
182808450 155 1656 27954
182914213 149 83 27986
182934538 154 1961 27992
182956625 154 2271 27999
183023923 146 1664 28021
183040284 143 1580 28026
183119798 145 1996 28050
183148587 140 1100 28059
183159302 143 141 28062
183189357 154 436 28071
183367648 154 1847 28125
183394939 149 1935 28133
183402502 147 2007 28135
183463438 148 10 28153
183469991 143 836 28155
183533224 143 1618 28174
183595564 149 2815 28192
183617267 159 915 28199
183731430 144 1834 28235
183780907 140 939 28249
183790158 158 2034 28252
183802796 152 2800 28256
183850913 158 2717 28270
183865666 151 1709 28275
183916608 151 952 28291
183961874 143 2712 28304
183987013 156 1878 28311
183994880 144 2683 28314
184068037 146 1069 28336
184072370 140 1968 28337
184133410 158 2442 28356
184160639 149 1253 28363
184332865 144 1884 28415
184336289 146 1318 28416
184437956 153 145 28446
184511083 157 1710 28468
184663478 154 1530 28513
184693104 152 1149 28521
184889824 152 1133 28579
184910067 145 849 28585
184956656 152 112 28598
185007530 151 2070 28613
185020477 141 1777 28617
185024460 145 23 28618
185034519 158 2491 28621
185045160 149 482 28624
185060608 147 648 28629
185107049 142 2646 28643
185150155 152 685 28657
185171348 148 2166 28663
185187643 155 958 28668
185355796 150 2748 28719
185409877 142 1602 28736
185464023 155 1789 28753
185529073 147 737 28772
185532074 141 839 28773
185558981 148 535 28781
185629612 151 2263 28803
185729056 154 1318 28834
185765242 156 1799 28845
185805123 156 1538 28857
185832252 149 2872 28865
185864035 141 1056 28874
185932487 157 1742 28896
186040273 154 714 28929
186050506 158 1014 28932
186264327 154 231 28995
186342030 158 2979 29018
186370962 148 1493 29026
186389882 151 2113 29032
186428454 144 742 29044
186484870 159 2117 29062
186542962 146 1406 29079
186607130 143 2453 29098
186741971 145 70 29140
186766224 142 632 29147
186796190 147 553 29157
186845502 144 729 29172
186900090 143 847 29187
186941773 153 1377 29200
186960497 156 798 29206
186970582 154 2237 29209
186973442 154 1250 29210
186983585 156 797 29213
186999531 158 1828 29218
187027400 151 1536 29226
187075462 146 252 29239
187175815 149 1946 29270
187191572 156 2213 29275
187284014 155 191 29304
187354379 145 927 29327
187383056 152 1100 29335
187396269 144 704 29339
187426724 143 1068 29348
187527146 148 2929 29378
187541780 158 117 29383
187563095 140 774 29390
187671261 154 1329 29423
187753942 146 897 29447
187778757 140 2216 29455
187784103 154 2115 29457
187824337 141 2880 29468
187838738 142 2987 29473
187845184 154 582 29476
187847221 146 299 29477
187908601 145 1612 29496
187912539 147 2935 29497
187929769 145 1187 29502
187937043 152 410 29504
187977756 155 807 29517
188055751 151 1539 29541
188127897 142 773 29563
188286698 154 2987 29612
188346200 140 1128 29631
188382662 158 1301 29642
188428771 140 152 29656
188484106 154 434 29672
188489320 144 556 29674
188498560 144 2074 29677
188569588 142 1887 29699
188677126 154 1322 29733
188679874 151 2943 29734
188700214 143 2339 29740
188707741 149 1892 29742
188812709 141 2716 29772
188824089 142 2645 29775
188915202 151 2961 29803
188935614 154 1508 29810
188988350 159 568 29826
188995809 153 1504 29828
189063744 144 2703 29850
189077176 157 2107 29854
189113275 159 64 29865
189215275 142 1002 29896
189298474 159 114 29922
