85478 296 63 5
486034 284 517 35
704077 291 1233 52
845331 292 966 62
1098508 289 1587 81
1206140 283 1874 89
1262911 298 561 93
1699253 298 1222 126
2046417 286 2568 153
2221460 296 891 166
2289862 284 1471 171
2373722 296 2918 177
2586835 280 3 193
2696981 285 1224 201
2730108 287 1455 204
2788409 296 703 208
2966314 282 2928 223
3150221 293 123 237
3183553 282 1586 239
3372612 295 1504 253
3574219 284 1384 268
3961866 288 2769 297
4004065 287 1128 300
4264415 293 916 320
4551245 288 602 342
4663629 280 2172 351
4981407 297 906 376
5470712 285 1934 413
5608961 283 2872 423
5851343 282 1439 441
5878013 289 428 443
6021560 295 1636 454
6129618 290 1297 462
6419693 281 2050 484
6552263 281 2581 494
6900530 296 722 522
6973756 292 2988 528
7248568 297 2470 549
7280196 288 185 551
8215684 291 2753 621
8292621 292 2351 627
8711928 286 2683 659
8724865 280 1317 660
8739473 283 795 661
8809983 289 1181 666
8822690 287 366 667
8834927 290 1983 668
8851593 297 1947 669
9037868 283 334 683
9154417 285 685 692
9233019 297 458 698
10319141 296 1046 781
11087008 285 77 838
11130373 286 355 841
11194412 288 1053 846
11419278 282 2438 863
11690010 289 2391 882
11743703 292 1181 886
11766420 293 220 888
12174697 294 1876 919
12276962 286 2434 926
12327182 298 2912 930
12338500 287 366 931
12890897 292 2097 971
12948072 290 2398 975
13190524 289 1721 993
13323234 283 828 1003
13443964 280 443 1012
13600551 284 898 1023
13667752 291 2540 1028
14081960 282 357 1060
14949547 296 947 1123
15181174 280 1564 1141
15369353 293 2289 1155
15552817 280 1468 1168
15660663 280 1225 1176
15677329 297 1555 1177
15705593 295 725 1179
16046110 290 2542 1205
16096695 290 1694 1209
16511484 282 2455 1238
16584896 288 2609 1244
16627296 295 999 1247
16897700 281 1417 1267
16975388 287 1486 1273
17324912 298 956 1300
17533683 289 944 1315
17657307 297 878 1324
18044323 281 646 1353
18413693 286 1383 1380
18561579 294 2441 1391
18733197 282 2349 1404
18747780 281 1899 1405
19126642 293 210 1433
19258559 289 1058 1443
19335092 291 566 1449
19374123 281 504 1452
19481645 285 777 1460
19698503 296 2262 1476
20126247 285 1029 1506
20828804 292 213 1559
20845470 288 478 1560
20872118 294 2151 1562
21020292 285 594 1573
21343358 292 89 1597
21471776 289 2132 1607
21572992 297 1553 1614
21679426 298 1784 1622
21694801 293 667 1623
21854142 291 1298 1635
21879642 288 1036 1637
22039367 295 2870 1649
22103317 298 2184 1654
22146019 297 1776 1657
22222716 292 1226 1663
22523413 290 303 1686
22559906 281 2445 1689
22599692 284 1249 1692
22774488 290 2475 1706
22903061 291 1147 1716
22997857 287 2856 1723
23407918 286 1258 1754
24195656 298 1651 1811
24235629 294 886 1814
24349246 296 1751 1822
24526432 295 2437 1835
25496260 292 2720 1907
25599520 294 1537 1915
26135969 282 131 1955
26536804 286 208 1985
26736324 288 311 2000
27083011 295 992 2025
27504451 280 1763 2057
27789780 292 1682 2077
28167722 292 1760 2105
28238259 294 63 2111
28291112 281 1404 2115
28995262 290 1168 2166
29240546 283 2182 2184
29251993 282 376 2185
29306419 286 963 2189
29333495 297 1934 2191
29501785 289 66 2203
29696173 282 751 2218
30157912 283 2652 2253
30344650 295 2962 2267
30610796 287 2710 2287
30884553 280 2260 2308
31161206 291 269 2329
31272660 284 1338 2337
31499802 296 1097 2354
31777644 297 2836 2374
31853752 294 2815 2380
31942445 280 2090 2387
32168214 286 2896 2405
32662657 298 2545 2443
32709968 294 2125 2447
32941244 294 809 2464
33121054 289 317 2477
33250248 294 2329 2487
33702206 285 2922 2522
34020690 298 1702 2546
34230879 289 209 2561
34347977 297 91 2570
34799078 287 2859 2604
35055308 293 1118 2622
35258825 297 48 2636
35328174 291 2100 2641
35482477 294 1820 2653
35663921 296 2641 2667
36231059 296 2809 2710
36539735 288 1490 2734
36780866 291 2186 2752
36946160 287 1201 2764
37091159 280 2330 2775
37501582 292 333 2806
37608294 284 2418 2814
37644526 292 2102 2817
37857463 285 2702 2833
37924593 280 2661 2838
38033398 292 1004 2847
38152642 280 747 2857
38177826 288 431 2859
38907145 295 1322 2914
39261881 290 255 2941
39345508 284 1036 2947
39558525 297 25 2962
39733129 285 2559 2975
39760961 285 1907 2977
39816070 285 944 2981
39919863 290 1682 2989
40005259 287 99 2995
40098504 288 770 3002
40121787 298 785 3004
40176916 298 455 3008
40593357 294 771 3039
40712176 292 162 3048
40897087 291 2701 3062
40951735 287 578 3066
41015695 285 2564 3071
41137642 297 807 3080
41231796 282 306 3087
41497672 290 2746 3107
41527065 294 1801 3109
41710194 287 41 3122
41817251 292 1410 3130
41898081 298 1334 3136
42629771 284 586 3190
42658096 288 175 3192
42697031 295 2924 3195
43751311 297 2018 3274
43776698 296 970 3276
44157728 284 1225 3305
44309259 286 2153 3316
44407346 295 910 3323
44519139 282 530 3332
45203435 292 2921 3382
45515712 294 1768 3405
45867365 294 1916 3431
46127244 291 1227 3451
46312887 281 2303 3465
46348824 285 196 3468
46499823 281 3 3480
46899714 284 284 3511
47219636 297 413 3536
47628268 289 2486 3565
47788203 296 2252 3577
47939817 283 2618 3589
48135122 287 1670 3603
48470664 287 2608 3629
49329005 293 1919 3692
49515526 285 547 3706
50030295 281 300 3745
50091719 284 1130 3750
50104747 291 3 3751
50500257 286 2390 3781
50513996 286 908 3782
50527599 294 2713 3783
50635460 283 182 3791
50855409 284 1919 3808
51122157 294 756 3828
51354029 285 2982 3845
51468737 289 2267 3853
51502910 285 1750 3856
51655271 287 876 3868
51844345 298 892 3882
52551291 287 731 3934
52603764 284 1988 3938
52815602 296 2240 3953
53015225 296 2288 3968
53514349 289 1781 4004
53538374 282 1087 4006
53697820 298 900 4018
54321008 287 2822 4066
54372660 294 2597 4070
54821185 294 1458 4105
54914802 291 2687 4112
55808419 281 1303 4178
56006389 289 208 4193
56185128 289 750 4206
56613964 288 1569 4239
56811096 290 1782 4253
57579331 285 721 4310
58198193 295 204 4356
58608856 284 1107 4386
58734128 286 2823 4396
59298382 285 926 4438
59332609 289 849 4441
59475691 292 302 4452
59748404 295 248 4473
60124289 286 725 4502
60301050 295 1801 4515
60437901 286 1031 4526
60535967 287 1903 4533
60653334 296 2071 4542
60977873 288 2181 4566
61181039 287 2715 4581
61458867 298 297 4601
61647615 286 2791 4615
61944551 291 1788 4637
62419497 280 1785 4673
62474794 292 2450 4677
62611959 283 1685 4687
62703343 283 2157 4694
62808464 290 698 4702
62989509 285 562 4715
63637467 288 1178 4763
63650838 290 1232 4764
63753813 297 89 4772
64083122 295 525 4796
64305767 283 726 4813
64592182 290 2547 4834
64816314 296 2006 4851
64866558 284 629 4855
65119605 284 2234 4875
65209543 297 2144 4881
65364306 283 50 4894
65421431 287 954 4898
65761827 284 545 4924
66256616 293 1126 4961
66309529 293 317 4965
66548873 282 708 4983
66690931 292 2313 4993
67303253 292 1209 5039
67366416 280 1681 5044
67618817 293 2684 5063
67745121 289 1980 5073
67838439 287 2345 5080
68199641 293 2280 5107
68334313 297 279 5117
68560055 282 2187 5134
68609356 282 2469 5138
68622433 291 66 5139
68715854 292 2008 5146
68899780 295 633 5160
69029282 294 824 5170
69369958 287 1977 5194
69495350 283 1666 5203
69601684 290 1819 5211
69726942 290 1804 5221
69857301 288 1822 5230
69971210 291 1239 5239
69985050 294 783 5240
70540367 297 1275 5282
70743793 298 1626 5297
70981523 284 2334 5314
71128545 294 1085 5325
71234907 289 769 5333
71383637 281 2747 5345
71663065 290 1875 5366
71789340 287 1951 5376
72247130 287 291 5410
72382490 297 1822 5421
72844549 286 1843 5455
72860611 289 2686 5456
72875775 295 227 5457
72904581 286 1572 5459
73305434 289 1478 5490
73405068 290 393 5498
73717910 284 2374 5521
73953559 291 81 5539
74021788 293 975 5544
74201786 293 1731 5558
74377139 288 2732 5572
74949512 288 1119 5614
75026921 285 2434 5620
75155396 292 2885 5630
75643344 281 151 5666
75859610 287 2580 5683
75871451 298 100 5684
76254227 293 1506 5713
76706187 291 873 5747
76887967 296 2534 5760
76923293 291 1744 5763
76943820 281 1493 5765
76972634 291 1825 5767
77223909 285 116 5786
77396165 294 644 5799
77465619 287 765 5804
77834901 295 54 5831
77844901 282 243 5832
78772707 293 1703 5902
78875671 293 2065 5910
78903542 298 1489 5912
78929724 291 1941 5914
78942851 296 807 5915
78967912 291 943 5917
79416275 287 207 5950
79427840 283 994 5951
80018298 286 393 5994
80060455 295 1680 5997
80429958 296 2991 6025
80854971 296 969 6057
81266577 286 1731 6088
81402422 282 359 6099
81619122 297 1009 6115
81753791 287 1849 6125
81766333 294 1574 6126
82345794 280 1660 6169
82592790 293 1244 6189
82609004 298 223 6190
82923756 295 410 6213
83244854 284 1098 6236
83554773 283 243 6260
83776899 291 1708 6275
83978667 288 2988 6291
84084635 288 573 6299
84306936 291 1149 6317
84437413 296 821 6327
84449308 294 2833 6328
84460219 290 1676 6329
84474724 293 1505 6330
84634578 287 2219 6342
84649307 284 1641 6343
85150130 294 1396 6381
85436738 292 645 6402
85477724 289 1237 6405
85493058 281 2234 6406
85772123 283 1783 6427
86045684 284 2093 6448
86221671 281 1055 6462
86428525 293 1150 6477
86701351 298 143 6497
86755205 295 2706 6501
86970728 294 1002 6517
86985715 298 397 6518
87068377 293 269 6524
87102437 280 2706 6527
87225188 292 1812 6537
87997923 283 2932 6594
88131964 285 1426 6604
88220886 298 183 6611
88370933 287 2222 6622
88415646 294 21 6625
88612315 292 35 6639
88704634 294 1562 6646
88727522 283 1788 6648
89288679 282 2224 6690
89767746 295 2192 6726
89913973 298 2888 6737
90666297 286 1884 6792
90901975 281 71 6810
91119975 283 849 6827
91328400 283 2576 6842
91397480 294 1724 6847
91425279 291 914 6849
91915069 297 758 6886
91947127 286 285 6889
92095807 280 2402 6900
92400637 286 346 6923
92506633 293 1679 6931
92749005 297 84 6949
92762774 289 1385 6950
92813916 288 1271 6954
92995480 297 2988 6968
93104629 298 2184 6976
93277684 293 820 6989
93306447 285 2602 6991
93554623 295 1868 7010
93701565 290 787 7021
94223998 297 463 7061
94303586 294 2919 7067
94426473 288 1721 7076
94649777 289 1495 7093
94663768 288 2549 7094
94889830 282 93 7111
95115697 293 1927 7128
95323407 297 1063 7144
95346683 289 189 7146
95398353 281 1568 7150
95733567 297 2810 7174
95746609 285 228 7175
96017085 283 1885 7195
96094679 283 1260 7201
96392347 298 106 7223
96738556 295 1464 7249
96768645 296 1458 7251
97020519 296 45 7269
97265557 281 1283 7287
97497756 285 2209 7305
97720963 290 2340 7322
97809703 287 2670 7329
98076038 291 912 7349
98238870 287 1100 7361
98936684 288 4 7413
99201185 292 955 7433
99620767 295 497 7464
99784022 287 162 7476
100439814 282 1015 7525
100466480 295 605 7527
100541851 296 719 7533
100753819 298 2247 7549
101068769 288 2534 7574
101149539 282 247 7580
101177774 286 1024 7582
101236965 285 1170 7587
101934106 294 2685 7640
102397523 290 2474 7676
102884970 294 75 7712
103010198 282 1009 7721
103168257 296 2054 7733
103194845 298 2023 7735
104492489 286 96 7834
104681011 286 118 7848
104888967 289 644 7864
105641175 287 1048 7920
105883713 295 1802 7939
105955778 284 1308 7944
106235057 282 1791 7965
106375230 296 412 7976
106444241 298 1448 7982
106616387 280 2078 7994
106835789 297 1222 8011
107003481 285 2381 8024
107115569 284 1820 8032
107574426 294 921 8066
107610353 289 9 8069
107680288 282 2890 8074
107785638 298 332 8082
107953887 287 963 8094
108142198 287 2027 8108
108280616 282 1167 8118
108310806 298 1614 8120
108894314 292 934 8163
109196572 285 2209 8186
109288970 296 971 8193
109520135 293 436 8211
109789955 290 2985 8231
109960101 285 1622 8244
109991370 286 86 8246
110180526 298 1567 8260
110308371 286 2174 8270
110377987 281 1174 8275
110555419 286 1671 8288
111147728 282 2239 8333
111204990 291 206 8338
111337571 280 1092 8348
111586086 293 1802 8367
111692775 297 2117 8375
111831747 283 1298 8385
111909058 295 1264 8391
111921350 281 27 8392
112075510 296 2669 8403
112262983 293 1996 8417
112318589 291 2852 8421
112375273 289 2765 8425
112429571 284 699 8429
112661022 285 2165 8446
112780795 281 1519 8455
112793267 289 1413 8456
112806886 286 1268 8457
112935826 285 184 8467
113221625 283 2805 8489
113404716 280 875 8503
113417229 282 1546 8504
113496738 281 912 8510
114073031 282 1311 8554
114089564 286 1341 8555
114169736 282 2423 8561
114336749 296 230 8573
114992322 297 2679 8622
115129282 290 1917 8632
115215709 290 1685 8638
115858165 280 861 8686
116455136 280 2043 8731
116731236 285 2531 8751
117499213 287 2002 8809
117876582 291 477 8838
118175190 294 625 8860
118228651 288 2987 8864
118364337 293 2901 8874
118427030 290 781 8879
118586218 287 2932 8891
118609838 289 834 8893
118638284 286 521 8895
119373707 283 225 8949
119415269 292 1433 8952
119530940 296 168 8961
119687978 283 159 8972
120096487 294 2147 9011
120207666 297 412 9042
120232417 284 31 9050
120235798 292 1903 9051
120348719 285 846 9084
120352500 288 206 9085
120444503 291 1499 9114
120487595 298 1978 9127
120646325 285 1306 9175
120660673 280 1885 9179
120724744 284 2955 9199
120821909 282 2383 9227
120919082 288 1697 9257
121058530 280 665 9297
121071059 289 41 9301
121145241 297 210 9325
121148087 295 1962 9326
121250910 283 2677 9358
121262812 282 2790 9362
121315974 292 1682 9378
121319570 287 1826 9379
121385622 287 1428 9400
121392425 290 290 9402
121444349 287 2338 9416
121473761 294 2538 9426
121551096 295 272 9449
121554742 297 2366 9450
121584676 284 1623 9460
121599249 297 1511 9464
121602732 285 2585 9465
121613344 294 1882 9468
121652492 291 1899 9480
121690186 297 1602 9491
121966184 286 2605 9574
121969009 288 1082 9575
122113417 288 16 9618
122126155 294 1714 9621
122170092 288 2269 9634
122173427 286 1575 9635
122209092 289 612 9645
122289955 296 102 9669
122348290 286 1115 9687
122374019 294 104 9694
122389774 281 2773 9700
122548097 292 96 9747
122594391 297 1805 9760
122720224 297 271 9797
122781512 293 2192 9817
122817856 292 2860 9828
122827245 283 78 9831
122830261 285 2007 9832
122841029 283 2141 9835
122879559 289 1734 9847
122897490 282 271 9852
122936326 285 102 9863
122962794 280 2732 9871
123012931 280 1420 9886
123026321 296 2946 9890
123039427 283 140 9894
123095926 280 1402 9912
123102834 289 872 9914
123181923 298 2226 9938
123291143 281 2907 9972
123385940 296 1190 10000
123395175 282 1924 10003
123433332 288 2577 10015
123616017 281 768 10072
123655177 289 644 10083
123693160 287 649 10095
123710957 289 1263 10100
123723028 290 9 10104
123804472 286 2321 10129
123811158 295 40 10131
123867011 297 1304 10147
123956223 282 1789 10174
123997619 295 959 10188
124006823 286 2352 10191
124072115 296 1769 10209
124086730 296 928 10213
124149154 296 142 10232
124164249 298 785 10237
124194786 289 2154 10247
124197440 280 1253 10248
124276633 287 666 10271
124304603 291 688 10279
124329049 287 2828 10286
124340122 284 1288 10289
124424747 296 303 10315
124536799 290 1560 10349
124578060 284 1645 10361
124626233 291 1668 10375
124670637 290 414 10390
124674127 286 2396 10391
124713977 295 1723 10403
124720961 296 1087 10405
124750047 282 2907 10414
124760503 293 1524 10417
124802125 294 1567 10428
124909296 289 806 10460
124970422 298 2488 10478
125022495 290 2697 10495
125042303 287 1008 10501
125091252 294 1275 10515
125187730 285 1022 10545
125335000 295 787 10590
125383194 296 1114 10604
125393078 287 983 10607
125412046 295 2880 10613
125420045 295 171 10615
125455546 283 1091 10625
125479776 281 2979 10632
125492071 283 824 10636
125621691 294 992 10676
125664607 296 1114 10689
125666398 287 1261 10690
125866981 283 1237 10749
125903432 298 1781 10760
125924432 289 2758 10767
125975391 281 2928 10783
125988921 284 2962 10787
125992497 282 469 10788
126161526 286 783 10838
126319121 291 2499 10887
126428915 285 468 10918
126434013 286 2636 10920
126504855 284 1671 10941
126516398 285 1017 10945
126550059 292 1970 10955
126571462 288 374 10962
126719463 287 629 11006
126726181 288 193 11008
126738072 290 2663 11012
126755736 292 1693 11017
126773767 281 2645 11024
126846319 294 2118 11046
126848193 286 2270 11047
126917795 292 1476 11067
126971205 293 2165 11083
127065738 284 918 11111
127129260 280 2176 11131
127210105 298 1061 11158
127256425 296 139 11172
127264237 295 1924 11174
127394889 296 2440 11213
127400822 280 1479 11215
127449853 286 2097 11230
127538302 294 2733 11255
127548728 286 450 11259
127602369 294 2831 11276
127631592 294 2096 11286
127794655 295 1266 11334
127818384 285 2098 11341
127991457 298 2069 11393
128033082 281 782 11407
128077091 285 1518 11420
128118541 293 2377 11432
128142636 282 136 11440
128145883 295 9 11441
128171455 285 1089 11449
128379551 280 1952 11511
128416572 294 1598 11523
128441393 294 108 11530
128488366 283 222 11543
128492238 289 1313 11544
128556912 292 22 11564
128778343 296 525 11633
128788693 293 1579 11636
128800213 293 236 11640
128833592 296 1122 11650
128848144 289 1689 11654
128982255 288 309 11697
129067075 285 2066 11721
129100000 286 281 11732
129106646 297 1318 11734
129115015 287 1622 11736
129152302 295 2929 11747
129168592 287 489 11752
129196335 289 1300 11760
129223119 285 1277 11768
129375009 297 339 11816
129503502 289 1461 11855
129658513 296 470 11902
129881134 285 2377 11969
129922867 297 1262 11981
130000407 281 341 12005
130142128 290 2956 12050
130163691 284 637 12056
130255247 280 2928 12083
130313805 294 2594 12101
130345075 296 1551 12111
130358398 284 2555 12116
130423892 287 2474 12135
130442082 283 530 12140
130516143 288 682 12163
130521991 281 1218 12165
130548134 281 2173 12173
130598718 286 2174 12188
130608481 293 1558 12191
130621124 293 1270 12195
130680698 284 1246 12212
130693770 286 1462 12217
130754088 285 1170 12234
130827114 288 847 12256
130922270 287 1658 12285
131037033 284 1535 12319
131182225 291 1535 12362
131214609 290 97 12371
131258094 285 644 12385
131312594 296 926 12400
131315908 280 2167 12401
131407465 291 134 12429
131432897 297 626 12436
131494839 297 71 12455
131522884 282 2302 12463
131530339 291 1374 12465
131834916 288 1994 12559
131987229 290 1329 12605
131990420 284 257 12606
131993888 294 1499 12607
132037343 290 139 12621
132039844 298 577 12622
132060235 285 376 12628
132063686 288 1650 12629
132152243 285 1618 12656
132172249 290 667 12662
132195375 289 1854 12669
132277302 289 157 12694
132297623 282 1558 12700
132305060 291 45 12703
132421145 292 2006 12738
132469607 288 2934 12753
132564526 291 2989 12781
132608835 280 1568 12794
132612279 288 2805 12795
132617543 294 2917 12797
132659698 292 1437 12810
132668935 288 769 12813
132680044 282 969 12817
132715480 286 308 12828
132731918 291 470 12833
132754347 280 2820 12839
132864064 288 2619 12874
132873420 286 1720 12877
132909998 295 2748 12889
132943705 287 347 12900
133058439 295 188 12937
133214376 284 1872 12984
133316118 293 593 13015
133434184 292 2288 13051
133484644 280 1896 13066
133502442 295 96 13071
133579192 286 935 13094
133582807 287 795 13095
133641453 289 1029 13113
133710631 287 718 13133
133717244 288 241 13135
133724160 280 2716 13137
133759470 294 2900 13149
133768673 293 778 13152
133870051 294 1228 13183
133888809 298 241 13189
133926238 290 1166 13201
133961882 282 505 13212
134011928 293 2736 13226
134072026 282 2282 13242
134178262 281 931 13274
134450296 287 828 13354
134456266 295 1571 13356
134515693 288 61 13375
134549546 284 1341 13386
134555819 280 1942 13388
134597750 283 483 13401
134764182 293 914 13453
134816288 282 2936 13470
134819754 288 1377 13471
134826826 291 1990 13473
134836306 291 514 13476
134895540 289 1581 13492
134904092 285 1104 13495
134937117 288 2585 13505
134972620 288 79 13516
134981286 296 1764 13518
134998058 284 1927 13523
135003804 290 780 13525
135094562 286 716 13553
135119862 294 660 13561
135218082 280 2511 13591
135220699 280 1763 13592
135343441 297 2988 13628
135347269 293 2892 13629
135390040 297 51 13641
135399880 291 197 13644
135460639 281 1882 13661
135467416 294 791 13663
135512738 283 232 13677
135518452 287 2182 13679
135524085 294 2530 13681
135688470 290 2229 13730
135823108 281 1091 13772
135947507 286 2957 13809
135986889 287 2778 13821
136003795 295 2990 13826
136020325 288 1615 13832
136082211 285 2056 13851
136085491 298 117 13852
136143130 295 2825 13869
136237654 291 2368 13898
136332625 296 2425 13926
136335733 288 1911 13927
136407847 282 1715 13948
136525997 295 2708 13984
136589082 282 1789 14004
136708866 286 1314 14041
136715360 280 1899 14044
136757894 286 509 14056
136805704 287 1129 14071
136853255 280 2542 14085
136862895 298 2285 14088
136882082 292 1706 14094
136907541 294 352 14102
136910098 289 2697 14103
136931578 286 868 14110
136984680 282 1233 14127
137024261 286 1084 14138
137091144 294 310 14158
137114768 296 2366 14165
137122678 281 2764 14168
137126245 295 1759 14169
137135421 284 2684 14172
137138905 295 1038 14173
137164094 290 14 14180
137224505 292 2338 14198
137273344 282 2160 14213
137338810 295 2860 14234
137398638 297 132 14253
137435474 282 924 14264
137507588 285 2787 14286
137535978 298 2188 14295
137625902 294 2482 14320
137731774 292 2432 14352
137734213 289 2276 14353
137824538 281 858 14381
137856412 290 2796 14391
137948384 289 2814 14418
137960690 298 922 14422
138020744 286 2639 14441
138075598 286 1651 14456
138078329 286 1369 14457
138169658 280 2369 14483
138181351 287 1396 14486
138186668 289 1964 14488
138204791 293 2950 14493
138211379 285 1148 14495
138239208 290 1474 14503
138376020 287 791 14544
138382160 292 1181 14546
138570089 297 646 14604
138643352 281 2431 14625
138793046 296 205 14668
138810706 284 238 14674
138861883 291 725 14688
138954529 296 2806 14715
138982267 297 1911 14725
138986225 295 1105 14726
139017574 280 2921 14735
139190280 291 2355 14785
139229076 281 2770 14798
139249760 289 1890 14805
139275188 297 730 14812
139325305 292 24 14828
139339026 296 513 14832
139350761 290 2399 14836
139357287 281 2383 14838
139388130 289 2698 14847
139435215 280 2830 14861
139462854 298 900 14869
139941197 282 1751 15016
139993792 290 1621 15033
140093007 291 2767 15064
140130950 287 618 15075
140156199 296 2456 15083
140217240 288 1985 15099
140266277 293 258 15114
140281132 292 1589 15118
140373909 282 2025 15145
140496209 293 657 15181
140502934 293 2539 15183
140506506 297 2280 15184
140532803 296 2547 15192
140668794 284 152 15233
140727317 286 423 15249
140738099 283 2763 15252
140838679 283 728 15283
140841583 296 1796 15284
140909758 281 2541 15304
141039974 288 2030 15343
141059286 288 1698 15349
141116372 293 2113 15366
141123655 286 1432 15368
141213591 292 2602 15394
141241908 283 590 15403
141308314 297 2197 15422
141315223 284 1951 15424
141376029 283 2901 15441
141392799 286 1166 15446
141502992 281 2746 15480
141602002 295 2372 15511
141618235 294 2042 15516
141637164 292 579 15522
141657088 286 2587 15529
141670286 292 2810 15533
141761615 283 614 15561
141823344 297 1946 15580
141886921 280 2214 15598
141892260 287 1740 15600
141978182 284 2068 15625
142039643 281 2467 15643
142060162 285 682 15648
142063299 293 1922 15649
142131512 289 1954 15668
142144859 286 532 15672
142155236 280 867 15675
142199896 292 577 15688
142234976 286 1018 15698
142324936 290 1402 15724
142339670 282 2017 15729
142344003 285 1423 15730
142374217 280 2041 15739
142423127 286 1809 15754
142514104 297 1544 15781
142530777 294 1342 15786
142533461 289 486 15787
142602475 282 2483 15807
142650694 293 759 15822
142749370 280 1762 15851
142786697 290 2310 15863
142936034 290 2715 15909
142960559 293 2682 15917
142991575 284 201 15926
143012094 285 1481 15932
143031323 281 2026 15938
143070879 282 1435 15950
143097104 288 1679 15958
143118681 288 141 15965
143148718 298 1229 15975
143208298 296 1635 15993
143265568 281 468 16011
143371483 285 2062 16043
143447060 280 2885 16065
143548639 282 2982 16095
143559007 289 1545 16098
143599194 295 584 16110
143656106 287 1037 16127
143734845 281 1788 16151
143834838 285 1893 16180
143941181 288 1748 16213
144002017 290 681 16231
144023247 287 1943 16237
144106779 295 1315 16264
144116670 280 385 16267
144172671 298 1114 16284
144195592 285 2032 16291
144225320 286 2796 16300
144289803 281 1043 16318
144293434 287 37 16319
144374160 298 1474 16345
144388506 297 850 16349
144486864 282 992 16379
144522210 296 847 16389
144532044 285 475 16392
144544149 293 1327 16396
144551136 297 2517 16398
144618497 281 916 16418
144624761 283 983 16420
144626987 286 1083 16421
144728339 283 525 16452
144789524 297 282 16470
144897096 280 1402 16502
144914152 297 2895 16508
144968842 288 2520 16525
145023459 296 329 16542
145033994 282 117 16545
145038164 296 1239 16546
145064254 291 1751 16554
145072456 298 1272 16557
145107064 289 1950 16568
145149958 292 2920 16581
145183888 287 2159 16591
145269733 285 1168 16619
145326544 287 2826 16636
145542428 293 1604 16700
145593668 292 2209 16715
145684127 288 475 16741
145727760 283 539 16754
145813294 292 287 16778
145939526 282 300 16816
145942447 293 600 16817
145980662 296 2942 16828
146018402 286 2239 16840
146021025 284 1538 16841
146204753 281 1100 16895
146251172 292 2866 16908
146490071 288 2415 16979
146501605 297 2787 16982
146540331 289 2795 16994
146559068 288 778 17000
146571587 284 840 17004
146642311 288 2995 17025
146664388 293 1957 17032
146668505 287 2229 17033
146695537 280 671 17041
146722307 295 2621 17049
146756364 284 2331 17060
146759816 282 1153 17061
146806843 285 1583 17076
146819794 290 2326 17080
146855161 290 2692 17091
146889617 296 2790 17100
146930079 287 2173 17111
146995134 287 1284 17131
146999075 295 2212 17132
147035896 282 1703 17144
147050742 293 1993 17149
147084504 282 540 17159
147091545 294 250 17161
147102682 295 2433 17165
147106852 289 272 17166
147164834 288 2395 17184
147173704 288 1506 17187
147247864 297 663 17208
147314563 280 226 17229
147338785 298 1574 17237
147344197 283 1912 17239
147377056 289 1126 17248
147430434 293 636 17265
147472583 290 496 17277
147574602 282 2949 17307
147655851 288 951 17331
147662330 284 1359 17333
147861467 289 2022 17393
147903242 291 28 17405
147911716 291 1753 17408
147918267 288 790 17410
147981567 281 1339 17428
148035688 289 619 17444
148109370 283 2589 17465
148171080 283 2852 17483
148177682 297 38 17485
148198095 288 427 17492
148233503 298 907 17503
148262526 295 2404 17511
148296541 297 999 17522
148381309 283 40 17546
148402774 292 1365 17552
148563155 298 2829 17599
148755968 291 2112 17657
148777043 286 1513 17664
148816026 293 1243 17676
148839840 289 1302 17683
148879390 284 469 17695
148951242 292 218 17719
148986372 291 520 17730
149013827 293 2180 17738
149125231 288 1478 17769
149145895 285 2969 17775
149204480 296 629 17792
149208321 297 1733 17793
149293109 294 1120 17819
149363421 291 1855 17840
149402954 295 273 17851
149456082 285 2993 17866
149490263 291 2097 17877
149507490 295 1826 17882
149510482 296 782 17883
149700134 293 2222 17940
149832705 291 1463 17979
149885782 284 850 17996
149962296 292 2677 18020
150000591 291 1494 18032
150034940 294 1360 18042
150083924 285 953 18056
150115526 284 1747 18066
150147188 293 162 18075
150217138 286 1173 18096
150257253 296 2416 18109
150288226 283 1535 18117
150344395 285 2149 18134
150515078 297 801 18185
150522342 297 1937 18187
150532234 287 2084 18190
150617952 281 993 18217
150639592 284 2785 18223
150679330 298 2197 18235
150809035 289 2234 18273
150815930 291 405 18275
150826994 281 1881 18278
150906216 280 586 18301
150941473 293 2945 18312
151057388 284 1705 18346
151126113 289 1050 18366
151171705 288 2801 18379
151230342 286 64 18396
151255253 281 156 18403
151312663 282 2847 18420
151361826 288 1002 18434
151417364 283 2448 18450
151485044 289 2782 18470
151531718 280 423 18485
151584282 297 422 18502
151590744 294 2347 18504
151607144 280 565 18509
151697814 284 1907 18536
151775521 296 295 18560
151827831 285 432 18574
151834209 287 876 18576
151865258 297 2207 18585
151906416 283 827 18598
151986197 288 308 18622
151989527 297 681 18623
151996136 294 652 18625
152097918 295 303 18657
152201303 291 2175 18687
152243916 287 76 18701
152315230 293 2973 18722
152381417 291 941 18742
152391217 292 765 18745
152486887 286 1582 18773
152617310 292 490 18813
152624110 298 1413 18815
152637655 288 1767 18819
152663206 282 549 18826
152698247 296 2984 18837
152750112 296 2639 18853
152760195 289 146 18856
152913760 282 2740 18902
153049323 291 1538 18944
153086418 296 2513 18955
153093041 282 582 18957
153115149 286 1116 18963
153156281 291 2724 18975
153339403 292 1133 19030
153461033 292 2228 19065
153472038 297 530 19068
153692317 290 1005 19135
153702324 295 983 19138
153766427 281 2274 19158
153856284 285 1038 19186
153876836 288 2710 19192
153901935 293 475 19200
154091020 280 989 19258
154192478 298 520 19289
154227649 283 2808 19300
154259257 296 354 19309
154324724 285 2029 19332
154383286 293 376 19349
154412651 295 1628 19358
154608188 292 1872 19417
154717576 280 1193 19449
154783576 291 2855 19469
154844953 282 395 19488
154849286 291 2424 19489
154902193 289 233 19505
154929419 297 1872 19513
154996883 286 734 19533
155035750 290 1221 19545
155086867 295 1566 19560
155157885 290 1424 19581
155199696 287 138 19594
155239559 294 375 19605
155299770 297 750 19624
155311748 298 1791 19628
155430249 298 1661 19663
155605612 294 2323 19715
155765035 284 937 19764
155792017 284 234 19772
155814777 291 2513 19779
155871237 281 763 19797
155897487 295 2323 19806
155946558 289 2092 19820
155999350 294 2648 19836
156060676 295 252 19855
156106081 293 2776 19869
156113017 285 438 19871
156116694 289 1794 19872
156130412 285 50 19876
156305677 290 575 19929
156340398 291 2252 19940
156395874 284 1676 19956
156452282 280 1972 19974
156455254 281 2716 19975
156489641 294 2477 19985
156686309 288 1099 20044
156711702 293 2101 20051
156790895 286 2442 20073
156816270 294 508 20080
156848041 281 2329 20090
156878496 280 2440 20099
156967897 298 1841 20125
157028901 292 1367 20143
157134887 290 860 20175
157266455 281 599 20216
157352424 291 827 20242
157400624 296 937 20256
157449910 296 391 20271
157461254 287 1925 20274
157484112 289 677 20281
157525226 289 2083 20293
157543877 280 2510 20299
157640470 291 2169 20331
157759392 281 2491 20368
157809081 289 1486 20382
157822839 285 2140 20387
157867210 298 826 20400
157898439 284 275 20409
157908004 281 182 20412
157911629 298 1130 20413
157936731 296 2982 20421
158047903 291 99 20454
158072218 283 1117 20461
158124792 290 1460 20476
158136992 287 1971 20480
158155241 291 2624 20485
158180100 287 937 20492
158191240 286 989 20496
158225554 290 2925 20507
158272072 295 1150 20520
158336605 285 958 20540
158380438 290 2673 20553
158472648 298 2955 20580
158475842 288 777 20581
158536132 284 2427 20598
158633217 288 1921 20628
158644212 282 181 20631
158722335 281 64 20654
158766058 293 1411 20668
158782164 281 2872 20673
158809558 294 1920 20682
158825540 297 1938 20687
158828267 284 1987 20688
158834369 284 1371 20690
158844639 297 1726 20693
158854412 293 81 20696
158915137 288 1796 20714
158925509 283 1450 20717
158963827 294 2367 20729
158992317 294 2260 20737
159004091 291 2643 20741
159016523 285 2492 20745
159135002 293 859 20781
159248189 286 1677 20815
159257850 282 1360 20818
159288925 285 629 20828
159350813 287 522 20847
159379908 288 2251 20855
159451483 290 1322 20877
159494818 288 659 20890
159498937 290 1195 20891
159509096 297 894 20894
159631099 298 151 20931
159664428 282 2139 20941
159677832 285 375 20945
159686965 296 1605 20948
159694431 285 1609 20950
159741185 295 472 20964
159777115 287 1816 20975
159779863 294 1427 20976
159810681 287 2654 20985
159880026 293 2783 21006
159955122 292 871 21029
160022056 294 1800 21050
160033464 283 1815 21054
160085714 280 94 21070
160113847 286 2103 21079
160139756 296 1225 21086
160255205 288 2259 21121
160269576 286 1665 21125
160296218 297 459 21133
160445379 287 1909 21177
160509277 287 1865 21196
160524392 287 2051 21200
160589704 295 135 21220
160603504 296 1160 21224
160677362 294 1853 21247
160722973 292 698 21261
160740451 282 514 21266
160766151 293 2478 21273
160893284 285 471 21310
160957478 282 2662 21330
160992434 283 862 21341
161013480 280 2485 21347
161054138 295 553 21358
161106358 286 763 21374
161125157 291 1986 21379
161134430 293 1162 21382
161152438 290 2100 21388
161173725 298 1864 21394
161200009 288 618 21402
161205146 287 1951 21404
161223807 295 1138 21410
161290283 287 1081 21430
161336289 293 2382 21444
161341085 297 2801 21446
161494779 280 2723 21492
161547319 283 2374 21508
161550640 288 2934 21509
161624518 292 653 21532
161756052 298 2966 21572
161823190 290 334 21592
161947548 281 1197 21629
161965005 294 888 21635
161974253 287 1638 21638
161994622 287 1711 21644
162087360 291 2627 21672
162185591 283 285 21700
162211411 288 703 21708
162232737 292 2326 21714
162249897 294 562 21720
162280733 294 1534 21729
162294863 294 298 21733
162423491 290 1604 21771
162484241 283 274 21790
162523671 290 1552 21802
162548452 283 1372 21810
162603955 285 1837 21826
162620733 297 1781 21831
162624290 295 1992 21832
162699852 285 2155 21855
162737630 297 1310 21867
162772205 289 1162 21876
162781379 280 666 21879
162811520 298 27 21888
162853523 293 1870 21901
162882391 288 1046 21909
162943844 291 1830 21927
162963001 287 2834 21933
162966538 288 2906 21934
162984732 284 2767 21940
163004745 296 2182 21946
163007737 293 1116 21947
163065907 296 1709 21964
163191563 291 2844 22002
163249827 283 1278 22019
163306399 282 853 22036
163388190 281 907 22059
163459256 298 2814 22081
163470943 292 2201 22085
163492961 284 180 22091
163499191 282 2327 22093
163576821 289 745 22116
163585417 281 17 22118
163681008 283 2865 22146
163703066 280 1480 22153
163722304 290 1587 22159
163731868 298 2697 22162
163761804 291 847 22171
163795458 292 1037 22180
163923890 287 1581 22218
164011077 280 1110 22245
164115482 297 399 22277
164228246 281 2228 22312
164239210 289 1668 22316
164302608 295 354 22334
164328370 285 5 22341
164331881 282 2558 22342
164433151 287 418 22373
164487580 297 2781 22389
164531989 286 2822 22403
164569314 287 1637 22414
164589823 281 384 22420
164612906 281 1906 22428
164655299 291 1534 22440
164721821 292 532 22460
164808985 284 1101 22487
164826953 290 2930 22493
164833594 298 2906 22495
164887436 286 187 22510
164928697 283 2725 22522
164935063 292 1810 22524
165019367 292 1630 22549
165070403 291 2684 22564
165099232 282 2962 22572
165110779 285 2388 22576
165222086 292 2527 22609
165242798 286 1709 22615
165324349 287 1016 22639
165352553 280 2822 22647
165480830 296 2263 22685
165512322 295 2679 22694
165522421 280 2278 22697
165591965 293 1448 22716
165604138 297 831 22719
165828887 286 608 22788
165927425 297 989 22817
165939450 296 1987 22821
165957870 283 2225 22826
165999490 293 774 22839
166040615 286 1340 22852
166048474 281 2385 22854
166082868 282 2594 22865
166220753 295 1681 22904
166245270 292 2460 22912
166249295 285 83 22913
166289785 287 394 22926
166293643 298 1406 22927
166329539 285 130 22937
166372126 283 686 22950
166398181 298 1909 22957
166505416 283 1249 22990
166528549 287 2754 22996
166774863 298 558 23069
166796107 296 1509 23076
166893978 288 215 23105
166913697 295 934 23112
167025125 290 738 23145
167076989 296 161 23160
167145042 291 2673 23182
167207267 286 1898 23202
167221526 287 2145 23206
167269859 297 998 23221
167279773 293 1948 23224
167314414 283 2495 23235
167367977 287 481 23253
167388505 284 686 23259
167393998 288 2652 23261
167448550 280 895 23278
167464677 288 1935 23283
167497114 288 190 23293
167500775 289 1298 23294
167533428 282 1977 23304
167570921 286 2822 23315
167589723 295 2016 23321
167599113 288 2340 23324
167628649 293 2312 23332
167631052 280 2671 23333
167657354 290 2874 23341
167779420 294 2693 23379
167869726 286 283 23408
167873517 287 2361 23409
167903343 289 1672 23418
167950027 295 1389 23432
167988058 280 567 23443
168047439 297 366 23461
168071285 286 1659 23468
168125034 283 2412 23486
168178949 292 342 23504
168192318 287 2473 23508
168200359 292 2629 23510
168216843 281 776 23516
168229418 293 196 23520
168265249 290 28 23531
168327353 287 1130 23550
168337848 297 1586 23553
168413836 287 1205 23576
168529579 294 816 23612
168570001 286 34 23624
168589732 298 774 23630
168606253 282 1916 23635
168623376 289 1621 23640
168768742 284 2484 23683
168826453 292 1131 23701
168885447 297 2725 23718
168951038 287 1858 23738
168961061 288 1962 23741
169127326 298 2670 23790
169147193 285 429 23796
169160478 280 352 23800
169262753 283 2588 23830
169419660 287 2224 23878
169465581 289 269 23891
169521020 295 2853 23908
169557119 280 1902 23919
169627528 291 218 23938
169743332 287 2987 23974
169775813 284 398 23984
169898034 283 170 24021
169933071 281 1972 24031
170008454 290 2252 24054
170048025 280 2229 24067
170152650 293 1288 24097
170194308 294 1481 24111
170212176 298 1941 24117
170260744 284 1648 24132
170319270 296 1271 24149
170342612 296 2386 24156
170363001 289 282 24162
170491389 283 2506 24200
170620018 284 2673 24238
170647922 281 1341 24246
170754593 292 658 24277
170911416 286 1027 24326
170964185 293 2045 24342
170976505 285 775 24345
170986209 290 98 24348
171012400 291 2785 24356
171015111 283 2919 24357
171097038 296 1168 24382
171132626 292 2061 24392
171168828 287 1738 24403
171302723 298 2343 24443
171308753 293 2907 24445
171348594 284 2363 24457
171355412 289 727 24459
171372888 283 1570 24466
171401985 285 616 24474
171537877 295 99 24518
171786281 291 740 24592
171924507 281 2769 24635
171995665 286 2054 24656
172046602 294 1062 24670
172317271 287 1847 24753
172343989 285 487 24762
172552504 288 1477 24829
172632151 283 688 24853
172663279 289 2685 24863
172819959 287 157 24909
172863349 294 2650 24921
173303476 292 504 25058
173358488 296 1352 25075
173369382 296 2326 25078
173467632 283 2482 25108
173474214 284 1315 25110
173518461 290 757 25123
173564662 294 2351 25138
173798670 294 2865 25212
173932716 286 2744 25253
173955065 284 691 25260
174007109 283 982 25277
174061290 291 1626 25296
174066979 296 888 25298
174101167 283 2406 25309
174155645 286 1320 25325
174158488 296 2018 25326
174322192 289 1790 25376
174392739 290 1510 25398
174468138 286 1869 25421
174711776 296 2272 25494
174759633 295 401 25509
174782132 292 1855 25516
174944391 281 1167 25564
175015207 282 2668 25586
175082001 283 1597 25605
175139280 295 1843 25622
175153645 298 671 25626
175207391 290 214 25642
175242511 282 729 25653
175284470 294 1215 25665
175330607 290 2338 25678
175336833 290 2965 25680
175509586 280 1825 25730
175556925 280 148 25744
175630672 294 2185 25768
175714728 287 1648 25794
175721651 284 1250 25796
176009512 283 2433 25881
176060945 294 1970 25897
176074258 291 385 25901
176101774 291 2211 25910
176116975 290 2438 25915
176250184 284 1363 25956
176350919 286 76 25988
176359799 296 2586 25991
176392984 285 2102 26001
176490463 289 2980 26029
176494796 293 211 26030
176515736 288 1783 26037
176526772 289 156 26040
176555418 291 688 26049
176746311 298 972 26107
176791447 298 1207 26120
176811604 287 1435 26126
176885810 283 1616 26148
176923556 297 2959 26160
176947511 281 2323 26168
176955295 280 1760 26170
176975235 296 1132 26177
177009541 297 0 26187
177019839 296 2982 26190
177083035 287 2347 26208
177192760 292 2021 26242
177213964 285 1050 26248
177246139 284 1325 26258
177562361 289 322 26350
177604850 297 1953 26363
177619723 294 2520 26368
177784029 288 1376 26418
177884735 283 2032 26448
177903254 289 2479 26453
177911349 285 987 26455
177989978 287 1981 26479
178093422 280 1154 26509
178109194 284 433 26514
178168701 282 1160 26534
178175485 282 1770 26536
178228827 286 643 26552
178254207 296 429 26559
178278925 285 2815 26567
178339582 298 2969 26586
178373808 292 1553 26595
178427565 287 1301 26610
178512100 293 2888 26635
178603704 285 2858 26663
178623073 283 1151 26669
178700143 293 2688 26694
178733065 295 690 26703
178737398 290 751 26704
178753786 292 1835 26709
178763384 283 2409 26712
178826211 280 586 26730
178936957 292 1535 26766
178947669 281 1449 26770
179000236 283 77 26787
179009056 290 2762 26790
179034393 294 964 26798
179059599 298 1299 26806
179062704 295 1607 26807
179069587 281 2594 26809
179091837 295 2706 26817
179132137 294 899 26829
179161941 293 2714 26839
179210372 297 2695 26853
179249338 290 2340 26866
179260797 288 273 26869
179362617 284 486 26900
179422245 283 2068 26920
179425602 292 1180 26921
179458856 288 109 26932
179501926 287 2056 26946
179556572 290 2892 26962
179660564 283 2801 26995
179736773 293 2117 27019
179786701 298 178 27034
179901467 291 1704 27069
179923177 290 2831 27075
180045717 284 1195 27114
180126847 287 974 27138
180167430 293 235 27150
180181106 288 1045 27154
180211176 288 1456 27164
180305882 283 1542 27192
180308161 281 2462 27193
180432606 292 2318 27230
180434977 290 2283 27231
180454104 294 58 27237
180457161 291 3 27238
180570748 286 2024 27273
180574682 284 1298 27274
180701833 298 2788 27314
180733735 288 1689 27324
180762797 292 2971 27333
180808336 295 2538 27347
180817518 296 217 27350
180853551 297 2820 27362
181046594 298 861 27420
181249680 290 2960 27480
181265313 288 2764 27485
181282283 290 2125 27490
181291558 280 1388 27493
181302321 293 664 27496
181305780 291 2031 27497
181349268 291 1903 27509
181377914 292 1431 27518
181505622 283 2804 27556
181596139 288 2386 27583
181610110 286 329 27587
181665708 286 2594 27604
181711214 285 684 27618
181782175 298 104 27638
181826177 297 425 27651
181872340 290 2849 27665
181887968 294 2937 27670
181950328 287 1127 27689
182106634 281 1321 27733
182116672 292 2489 27736
182183420 284 2912 27756
182247153 296 2700 27774
182250927 284 2858 27775
182256750 282 2308 27777
182322911 289 1534 27797
182357683 290 398 27807
182411395 290 2522 27823
182417179 288 1998 27825
182467832 280 1926 27840
182508601 298 1960 27852
182515867 290 786 27854
182536962 285 2645 27860
182594843 298 1136 27877
182603427 291 426 27880
182683839 289 1664 27904
182699911 282 481 27909
182743324 286 2239 27922
182784121 281 2529 27936
182851704 289 495 27954
182924747 282 1750 27976
182983130 294 2585 27994
182997394 286 1830 27999
183024414 283 84 28009
183048376 296 2885 28016
183223638 293 778 28068
183268028 290 655 28082
183389733 281 62 28120
183592282 291 179 28182
183619893 283 521 28190
183623486 291 2823 28191
183633086 288 2604 28194
183752190 284 2769 28230
183845267 298 1654 28260
183952519 289 2015 28292
183962764 282 1376 28295
184014517 297 1055 28312
184253921 281 859 28384
184357866 283 1740 28415
184367670 289 2632 28418
184370093 287 2488 28419
184400944 287 1823 28429
184458951 285 2483 28447
184475518 295 2867 28452
184511246 290 778 28463
184563494 294 2246 28478
184569549 294 2996 28480
184593101 296 722 28488
184605308 292 2400 28492
184715542 288 2270 28525
184772183 297 2502 28542
184794350 285 2147 28548
184807375 290 863 28552
184810665 287 2159 28553
184833113 283 2713 28560
184938465 284 895 28592
184992855 294 1397 28608
185015178 292 2073 28615
185073739 288 1885 28632
185080533 295 2383 28634
185088066 297 1618 28636
185090863 282 1945 28637
185132116 298 2280 28649
185136193 290 1208 28650
185159014 298 1593 28657
185214747 297 511 28674
185218077 291 1623 28675
185221295 289 1108 28676
185254443 297 2442 28686
185301465 282 132 28700
185385950 282 2246 28725
185530484 282 1193 28768
185537417 291 1544 28770
185772644 296 2041 28838
185881843 298 1439 28871
185888916 293 2950 28873
185933767 281 558 28887
185976467 298 1015 28899
185991144 284 1503 28904
186013471 283 1358 28911
186028959 289 2570 28917
186064052 293 361 28927
186111026 291 1494 28942
186206475 282 155 28971
186231538 298 2354 28979
186303366 292 1043 28999
186316679 283 1608 29003
186408905 289 2152 29032
186533697 281 1629 29070
186568427 297 566 29080
186614728 294 115 29094
186618927 280 1355 29095
186664270 291 2406 29109
186797251 288 895 29147
186840660 280 1337 29159
186856004 285 878 29163
186861539 294 715 29165
186934432 285 2279 29187
186974456 298 1732 29199
186984092 290 617 29202
187068588 292 2400 29228
187138377 296 126 29248
187204066 288 2905 29267
187257512 285 1101 29282
187297288 296 1567 29294
187542359 280 852 29369
187554350 298 1669 29372
187720163 297 1651 29422
187786908 296 421 29442
187846918 294 1881 29460
187860893 286 2449 29464
187871260 282 2448 29467
187890643 285 2189 29473
187897709 283 1146 29475
187950706 293 1741 29491
188015505 292 2632 29512
188018722 286 2208 29513
188082150 285 1248 29533
188203862 281 1301 29570
188392065 296 1110 29627
188424517 286 2090 29638
188525663 283 563 29670
188527461 296 1898 29671
188555543 298 579 29680
188639087 281 913 29706
188657322 282 978 29712
188819637 295 1543 29760
188885382 280 2747 29781
188921354 286 2312 29792
188941037 284 2810 29798
189122238 296 1205 29853
189143068 285 783 29860
189151699 285 1933 29863
189212562 295 2033 29882
189284854 286 2115 29904
189294425 293 2637 29907
189380381 281 1753 29934
189392730 282 2665 29938
189431282 287 2565 29950
189500757 297 1009 29970
