100443 274 2221 6
258887 260 592 18
757635 279 867 56
855976 266 1973 63
868075 262 2948 64
984753 273 1971 73
1083882 268 318 80
1305131 269 1006 96
1329549 272 1068 98
1467847 269 923 108
1762322 272 967 131
1786460 276 2004 133
1825764 271 1490 136
1955175 276 1883 146
2261201 268 2510 169
2386965 262 1318 178
2436749 266 2193 182
2521994 269 857 188
2991467 264 2668 225
3082364 260 2944 232
3223179 267 96 242
3239845 272 1669 243
3616744 267 279 271
3833183 277 856 287
3946287 267 2397 296
4087896 275 2887 307
4193886 276 1441 315
4354889 271 398 327
4384355 265 403 329
4602740 275 1260 346
4993196 260 2935 377
5073578 272 441 383
6143474 272 1753 463
6379306 267 2835 481
6667092 277 1899 503
6746441 260 2873 510
6836802 278 1173 517
7312883 278 2252 553
7403347 273 162 559
7671522 274 799 580
8082163 267 1325 610
8237683 274 1481 623
8489993 262 685 642
8529810 260 2741 645
8623012 267 2098 652
9000997 273 366 680
9014361 263 197 681
9024361 266 2660 682
9218409 266 2958 697
9243817 267 147 699
9349502 261 2015 707
9432104 261 2353 713
9470699 271 2474 716
9559296 263 1513 723
9792658 279 971 741
9964937 260 381 754
10107731 261 2728 765
10174449 263 2231 770
10253908 278 2478 776
10533591 276 514 797
10750989 275 1030 813
11030468 262 1737 834
11059257 264 245 836
11545614 267 2067 872
11754741 260 1099 887
11830638 260 2535 893
12132858 266 67 916
12516191 274 663 944
12704432 279 823 958
12988024 268 1389 978
13080458 274 167 985
13487825 277 1783 1015
13583885 276 211 1022
13838562 274 2861 1041
14069033 260 956 1059
14121970 265 173 1063
14132973 278 1072 1064
14165843 261 1887 1066
14655124 268 2253 1101
15062028 265 168 1132
15128663 278 231 1137
15206713 275 981 1143
15244250 278 526 1146
15272475 276 2306 1148
15398137 277 2660 1157
15643997 269 266 1175
15772313 265 2473 1184
16071393 266 2125 1207
16081393 261 1003 1208
16199682 279 1433 1216
16440830 264 436 1233
16679251 277 2087 1251
16913035 276 1519 1268
17223669 268 2196 1292
17604915 272 946 1320
17671142 275 1308 1325
17686179 272 2720 1326
17702845 266 2425 1327
17751535 270 1523 1331
17975297 268 2790 1348
18077527 262 1697 1355
18130434 271 2173 1359
18390639 276 371 1378
18525267 265 310 1388
18577695 268 1083 1392
18657238 276 1462 1398
18694810 277 1063 1401
18709801 268 1894 1402
18961292 276 1144 1421
18990011 265 420 1423
20553479 275 398 1538
20618209 269 321 1543
20657734 278 1363 1546
20708098 279 2218 1550
20763758 277 1815 1554
21397726 262 2795 1601
21622730 266 433 1618
21759689 270 191 1628
21893446 268 426 1638
21970468 266 1892 1644
22113773 260 72 1655
22510891 278 2191 1685
22873695 276 2221 1714
22929150 276 1511 1718
23245507 264 2911 1742
24150399 267 2374 1808
24251898 271 256 1815
24950355 262 1032 1866
24975022 272 74 1868
25470423 277 617 1905
25536079 276 916 1910
25614828 267 2869 1916
25657346 270 977 1919
25708244 274 2304 1923
25862503 275 744 1935
26161549 270 2773 1957
26190232 278 84 1959
26333210 262 1865 1969
26724282 277 2766 1999
27053966 277 1443 2023
27113992 272 1731 2027
27535487 260 2583 2059
27567012 269 315 2061
27609085 260 2567 2064
27904721 270 2430 2085
28020584 263 803 2094
28086279 279 156 2099
28472585 279 1779 2128
28638411 275 961 2140
28666397 272 2371 2142
28759973 272 595 2149
28924165 264 2245 2161
29093402 278 1862 2173
29344044 267 740 2192
29808038 277 2288 2227
29909649 266 60 2235
30013165 261 2365 2243
30195934 269 2710 2256
30224481 265 1565 2258
30368678 265 67 2269
30487827 266 284 2278
30635803 270 2085 2289
30817926 269 340 2303
30926614 264 1010 2311
31057422 261 1981 2321
31256547 267 2304 2336
31297852 260 1744 2339
31376275 264 1757 2345
31476192 262 229 2352
31529684 279 2440 2356
31557319 265 2886 2358
31879017 261 1038 2382
31966567 263 2914 2389
32274545 274 2559 2413
32305891 276 2417 2415
32320332 262 924 2416
32523527 272 2253 2432
32611618 268 1238 2439
32956692 265 2184 2465
33002435 268 1375 2468
33425374 263 927 2501
33584737 260 896 2513
33876649 263 1801 2535
34115358 269 2333 2553
34214526 267 2617 2560
34307480 275 232 2567
34477584 272 1201 2580
34589687 275 639 2588
34695354 279 436 2596
34721141 264 1786 2598
34902551 262 422 2611
34942054 275 2699 2614
35083218 273 528 2624
35351350 265 1742 2643
35610134 263 811 2663
35805289 278 278 2677
35965798 270 2823 2689
35979047 266 1954 2690
36007880 272 2446 2692
36177640 263 965 2706
36245434 263 1435 2711
36255434 276 1032 2712
36407441 276 691 2724
36894986 260 2315 2760
37527065 278 1622 2808
37910823 275 150 2837
37963669 279 1585 2841
38165033 268 2626 2858
38212338 272 2933 2862
38298428 265 1764 2868
38530720 271 1475 2886
38607100 274 958 2892
38621502 270 1774 2893
38895471 272 1875 2913
38946394 279 1580 2917
38988648 263 416 2920
39142089 275 1615 2932
39412104 269 1131 2952
39454868 275 1790 2955
39485366 272 2509 2957
39671105 262 1419 2970
40328563 277 85 3019
40661995 267 351 3044
41364537 260 444 3097
41680104 275 1263 3120
41720194 274 869 3123
42376397 269 102 3172
42763232 261 472 3200
42837137 279 1221 3206
42877327 279 2264 3209
43333906 275 684 3243
43891607 267 1998 3285
44052284 268 2413 3297
44237680 270 2499 3311
44250506 276 2957 3312
44737462 268 2986 3348
45287397 267 147 3388
45327993 272 1860 3391
45378745 267 979 3395
45609022 268 1234 3412
45774554 268 1613 3424
45906080 271 2532 3434
46090175 264 2427 3448
46437084 276 782 3475
47303254 267 1720 3542
47313489 275 668 3543
47381335 277 2437 3548
47455021 279 1437 3553
47824540 265 1102 3580
48324240 264 2067 3618
48691399 273 954 3645
48815079 266 485 3654
49021962 262 1427 3670
49052383 267 1722 3672
49371473 273 2704 3695
49447161 279 1616 3701
49542553 270 2097 3708
50442970 272 334 3777
50554525 269 147 3785
50569961 268 1895 3786
50581814 265 1353 3787
50918777 262 1878 3813
51188184 279 40 3833
51245242 275 187 3837
51413597 265 493 3849
51455910 273 981 3852
51479479 274 2220 3854
51621439 278 541 3865
51928549 271 1388 3888
52106762 277 39 3902
52270409 272 872 3914
52325364 263 903 3918
52335364 277 2726 3919
52496286 278 2748 3930
52663039 273 1981 3942
52764387 275 1702 3949
53563620 267 2363 4008
53617495 267 151 4012
53815816 270 2019 4027
53917033 264 292 4034
53953540 265 1977 4037
54036700 270 624 4043
54046700 273 2045 4044
54085632 270 311 4047
54486324 265 1154 4079
54539937 277 805 4083
54577739 279 2052 4086
54927313 264 1103 4113
55763395 262 1407 4175
55792992 261 1343 4177
55823630 263 1874 4179
56017519 275 2857 4194
56130662 260 2474 4202
56200901 275 1422 4207
56264821 269 1589 4212
56305798 270 1481 4215
56366244 278 1575 4220
56600503 273 1101 4238
56797331 265 800 4252
57138034 274 2473 4277
57756029 262 1379 4323
58352613 275 1219 4367
58708042 266 150 4394
58721728 274 1037 4395
58767096 270 79 4399
59285241 271 1457 4437
59541048 271 2715 4457
59883560 266 1850 4484
59943277 279 2348 4489
60091927 266 436 4500
60150631 279 2041 4504
60507933 273 421 4531
60772434 269 389 4551
60929676 271 2334 4562
61328749 267 1123 4592
61411005 270 1010 4598
61572709 274 2138 4609
61718267 274 2616 4620
61846359 268 2059 4630
62064875 261 2294 4646
62664943 270 1257 4691
62796426 266 1115 4701
63005066 262 1521 4716
63249319 266 2195 4734
63286757 274 134 4737
63400017 278 2421 4746
63688587 273 1928 4767
63770479 260 887 4773
63971313 268 2054 4788
64278002 279 1474 4811
64292429 260 2786 4812
64412374 269 165 4821
64892790 265 2750 4857
64947454 277 1926 4861
64983289 279 755 4864
65085741 266 1235 4872
65287743 266 1096 4888
65699116 264 2053 4919
65713598 269 1458 4920
66078771 272 2199 4948
66108263 274 1550 4950
66177661 277 1500 4955
66270900 275 1992 4962
66464607 276 1227 4977
66506676 265 434 4980
66933404 274 2809 5011
67057401 270 2915 5021
67235919 261 2201 5034
67290248 275 1613 5038
67351163 263 2053 5043
67445328 270 2746 5050
67606236 270 2259 5062
67852713 270 1360 5081
67918154 270 473 5086
68013170 271 983 5093
68182975 273 1771 5106
68843679 277 1945 5156
68857981 269 1611 5157
69301322 279 2369 5189
70226071 270 1646 5258
70596689 278 2386 5286
70668168 273 494 5291
70997611 272 2504 5315
71207082 265 1776 5331
71493241 267 1953 5353
71541109 279 541 5357
71832162 267 90 5379
72020189 261 676 5393
72423898 266 809 5424
72447407 267 470 5426
72748530 274 1029 5448
72946076 261 2247 5462
72972327 273 1362 5464
73165240 260 2545 5479
73353576 277 1108 5494
73460194 270 2780 5502
73595099 279 1372 5512
73692565 273 1789 5519
73982342 269 1013 5541
74008968 265 1197 5543
74393805 272 853 5573
74408835 278 1932 5574
74425501 274 2399 5575
74658312 273 2492 5592
74767760 278 996 5601
74810684 276 1371 5604
74825927 260 418 5605
74973880 266 2668 5616
75170489 272 2096 5631
75314779 273 2603 5641
75428499 263 1811 5650
75441351 269 2035 5651
75477983 260 2338 5654
75605350 273 984 5663
75617697 268 1063 5664
75753118 263 2807 5675
75972327 273 338 5691
76002011 279 2570 5693
76091588 279 339 5700
76308434 267 742 5717
76764278 274 387 5751
76871990 272 1707 5759
77273324 269 1181 5790
77520364 262 1567 5808
77574111 275 1130 5812
78274303 279 1243 5864
78563783 267 1884 5886
78804811 266 1946 5904
79191825 275 962 5933
79374819 273 2895 5947
79403450 266 577 5949
79527566 273 2338 5958
79738338 279 1070 5973
80005501 262 728 5993
80319895 262 332 6016
80416695 278 2418 6024
80483867 261 19 6029
80590146 273 2781 6037
80668781 277 2466 6042
81076090 263 2039 6074
81460466 276 2486 6103
81580227 269 2315 6112
81685437 269 2946 6120
81788490 271 819 6128
82121798 265 191 6153
82483751 275 1463 6180
82517140 265 61 6183
82542411 267 1793 6185
82552944 270 1025 6186
82677174 260 1273 6195
82792315 262 1032 6203
82842552 271 2881 6207
82977333 279 753 6217
82993457 265 1906 6218
83025375 262 2498 6220
83058411 260 723 6222
83166283 279 2664 6230
83501501 278 2783 6256
83714867 270 1690 6271
84163463 273 2873 6305
84821976 273 1799 6356
84981757 265 1427 6368
85165609 271 1045 6382
85305944 278 1879 6393
86083702 262 2722 6451
86412449 267 1360 6476
86485562 269 1586 6481
86540712 269 332 6485
86839789 267 960 6507
86932980 262 2614 6514
87188440 276 2140 6534
88185350 261 1594 6608
88933905 275 1922 6664
89055143 277 1630 6673
89272013 266 622 6689
89381981 279 177 6697
89397872 267 2718 6698
90130098 279 832 6753
90325819 270 2348 6767
90336838 269 2302 6768
90581008 268 957 6786
90759242 263 1336 6799
91004352 275 859 6818
91152900 260 2977 6829
91302484 277 1658 6840
91530961 274 1160 6857
91601628 270 1789 6862
91679305 264 104 6868
91694829 261 1558 6869
91841082 278 1573 6880
91974099 279 2688 6891
92161743 264 884 6905
92288120 263 1692 6915
92316019 272 1823 6917
92521495 266 421 6932
92651824 262 1047 6942
92890236 275 2029 6960
93010745 261 1743 6969
93054152 265 1090 6972
93318742 277 1390 6992
93350710 275 791 6994
93376484 263 2682 6996
93423846 263 435 7000
93732528 269 2213 7023
94012239 261 2568 7045
94131638 264 2704 7054
94375698 279 2239 7072
94476491 269 2666 7080
94557933 265 1564 7086
94823849 271 666 7106
95296341 269 1457 7142
95429684 279 1963 7152
95458421 262 2233 7154
95972967 264 1349 7192
96243707 271 686 7212
96284593 274 1137 7215
96347202 279 1893 7220
97009176 271 1201 7268
97083656 261 1331 7274
97138676 262 2919 7278
97326980 279 630 7292
97849249 279 1378 7332
97997047 260 2090 7343
98009950 260 2206 7344
98021446 276 1624 7345
98049815 272 2703 7347
98117321 273 2844 7352
98451639 277 1153 7377
98579761 263 261 7386
98911896 263 2592 7411
99014502 274 2978 7419
99038514 271 1683 7421
99408431 279 1401 7448
99535187 270 416 7458
99607298 271 578 7463
99634303 276 769 7465
99826275 269 687 7479
99963481 270 2656 7490
99975437 268 2497 7491
100032588 263 2760 7495
100403142 275 1966 7522
100415934 269 1196 7523
101056847 272 2861 7573
101085435 272 2694 7575
101262654 275 389 7589
101705868 264 835 7623
101742615 278 1033 7626
102547215 260 973 7687
102713473 272 2067 7699
103079572 273 1262 7726
103128735 273 2803 7730
103275118 270 356 7741
103369534 279 1803 7748
104105661 269 2150 7804
105059942 275 534 7876
105435499 276 1200 7904
105461560 268 2364 7906
105543111 267 531 7912
105751109 272 2093 7929
105766688 272 967 7930
106897738 278 1871 8016
107192594 275 2100 8038
107232705 270 1422 8041
107345347 271 2686 8049
107400377 264 2656 8053
107525689 269 2429 8062
107758506 278 975 8080
107772706 266 2230 8081
107815251 272 1083 8084
107855400 267 663 8087
107967423 276 2624 8095
108404385 269 1219 8127
108612183 274 2617 8142
108746672 263 1346 8152
108788070 267 2243 8155
109088599 261 1242 8178
109248459 278 2393 8190
109274709 278 1324 8192
109366037 278 2930 8199
109376037 267 397 8200
109612737 276 2148 8218
109814163 274 1448 8233
109865843 261 2628 8237
109919007 271 1447 8241
110096397 261 1303 8254
110297117 272 2555 8269
110513042 277 1762 8285
110568887 271 2789 8289
110670809 267 173 8297
110804518 267 2460 8307
110958988 277 252 8319
110984753 269 1878 8321
111257047 266 1407 8342
111418119 265 16 8354
111548215 271 1262 8364
111807749 262 771 8383
111932693 267 1731 8393
111944417 267 2700 8394
112386611 272 2122 8426
112883682 265 1237 8463
113068572 274 2619 8477
113196435 264 1807 8487
113560746 271 604 8515
113586845 266 2455 8517
114377476 277 1545 8576
114435549 275 252 8581
114504948 263 1565 8586
114819001 276 2491 8609
115016879 276 2264 8624
115100628 263 589 8630
115230177 264 1817 8639
115283814 261 2427 8643
115381551 271 1439 8650
116005410 261 1259 8697
116191593 276 1699 8711
116427179 269 1169 8729
116543995 279 548 8737
116584812 278 433 8740
116599337 267 2765 8741
116892918 266 2347 8763
116926047 268 608 8766
117037343 264 815 8774
117107514 268 1864 8779
117359231 264 2727 8798
117608263 270 2645 8817
117632570 267 81 8819
117667012 275 2384 8822
117761437 260 328 8829
118215965 268 1423 8863
119156155 278 2621 8933
119400585 276 1553 8951
119773671 269 2995 8978
119830392 265 39 8982
119873399 278 1004 8985
119888868 269 2609 8986
119949624 261 1280 8991
120127542 279 1834 9019
120131685 261 1176 9020
120219375 268 100 9046
120239926 263 377 9052
120328441 269 2770 9078
120338367 269 209 9081
120398309 269 1205 9100
120458178 275 586 9118
120511370 273 2949 9134
120514881 273 83 9135
120567175 267 2846 9152
120721547 271 1283 9198
120887772 260 2285 9247
120899632 262 573 9251
120975943 277 939 9274
120986247 266 2551 9277
121018241 269 1901 9285
121184452 268 1158 9338
121256964 274 1384 9360
121259995 271 649 9361
121289962 266 2608 9370
121323037 261 2181 9380
121335471 278 1989 9384
121450270 267 1507 9418
121606543 264 2965 9466
121639978 273 792 9476
121752104 272 2163 9509
121817865 273 1181 9529
121831117 279 2455 9533
121888702 268 559 9551
121972828 271 2446 9576
121986296 274 2911 9580
122042071 276 1113 9597
122051355 275 1219 9600
122093132 263 2676 9612
122095887 276 2677 9613
122166640 272 1482 9633
122249340 271 2996 9657
122376559 269 2244 9695
122480720 278 1151 9727
122507287 263 2146 9735
122584443 260 978 9757
122731573 263 722 9801
122784461 279 1673 9818
122824632 277 926 9830
122837873 261 2902 9834
122872302 274 2884 9845
123002912 265 785 9883
123046332 266 2354 9896
123049634 263 525 9897
123076536 266 762 9906
123213531 275 81 9948
123234798 278 1484 9955
123252803 264 995 9960
123319985 267 48 9981
123324318 261 1528 9982
123347390 269 821 9989
123363140 277 1853 9994
123456302 264 2572 10022
123475659 261 2581 10029
123488116 269 2858 10033
123535659 279 1950 10047
123541671 260 2092 10049
123575861 263 2417 10059
123626417 264 1683 10075
123640428 265 2973 10079
123753081 266 722 10114
123843592 276 2212 10140
123899116 269 2957 10156
123931128 275 311 10166
123947075 277 2245 10171
123959484 262 2631 10175
123991804 264 2851 10186
124053372 278 1531 10203
124104821 266 2695 10219
124114759 275 405 10222
124244157 273 608 10261
124353916 265 412 10293
124362725 261 185 10296
124376614 263 317 10300
124378693 270 1020 10301
124477038 264 2335 10331
124479613 274 190 10332
124506172 262 749 10340
124511722 271 607 10342
124532466 270 1597 10348
124560333 272 1527 10356
124566399 273 2962 10358
124641748 275 1183 10380
124661162 260 2949 10387
124740319 271 2023 10411
124753350 268 1435 10415
124790096 268 959 10425
124798431 273 2944 10427
124866776 279 2944 10447
124943730 272 82 10470
124985913 267 1084 10483
125150537 263 1803 10533
125183723 262 198 10544
125248092 277 1433 10564
125255655 266 342 10567
125262740 266 2035 10569
125280826 263 2454 10574
125341851 275 334 10592
125365498 263 2602 10599
125446165 271 399 10622
125470177 274 2435 10629
125512412 268 2607 10642
125517990 269 838 10644
125527218 276 2387 10647
125557216 277 27 10656
125564608 270 998 10658
125792291 260 1492 10727
125804912 264 1784 10731
125837256 265 442 10741
126011211 267 2544 10793
126053391 273 2584 10806
126195240 265 232 10849
126223069 261 2552 10857
126228323 266 847 10859
126232363 261 2517 10860
126242579 275 307 10863
126249454 266 2801 10865
126299169 270 375 10881
126340219 277 42 10893
126396589 274 2617 10909
126403273 262 1415 10911
126470617 263 2421 10931
126688895 275 1898 10997
126723478 273 238 11007
126748611 264 760 11015
126752017 263 190 11016
126892937 275 2729 11060
127051228 271 1963 11107
127086797 267 1192 11117
127112355 267 2140 11125
127280606 271 2639 11179
127325703 270 1454 11193
127343433 268 1974 11198
127386223 265 745 11211
127404799 272 755 11216
127491244 276 2064 11242
127525515 279 1811 11252
127543243 275 2019 11257
127616824 260 2763 11281
127643205 268 1608 11289
127760371 274 941 11324
127764057 262 2836 11325
127849971 272 2337 11350
127938644 277 2666 11377
127996928 266 1133 11395
128014051 267 506 11401
128107850 262 1668 11429
128206540 260 1903 11459
128230726 261 1382 11466
128254354 262 1050 11473
128269118 273 1870 11478
128308344 267 2913 11490
128322294 261 856 11494
128393637 270 465 11515
128405259 267 1779 11519
128540406 267 2303 11559
128592175 273 18 11575
128714538 270 1654 11613
128829858 277 1815 11649
128911347 273 1083 11674
128920502 279 329 11677
128947567 273 1403 11686
128960404 266 2595 11690
128993967 262 2983 11700
129020165 266 40 11707
129036050 263 1845 11712
129158709 277 1505 11749
129230238 262 1048 11770
129243776 278 1242 11774
129264391 264 1713 11780
129369010 273 568 11814
129371836 267 926 11815
129495331 264 375 11852
129518452 272 2337 11859
129572857 263 875 11875
129602860 260 2606 11884
129622805 278 1099 11891
129764171 261 99 11935
129778092 277 1953 11939
129794338 274 1038 11944
129830624 277 1038 11954
129833917 277 2243 11955
129878619 269 931 11968
129962242 267 2526 11993
130007541 273 1656 12007
130010747 264 2823 12008
130114190 271 364 12041
130172296 274 673 12058
130230288 262 1207 12076
130269685 266 884 12087
130341375 278 2891 12110
130383797 272 2487 12123
130476389 272 2879 12150
130502824 273 1607 12159
130528567 268 1760 12167
130534384 269 596 12169
130618867 263 144 12194
130628722 269 2773 12197
130775422 272 1930 12240
130819709 276 699 12254
130823575 278 42 12255
130841607 276 571 12261
130849315 278 2317 12264
130908821 260 2473 12281
131009799 264 2863 12311
131039796 271 1747 12320
131117144 276 2320 12342
131126663 277 253 12345
131200961 273 1212 12367
131226456 278 1365 12375
131246915 276 2420 12382
131269119 274 2501 12388
131426489 276 1446 12434
131436208 278 203 12437
131446624 261 379 12440
131462897 275 225 12445
131484558 275 2908 12452
131550444 269 2161 12471
131675636 271 932 12511
131698578 273 1302 12518
131709855 273 2735 12521
131738309 260 195 12530
131783853 275 891 12543
131853568 265 689 12565
131868637 272 1026 12569
131952674 276 2584 12594
131957829 265 208 12596
131973133 279 185 12601
132000892 268 2003 12609
132012859 272 69 12613
132053801 261 2942 12626
132099055 272 933 12640
132110523 269 538 12643
132123160 273 1574 12647
132135013 269 921 12651
132208368 278 1858 12673
132284574 262 2639 12696
132307528 274 1754 12704
132443714 277 2337 12745
132463773 268 2606 12751
132475399 279 1102 12755
132554215 274 807 12778
132577161 268 1105 12784
132676791 269 1760 12816
132685318 263 2595 12819
132711879 276 364 12827
132736017 279 2411 12834
132742648 266 918 12836
132877753 266 2072 12878
132903451 264 358 12887
132978736 278 196 12912
133024158 265 395 12927
133089710 271 2692 12946
133100006 276 111 12949
133110707 279 723 12952
133222024 265 2456 12987
133225581 279 2404 12988
133318808 273 2462 13016
133366863 261 745 13030
133422326 271 2773 13047
133546763 263 1004 13084
133592319 265 422 13098
133666201 267 444 13121
133681505 274 2168 13125
133786058 274 2266 13157
133788829 279 854 13158
133794022 272 1698 13160
133797544 267 148 13161
133847096 273 2233 13176
133935441 267 739 13204
133987248 264 1411 13219
133994120 268 1329 13221
134009000 274 1935 13225
134075358 263 1856 13243
134092029 279 2667 13248
134124507 273 2984 13258
134141369 268 2256 13263
134144860 264 185 13264
134146755 267 1717 13265
134157305 271 188 13268
134197522 271 1708 13280
134397718 271 1868 13339
134404986 260 261 13341
134434032 272 829 13349
134440234 279 1169 13351
134519309 269 509 13376
134640537 276 2690 13415
134750848 270 1074 13449
134760524 262 1238 13452
135037989 276 2598 13536
135046182 273 2437 13539
135063032 267 2451 13544
135126478 275 1095 13563
135149533 270 2348 13571
135164536 276 1772 13575
135189852 269 1765 13583
135235391 271 109 13596
135240916 277 200 13598
135375380 263 1049 13637
135396032 263 1364 13643
135494905 263 859 13671
135580124 273 177 13698
135600627 274 1262 13704
135608365 263 2996 13706
135684914 275 907 13729
135815270 267 2970 13770
135971388 274 878 13816
136029714 266 457 13835
136070509 271 284 13848
136073545 270 1703 13849
136115923 269 2833 13861
136129007 273 1285 13865
136184263 271 2107 13882
136268599 265 2036 13907
136271085 262 1789 13908
136318374 277 181 13922
136469380 269 2646 13967
136539735 270 1332 13989
136608966 273 1574 14010
136646683 277 881 14022
136743102 260 1173 14052
136771661 278 1018 14060
136802617 271 1663 14070
136819595 274 692 14075
136870023 268 522 14090
136888114 266 1610 14096
136940445 268 2570 14113
136947947 270 2491 14116
137035849 265 831 14141
137068746 269 1305 14151
137082504 277 2687 14155
137095006 278 2637 14159
137227549 269 1454 14199
137248004 264 2098 14205
137348468 276 2568 14237
137432892 266 231 14263
137532283 266 700 14294
137575043 262 773 14306
137655380 271 286 14329
137662417 275 1494 14331
137671336 260 1373 14334
137891298 263 2086 14401
137934912 270 2140 14414
137985999 267 554 14431
137996582 264 1378 14434
138023882 270 137 14442
138092409 275 1314 14461
138191001 269 2561 14489
138253119 263 61 14507
138321923 274 2478 14528
138347324 263 1875 14536
138421379 274 2289 14559
138426982 260 617 14561
138537840 267 386 14594
138639161 270 1371 14624
138799347 264 710 14670
138807968 273 1029 14673
138827957 261 1755 14679
138883080 273 985 14694
138887413 267 2735 14695
138976824 270 1193 14723
139102268 277 1068 14759
139187756 272 2596 14784
139193855 267 68 14786
139263533 277 1066 14809
139305329 264 1863 14821
139366952 273 2724 14841
139370716 278 2616 14842
139380910 272 2987 14845
139401791 276 570 14851
139403835 263 2233 14852
139459797 260 757 14868
139536502 271 1695 14891
139573629 267 2081 14902
139579539 273 2023 14904
139585401 262 496 14906
139598495 278 1027 14910
139629001 264 1500 14920
139666024 271 462 14932
139698465 264 424 14942
139703784 273 1713 14944
139764250 264 2011 14962
139784284 275 2942 14968
139792289 275 2097 14970
139794505 275 226 14971
139805538 266 2370 14975
139834106 268 655 14983
139837014 267 713 14984
139908491 277 1963 15006
139911195 269 2134 15007
140068354 269 889 15056
140102862 265 1470 15067
140140229 270 306 15078
140158757 273 2492 15084
140241047 278 2422 15106
140291985 279 1340 15121
140466106 263 1712 15173
140583355 277 761 15207
140645033 266 1645 15226
140749153 270 344 15255
140788212 263 1323 15267
140797344 264 897 15270
140895303 277 811 15300
140961152 279 2906 15319
140996569 277 2846 15330
141024256 264 2091 15338
141030587 261 2395 15340
141049220 261 2089 15346
141084176 279 2413 15356
141108764 278 2524 15364
141137500 262 53 15372
141233835 279 578 15400
141276933 271 2907 15413
141289939 269 2622 15417
141318696 263 916 15425
141335842 268 1531 15430
141563955 274 2461 15499
141596610 270 1309 15509
141659690 265 828 15530
141685376 265 2529 15538
141747378 262 2184 15557
141764910 268 1663 15562
141770388 277 455 15564
141793524 260 1876 15571
141850814 263 2200 15588
141858874 265 302 15590
141874875 269 2017 15595
141920162 264 2863 15608
141954877 266 2056 15618
142048281 273 2699 15645
142103283 278 2050 15660
142127195 263 1753 15667
142138564 263 2078 15670
142152005 279 1830 15674
142160020 265 1458 15677
142213765 261 1992 15692
142225842 263 2245 15695
142452486 270 1046 15763
142617770 274 1767 15812
142665865 271 449 15827
142741438 260 1821 15849
142796833 270 2633 15866
142820977 265 2686 15873
142875125 270 2528 15890
142977274 271 1145 15922
143074743 279 2538 15951
143078451 272 979 15952
143115286 278 2614 15964
143195282 270 966 15989
143198422 261 2171 15990
143253243 271 1163 16007
143276852 267 1090 16015
143389543 270 190 16048
143487003 271 799 16077
143499012 261 1752 16081
143572070 260 2151 16102
143652299 268 2083 16126
143665243 279 1251 16130
143687793 266 1863 16137
143728159 266 2469 16149
143737383 266 1542 16152
143898174 267 929 16200
143958418 261 1617 16218
144026200 260 93 16238
144029988 278 2302 16239
144033746 276 1075 16240
144043422 266 1761 16243
144099306 266 693 16261
144168341 264 2954 16283
144242372 266 1260 16305
144256032 269 1631 16309
144332107 270 250 16332
144413092 270 2071 16357
144434879 276 2395 16364
144615080 279 1694 16417
144629500 266 2424 16422
144646771 272 1328 16427
144652836 262 1110 16429
144672022 277 704 16435
144674931 263 2323 16436
144866398 267 1740 16493
144882736 275 1076 16498
144936491 265 2159 16515
144943244 271 1063 16517
144965314 263 2793 16524
145158023 274 1222 16583
145164230 278 1506 16585
145177067 267 2895 16589
145213124 278 1931 16601
145233359 277 2141 16607
145257855 279 847 16615
145316900 266 1544 16633
145328722 277 1372 16637
145334411 271 2051 16639
145350173 270 948 16644
145360252 265 295 16647
145412807 263 1671 16661
145472094 278 2204 16679
145508760 264 162 16690
145532041 262 1796 16697
145549968 275 268 16702
145557923 262 95 16705
145579549 264 2124 16711
145611086 279 2117 16720
145648383 263 2724 16731
145700906 264 1736 16746
145860057 275 2470 16793
145932193 269 1138 16814
145953189 267 1597 16821
145957105 264 1391 16822
146081389 261 491 16859
146090928 263 2941 16862
146094427 272 2334 16863
146130809 263 141 16874
146149183 276 2345 16879
146192068 267 264 16891
146219389 273 915 16899
146262216 274 376 16911
146265307 266 954 16912
146287759 274 1044 16919
146295418 276 1779 16921
146306768 263 1244 16925
146321277 266 2002 16929
146359448 267 2538 16940
146412523 275 2878 16955
146418774 264 810 16957
146432182 274 1494 16961
146462425 265 1305 16970
146465979 277 2416 16971
146504989 275 115 16983
146526748 260 60 16990
146562470 277 818 17001
146675503 267 50 17035
146743267 275 2064 17056
146749960 265 1049 17058
146933110 278 1019 17112
147182229 275 1635 17190
147259785 273 2193 17212
147330181 270 1897 17234
147368587 260 1069 17246
147387021 274 1852 17251
147396417 279 2802 17254
147414289 271 1092 17259
147603889 279 62 17315
147617817 260 706 17319
147672523 277 1083 17336
147786696 275 1231 17370
147852763 276 2193 17390
147875229 277 2058 17397
147886263 261 2897 17400
147952591 270 1952 17420
147967036 268 1871 17424
148001992 261 1602 17434
148064692 278 76 17452
148069025 272 528 17453
148158852 265 2051 17479
148181080 276 2281 17486
148207200 261 685 17495
148481476 266 1790 17575
148514788 274 2128 17585
148518714 276 2903 17586
148604684 275 880 17611
148611650 267 451 17613
148684778 261 1685 17635
148687893 271 2137 17636
148703177 272 2629 17641
148723799 273 2589 17647
148733517 264 730 17650
148758835 262 1450 17658
148809684 273 1066 17674
148813244 267 450 17675
148852547 266 184 17687
148882687 279 2800 17696
148919889 267 241 17709
148931196 266 2992 17713
149050237 274 1043 17749
149149287 266 1500 17776
149153246 276 1718 17777
149159990 263 1365 17779
149190382 273 1895 17788
149201002 260 1114 17791
149214830 260 2412 17795
149220781 268 2043 17797
149248946 272 135 17805
149310710 273 2901 17824
149350806 276 1074 17836
149379352 275 2770 17844
149463299 266 2887 17868
149538365 266 2940 17892
149544052 272 45 17894
149564445 267 674 17901
149608690 276 2610 17914
149619596 271 1170 17917
149759770 279 778 17957
149782473 262 959 17964
149799375 279 1581 17969
149869094 279 2629 17990
149871867 261 836 17991
149881402 269 2075 17994
149952496 262 2356 18016
150112761 270 2634 18065
150136721 262 2327 18072
150199487 269 476 18091
150229747 275 2738 18100
150391563 277 2284 18148
150395136 265 1382 18149
150404488 261 117 18152
150440985 263 2049 18162
150480851 260 1402 18174
150536055 267 610 18191
150549860 277 388 18195
150576429 261 2704 18203
150579869 270 293 18204
150590125 275 87 18207
150612172 266 1305 18215
150624110 276 241 18219
150632037 273 532 18221
150658136 263 2033 18229
150684819 275 2180 18237
150722708 266 2674 18248
150742863 260 2523 18254
150793984 274 354 18269
150860415 270 2700 18288
150873297 265 908 18292
150883501 278 102 18295
150894697 267 66 18298
150952081 260 1665 18315
151043304 277 978 18342
151167372 272 2234 18378
151306656 277 2685 18418
151333757 277 2507 18426
151340101 276 1296 18428
151350413 272 2226 18431
151442269 272 464 18457
151507443 262 2166 18477
151510139 273 2708 18478
151528906 270 670 18484
151587939 272 2813 18503
151616935 263 565 18512
151645607 278 656 18521
151653745 272 257 18523
151735930 276 929 18548
151749051 265 705 18552
151823685 273 2045 18573
151886454 274 2393 18592
151929046 266 756 18605
151953224 261 317 18612
152002892 261 831 18627
152103451 277 441 18659
152235047 265 13 18698
152510703 274 1703 18781
152517338 268 870 18783
152572553 278 1257 18799
152579795 262 2237 18801
152630237 267 2809 18817
152702037 271 2312 18838
152737463 260 2232 18849
152789943 275 2639 18865
152800968 270 429 18868
152867472 272 2440 18888
153037049 263 2960 18940
153100263 272 1613 18959
153176029 279 2293 18981
153193985 261 156 18986
153212116 278 2991 18992
153382243 271 1115 19042
153409203 263 709 19050
153412632 260 2686 19051
153454921 275 2930 19063
153493772 278 2482 19075
153508679 271 2421 19080
153587633 268 1214 19104
153631654 275 1752 19118
153694694 261 2620 19136
153705862 260 1652 19139
153744526 269 145 19151
153814002 274 1917 19173
153979422 275 1367 19223
153999161 261 1164 19229
154317673 274 2191 19330
154369150 276 1909 19345
154497004 279 1091 19383
154499985 266 857 19384
154589086 266 880 19412
154615140 263 1105 19419
154635092 273 1422 19425
154653773 272 2835 19431
154697813 262 1278 19443
154710192 268 2480 19447
154734402 271 783 19454
154831511 275 879 19483
154876525 263 2513 19497
154950065 271 1277 19519
155008245 272 2616 19537
155105564 263 1026 19565
155243612 272 1756 19606
155269214 269 1417 19614
155382936 270 1820 19649
155451748 262 1161 19669
155499615 263 863 19683
155523413 279 2413 19690
155538388 273 1579 19695
155571130 272 850 19705
155658457 263 2147 19733
155718210 278 2626 19750
155768699 267 89 19765
155828002 260 755 19783
155848782 269 2692 19790
155888892 277 2601 19803
155993561 277 931 19834
156237766 278 1044 19909
156269233 266 686 19919
156298010 265 339 19927
156311998 276 622 19931
156333886 268 323 19938
156349889 272 1265 19943
156466935 268 1817 19978
156513162 273 977 19992
156542880 263 2738 20000
156552461 267 1615 20003
156559394 276 1728 20005
156573145 272 221 20009
156597005 271 840 20016
156669925 270 546 20039
156934937 264 2030 20115
156977311 274 1125 20128
157025798 272 2246 20142
157079003 269 2010 20158
157109850 266 598 20168
157213335 260 1193 20200
157216939 278 2357 20201
157255220 274 1752 20212
157294138 278 2571 20224
157296114 278 1529 20225
157298939 262 701 20226
157324041 274 728 20234
157338502 267 1688 20238
157342835 276 83 20239
157368216 273 947 20247
157406438 263 2049 20258
157537118 262 2306 20297
157570838 278 344 20309
157656439 277 2229 20336
157819852 262 1621 20386
157843492 260 2776 20393
157857168 270 2969 20397
157956284 271 1661 20427
158033038 262 877 20449
158039799 260 151 20451
158112556 269 1097 20472
158205598 272 1209 20501
158209032 262 2796 20502
158255145 266 1318 20515
158266628 267 2546 20518
158329895 279 2481 20538
158365101 266 2029 20549
158396810 276 550 20558
158405311 272 2725 20561
158483090 276 2340 20583
158501719 268 2635 20588
158512058 276 1281 20591
158612748 277 1195 20622
158664385 272 1561 20637
158669547 279 884 20639
158714858 276 1277 20652
158731182 269 2663 20657
158769507 269 58 20669
158775681 278 1982 20671
158943683 270 2273 20723
159054145 276 188 20757
159057391 272 2540 20758
159094895 264 2207 20770
159106271 269 2468 20773
159144726 269 2342 20784
159194255 262 1015 20798
159347974 269 1071 20846
159446370 273 214 20875
159488084 268 1555 20888
159578161 266 1331 20915
159633695 269 1522 20932
159642816 279 2522 20935
159656970 275 2037 20939
159699909 271 1086 20952
159717124 279 2617 20957
159744597 262 1519 20965
159828366 260 1866 20990
159868725 262 2455 21003
159922204 277 234 21019
159926179 272 1618 21020
159946471 262 628 21026
159958276 269 1697 21030
159985853 267 2493 21038
160077553 271 1882 21068
160081381 269 1517 21069
160161846 273 330 21092
160358609 271 1240 21152
160369246 276 464 21155
160404495 264 1399 21165
160454672 268 1352 21180
160529810 278 2150 21202
160575562 278 2982 21216
160802260 277 994 21283
160843006 266 673 21295
160930249 274 1151 21321
161035349 273 2721 21353
161082533 275 1921 21366
161140064 278 1364 21384
161197208 261 781 21401
161202693 269 927 21403
161245433 267 415 21416
161305091 268 2914 21434
161325973 270 43 21441
161418218 274 308 21469
161445632 271 1889 21477
161455326 270 1204 21480
161543933 277 769 21507
161613817 265 1336 21529
161651015 279 1732 21540
161720759 267 477 21561
161723498 275 540 21562
161779071 264 2543 21579
161798680 273 104 21585
161805335 260 446 21587
161834883 260 2789 21595
161856496 275 2439 21602
162004835 273 381 21647
162112027 271 1635 21679
162366913 271 2387 21754
162375387 275 2402 21757
162378787 277 818 21758
162395599 267 721 21763
162551498 279 1342 21811
162562747 267 2178 21814
162580899 267 2519 21819
162741941 268 630 21868
162765568 263 577 21874
162777712 279 887 21878
162807187 272 591 21887
162824943 267 2035 21892
162852190 260 42 21900
162860885 276 797 21903
162990576 265 1261 21942
163161473 265 113 21993
163185565 275 1893 22000
163195802 269 1312 22003
163199441 276 369 22004
163222077 270 812 22010
163240273 266 2827 22016
163244141 261 2616 22017
163290857 262 1481 22032
163295029 266 293 22033
163354182 263 1467 22049
163398639 273 577 22062
163403661 260 1388 22064
163446734 277 2548 22077
163508616 264 1057 22096
163537651 260 122 22105
163569257 270 2067 22114
163599093 276 1220 22122
163611018 267 2064 22125
163640214 277 61 22133
163645198 265 2061 22135
163719798 272 767 22158
163874030 260 1911 22203
163929731 265 1103 22220
163938143 266 661 22223
163950394 279 1458 22227
164070495 270 784 22263
164104273 278 2257 22274
164125392 265 1629 22280
164131276 272 2690 22282
164235718 260 1506 22315
164256784 272 721 22321
164299004 279 2959 22333
164636993 271 1233 22435
164674416 276 2286 22446
164695310 264 995 22452
164748437 277 303 22468
164760218 260 364 22472
164800900 271 2214 22484
164811293 261 1658 22488
164822232 272 2116 22491
164824407 279 1451 22492
164880474 275 2496 22508
164907537 267 811 22516
164920737 276 77 22520
164938819 274 2498 22525
164996969 277 2224 22543
165169292 274 2730 22593
165176329 277 396 22595
165229426 270 1700 22611
165259125 271 380 22620
165307189 273 1447 22634
165346386 262 2184 22645
165348717 277 2604 22646
165420358 261 184 22667
165422907 266 1573 22668
165452086 265 1562 22677
165474676 271 167 22683
165484222 262 1616 22686
165491725 261 1184 22688
165516190 261 476 22695
165529582 262 2257 22699
165562947 261 147 22708
165570661 266 781 22710
165584762 265 2552 22714
165614140 271 135 22722
165631477 271 338 22727
165709209 266 1734 22751
165718164 272 711 22754
165736269 267 1332 22759
165832144 260 2430 22789
165867845 272 1307 22800
166033898 267 1454 22850
166096937 270 1670 22869
166151242 261 2762 22884
166156455 268 493 22886
166300781 277 2062 22929
166620079 271 1533 23023
166636992 265 839 23028
166649130 264 638 23032
166692729 271 1460 23045
166705984 273 2753 23049
166766592 261 1185 23067
166776753 266 143 23070
166782643 276 2106 23072
166785993 270 1539 23073
166814264 270 1024 23081
166842467 260 1239 23089
166895911 261 1830 23106
166910807 277 743 23111
166971196 269 1272 23130
167010874 272 2034 23141
167013184 265 1498 23142
167044168 279 653 23150
167110262 275 74 23171
167119243 268 2683 23174
167137505 271 1312 23180
167148659 262 2284 23183
167201402 278 2019 23200
167307790 267 2329 23233
167381983 261 1524 23257
167427349 264 2227 23271
167468595 268 317 23284
167492220 276 1200 23291
167644104 265 901 23337
167700727 279 2837 23355
167746675 265 2016 23369
167838391 266 485 23398
167894881 263 906 23415
167918736 261 690 23423
167941777 279 1392 23430
168119987 266 2655 23484
168128467 263 1361 23487
168131051 269 2734 23488
168145426 264 1598 23493
168156497 274 77 23496
168275319 272 930 23534
168278517 266 350 23535
168419949 277 740 23578
168430744 266 1858 23581
168453743 266 1412 23587
168482024 263 1060 23596
168485303 264 2626 23597
168494404 264 2885 23600
168533140 266 2042 23613
168566785 279 2490 23623
168617472 274 1093 23638
168673335 261 1101 23655
168695226 270 2781 23661
168717403 270 2388 23668
168727377 273 2771 23671
168833347 268 1350 23703
168888687 265 1992 23719
169103161 267 2624 23783
169108807 278 1114 23785
169116546 269 1746 23787
169193521 264 1836 23810
169210319 276 2798 23815
169328695 267 237 23850
169362582 277 1597 23860
169372402 276 74 23863
169401473 267 1106 23872
169714932 268 625 23965
169730641 260 1030 23970
169874212 277 2957 24014
169995969 273 2434 24050
170023840 261 1136 24059
170029344 260 2753 24061
170102778 275 2690 24082
170157745 272 2480 24099
170214380 275 1828 24118
170223553 262 2054 24121
170334130 270 240 24153
170418231 273 1829 24179
170455330 274 946 24190
170518933 279 1631 24208
170544062 278 818 24215
170556896 277 198 24219
170567098 275 2412 24222
170662102 276 574 24250
170682096 269 2620 24256
170830694 266 485 24301
170837021 274 1797 24303
170992456 267 1202 24350
171042120 274 1349 24365
171065886 267 686 24373
171090029 275 1730 24380
171093595 274 329 24381
171129489 277 1863 24391
171185123 272 1444 24409
171199251 274 2259 24413
171227339 271 2134 24421
171543773 272 520 24520
171601871 261 2840 24537
171624389 278 894 24544
171644191 275 88 24550
171648473 265 805 24551
171655818 271 2756 24553
171687315 273 2370 24563
171701648 276 1154 24567
171877645 272 210 24620
171907244 274 78 24630
172018599 272 1055 24662
172087222 265 294 24682
172117483 268 192 24691
172224924 263 1298 24726
172278217 263 294 24741
172304869 268 1172 24749
172358953 277 116 24767
172396321 277 1151 24779
172411328 261 2351 24785
172449779 268 2216 24797
172456767 273 650 24799
172472981 279 1747 24804
172500950 278 912 24812
172575814 266 1109 24836
172586570 268 2496 24839
172611486 270 58 24847
172646379 278 1539 24858
172746883 270 307 24888
172756853 264 460 24891
172916386 271 1625 24937
172931612 273 1246 24942
172969972 261 2673 24955
172996802 273 17 24963
173029950 279 2118 24973
173057038 277 0 24981
173070365 275 305 24985
173105283 260 59 24996
173118317 268 2224 25001
173183362 277 772 25021
173216994 270 2259 25031
173223559 271 2518 25033
173227369 271 2115 25034
173259687 271 145 25044
173265688 277 1291 25046
173268490 271 2350 25047
173331925 260 2930 25067
173342117 265 2402 25070
173349189 276 1414 25072
173356192 277 783 25074
173456166 271 2082 25104
173490905 269 2110 25115
173530573 278 955 25126
173558265 276 783 25135
173646366 269 2994 25164
173696154 268 1277 25180
173857474 263 2136 25230
173936001 271 1565 25254
173962378 279 1530 25262
174064507 265 2632 25297
174069534 278 1762 25299
174076273 277 391 25301
174122440 271 128 25315
174139309 269 2914 25320
174189938 273 2655 25336
174277337 265 119 25362
174298925 266 2791 25369
174340510 270 2717 25382
174400409 269 2965 25400
174444355 275 742 25414
174461387 267 1519 25419
174513684 264 1384 25434
174569640 276 90 25451
174602497 271 394 25462
174619456 261 2983 25467
174700032 276 2202 25491
174726482 261 569 25499
174776797 266 589 25514
174786465 273 166 25517
174843499 273 927 25535
174861244 260 1490 25540
174937101 269 227 25562
174940058 270 998 25563
174975762 276 2924 25574
174983670 276 1397 25576
175008994 272 1959 25584
175045628 265 2186 25595
175099561 260 2612 25610
175128493 264 1461 25619
175157282 265 890 25627
175164436 276 315 25629
175227657 271 2982 25648
175334541 269 1289 25679
175348765 261 1283 25683
175387655 264 1931 25694
175391988 274 524 25695
175408197 264 927 25700
175426199 266 2031 25706
175433898 262 2490 25708
175599727 271 1149 25758
175627937 268 1265 25767
175653007 273 2309 25775
175676255 260 2058 25782
175717318 265 243 25795
175728443 270 2916 25798
175793662 261 708 25818
175831286 265 1248 25829
175881419 270 2787 25843
175925752 266 2672 25857
176051347 270 2618 25894
176084358 267 1978 25904
176140231 270 85 25922
176144366 263 881 25923
176183072 265 2275 25935
176258706 263 2891 25959
176282000 264 2487 25966
176414042 268 694 26007
176463438 277 936 26021
176487806 265 1706 26028
176512613 278 2655 26036
176558568 276 2939 26050
176570660 275 2578 26054
176636956 273 1388 26074
176674681 266 1085 26085
176688077 263 2295 26089
176703447 263 1649 26093
176739149 261 350 26105
176843105 274 511 26136
176855282 276 995 26139
176907176 264 1159 26155
177040884 277 1874 26196
177116777 262 1647 26219
177163138 268 2032 26233
177325053 273 403 26280
177343539 265 441 26285
177351368 260 1735 26288
177408424 276 2063 26306
177453882 268 2906 26319
177460273 274 1199 26321
177538143 265 1192 26343
177547714 274 420 26346
177602657 264 1997 26362
177615002 276 1329 26366
177635547 260 2776 26373
177644506 278 2947 26376
177660540 276 1371 26381
177684106 266 1786 26387
177731932 269 2339 26402
177751326 279 2630 26408
177761142 270 273 26411
177768119 263 1605 26413
177880423 269 523 26447
177964933 263 753 26471
178070367 261 2484 26502
178120402 277 1704 26518
178154381 276 800 26529
178194768 270 1644 26542
178200400 268 2776 26544
178210589 268 505 26547
178261784 263 40 26561
178351307 277 505 26589
178391491 261 1992 26600
178448056 275 1760 26616
178475404 267 1231 26624
178562319 261 776 26650
178590859 276 2312 26659
178607088 274 1252 26664
178678032 262 1628 26687
178869099 268 856 26744
178956599 272 1193 26773
179048842 274 200 26803
179101829 263 1398 26820
179129179 269 1960 26828
179149264 278 1588 26835
179220414 269 2420 26857
179334260 277 2311 26891
179371788 267 2706 26903
179395646 268 2709 26912
179461546 277 2337 26933
179535723 275 1222 26956
179599912 265 1916 26975
179644824 276 1454 26990
179647423 275 2988 26991
179713891 265 1796 27011
179720277 269 814 27013
179754636 274 1973 27024
179770774 266 1642 27029
179824094 279 2109 27046
179852503 265 757 27054
179878862 271 1353 27062
179888631 274 2826 27065
179905800 278 1211 27070
179954386 262 1725 27085
179971336 264 2801 27091
179998658 265 2614 27100
180003640 260 82 27102
180026812 266 1008 27109
180053000 267 850 27116
180056456 266 456 27117
180143140 279 508 27143
180147005 266 1746 27144
180214713 267 2569 27165
180238416 267 601 27172
180335516 274 847 27201
180375125 278 2792 27213
180466191 260 1170 27241
180476646 278 317 27244
180550317 272 1612 27266
180623871 277 1993 27289
180799840 265 1723 27344
180917756 275 199 27381
180956503 261 2937 27393
181029630 277 2333 27415
181050927 273 781 27421
181169836 272 1998 27456
181221732 279 1075 27472
181295891 274 479 27494
181401234 278 2467 27525
181430577 262 2518 27533
181437446 275 1502 27535
181541820 273 1539 27567
181545640 275 1855 27568
181599941 278 2417 27584
181603904 264 2015 27585
181648488 279 2062 27598
181726343 270 2069 27622
181784753 274 635 27639
181805485 270 628 27645
181812692 267 2910 27647
181839833 266 469 27655
181897461 262 1843 27673
181919341 276 1314 27680
182010440 269 1195 27706
182023213 271 936 27710
182066290 278 1820 27722
182110513 267 50 27734
182124475 271 11 27738
182131039 279 2593 27740
182151345 277 575 27746
182198228 276 553 27760
182281019 261 2902 27784
182326187 269 2182 27798
182360265 265 449 27808
182390165 266 438 27817
182404640 261 2466 27821
182573524 260 1010 27871
182626863 263 1178 27888
182647660 277 2238 27894
182665291 260 339 27899
182676377 260 2235 27902
182680035 277 1840 27903
182691558 274 773 27906
182697082 262 90 27908
182760591 266 2662 27928
182841083 266 969 27951
182854828 269 122 27955
182880680 272 1984 27963
182919369 278 677 27974
182934533 261 1167 27979
183108218 277 1689 28033
183169859 271 2963 28051
183188867 272 2609 28057
183207702 276 968 28063
183215163 267 814 28065
183235378 266 1166 28072
183275761 274 2419 28085
183295194 270 2138 28091
183303405 264 1691 28094
183428303 270 2741 28131
183436644 276 1087 28133
183502240 260 81 28154
183524670 269 1789 28161
183581666 266 2020 28179
183598953 269 2470 28184
183649166 274 1430 28199
183655605 260 1170 28201
183662252 266 2336 28203
183705777 277 91 28216
183781646 279 70 28239
183808542 264 890 28248
183894456 266 1745 28276
183994945 274 321 28306
184023975 261 275 28315
184037898 268 2217 28319
184082302 269 1991 28332
184100507 268 1337 28337
184120646 278 14 28343
184166490 270 1781 28358
184326449 275 26 28405
184472248 268 2892 28451
184485512 274 1536 28455
184514913 270 430 28464
184531931 267 2888 28469
184540365 270 915 28471
184581243 274 1314 28484
184651069 279 2356 28506
184816222 267 287 28555
184836011 269 934 28561
184919004 260 2524 28586
184981972 260 2575 28605
185143132 278 2175 28652
185198800 268 2275 28669
185201919 272 2311 28670
185234464 270 1685 28680
185339427 275 1749 28712
185349686 279 1790 28715
185360927 272 2153 28718
185413988 279 1139 28733
185448911 266 1391 28743
185494968 267 2173 28757
185497930 274 999 28758
185506942 279 1115 28761
185611373 260 1819 28791
185637529 263 2842 28799
185733610 266 2363 28828
185765064 277 2604 28836
185837396 276 2205 28858
185847706 269 2793 28861
185849968 269 1960 28862
185878814 269 1733 28870
186006692 274 328 28909
186036260 267 1695 28919
186101577 272 1139 28939
186135528 272 2284 28950
186238675 266 2016 28981
186245295 268 2248 28983
186311450 261 696 29001
186339726 260 2705 29011
186352143 264 1862 29015
186460233 273 1472 29048
186540038 270 2889 29072
186547935 260 996 29074
186565222 273 1781 29079
186594566 270 113 29088
186605385 277 1806 29091
186607815 275 1231 29092
186641347 267 2213 29103
186708428 270 1862 29121
186713572 265 771 29123
186770803 270 2011 29139
186909528 275 269 29179
186925968 267 389 29184
186966858 268 1845 29197
187025715 267 2759 29215
187058141 272 39 29225
187075341 277 752 29230
187162429 267 294 29255
187346075 277 1199 29308
187461953 270 2950 29343
187674878 272 53 29409
187887049 270 1247 29472
187946614 261 1639 29490
187962162 273 2836 29494
188012543 263 2213 29511
188028300 265 444 29516
188047285 269 110 29522
188085583 269 78 29534
188115273 261 290 29543
188122574 263 2153 29545
188128365 276 1519 29547
188164566 266 2660 29558
188168520 267 1460 29559
188212203 270 608 29572
188219803 265 2 29574
188247074 272 2797 29583
188270753 267 2972 29590
188288962 268 631 29595
188304519 278 785 29600
188322674 264 2778 29606
188347432 279 2178 29613
188447796 265 1837 29645
188453305 265 1645 29647
188588495 270 1460 29690
188603600 260 2943 29695
188650619 275 2420 29710
188754930 276 2304 29741
188786617 261 1493 29751
188844704 265 2732 29768
188882017 274 1779 29780
188926495 267 1241 29794
188960256 273 1154 29804
189098298 274 1886 29846
189118552 267 2658 29852
189149886 263 1173 29862
189271373 279 1364 29900
189340690 270 309 29922
189386314 260 426 29936
189435615 271 1154 29951
189450960 268 1604 29955
189459925 276 1361 29958
189472442 277 1903 29962
189517182 268 1567 29975
189567589 270 2129 29990
189584926 264 780 29995
