157702 27 2665 10
473645 38 1293 34
500278 21 2209 36
630368 31 1423 46
717462 31 1251 53
730477 27 2918 54
905271 33 1593 67
959574 29 1011 71
1363506 33 299 101
1451917 31 1764 107
1721967 25 178 128
2236096 20 2416 167
2327525 22 1839 174
2358498 28 1874 176
2449127 32 199 183
2798516 31 662 209
2884046 32 671 216
2934386 27 1827 220
3043128 21 100 229
3277292 27 1159 246
3435218 32 1182 258
3739033 24 655 280
3988832 28 146 299
4878290 35 1802 368
5018448 21 2792 379
5199332 38 1183 392
5366443 21 2364 405
5623823 20 731 424
5689899 39 1269 429
5757332 34 1143 434
5796761 23 2706 437
5839345 28 2057 440
5904665 31 2474 445
5997106 28 134 452
6179500 21 1302 466
6734121 32 2589 509
6960660 36 1004 527
7112681 20 1891 538
7207254 26 743 546
7510463 20 1849 567
7545414 28 1702 570
7598209 34 1856 574
8409229 35 282 636
8752316 24 760 662
9052671 30 2857 684
9089786 22 1737 687
9256514 36 1926 700
9380020 33 656 709
9653198 28 332 730
10094390 21 2065 764
10267650 39 1581 777
10304152 32 410 780
10624854 33 2302 804
11016706 20 1934 833
11232504 31 252 849
11461598 37 545 866
11593028 26 660 875
11844272 24 1522 894
11991573 21 1711 905
12029904 25 399 908
12379288 23 1140 934
12408039 25 232 936
12420883 36 2698 937
12488210 34 2378 942
12636437 34 2443 953
12775849 28 1606 963
13068746 31 1745 984
13105419 20 2557 987
13311470 23 732 1002
13419560 28 2725 1010
13613645 25 1597 1024
13656654 24 1275 1027
13720443 31 2634 1032
13773674 35 540 1036
13851704 30 214 1042
13920424 26 910 1047
13980131 38 2086 1052
14364981 22 761 1080
14496714 26 1552 1090
14509211 21 1971 1091
14563779 36 1288 1095
14593677 35 2967 1097
14744999 27 144 1108
14828657 33 1958 1114
15033671 34 1491 1130
15114034 25 454 1136
15424200 35 1973 1159
15996792 39 1484 1201
16022438 35 855 1203
16883697 32 2467 1266
16988145 22 1799 1274
17001820 37 217 1275
17253177 35 2919 1294
17424666 23 1072 1307
17853466 30 118 1339
18268544 24 1147 1369
18428290 24 2646 1381
18719801 39 1917 1403
19140776 35 289 1434
19740124 26 127 1479
19986548 28 699 1496
20025864 28 2306 1499
20166419 25 676 1509
20192524 23 2795 1511
20286521 29 956 1518
20564137 26 445 1539
21385880 39 2304 1600
21650644 28 595 1620
21771473 24 2860 1629
22013639 31 1491 1647
22081250 30 1325 1652
22196376 35 99 1661
22237000 26 1100 1664
22320025 29 110 1670
22346838 35 2799 1672
22585791 31 250 1691
22762217 25 1251 1705
22809723 34 457 1709
23012939 28 300 1724
23039336 26 2996 1726
23298419 28 870 1746
23314808 29 1781 1747
23340412 39 2514 1749
23355134 27 2692 1750
23419429 21 2310 1755
23451144 23 291 1757
23567339 20 326 1766
23594456 25 857 1768
23705316 38 1017 1776
23781917 36 2980 1782
23812165 30 1379 1784
23973519 35 741 1795
24294000 22 2951 1818
24550725 29 609 1837
24748938 24 1671 1851
24772936 21 374 1853
24848951 23 359 1859
25280254 35 1862 1890
25419371 32 1302 1901
25693255 37 2548 1922
25759087 37 2368 1927
26214774 28 2180 1961
26290173 38 2685 1966
26421783 27 1391 1976
26596881 25 1459 1989
26841204 28 926 2008
26923507 21 2673 2014
27027326 31 339 2021
27128813 20 1007 2028
27208368 24 2493 2035
27223111 20 2445 2036
27332163 21 891 2044
27413679 28 1622 2050
27464365 31 2871 2054
27835685 33 261 2080
27862124 25 1078 2082
28128073 31 29 2102
28275732 34 1481 2114
28346763 35 2504 2119
28487841 25 2656 2129
28514507 30 1130 2131
28731929 35 2279 2147
28852278 30 1166 2156
28882117 27 1858 2158
29402376 20 53 2196
29557612 22 2865 2207
29671285 29 1440 2216
30358678 34 267 2268
30673681 27 2220 2292
30735765 27 2719 2297
30912868 28 2269 2310
30941362 25 1101 2312
31721750 29 1604 2370
31751060 21 198 2372
31956567 27 1286 2388
32412774 32 1737 2423
32450728 27 890 2426
32600655 31 1682 2438
32624783 22 123 2440
32652657 35 2810 2442
32724019 37 1439 2448
33440320 23 2629 2502
33552334 29 2451 2511
33636849 34 2363 2517
33687564 28 2031 2521
34519816 27 2111 2583
34546233 34 505 2585
34603102 29 1514 2589
34995875 36 490 2618
35170197 30 347 2630
35362758 21 281 2644
35390733 38 1363 2646
35470414 37 2735 2652
35781720 34 2117 2675
35920935 29 1770 2686
36054505 25 739 2696
36526181 28 2900 2733
36551388 24 634 2735
36598547 29 1275 2738
36676482 30 2270 2744
36714262 28 2689 2747
36975803 30 792 2766
37396235 31 78 2798
37948943 31 262 2840
37998522 37 1135 2844
38021302 29 1109 2846
39425831 27 2286 2953
39527974 21 14 2960
39889386 26 2617 2987
39944382 23 2653 2991
40498319 26 154 3032
40549823 36 982 3036
40605649 32 33 3040
40884172 34 2250 3061
41109968 30 2561 3078
41163739 32 408 3082
41553792 21 46 3111
42000648 27 2074 3144
42503316 32 1058 3181
42643352 30 475 3191
43036854 35 2579 3220
43180010 23 2297 3231
43310503 31 1914 3241
43376281 28 2084 3246
43459013 31 2461 3252
44039719 29 802 3296
44194150 29 2209 3308
44292593 23 1044 3315
44473828 35 1122 3328
45713700 26 601 3420
46210058 25 1105 3458
46536744 36 689 3483
46560784 29 103 3485
46633809 39 983 3491
47180584 34 1383 3533
47233529 22 1043 3537
47539673 39 2456 3559
47595752 34 1645 3563
47691360 32 2587 3570
47720245 31 1277 3572
48050190 31 1724 3597
48107911 28 2156 3601
48458210 26 1684 3628
48493965 39 193 3631
48789417 25 1809 3652
48968486 32 9 3666
49076346 24 2513 3674
49103077 35 2315 3676
49487753 36 1613 3704
49624770 37 87 3714
49848361 36 1487 3731
50160112 27 1260 3755
50299496 37 826 3766
50330913 21 2509 3768
50342167 38 1441 3769
50777555 32 2572 3802
50959547 36 1008 3816
51176333 38 1570 3832
51216891 24 2602 3835
51271867 34 2843 3839
51293043 24 2691 3841
51430042 33 2223 3850
51530749 32 230 3858
51556947 28 738 3860
51954837 35 2764 3890
52148883 32 2500 3905
52187624 24 1648 3908
52580657 20 2772 3936
52850816 28 456 3956
52998559 34 2713 3967
53148460 32 1730 3977
53307350 34 885 3989
53394158 23 827 3995
53408466 32 2069 3996
53439644 22 807 3998
53451689 24 1846 3999
53707965 38 2139 4019
53801620 23 867 4026
53860101 36 2837 4030
53939371 25 1321 4036
54096521 21 60 4048
54434302 22 2388 4075
54643110 28 2891 4091
54654017 25 1733 4092
54887524 35 1 4110
55031104 27 2741 4121
55042777 22 1432 4122
55135686 38 712 4129
55573539 20 2281 4161
56089184 20 493 4199
56443787 25 2500 4226
56509077 29 67 4231
56714598 39 1194 4246
56823921 39 1876 4254
56912646 29 934 4261
57050109 29 1503 4271
57152198 27 1978 4278
57168864 33 2915 4279
57194339 30 896 4281
57299920 39 584 4289
57355644 37 2872 4293
57493585 34 124 4304
57593561 25 1229 4311
57890745 24 2345 4333
57944991 21 1539 4337
57959465 30 294 4338
58280942 35 2877 4362
58646240 27 844 4389
58860286 29 873 4406
58873701 33 584 4407
58947045 35 2889 4412
59273275 27 463 4436
59371837 28 2414 4444
59414024 22 1265 4447
59710394 20 1687 4470
59921097 32 2835 4487
59997465 24 1710 4493
60075995 28 2527 4499
60233887 21 348 4510
60368399 24 1238 4520
60521130 32 2692 4532
60680312 35 970 4544
61155052 21 2687 4579
61396232 20 2972 4597
62078872 38 504 4647
62460152 34 684 4676
62545202 38 2234 4682
62717793 35 2177 4695
63448397 25 1131 4749
63491544 30 2241 4752
63837703 22 501 4778
64110143 25 2588 4798
64553625 39 213 4831
64790401 35 1985 4849
65022340 28 2155 4867
65060683 31 2203 4870
65108793 31 121 4874
65164655 21 1698 4878
65267743 27 702 4886
65548887 20 1081 4908
65724172 37 2030 4921
65788604 27 1608 4926
65867214 37 557 4932
65950336 20 1410 4938
66001285 34 1503 4942
66297655 21 262 4964
66563712 20 2736 4984
66840379 31 1260 5004
66853612 23 2433 5005
67172390 36 2951 5029
67541378 33 2959 5057
67631445 28 2750 5064
67655151 20 1812 5066
68225880 35 2328 5109
68371778 37 378 5120
68547548 37 1070 5133
68791322 24 2918 5152
69111867 25 1015 5176
69181013 25 2414 5181
70088093 34 1579 5247
70099443 34 1116 5248
70122425 21 440 5250
70360166 25 1889 5268
70653688 23 1697 5290
71053829 24 1341 5319
71556084 25 5 5358
71570205 29 2341 5359
71580934 27 152 5360
71594540 28 2796 5361
71608335 31 1123 5362
71819263 27 1812 5378
72338141 37 2002 5417
72437407 33 2652 5425
72515674 21 2693 5431
73254390 21 85 5486
73330562 27 917 5492
73446264 29 264 5501
73677000 33 289 5518
73790857 25 1812 5526
74061750 23 800 5547
74290309 31 1959 5565
74354547 22 1341 5570
74510355 33 1843 5581
74628268 27 53 5590
74670661 35 2332 5593
74910780 31 267 5611
75078862 34 1089 5624
75110288 29 990 5626
75341292 26 262 5643
75388803 34 1476 5647
75679875 22 745 5669
75793412 22 726 5678
76163080 27 297 5706
76342030 31 1664 5720
76449760 36 2559 5728
76462920 30 417 5729
76597432 25 2420 5739
76780093 31 2389 5752
77118583 29 2890 5778
77210069 22 578 5785
77353188 28 1962 5796
77368757 30 2063 5797
77736178 26 2619 5824
77793520 20 553 5828
78070428 33 1890 5849
78245313 36 2110 5862
78285923 28 1178 5865
78325699 36 972 5868
78443056 39 1507 5877
78788145 25 429 5903
78817606 26 1761 5905
78853776 28 873 5908
78916887 35 763 5913
79473446 23 2185 5954
79585415 30 2139 5962
79667181 38 2273 5968
79754138 37 2197 5974
79909969 29 2253 5985
79932003 34 790 5987
80390040 39 690 6022
80446624 33 2368 6026
80577535 21 2356 6036
80732871 29 962 6047
80818035 36 2104 6054
81066090 35 2508 6073
81303100 36 734 6091
81530233 24 22 6108
81567782 31 873 6111
81912552 36 1270 6137
82222069 35 2706 6160
82651427 27 933 6193
82705013 26 2993 6197
82819231 29 2715 6205
82858803 26 1380 6208
83100681 39 2643 6225
83231380 20 1402 6235
83567502 31 1499 6261
83611456 30 1844 6264
83870224 33 687 6282
83953668 27 1243 6289
84005163 31 2916 6293
84071525 26 415 6298
84774415 28 1191 6352
84951038 32 1603 6366
85451059 36 2452 6403
85735482 37 1303 6424
85837629 26 28 6432
85980639 26 1826 6443
86109221 28 802 6453
86182964 36 1109 6459
86634415 32 1369 6492
86744780 20 2119 6500
86880652 32 1210 6510
86947807 38 257 6515
87039876 28 1178 6522
87305504 24 2376 6543
87484965 39 2484 6556
87569854 34 1921 6562
87935285 38 1337 6589
88105388 23 1775 6602
88674299 20 1564 6644
88781539 35 1053 6652
88817901 33 803 6655
89039983 31 1887 6672
89096911 30 923 6676
89163594 30 2774 6681
89435231 30 2026 6701
89704065 35 116 6721
89949656 24 2863 6740
89974947 36 184 6742
90004040 27 2223 6744
90261129 37 1976 6762
90482552 35 221 6779
90541040 39 156 6783
90716045 29 395 6796
91080919 36 1229 6824
91093577 25 1525 6825
91587651 37 2060 6861
91710411 20 1871 6870
92016921 39 631 6894
92044556 26 2885 6896
92340381 27 386 6919
92661824 35 1250 6943
92917481 26 654 6962
93069091 33 1380 6973
93172636 26 1405 6981
93448872 22 2505 7002
93541911 20 1304 7009
93766869 23 198 7026
93885957 29 77 7035
94157187 33 1707 7056
94742126 29 509 7100
94852342 33 1852 7108
95489065 28 1500 7156
95621293 30 1325 7166
95866499 33 44 7184
95960251 22 2088 7191
96000419 25 1845 7194
96176741 37 2137 7207
96297548 24 1166 7216
96320178 34 2476 7218
96406796 28 2260 7224
96421195 38 2461 7225
96485287 28 720 7230
96968063 38 1333 7265
97392984 25 2924 7297
97634482 26 1916 7315
97861300 36 2774 7333
97927556 33 1874 7338
98186158 36 2036 7357
98348713 21 120 7369
98717733 39 2618 7396
98748457 30 1008 7398
98946741 30 153 7414
98999476 35 728 7418
99062642 38 1372 7423
99091702 39 2293 7425
99122513 29 1466 7427
99137280 35 120 7428
99314487 35 185 7441
99331153 24 1142 7442
99567648 35 2153 7460
99582293 21 2024 7461
99951687 22 708 7489
99987645 38 1014 7492
100481050 24 2753 7528
100530451 34 517 7532
101121354 34 2278 7578
101477475 35 1260 7606
101754931 33 582 7627
101877894 35 325 7636
102072361 25 1386 7650
102735616 24 1813 7701
102749829 33 518 7702
102778829 24 2668 7704
102859321 39 310 7710
103209276 29 1495 7736
103437214 22 123 7753
103504196 33 791 7758
103891510 27 246 7788
103951706 31 2462 7793
104139302 38 2775 7807
104155968 26 2655 7808
104190986 39 2460 7811
104241592 23 227 7815
104614009 30 297 7843
104767219 37 2487 7855
105072289 20 2700 7877
105112435 29 2475 7880
105254522 20 543 7891
105379469 28 1753 7900
105568521 22 2069 7914
105679914 33 490 7923
105717722 35 2100 7926
106123431 34 1785 7956
106204819 32 12 7963
106584976 38 391 7992
106964014 34 364 8021
107248762 22 2556 8042
107914615 36 2885 8091
108026291 34 625 8099
108189167 36 2273 8111
108982441 34 2059 8170
109185385 36 1229 8185
109325238 34 2341 8196
109452644 34 1517 8206
109560212 22 382 8214
109801802 39 1036 8232
109842283 29 825 8235
110338072 37 373 8272
110393864 34 2390 8276
110470010 32 898 8282
110686841 25 2528 8298
110935508 20 1704 8317
110971920 37 982 8320
111034468 30 1857 8325
111157728 22 1840 8334
111430393 39 1468 8355
111664771 34 35 8373
111706662 22 681 8376
111844150 34 2148 8386
111989394 27 1565 8397
112453888 25 97 8431
112574760 32 2065 8440
112822217 25 214 8458
112989007 25 1541 8471
113152232 39 1285 8484
113509071 39 273 8511
113822341 33 767 8536
113867208 31 1 8539
113934186 38 813 8544
114116149 28 1569 8557
114141863 35 479 8559
114255724 22 1478 8567
114352997 20 125 8574
114424565 38 2869 8580
114520562 31 2309 8587
114572782 32 2555 8591
114682212 26 1650 8599
115086490 21 2851 8629
115354940 35 2277 8648
115367143 30 172 8649
116215853 28 1545 8713
116271047 22 290 8717
116281321 33 1514 8718
116665347 22 2824 8746
116812711 33 474 8757
116881445 38 2913 8762
117290362 34 2911 8793
117540381 23 196 8812
117593632 39 2240 8816
117707379 39 978 8825
117732015 39 186 8827
117802211 30 2632 8832
117892301 32 504 8839
117961833 32 71 8844
118002345 32 1203 8847
118055026 33 357 8851
118190516 23 1848 8861
118253469 30 2859 8866
118556571 23 660 8889
118730802 21 89 8902
118790082 20 734 8906
118894404 31 1347 8913
118970706 38 1845 8919
119249042 20 1159 8940
119262778 29 822 8941
119718972 35 938 8974
120059580 22 627 9000
120080732 25 2099 9007
120103979 29 694 9013
120143840 39 835 9024
120300180 29 230 9070
120313948 31 12 9074
120421271 37 241 9107
120423859 33 2062 9108
120472982 28 2619 9122
120527251 33 1718 9139
120541550 31 2333 9144
120570446 22 2444 9153
120589048 33 2603 9158
120788845 22 2045 9217
120825712 33 2719 9228
120839907 36 1321 9232
120874464 30 1854 9243
120881292 33 210 9245
120890776 36 2602 9248
120906509 37 376 9253
120911820 32 1356 9255
121107267 24 1047 9312
121138732 22 2761 9323
121266570 36 2653 9363
121348505 38 263 9388
121364001 36 84 9393
121400186 26 1355 9404
121414904 23 489 9408
121437013 35 564 9414
121458639 35 1274 9421
121587663 33 850 9461
121632314 35 529 9474
121661999 21 2185 9483
121686434 27 2002 9490
121694175 25 631 9492
121745767 34 1319 9507
121880166 26 878 9548
121885127 34 1412 9550
121995601 23 86 9583
122044534 30 1323 9598
122129021 23 476 9622
122189971 39 265 9640
122224287 31 2604 9650
122246278 20 105 9656
122352282 35 1537 9688
122379499 27 107 9696
122392899 21 1774 9701
122435513 33 466 9713
122448370 37 713 9717
122450944 39 461 9718
122570649 39 1753 9753
122625435 21 261 9770
122643415 31 2276 9775
122660541 28 2947 9780
122663948 23 896 9781
122760364 26 2854 9810
122886946 26 2708 9849
122928954 21 192 9861
122995791 22 1284 9881
123141147 23 137 9926
123154955 34 2326 9930
123231714 30 201 9954
123245080 30 1637 9958
123272643 22 1788 9966
123316427 37 529 9980
123466755 39 1189 10026
123472739 31 1471 10028
123522849 28 2443 10043
123632784 36 979 10077
123756349 20 1823 10115
123776507 33 989 10121
123790406 29 1591 10125
123794037 38 1406 10126
123821741 33 2228 10134
123876912 33 537 10150
123908813 23 356 10160
123937108 36 2863 10168
123944076 28 1773 10170
123962469 28 1526 10176
124034673 32 180 10198
124075559 28 1568 10210
124176713 28 1349 10241
124300664 20 2341 10278
124387342 29 1655 10304
124397416 27 1701 10307
124517602 31 705 10344
124540831 31 1295 10350
124588307 30 81 10364
124628919 38 2539 10376
124655392 35 248 10385
124700888 36 240 10399
124764333 38 1169 10418
124785935 31 1759 10424
124892695 36 2165 10455
125129581 33 980 10527
125132290 30 251 10528
125194212 30 2185 10547
125227522 22 538 10557
125239501 39 2865 10561
125293936 34 2291 10578
125350741 36 436 10595
125389405 31 865 10606
125577149 39 2247 10662
125590837 29 2543 10666
125660694 37 958 10688
125714720 37 945 10705
125750958 22 30 10715
125762769 36 1205 10718
125808454 28 128 10732
125860225 39 2871 10747
125947919 25 2415 10775
126032089 29 1136 10799
126049984 28 2140 10805
126090258 21 498 10817
126114315 29 1634 10824
126124169 34 508 10827
126212239 30 66 10854
126215228 29 257 10855
126265975 30 1548 10870
126268352 22 240 10871
126276941 37 502 10874
126523392 25 2553 10947
126582753 28 347 10965
126716085 34 242 11005
126768108 22 80 11022
126779731 27 1243 11026
126856074 31 1612 11049
126954028 21 235 11078
127017504 27 2917 11096
127019568 30 1770 11097
127028136 22 2560 11100
127062386 20 448 11110
127165676 21 17 11143
127183378 31 1987 11149
127456472 24 1953 11232
127498290 39 769 11244
127504749 31 566 11246
127629000 39 2913 11285
127659776 39 1711 11294
127673934 27 2085 11298
127734780 22 2493 11316
127754479 22 2258 11322
127769533 20 1240 11327
127821932 27 2397 11342
127865238 32 386 11354
127915537 26 1800 11370
128101594 27 1346 11427
128111941 32 1019 11430
128134156 38 1554 11437
128154336 21 1609 11444
128175589 33 1394 11450
128178315 20 256 11451
128237082 28 412 11468
128250178 30 2351 11472
128271674 38 1234 11479
128275060 36 614 11480
128294244 38 1632 11486
128361670 27 2835 11506
128400084 35 1591 11517
128419812 30 452 11524
128435842 32 2357 11528
128438778 30 682 11529
128452441 37 1678 11533
128512889 25 613 11550
128589851 33 289 11574
128596508 35 1072 11576
128748572 21 1716 11624
128767723 38 1771 11630
128818614 39 2981 11646
128868813 29 2409 11661
128878686 21 1618 11664
128893756 21 993 11669
128943447 28 57 11684
129033677 33 714 11711
129081454 23 1647 11726
129149175 23 2588 11746
129193176 30 2735 11759
129220637 31 61 11767
129265924 25 2246 11781
129309165 34 1281 11796
129355927 33 1804 11810
129358856 22 2001 11811
129408242 21 676 11825
129430374 35 2976 11832
129447970 22 217 11837
129522865 23 1858 11861
129527198 38 484 11862
129563668 25 160 11872
129589658 36 1350 11880
129596442 38 338 11882
129636030 37 1217 11895
129654620 20 1892 11901
129662380 26 1489 11903
129869381 23 1963 11965
129884238 32 2020 11970
129948621 31 1474 11989
130003276 30 2383 12006
130072327 33 2506 12027
130078754 30 667 12029
130087921 21 2599 12032
130105219 20 777 12038
130245217 23 1617 12080
130380317 22 2901 12122
130438438 24 1975 12139
130446986 34 1243 12142
130464850 24 1238 12147
130469183 39 373 12148
130496381 38 915 12157
130505867 34 469 12160
130537553 39 2560 12170
130639165 29 739 12200
130659381 28 1245 12206
130662555 33 2233 12207
130685605 34 1774 12214
130740018 34 1292 12230
130788332 32 1026 12244
130798271 34 1132 12247
130856019 38 518 12266
130863682 28 2710 12268
130884022 21 2780 12274
130925711 25 2099 12286
130952998 37 1027 12294
130989434 29 1795 12305
130997050 30 1516 12307
131013763 29 1659 12312
131018096 39 1712 12313
131054716 37 203 12324
131100324 26 2293 12337
131113706 32 373 12341
131363640 23 1372 12416
131367973 31 1812 12417
131404736 35 44 12428
131428860 38 316 12435
131468626 38 2066 12447
131626270 23 463 12495
131631824 31 2452 12497
131731919 32 2685 12528
131787660 35 260 12544
131819984 22 1997 12554
131843456 34 2847 12562
131896230 33 2924 12577
131907528 38 2239 12580
131920020 35 448 12584
132006082 29 463 12611
132141497 20 2613 12653
132165056 37 1750 12660
132184334 34 2486 12666
132205575 20 2778 12672
132280267 22 1022 12695
132295509 33 1730 12699
132322499 31 1125 12708
132360397 26 47 12719
132363202 31 752 12720
132384998 26 359 12727
132412609 23 1383 12735
132439893 36 294 12744
132465933 27 2636 12752
132492887 30 692 12761
132528820 36 2054 12771
132596802 26 564 12790
132633975 35 1611 12802
132682343 24 2256 12818
132707675 36 613 12825
132746436 23 781 12837
132859811 23 375 12872
133006487 27 303 12921
133027348 39 1051 12928
133071846 33 1625 12941
133154829 33 1344 12966
133162217 26 364 12968
133235386 28 1416 12991
133298552 38 456 13010
133309642 22 1175 13013
133323141 23 1764 13017
133335188 26 2651 13021
133389825 28 2585 13038
133415134 26 2990 13045
133442043 32 439 13053
133487777 22 592 13067
133493985 37 1900 13069
133729966 20 1167 13139
133733175 25 1206 13140
133824724 33 1054 13169
133905542 26 2606 13194
133917572 29 383 13198
133949147 26 2836 13208
133956157 25 2924 13210
133974163 30 1472 13215
134050452 29 2117 13236
134165000 28 528 13270
134248572 31 1333 13294
134314776 35 1295 13313
134333681 37 2054 13319
134372672 27 2117 13331
134389623 20 2213 13336
134416723 30 377 13344
134460692 24 1803 13358
134473268 28 2893 13362
134728704 34 1190 13442
134901135 32 1375 13494
134947420 25 2858 13508
134958713 24 647 13512
134984760 38 953 13519
135035410 21 2815 13535
135042839 35 871 13538
135143848 38 601 13569
135167118 25 819 13576
135177770 23 1255 13579
135180312 21 1925 13580
135183191 30 548 13581
135247189 32 889 13600
135322381 23 276 13622
135371370 30 1602 13636
135387107 20 1178 13640
135597950 22 1179 13703
135618844 23 668 13709
135647568 28 529 13717
135670314 23 2940 13724
135700007 34 1193 13734
135702490 35 804 13735
135717179 36 962 13740
135719484 28 186 13741
135783921 36 362 13761
135800205 29 1851 13766
135834471 22 58 13775
136112162 24 24 13860
136170022 37 1669 13877
136178365 26 2708 13880
136193044 21 501 13885
136209474 26 1535 13890
136228874 29 2624 13895
136233321 25 20 13897
136240695 20 1258 13899
136243777 28 2420 13900
136274347 26 2105 13909
136298873 30 837 13916
136321798 26 462 13923
136350788 28 2816 13931
136404659 36 2317 13947
136457730 39 1847 13963
136496842 34 1352 13975
136520792 33 2633 13982
136621703 32 31 14014
136631282 34 1120 14017
136650176 35 690 14023
136725203 31 283 14047
136764359 25 1876 14058
136791904 30 1278 14067
136879029 35 745 14093
136899778 33 2231 14100
137042635 32 2974 14143
137112376 30 2502 14164
137176881 26 1680 14184
137192012 27 506 14188
137203502 20 902 14192
137211788 25 2866 14194
137500996 22 2230 14284
137618524 22 1309 14318
137649016 31 560 14327
137750607 22 1873 14358
137757918 24 2393 14360
137794953 24 2751 14372
137909703 32 895 14407
137954083 29 1125 14420
137975447 27 1191 14427
137981130 33 358 14429
138084537 29 190 14459
138136440 29 2944 14474
138262831 29 471 14510
138281281 25 723 14515
138287814 38 368 14517
138304868 22 2731 14523
138334124 34 1356 14532
138366951 39 1307 14541
138396630 28 2055 14551
138409786 39 2859 14555
138413222 33 2264 14556
138430760 27 233 14562
138501239 20 786 14583
138548017 38 45 14597
138566227 32 1106 14603
138618756 35 2645 14618
138804666 36 1468 14672
138817009 24 682 14676
138854553 24 1408 14686
138897487 39 1710 14698
138928217 27 893 14707
139171224 30 287 14779
139199398 20 2100 14788
139302785 28 2056 14820
139498837 25 296 14880
139524373 23 1810 14887
139726331 26 567 14951
139774106 28 2505 14965
139809871 27 1898 14976
139823702 39 496 14980
139905674 34 1574 15005
139925497 22 522 15011
140170025 26 1098 15087
140178032 21 2268 15089
140182365 35 1179 15090
140200943 22 1196 15095
140312213 24 1734 15127
140330170 37 578 15132
140509936 22 2313 15185
140553920 38 294 15198
140576606 24 1778 15205
140653666 20 2147 15229
140762779 25 2853 15259
140816619 30 2324 15276
140844433 21 2978 15285
140880219 34 908 15296
140976455 32 2612 15324
141154338 34 2315 15377
141222945 26 899 15397
141263922 22 2260 15409
141350946 32 252 15434
141428974 29 413 15457
141489497 39 335 15476
141521744 23 2808 15486
141579329 31 110 15504
141631564 26 1971 15520
141698025 34 1281 15542
141700534 20 1999 15543
141789691 28 444 15570
141800613 34 2332 15573
141984997 30 1901 15627
142013843 33 2122 15635
142019023 29 1517 15637
142116749 24 1212 15664
142141144 23 2089 15671
142158044 20 2235 15676
142210148 39 2481 15691
142292260 25 835 15714
142295349 32 2841 15715
142302096 25 1402 15717
142307550 31 2930 15719
142412840 27 120 15751
142432105 34 1052 15757
142448763 24 154 15762
142460839 29 2894 15765
142526866 22 1891 15785
142552309 25 1950 15792
142555433 36 440 15793
142583207 28 2810 15801
142605370 27 2307 15808
142641843 32 2472 15819
142773103 39 2267 15858
142878570 24 1853 15891
142945665 26 223 15912
142958040 27 441 15916
142998332 34 2490 15928
143100842 30 1453 15959
143201757 31 2624 15991
143224864 27 436 15998
143353044 32 1663 16037
143362464 26 2281 16040
143403300 20 610 16052
143457021 20 2938 16068
143460543 27 1112 16069
143490660 35 1111 16078
143537301 35 2875 16092
143650696 27 1659 16125
143684993 22 658 16136
143690996 31 1882 16138
143704169 24 2466 16142
143766705 39 270 16161
143799054 38 325 16170
143917184 32 757 16206
143934359 25 883 16211
143944380 32 228 16214
143963497 21 687 16220
144059954 35 2903 16248
144072072 23 1776 16252
144075055 21 194 16253
144109677 31 2491 16265
144137720 26 674 16273
144140129 21 2315 16274
144342626 37 2070 16335
144428059 37 1732 16362
144460422 34 982 16371
144477418 30 2857 16376
144518171 21 1408 16388
144637197 23 2543 16424
144704637 23 296 16445
144735051 20 2354 16454
144817007 37 2744 16478
144831128 34 990 16482
144859987 21 978 16491
144952163 34 1256 16520
144954213 20 629 16521
145030552 23 2321 16544
145053439 27 1720 16551
145131176 24 246 16575
145266343 37 1293 16618
145280303 29 412 16622
145375839 24 2116 16651
145449062 36 2414 16672
145455558 22 970 16674
145525400 37 418 16695
145528685 37 1972 16696
145575216 29 1795 16710
145608055 25 841 16719
145720871 29 434 16752
145833810 24 1496 16785
145853292 27 2664 16791
145968092 24 1809 16825
146014274 30 1404 16839
146025019 29 1720 16842
146201446 39 2396 16894
146232502 20 1421 16903
146356921 36 1017 16939
146372136 21 1219 16943
146404451 38 2644 16953
146497801 27 1623 16981
146511144 30 1056 16985
146530326 39 994 16991
146544664 20 53 16995
146552965 34 646 16998
146568404 39 1731 17003
146601431 38 1910 17012
146629229 25 1007 17021
146646345 37 2046 17026
146687928 34 2398 17039
146730374 25 138 17052
146765496 24 120 17063
146845623 26 783 17088
146904286 34 1004 17104
146956291 25 2298 17119
146968782 29 712 17123
146984621 22 2579 17128
147044880 36 763 17147
147070643 31 224 17155
147157822 39 673 17182
147171201 24 2220 17186
147244046 33 449 17207
147286046 27 2360 17220
147292924 22 129 17222
147294604 34 746 17223
147372778 24 2296 17247
147390212 34 2153 17252
147423760 20 1527 17263
147515281 24 2899 17290
147699075 22 980 17344
147754500 38 1795 17361
147828706 28 2524 17383
147893064 37 1982 17402
147987515 27 2183 17430
147994613 22 1551 17432
148058154 29 2368 17450
148188286 23 1690 17489
148305207 36 2501 17524
148341801 28 1526 17534
148368980 33 1635 17542
148422567 24 2204 17558
148437713 20 2884 17562
148508436 20 885 17583
148545539 24 2767 17593
148569858 29 2932 17601
148593647 36 2602 17608
148608112 25 1117 17612
148617905 21 789 17615
148624904 34 2519 17617
148632397 39 2476 17619
148650837 21 340 17624
148668648 36 1900 17630
148675929 31 2069 17632
148681078 36 2136 17634
148697304 23 1047 17639
148729969 27 1335 17649
148736032 36 727 17651
148761600 24 2605 17659
148792059 32 2706 17669
148822870 39 990 17678
148871635 24 1352 17693
148982606 21 579 17728
149027087 34 2307 17742
149072571 28 950 17755
149075739 28 89 17756
149106465 23 2130 17764
149117683 27 2704 17767
149121948 24 2542 17768
149128491 32 680 17770
149183108 36 564 17786
149193947 28 1458 17789
149264407 22 1763 17810
149307680 26 1220 17823
149320837 21 1943 17827
149345321 33 1456 17834
149367635 36 308 17841
149406786 24 200 17852
149409862 31 464 17853
149444693 29 2382 17863
149465862 21 1012 17869
149547301 36 1797 17895
149602426 24 314 17912
149648663 39 784 17925
149655826 31 1623 17927
149676136 33 1603 17933
149684957 21 1679 17936
149739180 23 1972 17951
149780494 37 1766 17963
149933849 34 1392 18010
149977851 36 1809 18025
149993045 38 2372 18030
150086189 27 1140 18057
150095843 27 1364 18060
150105581 29 1422 18063
150178221 36 2803 18085
150186197 27 2594 18087
150196769 23 246 18090
150233275 36 2018 18101
150247367 26 825 18106
150250490 22 2693 18107
150276497 38 2780 18114
150294557 29 1810 18119
150430122 28 979 18159
150434455 22 608 18160
150469501 27 1133 18171
150506289 32 36 18182
150525676 21 1574 18188
150547263 23 1795 18194
150593176 22 651 18208
150654881 21 1651 18228
150709127 33 1239 18244
150749697 38 1434 18256
150836735 32 629 18281
150863260 26 161 18289
150902910 20 1664 18300
150938608 33 2780 18311
150975732 22 1439 18322
150978876 37 1947 18323
150989564 35 1731 18326
151010022 29 1999 18332
151133641 20 63 18368
151136457 25 1463 18369
151188819 29 417 18384
151275657 33 1317 18409
151389573 32 2633 18442
151396824 25 906 18444
151403748 27 203 18446
151497362 38 296 18474
151628322 31 2465 18515
151641412 39 1126 18519
151657407 26 832 18524
151709931 38 2949 18540
151757891 28 1823 18555
151782686 32 487 18562
151837193 33 1181 18577
151875934 33 1893 18589
151946432 32 2561 18610
151969408 27 301 18617
152021320 23 1909 18633
152085099 24 1485 18653
152152542 21 1642 18673
152164130 23 1897 18676
152190441 31 1921 18684
152207546 31 774 18689
152227591 20 1399 18695
152266099 20 2980 18707
152318581 25 1788 18723
152324353 37 2093 18725
152328105 29 1780 18726
152430673 21 2136 18757
152468454 25 382 18768
152471759 22 607 18769
152503691 30 2385 18779
152656011 29 1973 18824
152666545 25 2867 18827
152683385 25 735 18832
152804552 25 1320 18869
152956768 37 2450 18915
152960453 22 1052 18916
153014418 31 2119 18933
153185711 29 399 18984
153189652 30 2919 18985
153234462 24 1893 18999
153265874 21 1984 19008
153268211 37 2694 19009
153346315 23 2628 19032
153384950 20 2658 19043
153444447 39 525 19060
153475361 36 2944 19069
153499422 24 1711 19077
153534450 31 2278 19088
153590612 38 220 19105
153656220 28 1543 19125
153698664 27 158 19137
153707432 38 1564 19140
153713724 27 2148 19142
153735569 29 1244 19148
153872868 38 584 19191
153894887 28 823 19197
154079941 33 1271 19254
154123595 23 1486 19268
154143059 31 2435 19274
154168491 21 2221 19282
154188478 24 338 19288
154206184 28 668 19293
154301713 22 1650 19325
154342046 27 2642 19337
154386983 24 1440 19350
154397427 26 2821 19353
154433290 31 1020 19364
154487753 24 1442 19380
154509020 39 28 19387
154574790 20 1508 19407
154583533 38 534 19410
154627890 22 2732 19423
154668820 23 740 19435
154682740 20 2820 19439
154744946 20 227 19457
154795564 22 1896 19473
154857315 34 2919 19491
154873859 29 2332 19496
154894764 31 333 19503
154913670 32 1588 19508
154973593 25 1716 19526
154998776 24 1016 19534
155021981 30 2182 19541
155079570 21 1236 19558
155290475 26 2842 19621
155322571 21 2875 19631
155361248 36 1802 19643
155368715 36 2274 19645
155481238 30 642 19678
155519216 35 1894 19689
155526400 37 776 19691
155574129 26 540 19706
155591057 28 1642 19711
155597996 25 1428 19713
155613303 39 601 19717
155672403 28 374 19737
155739161 29 2652 19756
155788967 23 2580 19771
155968983 36 2947 19827
155990667 21 2797 19833
156021587 37 2690 19843
156031441 32 671 19846
156037418 36 1843 19848
156086611 22 591 19863
156200387 39 757 19898
156243904 25 1497 19911
156256431 28 2423 19915
156308720 32 1904 19930
156337092 38 2492 19939
156358940 21 320 19946
156376927 26 301 19951
156418048 39 229 19963
156421704 20 1705 19964
156434467 26 1231 19968
156470426 39 2039 19979
156651035 27 2497 20033
156768679 35 2471 20067
156808333 22 185 20078
156913945 20 1759 20109
156948490 25 503 20119
156974269 29 1776 20127
157068325 20 69 20155
157114183 31 2087 20169
157151399 22 1857 20181
157181875 26 2116 20191
157220896 34 770 20202
157282590 26 244 20221
157315686 39 1061 20231
157365278 20 513 20246
157389237 24 802 20253
157430412 23 1473 20265
157568117 35 952 20308
157585325 28 2269 20313
157622628 23 228 20326
157666993 29 2441 20339
157733750 35 2420 20360
157739723 37 2010 20362
157770503 25 1500 20371
157884879 25 1848 20405
158035466 29 1831 20450
158044743 34 1300 20453
158050786 29 2798 20455
158082293 35 2853 20464
158104341 36 862 20470
158118926 38 1879 20474
158222706 34 2029 20506
158228781 33 2185 20508
158263239 30 877 20517
158293811 37 2637 20527
158358510 33 1805 20547
158466235 28 2545 20578
158470006 38 2656 20579
158582853 39 1000 20613
158680474 21 1771 20642
158683716 36 177 20643
158690922 26 188 20645
158754343 34 2217 20664
158756122 39 2130 20665
158778513 25 120 20672
158830867 38 1555 20689
158868401 28 640 20700
158975310 36 905 20732
158994252 39 1724 20738
159131915 28 672 20780
159209033 38 1796 20803
159220597 23 2381 20806
159242970 24 2301 20813
159251454 33 2231 20816
159382823 25 221 20856
159392912 26 443 20859
159411583 34 2176 20864
159514045 31 2502 20896
159534417 30 1812 20902
159547610 30 1021 20906
159571025 22 427 20913
159621240 35 893 20928
159626766 28 1247 20930
159732887 36 1788 20962
159737035 39 667 20963
159849052 24 2855 20997
159853370 38 254 20998
159933637 25 2772 21022
159939894 26 1899 21024
160015108 30 2651 21047
160024971 30 374 21051
160094723 27 2791 21073
160131165 21 1847 21084
160165850 23 1213 21093
160173095 28 1689 21095
160180889 31 1915 21097
160259270 29 32 21122
160304565 36 1121 21136
160355793 37 934 21151
160434530 33 27 21174
160460327 34 643 21182
160583082 21 2376 21218
160606350 38 2727 21225
160655560 30 2802 21240
160805195 39 570 21284
160835247 24 619 21293
160896137 28 1432 21311
160970254 32 896 21334
161003216 29 1553 21344
161190651 27 2982 21399
161193768 22 2587 21400
161238056 21 680 21414
161254867 33 582 21419
161265400 37 2635 21422
161280279 38 2368 21427
161300758 25 2526 21433
161333324 31 2312 21443
161365724 33 2508 21453
161407979 23 2333 21466
161452186 30 801 21479
161501762 26 2913 21494
161570838 22 998 21515
161577319 33 601 21517
161584354 37 1184 21519
161589786 25 1919 21521
161639196 25 301 21536
161641054 26 648 21537
161679441 30 1912 21548
161808701 36 142 21588
161818857 21 1687 21591
161867155 37 2059 21605
161872744 31 1242 21607
161987442 29 703 21642
162014427 38 957 21650
162020723 30 1405 21652
162069874 37 2 21667
162130784 23 2772 21684
162140813 33 1892 21687
162221696 39 2108 21711
162276688 23 391 21728
162284193 33 247 21730
162339160 21 879 21745
162389819 31 193 21761
162401952 23 221 21765
162405519 28 2936 21766
162481376 21 1006 21789
162676107 28 836 21848
162768784 31 347 21875
162828690 20 2336 21893
162831690 22 1242 21894
162870652 26 1037 21906
162975016 39 2965 21937
162978785 30 2554 21938
163028105 26 1830 21954
163106349 31 2716 21976
163144285 33 2534 21988
163165318 31 1858 21994
163213578 26 323 22008
163258083 39 402 22022
163261406 30 368 22023
163271947 34 1691 22026
163325443 20 1471 22041
163350660 34 2757 22048
163365905 25 1688 22052
163427057 24 409 22071
163555941 28 1744 22110
163565996 31 2433 22113
163592002 33 1013 22120
163623215 31 295 22128
163697502 26 2921 22151
163766137 23 574 22172
163784524 21 1255 22177
163867635 27 1594 22201
163870904 22 2027 22202
163879755 32 621 22205
163947594 37 546 22226
163957416 31 763 22229
163967015 28 576 22232
163989762 38 24 22239
164034229 33 954 22252
164092102 30 1121 22270
164134725 29 296 22283
164144935 24 632 22286
164204159 29 2001 22304
164345071 21 2863 22346
164544184 21 568 22407
164648237 33 2954 22438
164651594 37 1818 22439
164698046 31 1337 22453
164867487 39 920 22504
164878164 31 2659 22507
164959362 29 110 22531
165005250 26 2496 22545
165027150 20 2732 22551
165083012 21 1608 22568
165105326 31 1658 22574
165120911 27 130 22579
165125244 20 113 22580
165143442 39 2877 22585
165189141 20 1143 22599
165239551 31 354 22614
165283236 28 882 22627
165443496 37 534 22674
165549070 31 1886 22704
165555659 27 2520 22706
165577647 34 1858 22712
165588819 35 665 22715
165636773 28 1992 22729
165643256 34 2499 22731
165732278 39 1186 22758
165748906 20 465 22763
165819634 34 2779 22785
165921974 34 958 22815
165971564 33 460 22830
166141776 23 1860 22881
166202419 24 1108 22899
166206581 39 1397 22900
166223919 22 78 22905
166359449 26 1418 22946
166407076 31 772 22960
166462833 21 1595 22977
166475658 20 2807 22981
166502670 25 2892 22989
166564064 39 1572 23006
166572579 30 986 23009
166598448 24 1159 23017
166630536 35 110 23026
166640074 26 2772 23029
166678887 25 44 23041
166711943 29 1841 23051
166735798 38 1037 23058
166917756 21 1596 23114
166932602 38 169 23118
167047585 22 1112 23151
167107397 28 100 23170
167128777 33 1705 23177
167156006 29 2693 23186
167167236 24 748 23189
167217652 28 706 23205
167261801 25 2890 23218
167293862 34 308 23229
167370903 31 1882 23254
167414282 26 2745 23267
167485684 24 2062 23289
167582907 32 861 23319
167782881 24 931 23380
167850999 26 2310 23402
167883974 28 1930 23412
168122361 32 969 23485
168139459 20 1995 23491
168186017 38 2203 23506
168220514 22 38 23517
168334916 20 2730 23552
168347036 35 2818 23556
168368175 30 2397 23562
168376917 30 2574 23565
168379416 23 2218 23566
168427381 24 2331 23580
168465436 36 200 23591
168471804 23 1416 23593
168632533 29 1392 23643
168648903 21 2777 23648
168764733 24 2572 23682
168795540 37 1566 23691
168856879 37 1248 23710
168916469 32 1919 23727
168981948 36 2368 23747
169028362 37 1658 23760
169033390 37 1615 23762
169041461 38 2060 23764
169050115 28 2869 23767
169074152 23 2685 23774
169084282 39 929 23777
169143336 31 1695 23795
169157625 35 1415 23799
169239702 30 2873 23823
169285356 30 1299 23837
169307400 27 798 23843
169335669 36 2866 23852
169388057 34 1856 23868
169416584 32 1640 23877
169433085 25 1726 23882
169454183 32 461 23888
169517706 23 573 23907
169531035 33 889 23911
169561140 36 62 23920
169564320 31 2128 23921
169572112 32 2129 23923
169631585 32 1695 23939
169658670 28 646 23947
169667609 21 2383 23950
169686296 30 2491 23956
169772372 32 2552 23983
169782383 36 709 23986
169886886 26 2333 24018
169952615 39 1149 24037
169964799 35 1114 24041
170112518 24 1453 24085
170173745 26 353 24104
170221111 23 1311 24120
170247772 31 547 24128
170291013 39 2708 24141
170337575 26 1787 24154
170390495 31 1600 24170
170570084 27 782 24223
170627241 24 589 24240
170804818 26 1532 24293
171034290 29 1386 24363
171111144 24 2813 24386
171150276 36 1776 24398
171179863 35 1669 24407
171241924 37 2798 24425
171252517 39 2381 24428
171261485 24 1538 24431
171282103 25 2294 24437
171288469 36 2717 24439
171299068 36 1113 24442
171332694 24 2543 24452
171344923 35 1221 24456
171360277 21 1600 24461
171370454 25 2526 24465
171476885 26 339 24497
171554883 22 2211 24524
171562926 35 1468 24526
171573572 23 607 24529
171674902 23 1690 24559
171680862 36 275 24561
171697315 28 0 24566
171780552 26 1654 24590
171854293 24 1122 24613
172080830 37 1072 24680
172152456 34 1361 24702
172236356 36 1951 24729
172504164 32 2384 24813
172507809 37 356 24814
172624780 26 2139 24851
172886862 28 1278 24928
172919291 39 525 24938
172981948 23 66 24959
172989382 29 1425 24961
172992469 36 1051 24962
173002505 24 203 24965
173040840 26 2681 24976
173083781 34 2774 24989
173136268 27 168 25007
173198286 24 1475 25025
173236283 30 1237 25037
173246585 26 1783 25040
173395632 22 491 25086
173427228 24 847 25096
173484136 26 628 25113
173487828 24 2267 25114
173502839 29 2181 25119
173681709 24 685 25175
173717818 30 2818 25186
173729506 29 727 25190
173742525 28 2295 25194
173942728 25 1351 25256
173970523 26 3 25265
174095287 31 843 25307
174119018 26 1461 25314
174185125 30 2492 25334
174227485 22 2859 25347
174281080 27 102 25363
174315859 32 2318 25374
174323803 22 2319 25377
174437845 29 1117 25412
174490872 32 1323 25428
174538040 29 2586 25441
174541371 27 573 25442
174605397 23 277 25463
174665683 27 2910 25481
174685836 38 1753 25487
174688503 33 1569 25488
174722837 21 2427 25498
174821586 32 500 25528
174882714 35 2660 25546
174986906 22 963 25577
175000236 32 111 25581
175011879 36 2008 25585
175056942 37 1867 25598
175067038 24 256 25601
175103191 20 427 25611
175218221 25 248 25645
175221128 36 1886 25646
175273643 23 1404 25662
175326939 36 709 25677
175411102 30 1831 25701
175438231 33 2698 25709
175468951 33 447 25718
175521240 29 2417 25734
175549215 35 1059 25742
175581663 36 698 25752
175646719 31 671 25773
175688107 38 2495 25786
175754433 34 594 25806
175777297 37 226 25813
175817095 36 811 25825
175825761 34 238 25827
175913545 35 474 25853
175975485 21 1393 25871
176001743 20 2941 25879
176156795 33 808 25927
176225229 37 2507 25949
176339218 20 2838 25985
176347508 33 2057 25987
176356267 20 1219 25990
176396371 20 2343 26002
176466932 25 1602 26022
176476401 22 1655 26025
176533910 28 2246 26042
176585455 37 1947 26059
176591100 23 2551 26061
176604146 34 225 26065
176808431 39 793 26125
176892116 27 1102 26150
176910471 32 2626 26156
176932773 24 1744 26163
176951826 35 1922 26169
176982573 31 1137 26179
177031386 21 689 26193
177046847 34 482 26198
177051028 39 17 26199
177167120 29 1760 26234
177171453 25 470 26235
177184286 37 317 26239
177232292 37 777 26254
177281908 22 2656 26268
177314196 33 2012 26277
177471296 29 2110 26324
177668581 20 388 26383
177680004 21 1110 26386
177687291 21 2884 26388
177700236 31 515 26392
177709151 37 1151 26395
177712331 24 2617 26396
177734614 32 2706 26403
177836749 25 2102 26434
177847323 25 2532 26437
177997767 22 2487 26481
178006697 32 617 26484
178083024 26 740 26506
178300773 30 1694 26574
178363323 23 1284 26592
178485953 29 1490 26627
178517873 20 2874 26637
178626153 36 2995 26670
178653212 25 2355 26678
178655670 37 1134 26679
178664613 27 1913 26682
178786629 33 2374 26718
178823100 35 486 26729
178863004 31 1718 26742
178899253 39 2180 26754
179036631 24 1005 26799
179084767 38 2089 26814
179086260 28 1611 26815
179095111 31 43 26818
179179506 35 354 26844
179273459 38 57 26873
179290611 34 2756 26878
179306950 37 2414 26883
179342616 35 971 26894
179369303 27 2110 26902
179415930 33 840 26918
179448225 32 2118 26928
179450990 23 2651 26929
179542767 34 2247 26958
179603433 39 988 26976
179610224 25 2976 26978
179794283 35 245 27037
179800348 37 244 27039
179841351 28 1708 27051
179881913 30 2752 27063
179933947 38 2919 27078
179936662 36 1771 27079
180013212 23 277 27105
180020477 37 889 27107
180034075 28 553 27111
180184252 26 706 27155
180314071 36 1974 27195
180321265 27 2720 27197
180459443 28 2075 27239
180511437 34 516 27254
180521216 37 2128 27257
180564604 25 2068 27271
180628371 21 1766 27291
180631182 32 1584 27292
180646004 37 1202 27297
180713697 28 2358 27318
180743011 36 832 27327
180795731 21 1000 27343
180832233 34 2005 27355
180991122 39 818 27403
181071533 30 2744 27427
181100559 27 1079 27435
181106292 21 940 27437
181201019 27 2711 27465
181239036 22 1774 27477
181313739 24 919 27499
181321711 21 2967 27501
181345852 21 1150 27508
181365305 36 2250 27514
181389143 23 503 27521
181397475 35 2998 27524
181415901 33 2933 27529
181419950 23 637 27530
181441773 35 87 27536
181448383 20 1913 27538
181476012 39 1992 27547
181485992 31 2469 27550
181492480 37 2835 27552
181495583 35 1302 27553
181519262 30 1286 27560
181582481 37 1023 27579
181586355 27 2645 27580
181671150 33 1520 27606
181729906 35 2580 27623
181756257 23 589 27631
181791827 25 410 27641
181844836 39 1790 27657
181851383 33 1364 27659
181866167 31 818 27663
181966310 33 2418 27694
181987251 29 90 27700
182006837 27 1382 27705
182019997 30 895 27709
182194293 29 1577 27759
182271763 26 2292 27781
182380320 36 1387 27814
182460823 31 709 27838
182464989 24 2969 27839
182475754 33 2220 27842
182525040 24 559 27857
182557106 36 2194 27866
182597567 28 1790 27878
182687375 36 96 27905
182694209 25 269 27907
182740013 29 666 27921
182754116 23 1709 27926
182770095 25 1319 27931
182843895 20 864 27952
182870039 32 433 27960
182948168 39 852 27983
182999267 34 377 28000
183012754 24 2443 28005
183035209 21 351 28012
183061908 21 2650 28020
183097578 27 952 28030
183124362 31 1005 28038
183148077 21 540 28045
183159930 38 2158 28048
183180422 38 1929 28054
183248287 29 598 28076
183261041 33 2550 28080
183272872 26 992 28084
183297742 21 2612 28092
183322848 25 1256 28100
183336907 38 963 28104
183366458 36 1314 28113
183462124 28 16 28142
183471179 38 2040 28145
183481380 21 1219 28148
183572989 33 965 28176
183676772 20 1461 28208
183709179 34 1683 28217
183797437 25 1813 28244
183924507 31 638 28284
184035122 23 0 28318
184044051 30 510 28321
184067237 33 1507 28328
184142575 25 2891 28350
184154949 21 2784 28354
184169770 37 1433 28359
184236226 22 739 28379
184297170 20 1820 28396
184351854 25 1831 28413
184413662 36 2603 28433
184420132 28 2528 28435
184429866 30 817 28438
184436265 24 464 28440
184450666 36 339 28445
184466456 24 1280 28449
184504690 33 414 28461
184596051 20 2502 28489
184632491 36 1305 28500
184657629 22 251 28508
184845427 21 994 28564
184902088 37 1064 28581
184935188 33 236 28591
185042119 32 2816 28622
185077079 23 772 28633
185112023 24 241 28643
185271773 24 2755 28691
185369005 23 2128 28720
185479548 23 2714 28753
185665123 22 2075 28807
185693343 27 2149 28816
185795572 24 1429 28845
185870530 22 1169 28868
185919103 38 1571 28883
185965983 21 1067 28896
186093145 38 2035 28936
186113835 33 1851 28943
186119694 23 241 28945
186121394 36 2288 28946
186179861 37 99 28963
186222444 20 244 28976
186375233 37 2067 29022
186396506 37 952 29028
186482213 29 242 29054
186501488 33 2314 29060
186551567 20 2616 29075
186558344 38 364 29077
186583693 28 1037 29085
186590233 36 2173 29087
186690706 30 1116 29116
186697780 21 1502 29118
186830481 27 2721 29156
186963224 20 1809 29196
187017840 30 1911 29213
187165656 38 958 29256
187176617 29 71 29259
187186253 36 740 29262
187217016 29 1123 29271
187275121 27 1148 29287
187352510 26 2800 29310
187588346 38 2185 29382
187625421 32 113 29394
187662706 32 1106 29405
187706464 24 428 29418
187771750 36 1343 29437
187831249 31 408 29455
187844452 32 278 29459
187913323 38 304 29480
187954107 35 1251 29492
187973093 38 1671 29498
187988345 31 2191 29503
188107230 31 2676 29541
188170883 39 251 29560
188284812 24 1950 29594
188352641 33 2706 29615
188356578 25 1846 29617
188413113 37 1661 29634
188570548 24 2129 29685
188672217 25 1091 29716
188748338 36 2305 29739
188765236 23 1291 29744
188770928 31 439 29746
188793912 25 715 29753
188815922 38 583 29759
188857470 30 1600 29772
188892493 22 1720 29783
188902664 33 1564 29786
188929776 39 1933 29795
188966666 38 1301 29806
189063729 22 2738 29835
189100801 27 2554 29847
189261838 24 1360 29897
189297395 23 2336 29908
189463210 21 2348 29959
189466364 25 2756 29960
189491133 31 2947 29967
189525651 26 1705 29977
189534015 33 1747 29979
