152749 108 538 7
409091 107 313 20
456261 109 338 22
734431 103 1475 36
1128944 118 1948 55
1470084 100 270 72
1684568 114 397 83
2483267 101 1644 123
2541249 115 1031 126
2872613 102 762 141
4083840 107 1229 201
4355922 100 633 215
4393580 113 515 217
4652161 112 1232 231
5469084 105 1380 271
5509139 113 1022 273
5727845 118 1699 284
5820515 107 1546 289
5855232 104 109 291
5965774 109 468 297
6045841 108 609 301
6510286 106 1483 325
6608187 104 474 330
7011988 104 1214 350
7114326 114 1076 355
7146635 107 998 357
7226001 111 1522 361
7342145 100 1329 367
7801526 119 1299 389
7977515 104 1813 397
8088421 113 522 403
8165032 110 1942 407
8380183 118 100 417
8461955 106 16 421
8898264 110 110 443
8922151 109 1144 444
9390678 112 1430 467
9818922 109 70 489
10727039 104 679 535
10748548 105 365 536
10825933 109 1070 540
11403411 101 1399 569
11737321 119 518 586
11757454 115 1047 587
13622082 119 1094 679
14187631 111 1512 708
15572957 102 1234 775
15803152 107 1383 786
15868219 112 44 789
15963248 111 1112 793
16177711 103 324 804
16353915 112 577 813
16631011 117 1080 827
16888651 108 272 840
16907155 103 1141 841
17074231 103 1932 849
17094188 116 1312 850
17109188 118 760 851
17213428 117 1180 856
17582683 104 1091 874
17599745 112 1392 875
17769991 115 147 883
18221507 102 133 905
18623965 105 725 925
18703725 117 192 929
19182747 117 373 952
19457545 115 434 966
19769287 103 747 982
19936454 108 760 990
20237216 111 108 1005
20466195 112 1228 1016
20638971 104 1845 1025
20704313 107 1846 1028
21141786 110 1494 1050
21414666 101 811 1064
21792420 112 1181 1083
21832748 104 1128 1085
22104872 100 1416 1099
22507094 113 888 1119
22528342 101 208 1120
22777503 112 638 1131
24328725 107 369 1209
24349198 115 528 1210
24544841 118 1861 1220
25121928 102 1820 1250
25351382 119 288 1262
25704973 113 847 1279
25787007 109 147 1283
26157695 115 568 1301
26732222 103 1948 1330
27372790 107 1979 1361
27861550 100 619 1386
27877353 119 1980 1387
28057729 108 810 1396
28189839 106 1761 1403
28424164 115 905 1415
28666796 113 1929 1427
29111175 106 52 1450
30519437 103 1957 1521
30610709 104 455 1526
30956526 111 652 1542
31022729 117 404 1545
31046302 105 605 1546
31454161 109 1441 1566
31514446 113 3 1569
32104908 115 1670 1599
32144273 119 685 1601
32427770 100 1774 1616
32464646 100 637 1618
32736498 101 928 1632
32858980 116 1254 1638
32968626 117 1172 1644
33394254 101 582 1666
34052958 104 1137 1700
34904864 104 315 1744
35067027 111 128 1752
35110968 108 495 1754
35336704 102 851 1765
35856287 101 636 1792
35993201 103 402 1799
36623873 106 1903 1831
36784401 108 193 1839
37073058 107 1449 1853
37108812 119 1859 1855
37170175 116 1872 1858
37434605 116 760 1871
37660567 116 897 1883
38098027 104 1655 1905
38603074 101 573 1930
38862280 101 793 1943
39014626 109 1474 1950
39330277 117 1443 1966
39439657 106 371 1972
39694376 106 1586 1985
39793509 102 493 1990
40422098 100 608 2021
40558139 102 727 2028
40591878 101 178 2030
40607961 113 958 2031
40630801 104 1715 2032
40671715 101 1969 2034
41362788 105 420 2068
41604344 104 1680 2080
41836809 115 1468 2091
42012158 106 1393 2100
42215039 108 295 2110
42277741 119 980 2113
42341093 104 1617 2116
42426211 110 1704 2121
42456627 118 77 2123
42582303 114 1556 2129
42722054 117 1308 2136
43083713 118 1494 2153
43185546 102 557 2158
43805916 107 1915 2189
44373026 106 1666 2218
44543566 116 1100 2227
45103832 112 748 2256
45511693 112 1400 2277
45907450 116 810 2297
46239010 105 119 2314
46853249 106 1857 2345
47051231 110 1240 2355
47308630 105 19 2368
47569056 112 869 2380
48063613 111 353 2405
48738220 108 1399 2439
49100836 103 932 2457
49140453 116 958 2459
49505784 114 521 2477
49761561 105 239 2489
49823097 106 90 2492
49903154 119 920 2496
49928154 108 1107 2497
49964139 119 1395 2499
50267763 100 1180 2514
50698811 104 49 2536
51174374 102 1219 2560
51312697 107 1743 2567
51483240 115 1304 2576
51519049 108 1083 2578
51540365 112 521 2579
51580956 106 1977 2581
51620253 113 1194 2583
51784821 103 290 2592
52043322 104 636 2605
52104408 118 0 2608
52124454 115 580 2609
52472415 106 1820 2626
52563016 108 193 2631
52602270 105 288 2633
52633405 116 1187 2635
52734937 117 889 2640
53201147 115 125 2663
53285336 107 1002 2667
53430751 103 906 2674
53955273 109 12 2700
54519848 100 489 2728
54544511 117 88 2729
55179028 100 10 2759
55223987 119 1080 2761
55309964 114 1028 2765
56083997 104 394 2805
56461354 112 616 2824
56611402 101 765 2832
56717190 119 910 2837
56736479 105 1976 2838
56802273 112 683 2841
56897991 110 1753 2846
57156409 108 1455 2858
57179753 107 1418 2859
57378695 102 539 2869
57439181 118 1835 2872
57591204 105 1481 2880
59018366 102 1407 2952
59037732 113 980 2953
59058269 119 140 2954
59294131 119 971 2966
59385678 102 158 2970
59698557 117 1184 2986
60005712 115 637 3001
60086345 104 730 3005
60234359 113 630 3012
60410515 119 196 3021
60928077 103 1298 3047
61234949 115 138 3062
61745434 110 1908 3088
61828879 116 483 3092
61924351 104 497 3097
62535035 117 29 3128
62592148 104 1290 3131
62676876 100 1828 3135
63469921 105 1377 3175
63719056 102 656 3187
64210504 118 586 3212
64387563 112 891 3221
64576972 104 1618 3230
64789059 108 115 3241
65327376 114 703 3268
65385832 119 233 3271
65468076 115 469 3275
66609237 103 1423 3333
66753253 103 1616 3340
67469656 112 1491 3374
69211393 119 417 3459
69624658 106 356 3480
69718309 103 1577 3485
70656052 109 1591 3532
70738608 114 1186 3536
70920464 111 1668 3545
71468030 105 267 3571
71577564 104 1007 3576
71949445 117 1475 3595
72367031 102 638 3617
72699186 116 748 3633
72974834 108 1544 3647
73216519 117 415 3659
73367150 115 1673 3667
73912410 102 657 3694
74047115 100 1159 3700
74434053 103 945 3719
74624089 105 1993 3729
74643927 110 1102 3730
74661845 119 1543 3731
74800750 106 1035 3738
74953781 112 919 3746
75361731 100 1496 3766
75554125 103 1683 3776
75683515 119 1474 3783
75873126 101 1755 3792
76988606 111 888 3848
77336701 114 244 3865
77690506 103 681 3883
77839482 106 1640 3891
77960819 119 1921 3897
78008528 116 1350 3899
78307203 118 103 3914
78962061 114 195 3946
79535075 102 463 3973
79795607 111 219 3986
80018235 108 1049 3997
80340083 119 506 4013
80492326 107 15 4021
80628370 105 1632 4028
80650565 106 86 4029
80986755 108 788 4046
81124546 116 86 4053
81266310 112 1516 4060
81635472 106 1188 4079
82395890 118 47 4118
82455138 106 1998 4121
82494972 119 975 4123
82603090 119 305 4128
82623695 117 594 4129
82665116 100 497 4131
82769378 106 620 4136
82847801 101 269 4140
83271147 105 186 4161
83294755 114 1803 4162
83955366 103 1397 4196
84491992 118 1578 4223
84728797 104 1206 4235
85345535 102 727 4265
85855318 107 635 4290
85948070 111 185 4295
86078234 110 308 4302
86123784 107 1579 4304
86493822 118 1110 4322
86552093 119 1649 4325
86696759 104 696 4333
88035017 111 1419 4400
88113341 116 1362 4404
88201311 105 455 4408
88243892 108 1061 4410
88309770 110 653 4413
88584776 116 932 4427
89084390 105 1411 4452
89231737 105 1751 4459
89341014 100 1911 4465
89463872 104 1794 4471
89906247 101 1921 4493
89922050 103 113 4494
90284489 119 806 4512
90599684 109 1592 4527
90701703 109 1119 4532
90864545 103 266 4540
91085427 119 1535 4551
92395839 108 647 4619
93044138 109 1283 4652
93398540 119 223 4670
93456419 117 1705 4673
93701671 102 108 4685
93757494 119 1424 4688
94092228 113 156 4705
94189730 118 1100 4710
94232363 117 280 4712
94721990 110 1193 4735
94738209 103 892 4736
94799928 111 261 4739
94959149 105 900 4748
95306553 105 940 4765
95343968 102 1402 4767
96073434 107 639 4803
96433712 100 1953 4821
96658132 105 626 4832
96718629 100 992 4835
96762321 110 1833 4837
96893507 109 1445 4843
96969106 101 1447 4847
97080971 106 938 4853
97248970 104 1368 4861
97271777 109 484 4862
97388325 102 1505 4868
97552082 115 1190 4876
97633458 105 1801 4880
98071002 109 317 4902
99212243 118 706 4960
99761513 105 1830 4988
99825748 102 595 4991
99913999 109 1814 4995
100840532 117 1243 5042
101128754 110 229 5056
101297367 100 680 5065
101595869 113 1191 5080
101652875 100 138 5083
101777654 114 1682 5089
101855383 113 1710 5093
102171289 108 150 5109
103838493 109 1530 5190
105727875 117 395 5284
105847602 118 1637 5290
105898637 113 1512 5293
105939393 105 721 5295
106254868 103 1040 5311
106555208 117 1069 5326
106604964 100 1510 5328
107895777 115 657 5393
109108625 119 437 5452
109130384 111 1479 5453
109420571 114 636 5468
109621918 111 550 5478
109975986 105 19 5495
110565163 102 1937 5525
110649251 100 350 5529
110840574 118 99 5538
111225234 100 231 5557
111546957 113 409 5573
111622626 104 698 5577
111754829 110 1860 5583
111809698 114 1675 5586
112002780 117 1919 5596
112280076 108 213 5610
113166903 115 905 5653
113245141 112 1897 5657
113867501 103 585 5689
114096343 110 1547 5700
114118935 103 1471 5701
114948534 106 234 5742
115805479 104 1963 5785
116046989 104 1968 5797
116309223 114 1421 5810
116943689 118 1229 5841
116986622 114 399 5843
118036718 110 1674 5895
118350413 102 650 5911
118451743 110 31 5916
119196063 102 952 5954
119369754 111 1443 5963
119427587 108 419 5966
119724696 100 425 5981
120889116 108 1358 6038
121000515 117 883 6044
121563226 101 1184 6073
121844570 105 1571 6086
121928108 108 1867 6090
122029451 104 636 6095
122154619 101 1753 6101
122193399 106 1109 6103
122848682 104 1310 6137
122951105 116 1312 6142
123784894 107 980 6184
124715296 105 30 6230
125429608 111 731 6266
125507397 104 1930 6270
125727494 106 1508 6281
125981250 100 1570 6294
127293781 101 1753 6357
127436974 119 896 6364
127481245 119 1329 6366
127528089 113 1541 6368
127659377 117 1271 6374
128042173 118 572 6393
128506511 104 1647 6416
128771200 110 1681 6430
128972696 111 537 6440
129250584 103 1388 6454
129637733 115 759 6474
129657366 114 911 6475
129848216 101 207 6484
129864977 118 1740 6485
130325098 112 472 6509
130356673 107 212 6511
131295978 109 689 6557
131529434 117 556 6569
131752855 102 572 6580
131854000 117 172 6585
132226077 108 1940 6604
132303539 119 811 6608
132403316 111 1533 6613
133506526 102 786 6667
133592581 100 18 6671
134624231 107 775 6724
135580521 112 222 6772
136399784 102 807 6813
136614650 111 490 6824
136710234 115 1462 6829
137035563 102 883 6845
137073924 106 13 6847
137437739 102 1361 6865
137803052 113 57 6883
138210339 102 37 6904
138287613 119 1915 6908
138308870 119 255 6909
138757594 110 729 6932
138979100 108 205 6943
138997927 106 6 6944
139113572 113 870 6950
139602764 103 381 6974
139923855 104 1997 6990
140522097 101 1454 7020
140719952 113 1973 7030
141393081 111 722 7063
142018923 110 960 7094
142802080 106 1591 7133
142847068 104 635 7135
143089145 116 833 7148
143534218 117 606 7169
144575370 117 399 7220
145046111 103 1597 7244
145104173 107 1132 7247
145395291 102 512 7261
145716690 109 1092 7277
145978238 112 134 7291
146038686 100 1863 7294
147220754 119 1604 7352
147526743 115 1434 7367
147823194 107 1063 7382
149218958 115 624 7450
149312131 103 26 7455
149450413 102 1655 7462
149705868 106 1552 7473
149947074 111 1787 7485
150285705 110 1291 7502
150653963 103 1256 7521
151321154 108 1369 7554
151455030 100 1197 7561
151475034 110 1605 7562
151903664 113 1906 7583
153523598 104 639 7665
153886382 102 1925 7683
154025929 104 1755 7690
154141105 108 1169 7696
154318225 101 801 7706
154624963 111 1709 7721
154649484 105 1636 7722
154972685 102 1377 7738
155073358 100 1570 7743
156096674 114 1708 7794
156111794 104 907 7795
156174449 103 1390 7798
156459183 111 1668 7812
156824010 115 1901 7830
157348662 119 1553 7856
157481974 106 1721 7863
157996249 117 1368 7889
158040934 115 1070 7891
158402648 109 282 7909
158616734 117 1369 7920
158964067 101 220 7937
159280290 113 827 7952
159379739 116 892 7957
159715479 113 1178 7974
159958076 114 833 7986
160863709 114 393 8032
160983833 119 273 8038
161191093 114 1576 8049
161554709 104 312 8067
162198460 110 1352 8100
162302536 104 1024 8105
162480778 117 717 8113
162739088 102 1521 8126
162851983 118 309 8132
164222450 101 126 8202
164649462 104 513 8223
164853919 104 219 8233
164874199 115 1593 8234
164981067 114 817 8239
165888871 109 709 8285
165911121 103 1608 8286
166054427 109 1078 8293
166134527 100 317 8297
166254666 109 471 8303
166357149 100 1649 8308
166666342 106 1591 8324
166789976 105 387 8330
167017448 110 343 8342
168152494 117 233 8398
168723458 115 1188 8427
169110782 116 1416 8446
169364011 110 1864 8459
169701378 113 1345 8476
170839629 104 923 8533
171435741 100 660 8562
171597199 117 27 8570
171691037 118 1137 8575
171730937 101 359 8577
172091007 119 1622 8596
172126965 106 55 8598
172246924 112 947 8604
172790442 102 872 8630
173433284 116 1587 8663
173571531 114 404 8670
173885854 118 1750 8685
175112169 107 1990 8748
176084870 113 658 8796
176209163 110 886 8802
176228326 105 1694 8803
176324267 103 1443 8808
176488325 117 1377 8816
176940017 108 433 8838
177077279 117 1650 8845
178349197 100 1124 8908
179142251 110 1950 8947
179394372 105 247 8960
179494757 117 394 8965
179949741 113 1974 8988
180037331 104 1621 8993
180694180 111 1575 9027
180717095 118 1973 9028
180795582 113 1260 9032
180887837 108 723 9037
181111321 115 365 9048
181308772 105 861 9058
181505055 110 590 9067
181604860 107 950 9072
181641490 113 1889 9074
181749444 117 657 9079
181847909 107 245 9084
181965450 116 1892 9090
182079757 106 689 9096
182344960 103 341 9109
182721468 104 453 9128
182928018 108 739 9138
183290183 101 133 9156
183479055 108 1894 9166
183497256 109 172 9167
184049817 114 1144 9195
184365096 103 146 9211
184406905 107 1036 9213
184738022 105 1857 9229
184776690 105 1653 9231
185116657 107 488 9247
185253817 105 902 9254
186309761 109 1679 9306
186637667 108 1392 9322
187008114 108 960 9341
187088376 107 995 9345
187935143 119 744 9387
187956380 102 1448 9388
188139811 103 866 9397
188361248 110 1402 9408
188547874 101 1685 9417
188733938 119 447 9426
188811062 100 106 9430
188952992 100 1967 9437
189032506 115 1052 9441
189264114 110 1829 9452
189282565 113 571 9453
189355911 119 1153 9457
190083734 114 476 9494
190270927 104 1030 9503
190764903 109 1656 9527
191112873 105 933 9544
191483423 112 1180 9563
192248552 106 30 9600
192319712 117 434 9603
192548452 116 823 9614
193108343 118 1710 9642
193286090 107 188 9651
193950739 107 1163 9683
194024151 118 1973 9687
194045631 112 1617 9688
194067325 105 46 9689
194358450 114 988 9703
194610051 117 994 9716
194748067 101 265 9723
194803227 104 1008 9726
194819713 102 1141 9727
194877841 113 828 9730
195216172 109 1714 9747
195815390 111 743 9778
196206647 105 1710 9797
196229124 117 705 9798
196865077 106 17 9830
196967935 118 1519 9835
197353262 114 1520 9854
197378262 118 1239 9855
197491110 108 1719 9860
197510160 100 1383 9861
197626324 103 1335 9867
198031509 113 825 9887
198170574 103 966 9894
198504539 110 230 9911
198524512 112 814 9912
198566093 114 1247 9914
198722355 100 1029 9922
198880412 113 1657 9929
199548059 100 1526 9963
199987913 113 428 9985
200600853 108 898 10016
200984376 113 1113 10036
201299173 103 374 10053
201478040 105 1707 10062
201610368 112 274 10068
201749303 102 1560 10075
201840840 112 931 10080
202090491 116 1394 10093
202247425 117 858 10101
202484280 119 723 10113
202667582 101 441 10122
202744211 101 201 10126
203040594 117 1556 10141
203152785 109 1483 10147
203240022 112 745 10151
203296387 118 15 10154
203369316 116 1023 10158
203391994 104 732 10159
203453186 112 688 10162
204350316 104 148 10207
204603997 109 1673 10219
204672988 108 1677 10222
205840824 117 452 10281
205999001 108 855 10289
206078535 100 1456 10293
206281560 108 1085 10303
206511828 117 1612 10315
206577571 105 1244 10318
207645850 102 1065 10371
207851701 117 132 10381
207888004 103 1002 10383
208779023 102 683 10429
208960046 114 1836 10438
209783476 101 1941 10479
209881414 109 1735 10484
209968562 101 932 10488
210243145 101 476 10503
210284089 103 957 10505
210843637 101 527 10533
211929230 104 798 10587
212054918 114 482 10593
212074923 106 554 10594
212505282 117 372 10615
212647898 105 199 10622
212685365 114 454 10624
213651322 108 937 10672
214607261 113 35 10719
214731412 105 1717 10725
214880664 110 1920 10732
215003296 104 458 10738
215027597 114 1252 10739
215079487 102 715 10742
215162891 112 409 10746
215360627 100 705 10756
215597778 110 290 10767
216020852 119 182 10789
216269089 111 1928 10802
216287543 114 876 10803
216310871 109 1877 10804
216390305 105 763 10808
216470407 104 1582 10812
217057410 105 1085 10841
217128893 107 1699 10845
217262907 119 1287 10852
217281655 115 967 10853
217581432 117 171 10868
217726085 105 1250 10875
217744764 119 1678 10876
218119347 101 377 10895
218161115 117 1758 10897
218238799 110 1162 10901
218729034 116 1747 10925
219321159 107 1348 10956
219550401 112 1983 10968
219966091 103 186 10989
220012672 100 355 10991
220472864 112 915 11015
220538087 115 1664 11018
221201721 100 751 11050
221438056 107 1732 11061
221757746 102 725 11077
222070604 114 619 11092
222555614 106 426 11117
222575379 117 671 11118
222635178 118 1761 11121
222891158 118 1351 11133
223031495 116 270 11140
223408031 110 1060 11159
223918816 117 1913 11185
224020789 104 1724 11190
224633652 115 88 11220
225003849 110 481 11238
225344582 105 155 11255
225363940 110 60 11256
225378940 102 132 11257
225952903 110 1403 11285
225990697 105 858 11287
227125712 112 130 11344
227204218 109 1753 11348
227220623 100 766 11349
227443726 109 336 11361
227693116 103 962 11373
228053864 101 1894 11392
228251682 115 1164 11402
228327139 108 1642 11406
228536352 103 494 11416
228679364 117 1277 11423
228743507 115 272 11426
228883743 102 1116 11433
229852256 110 1426 11481
229913195 104 636 11484
229958571 100 441 11486
230462755 111 1158 11512
230501470 118 888 11514
231173485 107 1889 11549
231323693 107 1337 11557
231756495 102 1196 11578
231875914 102 1262 11584
232111088 113 433 11596
232413484 118 538 11611
232948602 108 1089 11639
233126987 118 645 11648
233507768 116 1266 11667
233892626 102 470 11686
234828767 110 1786 11734
234943936 108 831 11740
235213689 114 820 11753
235374255 117 1518 11761
236019657 103 1297 11793
236252238 100 593 11804
236738119 102 97 11829
236962074 107 334 11841
237004649 115 107 11843
237174090 110 1305 11852
237360529 111 13 11862
237461113 108 1695 11867
238169443 103 424 11904
238614657 110 1580 11925
238803241 113 532 11935
239075489 115 455 11948
239345700 112 1819 11961
239678614 107 1758 11978
239721441 105 552 11980
240628469 100 1234 12026
240798942 118 1598 12035
241004848 113 749 12045
241207771 109 174 12055
242074539 104 1995 12100
242180641 118 186 12105
242579580 103 1621 12125
242789988 107 116 12135
243303875 104 1040 12160
244467330 107 1951 12217
244527799 108 229 12220
244865017 106 376 12237
245172138 113 1202 12252
245511212 100 1776 12269
246184068 100 386 12302
246496711 100 340 12318
246625023 110 1864 12324
247180037 107 327 12352
247435474 112 1881 12365
247619822 113 427 12374
247700219 107 1900 12378
247720211 118 896 12379
247934249 105 298 12391
248010451 118 1238 12395
248051493 111 472 12397
248747726 102 1696 12432
248887784 101 181 12439
248977192 100 272 12443
248992192 106 297 12444
249030622 102 859 12446
249069977 107 1258 12448
249106015 110 1280 12450
249510505 119 7 12470
249535505 117 1335 12471
249672539 109 219 12478
250100281 114 1023 12500
250201007 116 914 12505
250365076 107 1089 12513
250398257 109 323 12515
250507944 100 1741 12521
251498323 107 1862 12571
251558652 107 1511 12574
251747181 115 610 12583
251883203 103 830 12590
252059179 104 703 12598
252079610 110 811 12599
252505033 101 1819 12621
252859782 100 1085 12638
253120761 116 1950 12651
253423337 116 1000 12666
254146898 105 1166 12703
254437714 107 1838 12717
255079781 104 1935 12750
255306723 104 356 12762
255563487 118 579 12775
255683995 113 1950 12781
256262701 115 674 12809
256340109 115 44 12813
256380592 116 30 12815
256744285 112 623 12834
256760970 116 1732 12835
257318224 109 383 12865
257368777 117 636 12868
257519739 116 92 12875
257576011 100 597 12878
257989047 100 235 12899
258266470 107 207 12912
259161216 117 1251 12958
259815718 105 573 12991
259901148 107 1708 12995
261289329 110 436 13063
261538740 114 26 13075
261639050 116 633 13080
262335166 112 1479 13114
262491936 117 311 13121
262735190 108 1327 13132
262774315 101 1667 13134
262914244 111 1405 13141
263110646 115 785 13151
263130896 101 491 13152
263175578 119 1678 13154
263875652 116 761 13188
264261425 119 585 13207
264927396 115 1527 13241
265258376 113 282 13257
265438153 112 255 13266
265628556 114 1872 13276
265963772 101 10 13292
266142037 116 241 13301
266379384 105 1787 13313
266581173 112 335 13323
266774014 101 1751 13333
266829501 100 365 13336
267155940 115 1118 13353
267454001 101 1511 13367
267476407 107 1803 13368
267752158 107 650 13382
268552305 103 1801 13422
268683143 118 1585 13428
268911468 100 1000 13440
269025481 103 133 13446
269177328 114 1790 13454
269298157 113 204 13460
269322097 112 801 13461
269480766 117 1067 13469
269700352 100 1691 13480
269723548 102 766 13481
269963726 110 176 13493
270102177 114 1642 13500
270250721 117 1558 13507
270446858 117 869 13517
270688159 110 698 13529
270785321 111 320 13534
271282398 106 787 13559
271927317 112 1456 13591
271946760 117 1518 13592
272040633 116 1064 13597
272405601 103 1797 13615
272686755 105 979 13630
272896400 105 1819 13641
273042797 109 1687 13648
273269884 112 628 13660
273636636 118 1160 13679
273818707 108 1129 13689
274053188 104 1649 13701
274241457 119 428 13711
274334543 113 844 13716
274394433 118 1294 13719
274760183 112 1063 13738
274785183 118 351 13739
274819955 115 732 13741
275258366 101 1346 13763
275281509 110 79 13764
275910041 110 1792 13795
276463591 107 1270 13824
276824190 118 1113 13843
276888923 117 646 13846
277181912 100 674 13861
277833381 111 1151 13893
278863264 113 290 13945
279223940 104 156 13963
279411135 112 1814 13973
279729935 100 32 13988
280423470 106 1698 14022
280644948 110 733 14033
281323011 113 1317 14067
281652729 117 1500 14083
281798398 108 1839 14091
282042382 111 1557 14103
282114936 116 1680 14107
282133341 117 1159 14108
282421862 104 1143 14122
282567330 102 1729 14129
282761292 118 1265 14139
283093003 107 576 14156
283340430 106 241 14169
283496506 117 705 14177
284135970 101 548 14208
284205899 117 1959 14211
285215892 118 132 14260
285273475 113 1668 14263
285354384 111 714 14267
285377633 103 110 14268
285669583 100 1883 14282
286108793 110 1632 14304
286522051 100 14 14325
286680500 119 1397 14333
287227773 119 1658 14360
287401708 107 770 14369
287807268 118 392 14389
288040857 109 11 14401
288081357 104 1266 14403
288374536 106 1628 14418
288530581 101 1132 14426
288784622 112 345 14438
289041681 108 1203 14451
289471213 117 1025 14472
289806357 106 1873 14489
290082444 114 796 14503
290354287 116 1797 14517
290435678 110 215 14521
291905889 103 567 14596
292686090 104 1704 14635
292729664 104 45 14637
292773982 112 1789 14639
292868612 114 768 14644
293221843 110 1797 14663
293321035 118 627 14668
293342342 113 1066 14669
293493005 118 483 14677
293763155 113 118 14691
294075634 110 1753 14707
294198702 105 1138 14713
294379423 103 284 14722
294895287 113 380 14747
295461363 107 701 14775
296245318 119 1651 14814
296490902 111 278 14826
297337223 116 1051 14867
297463249 106 1763 14873
297526752 110 1827 14876
298003360 111 908 14900
298627448 116 87 14932
298839553 105 229 14942
299304927 117 424 14965
299584813 107 125 14979
299694750 115 1910 14984
299750707 101 473 14987
299968808 117 1937 14999
300042357 115 596 15003
300143856 101 594 15008
300529883 108 545 15028
301074289 110 339 15054
301112074 118 162 15056
301241927 112 1283 15063
301276523 103 1792 15065
301429799 113 361 15072
301485258 119 1039 15075
302120345 114 1907 15107
302145345 117 208 15108
302623277 101 716 15132
302936891 119 989 15148
303028982 100 1319 15153
303154192 110 810 15159
303243076 115 1153 15163
303383120 117 1396 15170
303633928 113 751 15182
303770077 106 190 15189
303962656 102 1425 15198
303984040 119 248 15199
304536526 102 1220 15226
304613271 110 813 15230
304810579 110 152 15240
305144236 111 483 15257
305344122 101 422 15267
305578754 108 1369 15279
305995988 111 845 15299
306181719 115 1473 15308
306303240 118 93 15315
306475534 114 430 15323
306515074 102 405 15325
306575154 114 586 15328
307322122 104 632 15365
307966721 111 1907 15397
308181944 106 5 15408
308260785 119 274 15412
308276615 112 628 15413
308835376 118 1180 15441
309243041 109 136 15461
309627594 114 430 15480
309644450 118 1003 15481
310240533 112 1260 15511
310891610 109 884 15544
311094741 113 1215 15554
311737415 114 1008 15585
311853586 113 1389 15591
312240461 105 129 15611
312537578 102 441 15626
312861345 110 881 15642
312883859 100 1617 15643
313648161 107 744 15682
313691674 119 92 15684
313934883 118 406 15696
314129841 101 502 15706
314253885 109 698 15712
314801012 100 254 15740
314939107 117 1799 15747
315122292 109 1312 15757
315195929 106 1004 15761
315758239 103 1528 15789
316445486 117 389 15824
316544988 105 410 15829
316904280 101 1947 15846
317775670 100 845 15890
317853633 113 763 15894
318005527 105 1156 15902
318089985 111 41 15906
318592316 114 965 15931
318959436 102 676 15949
319846153 109 1278 15992
320310283 115 1062 16014
320464426 118 1166 16022
320510304 118 1392 16024
320930443 106 618 16045
321124324 114 1857 16055
321304741 104 538 16064
322025801 110 1145 16101
322116926 102 242 16105
322268165 105 1175 16113
322462624 107 1310 16123
322557202 105 1341 16128
322846193 112 1204 16142
323000527 113 155 16150
323053936 113 465 16153
323113650 111 1929 16156
323242704 110 426 16163
323460504 107 235 16174
323800536 116 260 16191
323989136 118 1528 16200
324235977 100 1022 16212
324697536 109 1502 16235
324945153 115 1136 16248
325086415 101 1210 16255
325177121 119 741 16260
325261224 105 615 16264
325279215 108 1938 16265
325317410 119 237 16267
325552940 108 695 16279
325773773 118 41 16291
326060150 112 249 16305
326187705 108 266 16311
326239760 117 1788 16314
326921254 102 1023 16349
326945867 115 984 16350
327115472 102 1468 16359
327642961 112 706 16385
328434698 108 1860 16424
328475789 115 1945 16426
329116578 117 293 16457
329174110 108 1951 16460
329431723 116 865 16473
329916594 112 969 16499
330010468 109 729 16504
330127806 102 55 16510
330468657 103 576 16528
330687272 100 901 16539
330702272 105 1570 16540
330983166 110 826 16554
331203948 102 612 16566
331228113 105 576 16567
331356616 113 17 16574
331590555 108 1248 16586
331908400 111 1243 16602
332268396 115 1479 16620
332288678 110 13 16621
332405743 115 880 16627
332515398 103 556 16632
332754863 103 52 16643
332890765 114 1401 16650
334030501 104 498 16707
334413636 112 1251 16727
334516670 115 1352 16732
335432809 108 1326 16778
335743426 100 1732 16793
335802651 109 1161 16796
335942766 106 1699 16803
335966092 118 1034 16804
337247511 116 1756 16867
337305243 115 633 16870
337612671 110 1259 16885
337992490 102 464 16903
338013537 106 562 16904
338344831 102 675 16921
338841212 108 1530 16946
338902768 119 1242 16949
339629832 109 170 16985
339668812 108 808 16987
339850193 118 497 16996
339894279 111 800 16998
340116574 119 1222 17009
340462327 105 1646 17026
340678290 118 1387 17037
341531829 111 418 17079
341810398 118 1465 17093
342220410 103 1883 17114
342291165 100 76 17117
342578721 101 1548 17131
343217635 111 622 17162
343524573 118 26 17178
343729087 103 1325 17188
343846319 106 861 17194
344248153 119 879 17214
344390932 106 46 17221
344436359 116 460 17223
344460788 117 730 17224
344501942 107 1086 17226
344539836 117 1762 17228
344563116 108 654 17229
344727396 109 1762 17238
345240621 107 313 17263
346351995 102 1925 17319
346510828 113 994 17326
346816125 113 1096 17341
347231418 119 277 17361
347409269 119 431 17371
347597687 112 1882 17381
347781512 110 500 17390
347816865 102 1341 17392
348206985 112 1790 17412
348619392 106 1544 17432
348756014 117 8 17439
349011749 113 914 17451
349206487 105 1845 17461
349331914 106 1216 17467
349429839 110 1040 17472
349874141 102 1525 17494
350062772 116 1685 17503
350202373 100 1225 17510
350456787 108 1217 17523
351177807 105 317 17558
351580317 119 1800 17579
352797764 112 1082 17641
353127322 115 1008 17658
354152368 112 399 17709
354185828 112 617 17711
354496083 115 1102 17727
354648698 113 1846 17735
354711455 110 1874 17738
354910025 116 1706 17748
354951039 117 1158 17750
355509254 115 992 17777
355938558 100 13 17798
355994291 108 1654 17801
356668791 100 67 17835
357004585 116 616 17852
357330751 108 883 17868
357404888 111 1614 17872
357523986 111 39 17878
357704903 106 22 17887
357979438 113 1339 17901
358281340 105 263 17916
358780463 105 985 17941
358915334 107 1951 17948
359487573 116 332 17976
359924725 118 542 17997
360177510 104 789 18010
360201873 106 118 18011
360275787 107 1132 18015
360758303 105 619 18039
361935132 107 202 18097
362195049 114 1639 18110
362234883 111 1650 18112
362446046 112 221 18123
362466435 112 1754 18124
363311311 103 864 18165
363998480 114 944 18200
364095938 113 1018 18205
364501156 108 913 18225
364562781 112 249 18228
364773978 102 906 18239
364792211 108 686 18240
364903981 112 191 18245
366071808 105 916 18303
366164295 110 108 18308
366346750 108 1424 18317
366932033 109 1586 18346
367400894 112 1721 18369
367561904 101 1089 18377
367989202 101 909 18398
368172224 117 232 18407
368209272 107 1619 18409
368246068 102 1817 18411
368899876 115 1483 18444
369287104 111 1591 18463
369444436 101 1782 18471
369613455 114 453 18479
369656747 107 1100 18481
369698169 115 1206 18483
370116644 113 1079 18503
370450134 117 1549 18520
370693338 117 660 18532
371186801 106 1760 18557
372587395 116 963 18627
372781254 115 1747 18636
373422819 101 1654 18667
374083722 104 1572 18699
374172317 111 60 18704
374313177 104 1755 18711
374564584 100 1834 18724
374679946 101 1498 18730
375110525 102 799 18751
375381716 119 192 18765
375419477 106 1569 18767
376026344 102 1504 18797
376598948 108 693 18824
376896829 102 138 18839
377288545 115 889 18858
377307530 118 34 18859
377324076 114 1820 18860
377704393 114 1382 18880
377738696 104 300 18882
377860944 113 512 18888
378104916 116 636 18900
378537591 116 452 18921
378904039 107 1483 18940
378959540 109 448 18943
379101576 105 312 18950
379403506 109 492 18965
379786547 109 719 18983
379992611 103 1567 18993
380165845 112 1657 19002
380645471 103 200 19027
381319067 102 1886 19060
382683374 109 147 19128
383212499 108 1144 19155
383286849 112 1907 19159
383948731 116 1653 19192
384395417 111 1422 19213
384446265 106 524 19216
385313078 111 138 19259
385353534 106 934 19261
385616082 103 327 19274
385911991 102 127 19288
386005840 107 1292 19293
386112138 113 828 19298
386536375 110 518 19320
386551375 114 991 19321
386584742 118 1647 19323
386978955 106 633 19342
387532952 109 1424 19370
387885181 100 1873 19387
387919379 118 1594 19389
388025573 118 906 19395
388083314 117 310 19398
388181345 101 1287 19403
388397605 113 928 19414
388467621 116 1796 19418
388486399 101 1866 19419
388804698 113 445 19435
389228837 107 246 19457
390131762 111 1578 19502
390744963 105 895 19533
390994031 109 1361 19545
391233914 109 1138 19557
391858274 105 1919 19589
391965486 116 169 19595
392492425 111 730 19620
392629042 114 192 19626
392722821 110 1529 19631
393394678 111 1971 19665
393704438 118 1514 19680
394174160 110 1284 19704
394906406 100 1496 19741
395470907 115 1186 19769
395626039 100 1706 19777
396020139 113 1712 19798
396291264 114 893 19811
396309060 101 1580 19812
396469262 108 1102 19820
396842182 119 1975 19838
396936138 105 58 19843
396991004 105 352 19846
397569136 118 908 19875
397627030 100 786 19878
398162925 102 1835 19905
398694318 113 1020 19932
398746490 102 1880 19935
398784752 113 465 19937
399197935 119 1113 19958
399256006 110 1745 19961
399323861 101 343 19964
399518998 107 1209 19974
399612379 119 1371 19979
399634265 105 604 19980
