17192 55 886 0
500633 55 1365 24
659499 56 41 32
1514250 41 568 74
1566276 47 426 77
1744510 41 1407 86
1878311 48 407 93
2338817 47 1346 116
2520831 56 151 125
2560090 51 1422 127
2584937 47 1034 128
2603427 55 1201 129
3029879 41 354 149
3649265 43 346 179
3861079 47 1157 190
5106219 42 1815 253
5355078 57 560 265
5526655 43 1209 274
7261977 50 413 363
7445982 40 701 372
7509915 40 1229 375
7532422 48 1723 376
7552933 49 1969 377
7675387 44 1701 383
8338747 49 1172 415
8522606 59 1472 424
8876837 44 1370 442
9368797 54 440 466
9625668 41 1275 479
9663419 44 1520 481
10393026 48 1917 518
10452699 57 1726 521
10487438 42 1276 523
10690750 52 1290 533
11363421 44 189 567
11440771 49 825 571
11495712 49 572 574
12076474 41 44 602
12264261 58 1186 612
12451978 45 1710 621
12655296 56 199 631
13145587 45 1513 656
13204610 51 278 659
13304387 52 142 664
13742294 43 845 685
14078160 47 825 702
14170902 41 1180 707
14260716 45 1849 711
14523714 59 384 724
14741598 41 1316 734
14899854 48 1895 742
15433470 54 259 768
15593122 51 825 776
16005293 47 1802 795
16122596 57 1751 801
16421755 46 729 816
16458926 51 610 818
16570656 44 1618 824
16650380 47 266 828
16667877 56 1273 829
16783159 59 1087 835
16993029 43 126 845
17336227 52 628 862
17524239 46 1221 871
18337991 53 1867 911
18359994 51 1416 912
18868711 42 39 937
19608940 46 1123 974
19852567 52 312 986
20180915 51 571 1002
20538203 43 1806 1020
20663595 45 1269 1026
20944468 52 148 1040
21048603 42 1549 1045
21534781 52 869 1070
21559781 59 469 1071
21597908 43 1941 1073
21889458 42 1925 1088
22387176 55 1445 1113
22815879 40 343 1133
22855879 57 1197 1135
22962550 59 1480 1140
23199159 51 219 1152
24127513 46 76 1198
24394645 57 658 1212
24509245 57 216 1218
24948797 42 1608 1241
25275458 43 830 1258
25373264 41 1218 1263
26378113 59 1092 1312
26477846 48 1046 1317
26554063 47 813 1321
26610539 48 1750 1324
26629888 56 1745 1325
26886991 41 777 1337
26946375 54 1669 1340
27085940 55 187 1347
27838871 48 596 1385
27956918 47 479 1391
28272391 59 1644 1407
28466840 43 955 1417
28757657 41 1444 1432
28866135 59 713 1438
29335566 40 1231 1461
29542361 43 1353 1471
29729057 43 1856 1481
30235926 57 1836 1506
30635709 54 382 1527
30704031 46 47 1530
31352887 59 151 1561
31939367 52 1859 1590
32121243 48 11 1600
32322086 48 799 1610
32359201 55 588 1612
32480002 46 701 1619
32598761 46 897 1625
32950712 41 471 1643
33122623 46 547 1652
33292831 44 1203 1661
33451822 40 1970 1669
33887601 59 10 1691
34185535 59 901 1707
34207475 47 19 1708
34809163 48 608 1739
35152904 51 1584 1756
35279331 42 1351 1762
35359052 51 1637 1766
35585911 59 2 1778
36089765 54 110 1804
36229931 47 1591 1811
36303845 47 1587 1815
36325776 46 785 1816
36388996 58 836 1819
36517107 58 1803 1826
36598873 47 561 1830
36645429 46 322 1832
37007321 44 271 1850
37469954 40 1085 1873
37527153 42 870 1876
37546911 56 1510 1877
37713631 45 1806 1886
38054144 56 1633 1903
38153426 50 158 1908
38194407 45 1855 1910
38255760 42 1656 1913
38500867 46 991 1925
38584459 59 120 1929
38773345 47 230 1939
39977539 52 1542 1999
40462098 59 1323 2023
40536337 52 392 2027
40730231 56 1777 2037
40943841 50 720 2048
41798012 52 1354 2089
43098713 57 700 2154
43120660 40 601 2155
43860244 43 1907 2192
43883566 41 1925 2193
44427953 51 23 2221
44509520 56 853 2225
44528566 59 550 2226
44559121 54 1498 2228
44734919 45 1793 2237
44753975 46 1682 2238
44812083 58 388 2241
45396983 40 415 2271
45945105 49 1320 2299
46080493 51 1076 2306
46459762 46 1112 2325
46633310 40 1593 2333
46990923 52 1307 2352
47076231 47 815 2356
47545091 58 900 2379
47650598 47 1216 2384
47732296 49 398 2388
48081701 48 419 2406
48229069 47 326 2414
48537928 53 1040 2429
48582868 52 361 2431
48921000 57 1230 2448
49640352 56 349 2483
49981460 41 1811 2500
50129942 40 593 2507
50194584 46 521 2510
50383775 46 1907 2520
50538807 45 1141 2528
51659343 45 1326 2585
52582800 56 270 2632
53266588 58 171 2666
53475648 56 1488 2676
53994073 45 1276 2702
54264529 54 1649 2715
54309511 59 1010 2717
56592020 46 1743 2831
57317750 55 717 2866
57337508 44 1816 2867
57538333 40 1052 2877
57790906 51 391 2890
57924828 50 40 2897
57945456 59 1950 2898
58038451 58 307 2903
58236940 47 945 2913
58510775 58 1812 2926
58800625 42 1677 2941
60069024 43 1724 3004
60277812 55 1335 3014
60297231 56 1689 3015
60336807 55 190 3017
60568889 40 503 3029
60689999 58 499 3035
61409339 44 830 3071
61515960 46 523 3077
61645005 59 1208 3083
62374651 54 1994 3120
62882201 56 395 3145
63114160 41 910 3157
63637028 48 188 3183
64074118 44 275 3205
64323097 47 1143 3218
64450090 51 292 3224
65487727 41 1513 3276
65508556 46 330 3277
66130537 57 78 3309
66196102 50 1066 3312
67089058 48 1068 3356
67261648 42 1068 3364
67384593 55 45 3370
68011064 50 347 3400
68120483 59 1482 3406
68256004 45 163 3412
68509518 59 1254 3425
69188742 42 101 3458
69377055 50 168 3468
69500211 44 88 3474
69860028 41 378 3492
69878579 46 24 3493
69925640 57 1850 3495
70496414 42 1371 3524
70885110 40 1883 3543
71596944 55 1357 3577
71931799 59 1426 3594
71969427 50 382 3596
72253511 53 1998 3611
72325647 44 1967 3615
72411823 59 764 3619
72500086 48 1833 3623
72774083 57 1894 3637
72809967 47 612 3639
73588169 52 164 3678
74704796 53 1172 3733
74921288 50 1347 3744
74936288 55 1811 3745
75134113 51 1572 3755
75610952 57 1406 3779
75707198 50 592 3784
76205721 41 219 3809
76430369 52 1690 3820
76453574 52 1378 3821
76549822 47 1750 3826
76718304 49 1001 3835
77109443 56 1179 3854
77197835 56 783 3858
77216390 58 928 3859
77516651 41 548 3874
77589485 53 757 3878
77648301 53 1083 3881
77859015 41 362 3892
78213279 52 255 3909
78666507 42 1702 3931
78721785 56 665 3934
79100121 45 1462 3953
79314482 50 206 3963
79443100 41 1298 3969
79486404 42 856 3971
79893452 57 1275 3991
80359349 52 577 4014
80528379 57 973 4023
81003592 40 172 4047
81244388 50 26 4059
81361414 44 477 4065
81738642 46 1826 4084
82097664 47 1542 4103
82243177 52 1125 4110
82259252 52 1970 4111
83381196 48 1279 4167
83567045 46 491 4176
83833536 58 556 4190
83934968 46 1709 4195
84249874 50 1755 4211
84348087 58 1492 4216
84935365 58 645 4245
84952815 46 1572 4246
85330535 54 1398 4264
85582680 45 482 4277
85774200 58 1983 4286
86098974 49 577 4303
86644045 56 701 4330
86790429 49 1038 4338
87008608 42 935 4349
87354962 51 1842 4366
87516803 51 1491 4374
87614956 55 740 4379
87935517 51 1046 4395
87952960 59 1181 4396
87989619 59 165 4398
88014215 41 100 4399
88138341 48 344 4405
88220488 58 18 4409
88619469 59 1257 4429
88698873 40 245 4433
88817781 53 94 4439
88901972 55 1704 4443
88959565 54 825 4446
89004083 55 1814 4448
89042660 57 739 4450
89166469 45 1351 4456
89271811 59 1391 4461
89604772 49 1762 4478
89841423 43 1859 4490
90202846 41 1046 4508
90304687 43 689 4513
91462299 58 576 4570
92219856 55 1424 4610
92297721 56 69 4614
92438589 48 687 4621
92642602 48 680 4631
92677709 57 1733 4633
93107548 41 580 4655
93184064 47 714 4659
93357407 52 1914 4668
93664991 47 1464 4683
94278393 55 1558 4714
94541274 47 1826 4727
95182968 58 1520 4759
95282247 44 20 4764
95384932 45 1360 4769
95869123 49 1336 4793
96224855 48 871 4811
96870966 53 38 4842
97001574 48 1563 4849
97206782 59 1098 4859
97427741 51 1525 4870
97733915 54 1076 4885
97794801 44 1699 4888
97840962 48 983 4890
98051657 42 1549 4901
98289263 51 945 4913
98813637 52 1781 4939
99256927 42 358 4962
99593297 50 830 4980
99635879 54 1124 4982
99894360 43 465 4994
99967954 54 1830 4998
100006602 56 1004 5000
100861299 47 1931 5043
100886299 55 1646 5044
100909637 40 754 5045
100969187 51 597 5048
101352316 44 360 5068
101374165 44 623 5069
101891678 54 45 5095
102679967 51 1986 5134
103054518 53 336 5152
103145768 56 339 5156
103168996 55 601 5157
103328830 56 36 5165
103505014 48 1191 5174
103521168 45 466 5175
103546168 48 1112 5176
103756845 56 436 5186
103814955 55 1195 5189
103860963 45 1224 5191
103899082 41 1717 5193
104402496 49 1768 5218
104563478 51 966 5226
105332421 43 1868 5265
105420452 58 1959 5269
105511221 40 128 5273
106377065 47 455 5317
106731900 45 1652 5335
107033007 42 1292 5350
107172279 43 1914 5357
107236406 48 830 5360
107755476 47 960 5386
108230663 50 479 5409
108593302 48 475 5427
108919600 53 1537 5443
109400760 44 1407 5467
109687419 49 1770 5481
109752584 46 818 5484
110668727 54 304 5530
110715290 50 1450 5532
110970353 54 642 5544
111509312 54 1874 5571
111576957 49 1907 5575
111938448 52 1829 5593
112594153 55 402 5625
112817759 51 402 5636
113059758 45 1109 5648
115063011 56 862 5748
115095279 50 1083 5750
115307537 50 1690 5760
115699889 47 1250 5780
116293397 40 1057 5809
117252618 46 240 5856
117700548 45 510 5878
117739366 45 458 5880
118156759 50 1448 5901
118592637 43 766 5923
120312117 59 1618 6010
120391434 59 143 6014
122428763 46 1086 6116
122586867 45 1328 6124
122740826 59 1537 6131
122758189 45 677 6132
122910918 41 574 6140
123129921 49 1597 6151
123186339 46 83 6154
123346263 46 563 6162
123650846 51 1443 6177
124244322 43 788 6207
124579495 54 1950 6223
124694989 58 525 6229
124895318 52 936 6239
124941792 46 47 6241
125041968 46 56 6246
125213335 59 1162 6255
125293745 50 1714 6259
125332238 41 272 6261
125528203 52 1152 6271
125785373 57 693 6284
126364013 50 1467 6312
126438315 45 214 6316
126844353 53 1573 6335
127042150 53 328 6345
127613096 42 855 6372
127732796 40 1227 6378
127925378 59 1345 6387
127999450 43 938 6391
128020047 40 1435 6392
128290943 52 1239 6405
128328587 44 1116 6407
128409561 50 1781 6411
128824002 45 1200 6433
128842539 44 1985 6434
129723907 57 1022 6478
130164415 49 911 6500
130374486 49 1704 6512
130413789 58 674 6514
131085362 58 1062 6547
132034793 51 1304 6594
132128227 45 1992 6599
132598222 45 1385 6623
132679720 52 914 6627
132804127 42 1156 6633
133446298 51 56 6664
133470561 55 1347 6665
133610873 43 815 6672
133962417 50 1151 6690
134111670 48 254 6698
134268419 46 44 6706
134291516 59 1827 6707
134961356 40 1739 6741
135298605 41 1858 6758
135339112 56 1246 6760
135776675 44 662 6782
135796770 45 634 6783
135935824 59 158 6790
136191882 49 1607 6802
136416521 41 1698 6814
136592881 52 902 6823
136995720 42 1329 6843
137362960 42 1380 6861
137863759 55 1632 6886
137882748 41 1604 6887
138037318 50 1721 6895
138516887 58 1478 6920
138675781 40 749 6928
138954100 48 798 6942
139663765 52 198 6977
139773381 59 1766 6983
140500085 58 371 7019
140864454 59 808 7037
141055840 50 37 7046
141210614 59 997 7054
141334090 51 1217 7060
141622381 41 658 7074
141676004 54 238 7077
143151711 41 999 7151
144592917 53 1160 7221
145166922 43 72 7250
145326584 52 1195 7258
145506159 52 1243 7266
146154313 46 1519 7300
146208396 40 1606 7303
146485215 56 148 7316
146522306 48 1002 7318
146663630 55 68 7325
147773194 57 714 7380
148176393 41 423 7400
148260396 43 1465 7404
148419811 45 1168 7411
149058081 48 1943 7442
149635244 42 1105 7470
149866325 55 457 7481
150969741 49 1306 7536
151010614 47 1633 7538
151066015 45 210 7541
151239075 58 1684 7550
151256075 58 735 7551
151437254 56 298 7560
151637368 40 1208 7570
152162420 56 583 7596
152495159 50 860 7613
152991826 55 517 7638
153027337 52 39 7640
153090747 43 845 7643
154045516 54 634 7691
154173566 58 1334 7698
154231655 58 1511 7701
154382720 54 1251 7709
154486432 51 215 7714
154788531 55 1080 7729
154911563 46 745 7735
155241634 51 1188 7751
155453418 58 1237 7761
155495654 46 1138 7763
155637986 42 320 7770
155676439 52 684 7772
155713472 41 537 7774
156499977 43 752 7814
156519435 59 1995 7815
156623256 57 1633 7820
156663308 44 390 7822
156766463 46 247 7827
156920418 42 1849 7835
157369117 50 366 7857
157460956 41 236 7862
157634105 40 1746 7871
158309209 58 456 7905
158352648 47 283 7907
158442419 51 217 7911
158657032 48 175 7922
159340680 59 1637 7955
159539685 42 553 7965
160224070 55 201 7999
160458987 46 754 8011
161375119 43 1646 8058
161515034 50 1215 8065
161572567 55 244 8068
161629505 43 261 8071
161785818 46 315 8079
161858168 57 747 8083
162394270 41 401 8109
162618122 58 1210 8120
162662343 47 909 8122
162795112 55 690 8129
163282445 53 1265 8154
163298281 43 1622 8155
163359910 43 267 8158
163457647 53 1642 8163
163998939 48 956 8190
164555419 57 194 8218
164572890 57 1503 8219
166414055 56 1485 8311
166488610 41 1399 8315
166726218 52 1805 8327
167688002 56 392 8376
168215363 46 1953 8401
168401352 40 1417 8411
168614158 44 1033 8422
169151610 41 165 8448
169304382 41 395 8456
169410094 55 936 8461
169482445 44 865 8465
169541163 49 660 8468
169561604 48 1414 8469
170235863 56 113 8503
170398387 58 1545 8511
170560679 52 194 8519
170883789 54 1139 8535
171104204 45 857 8546
171419486 56 1918 8561
171534591 45 1402 8567
172020198 47 45 8592
172266697 44 605 8605
172609935 55 523 8621
173145594 41 1418 8647
173198233 51 1200 8650
173717589 40 1558 8677
174311448 41 1141 8707
174971107 48 1206 8741
175013881 40 912 8743
175345588 58 1823 8759
175444926 46 1678 8764
175681673 48 184 8776
177347720 52 1970 8858
177541714 45 86 8868
177741105 48 1325 8878
178169112 51 1439 8899
178409090 58 1631 8911
178918237 44 1489 8936
179665102 40 156 8974
179703828 43 1083 8976
179933872 49 1738 8987
179999261 42 1661 8991
180269424 53 235 9005
180302807 55 460 9007
180325413 45 1385 9008
180597092 42 1039 9022
180654024 52 1385 9025
180857837 58 33 9035
180983410 59 109 9042
181621206 52 1690 9073
181909128 48 989 9087
182447563 42 1270 9114
182852065 44 183 9134
183024337 46 1216 9143
183442989 59 233 9164
183852842 56 1873 9185
184126293 56 1993 9199
184265281 57 1052 9206
184588737 44 585 9222
186287768 59 850 9305
186473735 41 799 9314
186911652 54 985 9336
187216575 41 1203 9352
187701083 46 1197 9376
188019783 51 776 9391
188080579 48 1943 9394
189559266 47 795 9467
189578491 41 1335 9468
189706908 46 990 9475
189805471 40 56 9480
189826168 59 1644 9481
190039509 53 1419 9492
190866169 58 0 9532
190905317 52 1779 9534
191346022 44 1393 9556
191389311 58 1962 9558
191576489 42 121 9567
191598034 44 1521 9568
192019869 56 769 9589
192152401 57 1392 9595
192337034 58 1345 9604
192787199 49 305 9626
192934967 51 1235 9633
193127535 41 1582 9643
193145667 50 367 9644
193245848 52 1849 9649
194413775 59 888 9706
194539882 45 1367 9712
194978622 46 1482 9735
195079767 55 1955 9740
195100308 44 1885 9741
195136659 55 1886 9743
195451606 45 492 9759
196004417 55 1413 9787
197025021 59 1692 9838
197070580 51 1712 9840
197110489 54 740 9842
197852945 42 1094 9878
198066965 44 15 9889
198207603 43 192 9896
198486302 52 1422 9910
198813207 57 1204 9926
199507103 51 1161 9961
199796179 41 1116 9975
199949687 52 816 9983
200867134 46 23 10030
201238156 44 285 10050
201728672 46 1322 10074
201802944 55 1051 10078
201920869 53 1533 10084
202445445 41 963 10111
202531689 44 956 10115
202550717 40 375 10116
202606833 46 1268 10119
202627167 59 1497 10120
202902613 52 1305 10134
204007629 50 668 10190
204031630 59 457 10191
204135241 44 1190 10196
204653997 52 164 10221
204778833 58 977 10227
204803833 59 729 10228
204944021 58 1311 10235
205065425 42 248 10241
205384445 53 370 10258
205403525 55 78 10259
205581061 59 1876 10268
205599639 41 986 10269
205640495 47 1825 10271
205798329 50 1886 10279
205919006 40 1368 10285
206242707 57 810 10301
206640401 45 817 10321
206719478 59 1455 10325
206799943 50 652 10329
206867196 54 660 10332
207003432 53 1102 10339
207284648 57 350 10353
207344593 47 1131 10356
207448545 43 1824 10361
207969661 51 119 10387
208121037 42 271 10395
208243419 40 1605 10401
208387543 58 820 10409
208719159 42 1507 10426
208923592 43 1042 10436
209717230 50 331 10476
210688131 46 198 10525
210890251 55 1396 10535
211038596 41 277 10542
211104964 47 1578 10545
211230720 57 1869 10551
211443101 40 967 10562
211495416 59 173 10565
212011790 42 510 10591
212033452 59 138 10592
212137442 50 882 10597
212283709 44 1315 10604
212725556 42 1597 10626
212744211 53 1836 10627
213158549 48 183 10649
213342196 55 769 10658
213995761 50 735 10689
214015344 40 10 10690
214940399 51 234 10735
215409480 47 1753 10758
216854148 51 825 10831
217464327 45 962 10862
218291272 55 918 10904
218441097 56 1859 10911
218894587 53 72 10934
219021138 59 1709 10941
219265446 56 1733 10953
219280446 59 147 10954
219751204 43 793 10978
219840975 42 785 10983
219903085 54 834 10986
220599850 56 1606 11021
220807083 42 1460 11031
220894346 57 1969 11035
221558818 59 1864 11067
221844087 56 1447 11081
222026366 56 1826 11090
222049973 55 628 11091
222205265 51 1326 11099
222342844 46 1959 11106
222539950 59 1840 11116
222676846 56 1442 11123
222694885 44 1287 11124
223124827 51 409 11145
223545315 50 905 11166
223600140 44 1934 11169
223840838 58 299 11181
223903816 41 1 11184
223961666 48 1705 11187
223979526 55 1258 11188
224554988 48 1779 11216
224652487 45 574 11221
224696606 46 1346 11223
224720409 47 1621 11224
224756945 52 399 11226
226334936 42 586 11304
226677843 40 190 11321
226715383 59 1630 11323
227367302 57 238 11357
227490738 53 1949 11363
227792014 50 806 11378
228658903 57 1445 11422
228809710 58 806 11429
228900533 42 1036 11434
228918872 42 711 11435
229179376 50 96 11448
230033305 51 627 11490
230309527 50 1308 11504
230629820 41 436 11521
230862707 41 389 11533
230901649 58 357 11535
231054363 43 759 11543
231255011 53 783 11553
231463376 46 435 11564
231736658 40 1377 11577
231971786 43 946 11589
232071408 45 468 11594
232160140 40 747 11598
232391151 54 1277 11610
232451919 41 203 11613
233083601 42 1326 11646
233928900 52 1284 11688
234040987 42 1003 11694
236154045 59 1165 11799
236170130 51 443 11800
236283004 45 528 11806
237444966 57 519 11866
237626079 49 205 11875
237700171 54 279 11879
237907799 48 308 11890
237961514 52 1671 11893
238133136 52 1512 11902
238152755 58 185 11903
238575760 46 671 11923
238713518 42 790 11930
239159421 54 1561 11952
239548251 56 1531 11971
239699746 50 565 11979
239823302 55 848 11985
240211381 44 1891 12005
240383633 52 1654 12013
240511721 53 407 12020
240663553 41 751 12028
240728179 58 1686 12031
240765176 41 493 12033
241047529 56 864 12047
241129950 43 1482 12051
241361759 54 1373 12063
241464835 41 164 12068
241736375 52 115 12082
241834524 44 973 12087
241948540 55 276 12093
242020954 49 77 12097
242238965 51 1898 12108
242754078 53 11 12133
242977211 51 856 12144
243512897 41 1822 12170
244060212 53 1326 12197
244945259 58 484 12241
245023786 45 873 12245
245048786 46 166 12246
245781861 52 1551 12282
245977289 55 138 12292
246039554 49 1310 12295
246295655 52 150 12308
246744796 56 195 12330
246824099 45 740 12334
246841423 59 969 12335
247000667 53 1336 12343
247100571 53 1540 12348
247852736 57 814 12386
248496702 51 914 12420
248770670 49 1977 12433
248832209 45 597 12436
249635027 46 223 12476
249810946 55 99 12485
250245068 57 1029 12507
250531981 56 1645 12522
251393682 57 689 12566
251635666 53 1500 12578
251999003 40 1769 12595
252268304 49 1540 12609
252349153 52 747 12613
252644680 51 633 12628
252879528 59 549 12639
253060293 58 61 12648
253223925 59 843 12656
253976544 50 1965 12694
254036299 43 1639 12697
254171898 43 433 12704
254784341 47 892 12735
255328806 51 863 12763
256120549 59 1870 12802
256160215 42 1237 12804
256220232 49 1593 12807
256823862 55 1606 12838
257118567 40 1772 12854
257153037 44 1854 12856
257674476 47 1290 12883
257893773 52 677 12894
258163440 45 338 12907
258289117 53 105 12913
258313553 57 1891 12914
258526519 53 314 12925
258896198 42 1241 12944
259046592 40 1782 12952
259126706 46 1383 12956
259360630 50 1386 12968
260282653 40 574 13014
260340191 56 1617 13017
260424803 43 388 13021
261377294 56 563 13067
261660141 46 755 13081
261863262 43 1903 13091
262063345 53 1394 13101
262225734 56 335 13109
262290207 58 70 13112
262686509 52 288 13130
262879423 59 419 13139
264605282 47 1797 13224
264821208 43 1606 13235
265046010 42 122 13247
265379721 53 1784 13263
265552891 49 1331 13272
265744440 53 1027 13282
266921701 59 844 13341
267572653 57 1460 13373
268118761 58 405 13400
268439789 55 688 13416
268480751 48 1158 13418
268873542 44 1909 13438
269117590 56 1874 13451
269443219 54 380 13467
269803813 56 673 13485
270486837 40 57 13519
270503680 57 425 13520
270724749 43 1282 13531
271578182 42 642 13574
271682399 44 283 13579
271782914 47 1196 13584
272003663 43 534 13595
272705936 50 18 13631
273214476 43 1081 13657
273361977 53 1828 13665
274916287 53 1468 13746
275449287 41 988 13772
275772039 54 1924 13788
275956707 44 204 13797
275980210 55 334 13798
276173913 43 1557 13808
276386915 49 1913 13820
276652775 41 997 13834
276713499 51 427 13837
276922850 46 1700 13848
276957643 54 182 13850
277298765 47 1660 13867
277631833 51 1909 13883
278289706 56 312 13915
278363440 59 1740 13919
278401083 48 1361 13921
278978237 45 1441 13951
279343071 56 341 13969
279490021 55 11 13977
279576144 54 879 13981
279957544 55 73 13999
280741638 58 1093 14038
280872885 58 150 14045
281250148 54 1912 14063
281302713 48 986 14066
281450322 52 97 14073
281876895 53 870 14095
282549428 49 634 14128
282917573 48 1326 14147
282976305 50 654 14150
283155094 43 1097 14159
283173704 49 1937 14160
283637003 41 1404 14184
283928687 42 1284 14198
284388559 43 1337 14220
284470039 47 1762 14224
284663361 45 293 14233
285101378 58 1042 14255
285142139 41 650 14257
285539665 50 195 14276
285689148 49 705 14283
286091290 49 615 14303
286400513 53 434 14319
286943460 59 1942 14346
287209823 48 917 14359
287365644 42 1517 14367
287637037 49 1257 14381
288153405 54 1587 14407
288252690 41 1297 14412
288577082 45 916 14428
288949001 48 1320 14446
288986377 55 291 14448
289902931 53 944 14494
290453722 52 1842 14522
290517750 44 8 14525
290649774 50 267 14532
290669822 48 2 14533
290868741 40 1601 14543
290890912 45 361 14544
290972338 54 1362 14548
291069948 42 1098 14553
291793423 42 1298 14590
292005602 45 926 14601
292127733 46 367 14607
292190557 42 1873 14610
292234491 53 1818 14612
292387954 52 842 14620
292580262 41 513 14630
293005741 43 1133 14651
293090915 54 498 14656
293183546 42 18 14661
293745326 58 707 14690
293851083 52 1423 14695
293895493 49 141 14697
294039717 54 68 14705
294501828 41 1609 14728
294829039 41 1008 14744
295030826 50 234 14754
295438707 59 123 14774
295560349 41 747 14780
295601681 56 874 14782
295633922 48 661 14784
295902211 43 1449 14797
296000107 52 513 14802
296608858 43 976 14832
297013021 58 1685 14852
297081266 46 1063 14855
297180231 47 1263 14860
297619357 51 59 14881
297893569 45 1000 14895
298100495 59 859 14905
298179246 57 828 14909
298876754 44 548 14944
298943022 56 1977 14947
299559832 57 1027 14978
300203400 55 187 15011
300702769 59 284 15036
301645826 56 1883 15083
301680127 44 1974 15085
302209330 50 1141 15111
302365566 46 113 15119
302387821 57 1975 15120
302499569 52 1419 15126
302857203 52 1776 15144
303178150 46 831 15160
303420413 56 1919 15172
303712904 41 1990 15186
304005029 56 811 15200
304279433 58 323 15213
304481896 54 1416 15223
304572764 49 1379 15228
305474037 50 309 15274
305709280 43 397 15285
306159379 52 386 15307
306692157 47 647 15334
307023763 44 1777 15350
307069580 44 1634 15352
307196220 45 1025 15358
307722312 43 825 15385
308090543 52 712 15403
308977368 59 1000 15448
309225407 48 1462 15460
309912448 47 993 15494
309979996 49 1355 15497
310370536 53 638 15517
310498609 55 204 15523
310820816 56 1872 15540
310841430 43 744 15541
311285258 41 1760 15563
311324424 46 127 15565
311638928 46 1721 15580
311893147 59 531 15593
312840693 53 1691 15641
313054255 58 1813 15652
313134806 50 661 15656
313406309 58 555 15670
313563916 43 1147 15678
313915307 56 479 15695
314319782 51 1312 15715
314762186 57 1141 15738
315029427 43 567 15752
315107233 47 122 15756
315310273 50 1497 15767
315386754 40 194 15771
315549513 58 1152 15779
315958725 54 186 15799
316502913 46 1753 15827
316613971 43 874 15832
316695193 45 1544 15836
317381361 56 875 15870
317557480 53 1808 15879
317752929 45 696 15889
317832122 57 1693 15893
318045632 44 1194 15904
318359704 55 1329 15919
318748406 52 943 15939
318981698 56 1048 15950
319367797 43 1738 15970
319608700 52 571 15981
320328969 50 1911 16015
321415775 53 243 16070
321730848 53 1230 16086
321815027 58 11 16090
322383994 41 566 16119
322600826 54 1844 16130
322619540 52 399 16131
323208662 49 1412 16161
324116071 46 608 16206
324359291 50 73 16218
324442436 44 540 16222
324791545 44 534 16240
324890326 53 632 16245
325757336 58 1403 16290
325822349 50 1564 16293
326150551 52 643 16309
326424324 40 1728 16324
326480269 51 203 16327
326817923 54 284 16344
327404256 46 1974 16374
327621868 41 1846 16384
327889596 58 404 16397
328044101 45 1716 16405
328165171 45 1687 16411
328712174 47 655 16437
328731210 47 668 16438
328771600 58 1069 16440
328866978 52 1226 16445
328932969 53 1271 16448
329050345 42 736 16454
329820860 52 1338 16494
330111379 58 1666 16509
330257909 41 798 16517
330527468 42 1498 16531
330815669 58 14 16546
331185136 47 1958 16565
331269148 47 1428 16569
331609300 55 1017 16587
332539210 55 896 16633
332788818 47 1535 16645
333155079 41 1497 16663
333176882 57 987 16664
334106969 46 471 16711
334335425 44 161 16723
334616269 43 652 16737
334771887 47 915 16745
335009280 44 457 16758
335284325 59 956 16771
335568006 54 1190 16784
335611454 43 1556 16786
335656561 40 739 16788
335711569 54 1545 16791
336366094 53 1697 16823
336446473 42 525 16827
336467773 56 698 16828
336702701 55 919 16840
337024357 54 1493 16856
337163941 44 1960 16863
337209243 57 1731 16865
337443048 40 1271 16877
337652981 43 1961 16887
337672901 53 219 16888
338246286 55 625 16916
338264345 43 1790 16917
338592189 41 1605 16933
338964219 58 1578 16952
339023533 55 1563 16955
339185274 51 382 16963
339540560 43 1770 16981
340062443 42 834 17006
340622415 55 1287 17034
340656447 44 154 17036
340840208 44 1178 17045
340913011 47 1274 17048
340953790 42 1704 17050
342115609 58 174 17109
342534320 40 21 17129
345255621 46 963 17264
345362216 43 1730 17269
345380046 46 486 17270
345635566 41 685 17283
345715079 51 1619 17287
346112832 57 1700 17307
346243942 49 1651 17313
346303239 48 965 17316
346376901 59 1159 17320
346530334 47 1643 17327
346671820 42 1747 17334
347029065 42 1835 17351
347354268 47 1781 17368
347910323 59 1050 17397
348108693 58 1062 17407
348228268 56 1312 17413
348402686 54 969 17421
348595039 52 1590 17431
348906049 41 428 17446
349031171 53 695 17452
349113882 51 226 17456
349263666 54 1693 17464
349792289 56 1027 17490
350533995 43 565 17527
350678368 44 1253 17534
350738822 40 1700 17537
351354433 45 49 17567
351485130 52 209 17574
351659526 55 1752 17583
351719658 48 1959 17586
352347494 42 1630 17618
352643635 44 295 17633
352705842 55 836 17636
353057006 45 588 17654
353185379 41 1524 17661
353231173 59 1507 17663
353469992 52 426 17675
353644524 52 600 17684
353788373 45 1273 17691
353845474 53 1688 17694
354727634 51 1692 17739
354851789 59 573 17745
354992540 47 500 17752
355032425 55 217 17754
355057425 58 511 17755
355342673 45 312 17769
355470333 46 71 17775
355651813 56 689 17784
355674252 48 1658 17785
355839199 58 428 17793
356264698 56 1777 17814
356816039 56 1405 17843
356859695 48 362 17845
356942196 48 1107 17849
357113669 55 31 17857
357545862 47 1231 17879
357588702 59 646 17881
358368420 46 65 17920
359036436 46 1500 17954
359745358 48 529 17988
359842421 51 16 17993
360223492 53 197 18012
360334569 58 848 18018
360485425 53 752 18026
361070427 58 306 18054
361188341 47 783 18060
361956251 55 32 18098
361976452 59 782 18099
361998829 41 863 18100
362484004 58 985 18125
362939455 42 74 18147
363001659 44 631 18150
363471586 47 1765 18173
364160789 48 1375 18208
364992761 40 928 18249
365334871 57 1274 18266
365502044 57 882 18274
366536341 46 1055 18327
367013807 49 462 18350
367102628 51 386 18354
367479533 58 1152 18373
368070329 54 1585 18402
368783427 44 856 18439
368924769 44 1615 18445
369305344 57 204 18464
369549678 41 379 18476
369785140 46 150 18487
369892798 58 220 18492
370288054 53 1224 18512
370526494 45 641 18524
370629521 54 100 18529
370651502 40 109 18530
370670277 48 1744 18531
371408072 58 1914 18568
371603264 45 1213 18578
371625233 56 443 18579
371921652 44 922 18593
372759211 46 422 18635
373367299 41 1271 18664
373983055 50 724 18694
374139605 59 1320 18702
374155523 40 1047 18703
374332204 47 1834 18712
374355303 48 1920 18713
374467181 58 1072 18719
374509275 52 1361 18721
374897469 49 488 18740
375014275 52 1026 18746
375073784 41 1374 18749
375340662 49 1264 18763
375476985 48 117 18770
375736882 58 164 18783
376687458 56 401 18828
376856225 40 557 18837
376875705 52 1419 18838
376995253 41 1512 18844
377163671 43 548 18852
377363921 46 1879 18862
377646240 45 419 18877
378251282 53 261 18907
378889039 48 1144 18939
378937944 45 1471 18942
379126576 55 1926 18951
379321796 53 1423 18961
380208304 55 1591 19004
380469259 52 809 19018
380769051 51 1304 19033
380788027 41 845 19034
381044916 47 1736 19047
381390150 57 399 19064
381450342 46 1155 19067
381590651 59 1696 19074
381877326 55 1431 19089
382533809 45 1352 19121
382758838 41 184 19132
382855522 51 1934 19137
383305347 57 604 19160
383346047 45 751 19162
383988743 59 1235 19194
384281197 41 1885 19208
384577136 51 1871 19223
384613178 55 1462 19225
385591082 51 1750 19273
386153100 40 1792 19300
386395489 59 1855 19312
386790186 41 1248 19333
386814194 54 796 19334
387199187 41 850 19353
387282338 41 1988 19357
387516206 52 1917 19369
387635825 45 993 19375
387775192 49 598 19382
387904379 58 1867 19388
388413629 50 1916 19415
388720382 51 1785 19431
388950567 59 977 19443
389046500 49 256 19448
389437508 40 1497 19468
389780742 45 1921 19485
390303004 46 447 19511
390524779 51 1769 19522
390582361 48 1316 19525
391211315 57 151 19556
391297312 55 545 19560
391687534 48 264 19580
391778164 44 1274 19585
391799883 54 1366 19586
391816132 45 485 19587
391877540 51 817 19590
392125871 45 411 19603
392540840 43 1014 19622
392581350 53 1521 19624
392816209 49 967 19636
392872916 41 1612 19639
393304189 57 345 19660
394024483 49 756 19696
394453456 54 179 19718
394477797 48 1294 19719
394657857 45 1732 19728
394795648 44 1725 19735
395154395 47 28 19753
395230326 54 1695 19757
395897830 45 1574 19791
395915279 52 183 19792
395985992 49 294 19796
396105533 40 639 19802
396220641 50 643 19808
396546341 44 1930 19824
397014760 43 1318 19847
397195404 47 1025 19856
397238443 52 420 19858
397668088 40 96 19880
398187925 44 1159 19906
398274161 40 1126 19910
398501222 48 1058 19922
398635999 50 788 19929
399141292 51 1455 19955
399729493 48 569 19985
399829020 49 1004 19990
399849018 58 1674 19991
399996263 56 289 19998
