59137 120 1854 2
812943 121 689 40
1087815 121 1435 53
1192075 120 1635 58
2166198 129 1712 107
2203586 135 1660 109
2628427 138 1514 130
2806893 122 886 138
3104070 137 570 153
3399710 126 519 167
3747749 126 1588 184
3770232 123 566 185
4214635 135 1732 208
4335650 122 1325 214
4450858 130 1469 220
4819353 135 1067 239
5232600 129 1311 259
5250183 134 847 260
5544209 120 1253 275
5690837 131 319 282
5798823 121 202 288
5926106 135 1435 295
6551010 136 1550 327
6995291 128 730 349
7246011 131 283 362
8276403 123 1301 412
8772953 137 355 437
8994124 120 1655 448
9529968 134 360 474
9892973 137 1020 493
10196151 127 1229 508
10371491 130 742 517
10870829 138 831 542
10924045 138 787 545
11127249 139 1504 555
11211078 135 620 559
11308561 134 703 564
11532448 138 322 576
11595701 137 1794 579
11995756 127 688 598
12142110 135 1553 606
12282618 129 211 613
12430455 126 1511 620
13160980 131 305 657
13243956 128 1433 661
13717792 136 940 684
13930126 136 1621 694
13967338 125 642 696
14462908 124 415 721
14542329 125 120 725
15685539 133 304 780
17234005 128 826 857
17542162 128 1082 872
17563893 120 1949 873
17893991 125 287 889
18415347 126 337 915
18437877 127 853 916
18603708 137 1378 924
18809420 130 1839 934
19223899 132 1856 954
19573834 131 1478 972
19592453 139 1337 973
19696017 139 1638 978
20162485 130 656 1001
20521387 132 158 1019
20596407 134 682 1023
20888259 133 1886 1037
20966813 134 846 1041
21475499 127 487 1067
21872657 135 1828 1087
21947660 131 626 1091
22440956 130 785 1116
23517551 136 305 1167
24414437 123 1097 1213
25009821 135 1670 1244
25033470 127 1896 1245
25233857 120 186 1256
25625625 136 1077 1275
25968160 126 517 1292
26754605 126 1952 1331
27190502 129 1486 1352
27632826 132 1871 1374
28525817 128 673 1420
28683960 131 1348 1428
29007263 136 1143 1445
29072801 139 491 1448
29501641 134 1977 1469
29591823 132 40 1474
29897501 130 1378 1489
29957763 133 846 1492
30142232 135 1301 1501
30538363 125 26 1522
31189861 121 791 1553
31535079 123 788 1570
31751023 121 1083 1581
31812716 136 492 1584
31991815 123 205 1593
32042338 136 1752 1596
32222312 130 75 1605
32277473 121 524 1608
32518168 124 1670 1621
32675805 122 1040 1629
33684628 125 33 1681
33943797 126 1034 1694
34750029 123 1391 1736
34830423 122 1572 1740
34868625 134 1120 1742
35259837 120 888 1761
35489723 135 437 1773
35544088 120 1696 1776
35736394 127 498 1786
36068810 139 76 1803
37354709 130 1292 1867
37489671 123 117 1874
37788466 130 1504 1890
38032495 132 446 1902
38340067 138 67 1917
38434660 136 930 1922
39050982 129 1491 1952
39088117 124 602 1954
39497241 120 215 1975
40206657 131 311 2010
40753223 125 847 2038
40871028 124 143 2044
41585781 127 1483 2079
41760696 123 1691 2087
41780510 121 183 2088
41946759 125 1697 2097
42374199 120 1600 2118
43041722 126 1195 2151
43418062 134 1459 2170
43788464 127 643 2188
44196955 133 124 2209
44449579 137 1181 2222
44961277 121 481 2249
45198412 126 884 2261
45338703 136 1584 2268
45358482 126 1712 2269
45490683 123 1136 2276
45692454 131 220 2286
45761953 139 380 2290
46117897 125 340 2308
46770299 134 1771 2340
46802545 120 1298 2342
46949713 132 1883 2350
47031205 132 305 2354
47456520 121 1470 2375
48366323 125 869 2421
48828746 139 894 2443
48955611 122 1062 2450
49219020 129 725 2463
49305291 123 1691 2467
49553523 133 323 2479
49700704 124 477 2486
50364099 125 1810 2519
50641227 139 1022 2533
50744314 120 1091 2538
50888672 131 521 2545
50906204 128 1303 2546
51276709 122 488 2565
51405531 134 1170 2572
53167231 138 598 2661
53663682 123 1860 2685
54164603 125 1017 2710
54579625 134 1108 2731
54813717 126 1265 2742
55463298 139 1926 2773
55690075 122 1592 2785
56103192 128 1251 2806
56142440 136 1993 2808
56426905 130 1034 2822
56482168 121 1439 2825
56500270 131 811 2826
56760918 134 1981 2839
56842273 120 1643 2843
57069186 139 281 2854
57359590 124 1922 2868
58003378 120 140 2901
58079391 138 1341 2905
59679138 127 1000 2985
59837180 137 1392 2993
59966180 131 1123 2999
60451643 128 329 3023
60807539 124 1451 3041
61585917 132 110 3080
62459189 127 884 3124
62616465 135 220 3132
62699342 127 1825 3136
62827372 127 1687 3142
62988394 131 439 3150
63654379 125 1800 3184
63734364 138 167 3188
63816883 127 1188 3192
64056456 122 34 3204
64147999 126 847 3209
64429369 124 345 3223
64690506 135 807 3236
64823895 130 378 3243
64869902 130 1581 3245
65667917 133 28 3285
65851252 137 885 3295
66215448 134 916 3313
66233217 137 1994 3314
67153390 122 1880 3359
67172946 129 1464 3360
67298980 124 234 3366
67346595 125 902 3368
67742873 131 988 3387
67986064 128 1638 3399
68712266 137 1360 3435
68843246 121 1705 3441
68957070 134 523 3447
69083928 134 1281 3453
69226393 120 1284 3460
69342199 120 1264 3466
69415838 127 675 3470
69541910 138 280 3476
69779839 120 1047 3488
70022554 132 1018 3500
70112061 126 89 3505
70326544 138 935 3516
70540269 135 1536 3526
70577019 131 1431 3528
71025397 123 934 3550
71228888 129 1359 3560
72106750 132 1954 3603
72269724 136 1134 3612
72306202 133 655 3614
72540588 137 1381 3625
72733913 122 373 3635
72824967 133 1727 3640
73134537 128 545 3655
73235374 133 1418 3660
73566696 137 371 3677
73822448 130 948 3690
73958506 134 668 3696
74249241 139 1219 3710
74565202 121 1401 3726
74780982 127 1938 3737
75726515 134 1423 3785
75748933 130 46 3786
77256084 131 1879 3861
77393849 125 1711 3868
77415945 128 798 3869
77552057 138 1157 3876
77797589 127 46 3889
77938428 138 1720 3896
78048720 130 546 3901
78093573 122 1904 3903
78843570 138 1280 3940
79274781 126 1226 3961
79602171 134 924 3976
80320407 122 1264 4012
80513379 137 38 4022
80705018 121 434 4032
81161825 131 1206 4055
81203012 124 562 4057
81613874 133 309 4078
81914890 139 85 4093
82297634 120 1607 4113
82513577 121 1746 4124
84325104 137 593 4215
84710593 137 747 4234
84969135 132 1435 4247
85141322 120 1424 4255
85285595 121 1311 4262
86304632 131 58 4313
86472517 121 334 4321
86953525 122 1733 4346
87069975 137 1665 4352
87167940 137 1026 4357
87434127 125 1791 4370
87712577 134 339 4384
87786705 124 1055 4388
87894839 120 1568 4393
88465356 125 1237 4421
88676142 138 101 4432
88733759 128 445 4435
91150030 135 490 4554
91722879 123 994 4584
91743094 127 1941 4585
91847405 131 1737 4590
92035672 126 1607 4600
92128127 128 141 4605
92200342 126 1875 4609
92261597 129 1419 4612
92456743 132 1692 4622
92494131 127 1836 4624
92699477 136 124 4634
92976249 130 1588 4648
93022597 125 1498 4651
93645420 127 1072 4682
93682946 124 660 4684
93962889 129 1140 4698
94070887 128 610 4704
94112568 123 66 4706
94921660 127 923 4746
95496952 130 885 4774
95529364 136 231 4776
95618307 134 976 4780
95639483 134 574 4781
95694108 126 600 4784
96132831 132 376 4806
96307978 126 676 4815
96415929 138 1021 4820
96450969 135 608 4822
96598615 123 462 4829
97223970 121 667 4860
97529345 127 1572 4875
97675842 129 204 4882
98355061 121 1144 4916
98848765 137 408 4941
99574262 137 1887 4979
99991602 134 1484 4999
100175489 122 927 5009
100399275 138 325 5020
100563375 125 81 5028
101796106 120 1757 5090
101967260 136 1861 5099
102064552 125 544 5104
103450452 135 1380 5171
103568371 139 1278 5177
104324071 134 1893 5214
104463402 137 23 5221
105811252 136 273 5288
106004486 130 1452 5298
106138272 122 473 5305
106197841 131 57 5308
106678689 139 1484 5332
106830650 138 1988 5340
107566997 120 990 5377
108156829 121 532 5405
108323235 128 1566 5413
108765000 136 512 5435
108822680 125 870 5438
108977976 137 609 5446
109455546 133 1915 5470
109794433 126 1331 5486
110449035 136 1730 5519
110692656 125 1110 5531
110821406 122 994 5537
110924040 123 1505 5542
110949040 128 123 5543
111334254 135 1602 5562
112445862 125 1386 5618
112508068 136 876 5621
113394289 121 1366 5665
113501357 135 1609 5670
113790601 138 116 5685
114199918 126 1279 5705
114439408 138 573 5717
114477842 133 1796 5719
114984707 122 193 5744
115021643 127 980 5746
115039580 126 468 5747
115180430 136 1808 5754
115450365 123 1796 5767
115565581 135 48 5773
115641550 129 1597 5777
115677760 134 354 5779
115741186 120 670 5782
115782151 128 857 5784
115864722 129 535 5788
115945813 121 668 5792
116065150 132 100 5798
116369368 123 1151 5813
116491549 135 1462 5819
116574678 121 1406 5823
116864365 131 1112 5837
117716867 127 1150 5879
117803316 134 22 5883
118470152 137 1332 5917
118553019 121 1492 5921
118571711 131 242 5922
118651246 122 935 5926
118715035 130 1873 5929
118776616 122 933 5932
119109720 129 44 5949
119216351 139 532 5955
119488822 136 214 5969
120115009 137 1426 6000
120438415 139 1998 6016
120492086 132 207 6019
120723685 131 1635 6030
120958055 139 315 6042
121260038 138 146 6058
121300966 131 1466 6060
121888544 126 1753 6088
122213768 136 188 6104
122561867 125 1414 6123
122990095 137 926 6144
123207393 122 324 6155
123413598 122 434 6165
123436018 135 1210 6166
123923822 133 1847 6191
124103649 131 1342 6200
124385894 135 1275 6214
124548847 129 1399 6221
124564495 127 1106 6222
124756300 126 1272 6232
125170898 121 577 6253
125404985 120 1373 6265
125898615 129 1165 6290
126106893 130 539 6300
126396196 139 1568 6314
126485432 128 1703 6318
126763184 131 534 6331
127353850 122 369 6360
127636157 137 636 6373
127875939 122 1885 6385
128909056 139 1711 6437
129073337 132 1355 6445
129291902 128 1620 6456
129441853 126 723 6464
129827858 122 739 6483
129946373 129 1643 6489
130044245 138 1236 6494
130544983 127 731 6520
130643460 136 854 6525
130952217 124 1791 6541
131236281 123 1459 6554
131587403 126 1619 6572
131806549 136 1949 6583
132524322 131 1992 6619
132765889 136 1322 6631
133031976 136 304 6644
133286765 129 638 6657
133375198 138 706 6661
133723444 139 1433 6678
133783675 136 60 6681
135061139 130 1635 6746
135358353 139 1442 6761
135478848 136 488 6767
135984539 123 281 6792
136083639 126 743 6797
136209143 122 983 6803
136288562 132 1176 6807
136651548 136 389 6826
136817573 124 227 6834
137283115 136 1657 6857
137459800 138 1293 6866
137502116 126 871 6868
137741586 123 1216 6880
138000874 129 1317 6893
138113336 132 64 6899
138168079 133 800 6902
138464279 127 1375 6917
138634384 123 694 6926
139247720 135 1920 6957
140204700 136 1816 7004
140287384 130 279 7008
140322864 129 253 7010
140381268 123 1098 7013
140843476 132 184 7036
141719318 138 494 7079
141882568 139 370 7087
141982242 127 1949 7092
142043357 120 1942 7095
142290116 126 1716 7107
142388461 130 138 7112
142605045 134 67 7123
142921830 124 682 7139
142936931 128 1277 7140
143052825 128 347 7146
143192518 128 1216 7153
143354404 123 1984 7160
144085633 132 333 7196
144146802 134 897 7199
144328509 124 448 7208
144408184 131 859 7212
144515207 134 1171 7217
144555814 131 1790 7219
144783863 126 891 7231
145185226 122 1396 7251
145600110 120 1385 7271
146746478 133 1333 7329
146933626 133 1230 7338
147018246 125 739 7342
147719124 122 495 7377
147918345 123 1161 7387
148852776 130 1078 7432
148952757 135 1421 7437
149392880 126 1818 7459
149475413 136 229 7463
149520766 126 843 7465
149786813 129 354 7477
150079999 122 1845 7492
150408643 123 204 7508
150693896 129 1493 7523
150796038 138 232 7528
150929174 123 1448 7534
151205386 132 1609 7548
151296154 134 157 7553
151394996 131 763 7558
152120532 132 619 7594
153163415 128 1474 7647
153798981 126 795 7679
153922345 124 1888 7685
154303225 124 1208 7705
154423976 121 1929 7711
154505325 137 376 7715
154751708 136 1599 7727
154825892 134 1045 7731
155034089 126 1014 7741
155342570 134 841 7756
155878873 121 1776 7783
156075423 127 449 7793
156584716 138 663 7818
156604761 131 494 7819
156787038 128 987 7828
157330137 135 1478 7855
157710640 123 1476 7875
157869977 123 76 7883
158061397 128 285 7892
158077890 139 856 7893
158148167 137 511 7897
158207545 138 170 7900
159032869 123 230 7940
159476962 130 1617 7962
159812746 132 420 7979
160480587 138 1021 8012
160641690 126 1358 8020
160680372 125 796 8022
160962355 135 1520 8037
161935914 121 389 8087
162235166 130 549 8102
162410205 132 1884 8110
162554055 125 157 8117
162724088 121 365 8125
163221994 121 1736 8151
164107739 136 784 8196
165245723 122 233 8253
165323265 133 906 8257
165360304 134 489 8259
165466390 131 481 8264
165589118 138 353 8270
165629885 126 1427 8272
166275910 139 1919 8304
166770735 133 121 8329
166838417 129 118 8333
167192898 133 1704 8350
167894084 132 1465 8386
167936056 124 185 8388
169236578 137 1691 8452
169286412 122 491 8455
169431635 139 798 8462
169582360 122 1656 8470
169624811 120 909 8472
170028933 120 1292 8493
170133758 120 126 8498
170276252 125 562 8505
170682822 122 1637 8525
170801024 138 1711 8531
170818561 136 545 8532
170959962 134 1232 8539
171039896 139 974 8543
171255965 130 1074 8553
171298624 137 1758 8555
171380728 126 13 8559
171453317 126 323 8563
171882326 138 1548 8585
171922326 126 1065 8587
172308241 127 1137 8607
172356253 139 782 8609
172548148 136 650 8618
173491669 133 1538 8666
174234824 134 1167 8703
174369627 123 1980 8710
174471742 131 1504 8715
174858357 122 519 8735
174993253 124 142 8742
175561041 135 489 8770
175577173 135 1696 8771
175946480 120 1965 8789
176151232 131 738 8799
176360882 139 293 8810
176677576 135 1301 8825
177058067 120 694 8844
177096622 129 1658 8846
177288327 130 40 8855
177370444 123 443 8859
177581714 125 1427 8870
178126399 121 627 8897
178310732 139 1643 8906
178533812 134 178 8917
178740567 120 1236 8927
178816308 136 1593 8931
178880570 126 1874 8934
178897583 123 125 8935
179016689 138 32 8941
179412468 124 29 8961
179586242 120 1692 8970
179832682 127 1212 8982
179913283 137 112 8986
180130847 132 483 8998
180287807 127 1366 9006
180479630 120 1148 9016
180498335 120 226 9017
181325235 133 370 9059
182100969 135 375 9097
182485818 136 531 9116
182519629 135 835 9118
183067108 128 727 9145
183151682 129 923 9149
183326407 135 1331 9158
183889359 135 897 9187
183910955 134 1200 9188
183949834 139 1549 9190
184488645 126 1327 9217
184660945 139 894 9225
185097777 139 1765 9246
185318185 125 96 9257
185379716 129 1457 9260
185604268 130 1134 9271
185659024 122 1695 9274
185681497 124 1900 9275
186073330 125 1666 9294
186827634 137 1693 9332
187180613 122 939 9350
187542919 133 67 9368
188040631 139 1943 9392
188501237 130 1388 9415
188628726 138 1345 9421
189013460 121 859 9440
189142991 136 1343 9446
189535342 139 1226 9466
189634461 126 814 9471
191467682 132 693 9562
191642789 125 1481 9570
191819923 137 1399 9579
192355490 135 979 9605
192434120 125 219 9609
192525648 132 1156 9613
192588739 126 1091 9616
192888900 134 1863 9631
193044104 128 869 9639
193064556 122 950 9640
193322196 121 1864 9653
193486093 130 1100 9661
193652069 120 196 9669
193734556 128 982 9673
194092325 136 277 9690
194278437 120 811 9699
195605471 136 1885 9767
196465469 121 1698 9810
196928166 134 786 9833
197225542 136 1502 9847
198187269 134 14 9895
198228058 121 131 9897
198586092 133 898 9915
199096709 125 1695 9940
199652907 123 54 9968
201076430 127 206 10041
201145273 133 39 10045
201334786 128 338 10055
201407376 135 1596 10059
202053454 124 608 10091
202369305 120 800 10107
202589533 135 745 10118
202868053 134 371 10132
203134639 126 1630 10146
203528526 126 287 10166
203753157 126 189 10177
203825676 127 1714 10181
203927358 121 281 10186
204305148 129 756 10205
204886027 121 1249 10232
205087473 128 1081 10242
205307510 133 1145 10254
205540018 121 901 10266
205658904 122 121 10272
206761354 126 407 10327
206959738 136 222 10337
207222959 124 434 10350
207624268 138 1121 10370
207807483 132 896 10379
207832483 120 1758 10380
208006245 120 1704 10389
208260231 124 1850 10402
208280476 134 1063 10403
208405908 128 1602 10410
208663139 126 1695 10423
209000323 120 544 10440
209116214 125 23 10446
209280286 124 489 10454
210208961 128 721 10501
210430167 131 1064 10512
210467605 126 1937 10514
210521483 121 789 10517
210623542 134 1797 10522
210806345 129 1170 10531
210868637 137 133 10534
211146869 133 32 10547
211307825 129 718 10555
211328490 127 1867 10556
211427572 129 71 10561
211578709 127 416 10569
211869189 129 874 10584
212405383 134 1956 10610
212444846 123 85 10612
212592255 128 1976 10619
212778347 131 41 10629
212886973 130 1906 10635
212951635 122 1124 10638
213744077 134 1605 10677
213805848 122 1459 10680
213897176 122 1173 10684
214254097 136 708 10702
214385617 127 478 10708
215064487 133 734 10741
215178896 133 1402 10747
215317558 120 73 10754
215845838 125 1169 10780
215861366 121 286 10781
216100197 139 1650 10793
216156924 124 351 10796
216329299 131 1532 10805
216510987 126 183 10814
216593244 133 1611 10818
216649394 129 1948 10821
216829148 135 1660 10830
217445948 137 758 10861
217978569 127 1060 10888
218312974 131 604 10905
219344294 136 1568 10957
219487916 139 1781 10965
219586402 122 323 10970
219663764 136 575 10974
219708172 136 0 10976
219766204 128 72 10979
220090392 134 610 10995
220418364 123 605 11012
220457864 137 1542 11014
220494857 132 1800 11016
220563087 128 564 11019
220705299 120 1885 11026
220762418 126 1357 11029
221178579 135 116 11049
221618272 124 1164 11070
221639050 130 1998 11071
221719726 132 1421 11075
222428016 127 721 11110
222482072 127 544 11113
223273518 127 746 11152
223486564 136 1020 11163
223662743 139 1036 11172
223803865 138 81 11179
224575279 137 1587 11217
225125572 131 1093 11244
225168722 127 1086 11246
225185825 125 876 11247
225440858 130 125 11260
225630933 125 53 11269
225728636 134 880 11274
226123114 136 703 11294
226166126 129 670 11296
226252699 124 1065 11300
226414226 127 266 11308
226614097 120 808 11318
227240309 137 1405 11350
227628046 136 1100 11370
227977231 130 1207 11388
228075085 128 1868 11393
228212869 136 888 11400
228270033 124 238 11403
228372143 135 492 11408
228433668 138 662 11411
228614608 133 88 11420
229062421 135 157 11442
229387318 139 1185 11458
229610059 138 1208 11469
229832930 134 1795 11480
230092792 121 306 11493
230350313 136 909 11506
230703561 130 971 11525
230922015 121 959 11536
232489836 124 486 11615
232692997 124 1363 11626
232712917 120 708 11627
232899641 122 431 11636
233225718 136 1675 11653
233243350 122 95 11654
234201348 127 1766 11702
234371672 128 828 11711
234406583 126 747 11713
234787805 131 1012 11732
234925732 132 42 11739
234982766 137 1266 11742
235004648 130 1471 11743
235151585 136 1797 11750
235252287 125 1570 11755
235293254 135 1290 11757
235456471 135 701 11765
236107694 120 102 11797
236210823 122 1176 11802
236603363 135 1647 11822
237081767 135 636 11847
237226076 126 58 11855
238192210 127 1131 11905
238305462 136 668 11910
238638089 138 195 11926
239050489 136 1625 11947
239923739 120 1531 11990
240298602 123 1105 12009
241249951 135 1358 12057
241398408 134 1673 12065
241606701 125 617 12075
242322464 131 1697 12112
242871716 135 635 12139
243198652 131 902 12155
243447894 126 521 12167
243683638 128 359 12178
243702486 136 1852 12179
243822979 128 1298 12185
243916161 135 1817 12190
243936282 135 1553 12191
244486613 123 7 12218
244908777 127 161 12239
245229203 129 1281 12255
245327798 136 972 12260
245575215 133 1935 12272
245677356 136 1581 12277
245761743 132 1828 12281
245916386 134 1119 12289
247384681 132 439 12362
247419167 138 1779 12364
247642470 121 1974 12375
248310614 133 678 12410
248327055 122 1332 12411
248463905 121 1251 12418
249050179 127 1657 12447
249241026 128 276 12457
249323233 136 1208 12461
249928478 124 1567 12491
250554801 125 90 12523
250863852 129 1120 12539
251019109 136 777 12547
251104700 132 1478 12551
251198095 133 623 12556
251537133 125 1713 12573
251578135 129 1298 12575
252247851 123 60 12608
252625915 138 1462 12627
252683340 125 1946 12630
253283948 126 323 12659
253647927 135 1551 12677
254701698 133 826 12731
254739384 129 686 12733
254822920 132 564 12737
255041222 129 1356 12748
255836514 130 227 12788
256278756 135 250 12810
256904052 133 1182 12842
256923087 137 1585 12843
257636474 122 915 12881
258010966 139 316 12900
258332147 128 1795 12915
258593212 135 709 12928
258725754 122 1643 12935
258840739 132 1437 12941
258993631 134 1690 12949
259087104 121 770 12954
259319462 139 0 12966
259719106 137 225 12986
259738907 136 568 12987
259756584 123 638 12988
260496928 123 731 13025
261268366 124 1546 13062
261415043 134 78 13069
261600111 135 186 13078
261728842 133 1521 13084
261743842 124 1329 13085
261806152 124 702 13088
261967267 138 1980 13096
262397432 122 175 13117
262579044 131 1022 13125
262710190 124 1852 13131
263213236 130 669 13156
263796949 122 1234 13184
263985214 133 261 13193
264119257 122 1388 13200
264322077 126 129 13210
264464063 123 1328 13217
264803183 130 874 13234
265320511 123 274 13260
265420397 132 1706 13265
266003249 139 245 13294
266041121 124 383 13296
266316795 134 1385 13310
266602264 129 1607 13324
267176664 130 972 13354
267387743 134 1717 13364
267555935 127 403 13372
267736548 137 1684 13381
267936336 130 1333 13391
267978554 125 1803 13393
268227921 122 1077 13406
268819610 124 265 13435
268948452 132 695 13442
269084511 136 940 13449
270543634 120 1476 13522
270581789 123 1498 13524
271520892 137 592 13571
271807914 137 867 13585
272095154 131 1342 13600
272133760 136 1545 13602
272555075 123 932 13623
272856483 138 1172 13639
273004952 128 1197 13646
273306023 131 173 13662
273423370 127 223 13668
273542257 134 1063 13674
274182338 130 321 13708
274297832 138 797 13714
274354221 124 1320 13717
274375139 136 1937 13718
275200337 129 183 13760
276076426 130 89 13803
276578164 126 1387 13830
276765530 126 1317 13840
276844909 133 10 13844
277461895 132 163 13875
277502920 128 670 13877
277568378 138 1754 13880
277655662 137 1888 13884
277676825 137 342 13885
277801007 125 399 13891
278015957 139 306 13902
278383521 130 1471 13920
278666081 137 619 13934
278794478 129 1653 13941
278878366 133 1203 13946
278993237 138 392 13952
279114564 125 331 13958
279238940 132 951 13964
279666036 125 1970 13985
279814571 138 1449 13992
280465287 139 1388 14024
280799591 126 1726 14041
280838018 130 1074 14043
280953785 139 1263 14049
280995602 137 1137 14051
281938593 139 982 14098
282058947 138 1140 14104
282157793 127 1417 14109
282243905 138 1477 14113
282820895 133 767 14142
283225659 134 414 14163
283383574 128 1217 14171
283575400 130 528 14181
283676867 122 1136 14186
284077462 134 811 14205
284160836 122 443 14209
284597713 134 1976 14230
285062863 131 1697 14253
285822489 130 1228 14290
286808202 138 170 14339
287030507 138 177 14350
287130635 122 146 14355
287381415 130 1186 14368
287508270 134 1697 14374
288112861 139 1590 14405
288396220 138 393 14419
288417889 121 1981 14420
288759867 127 1162 14437
289105721 129 1991 14454
289138223 126 1625 14456
289703402 122 1869 14484
289887488 125 5 14493
289939547 128 806 14496
290011443 131 1235 14500
290162122 128 902 14507
290556085 134 1220 14527
290709789 135 503 14535
290813503 138 453 14540
291213292 133 1109 14561
291367995 123 1743 14569
291419670 136 1496 14572
291477383 136 1529 14575
291695875 129 1627 14585
292147430 128 47 14608
292254425 123 1580 14613
292333812 128 1730 14617
292459440 122 1608 14624
292517402 131 1416 14627
292535566 120 1613 14628
292832236 134 174 14642
293127214 134 1498 14658
293359677 130 1526 14670
293468324 123 818 14676
293871588 130 509 14696
294179550 122 1294 14712
294300377 126 305 14718
294398260 131 536 14723
294460182 124 1817 14726
294665486 132 513 14736
295519501 126 258 14778
295717509 136 1518 14788
296043825 127 663 14804
296106225 139 141 14807
296182983 125 303 14811
296302386 131 456 14817
296968114 122 288 14850
297100534 139 1832 14856
297120871 128 734 14857
297441319 135 86 14872
297657987 126 508 14883
298079881 131 56 14904
298236448 132 1871 14912
298764320 134 1171 14938
298804383 138 814 14940
298897777 126 1960 14945
298998866 134 1417 14950
299188152 137 1275 14959
299245270 132 1642 14962
299325756 131 36 14966
299478238 138 1016 14974
299677234 138 1927 14983
299783538 127 1519 14989
300188400 120 611 15010
300479116 124 193 15025
301131147 136 1168 15057
301166379 125 373 15059
301874711 139 1565 15095
302304004 122 1812 15116
302842203 128 1278 15143
303339385 122 1116 15168
303590368 138 1494 15180
303613967 135 547 15181
304026421 123 1062 15201
304087721 128 1793 15204
304594443 131 1513 15229
304670619 129 1844 15233
304691379 137 1080 15234
304904750 130 1101 15245
304995862 135 1216 15250
305202419 120 1266 15260
305518306 135 330 15276
305689066 121 1746 15284
305910340 125 1563 15295
305956810 128 1210 15297
306086302 138 24 15303
306250367 136 1243 15312
307117262 135 613 15354
307912294 121 1485 15394
308024691 136 838 15400
308579372 129 1616 15429
308855932 139 1633 15442
309057844 132 421 15452
309123951 125 1670 15455
310661712 136 1653 15532
310783541 133 1547 15538
311304044 127 189 15564
311451161 139 1068 15571
311487544 120 1206 15573
311758071 123 1418 15586
312215461 121 916 15610
312516345 130 269 15625
312980494 127 845 15648
313035713 123 655 15651
314471308 132 1844 15723
314858148 132 726 15743
314896605 131 259 15745
314919233 131 667 15746
314972714 136 998 15749
315139646 122 801 15758
315272008 139 102 15765
315325720 134 998 15768
315818608 135 1180 15792
315894265 132 1432 15796
316103573 128 1319 15807
317244242 126 1435 15863
317324881 136 128 15867
317344011 126 1501 15868
317502648 139 725 15876
317523712 127 1550 15877
318897640 125 1911 15946
318916819 129 1138 15947
318997833 136 1958 15951
319230362 123 383 15963
319727227 128 1391 15986
320253932 122 1050 16011
321570023 131 1330 16078
321674238 126 1279 16083
321850429 128 13 16092
321890850 125 1452 16094
322248330 125 755 16112
322288018 134 1303 16114
322579616 122 1179 16129
323377670 130 414 16170
323683777 138 1420 16185
324216079 126 1619 16211
324259607 120 327 16213
324302244 124 454 16215
324657760 125 309 16233
324812833 130 661 16241
324924573 134 1636 16247
324987453 124 432 16250
325009188 134 685 16251
325027177 137 1814 16252
325045854 124 187 16253
325105937 123 896 16256
325470100 122 1183 16275
325493392 135 1136 16276
325717282 129 1976 16288
325741982 128 1182 16289
326016674 127 182 16303
326275835 138 1172 16316
326439940 139 1965 16325
327299551 129 316 16368
327474612 137 491 16377
328059101 132 1492 16406
328353924 121 1645 16420
328514105 121 1431 16428
331019839 127 366 16556
331659454 133 1703 16590
331867867 135 359 16600
332048731 136 1416 16609
332149221 123 616 16614
332364707 132 915 16625
332450762 130 1547 16629
332624335 130 847 16637
332668740 138 379 16639
332991518 133 1546 16655
333527098 138 1976 16682
333910926 129 17 16701
334069303 125 386 16709
334228277 123 484 16717
334262549 131 1276 16719
334284540 124 519 16720
334535375 130 815 16733
335243979 135 953 16769
335634838 123 180 16787
336231581 134 391 16816
336331379 136 1874 16821
337464603 136 1206 16878
337713095 134 457 16890
337792508 122 1165 16894
338078119 123 420 16907
338094208 134 1597 16908
338206253 132 1612 16914
338325257 134 1277 16920
338403637 135 991 16924
338610203 121 1495 16934
338858916 133 1360 16947
339268432 130 661 16967
340019139 134 805 17004
340234400 127 1827 17015
340273634 129 588 17017
340569589 121 687 17031
341076628 127 1408 17056
341135802 125 1139 17059
341395434 130 680 17072
341454945 123 1903 17075
341473105 121 664 17076
341685208 129 193 17087
341864749 136 1362 17096
341925165 129 561 17099
342000930 134 1459 17103
342241951 130 584 17115
342350170 133 407 17120
342380170 130 229 17122
343169005 125 1056 17160
343417498 131 1674 17172
343641858 122 81 17184
343709586 128 227 17187
345181574 127 1825 17260
345847264 128 1059 17294
347171918 120 334 17358
348382940 131 1924 17420
348656098 135 665 17434
349354369 129 1244 17468
349675902 127 1445 17484
349961329 133 1502 17498
349999668 135 1153 17500
350082101 120 642 17504
350254685 120 565 17513
350290349 129 1826 17515
350718385 135 193 17536
350949460 139 1777 17547
351111243 136 276 17555
351826584 139 1938 17592
352155936 136 1717 17608
352310355 134 1718 17616
352665524 137 22 17634
352740745 126 70 17638
352760838 120 733 17639
352779532 129 637 17640
353866028 127 1824 17695
353990838 127 271 17701
355160353 120 1 17760
355361980 128 930 17770
355802098 121 1760 17791
355975323 135 791 17800
356227963 124 1755 17812
356445185 135 1619 17823
356522333 133 1070 17827
356727574 121 822 17838
356778956 124 281 17841
357812846 120 1269 17893
358817491 136 1588 17943
358878109 120 582 17946
359101135 134 248 17957
359337750 123 293 17969
359403169 130 653 17972
359662928 122 1880 17984
359961596 136 1886 17999
359978158 123 1989 18000
360085143 127 70 18005
360259257 137 1330 18014
360314613 126 358 18017
360429628 139 711 18023
360449337 125 290 18024
361125974 125 591 18057
361365756 123 243 18069
361446289 131 1591 18073
361867186 124 1875 18094
362157252 136 609 18108
362333491 133 1733 18117
362391601 131 29 18120
362549474 131 901 18128
362695170 124 283 18135
363097441 129 1598 18155
363842530 125 474 18192
364458877 127 503 18223
364717482 138 1191 18236
365071360 135 1734 18253
365279488 138 1479 18263
365397471 120 145 18269
365615437 135 1122 18279
365650554 126 1748 18281
366389702 136 1188 18319
367382214 137 1554 18368
367626175 136 1461 18380
367645597 136 675 18381
367865540 134 1708 18392
368417830 125 1743 18420
368510227 138 1648 18425
368532210 120 530 18426
368748146 139 1412 18437
369042873 135 887 18451
369088744 124 1775 18453
369109773 127 1125 18454
369574678 132 87 18477
369876241 120 338 18491
370098084 130 1370 18502
370307684 137 447 18513
370388932 126 87 18517
370876869 135 1953 18541
371313265 124 1123 18563
371368915 127 285 18566
371748651 125 467 18585
372980760 129 589 18645
373073058 125 1453 18650
373093539 135 1718 18651
374001828 125 249 18695
374583625 135 1966 18725
375182303 125 1508 18755
375198866 123 1337 18756
375574679 133 1316 18775
376318700 137 1631 18811
376449259 138 1188 18817
376489023 123 1663 18819
376745148 121 970 18831
377561688 120 1148 18873
377599317 137 551 18875
378144282 138 109 18902
378476670 129 1621 18918
378597853 131 58 18924
378978729 129 1165 18944
379202193 137 92 18955
379559714 133 878 18972
379602960 138 255 18974
379688153 127 1088 18978
380076886 132 22 18997
380375237 135 461 19013
380688359 131 396 19029
380731213 120 1838 19031
380823974 120 955 19036
381130388 136 1706 19051
381767685 122 1990 19083
381801932 132 968 19085
382151635 135 1001 19102
382296794 132 1771 19109
382553381 132 976 19122
383249250 131 1672 19157
383325882 133 979 19161
383388060 131 1430 19164
383874915 134 1465 19188
383964822 132 1875 19193
384761435 136 1580 19232
385473398 132 16 19267
385504352 126 921 19269
385521975 125 1283 19270
385742874 131 1950 19280
385832899 128 1703 19284
385989511 126 232 19292
386467311 133 1075 19316
386568507 132 1109 19322
386687997 131 1709 19328
386936915 135 774 19340
387053199 128 112 19346
387259831 126 10 19356
387403991 129 1824 19363
387689347 138 45 19378
388164069 121 1278 19402
388295336 132 910 19409
388682179 138 871 19429
388881278 130 1866 19439
389168580 132 697 19454
389340081 136 1772 19463
389361783 130 1605 19464
389511086 138 1753 19472
390087624 124 932 19500
390111843 124 871 19501
390659756 133 1374 19529
390790321 137 1488 19535
391110622 131 919 19551
391377940 127 1255 19564
391463148 128 718 19568
392087390 120 738 19601
392315517 126 1085 19611
392606350 131 284 19625
392701996 132 1034 19630
392994572 139 67 19645
393599259 130 1955 19675
393792252 121 323 19684
393989821 121 1094 19694
394045741 138 256 19697
394136549 135 666 19702
394496641 134 1160 19720
395072206 121 239 19749
395212479 122 1393 19756
395538136 136 815 19772
395593721 127 14 19775
396202352 135 624 19807
396649655 131 1084 19829
396900442 135 326 19841
397333741 120 548 19863
397364359 135 1286 19865
397532421 124 569 19873
397792080 138 1509 19887
398005822 120 866 19898
398250735 138 738 19909
398291253 132 1119 19911
398402173 120 444 19917
399086290 124 822 19952
399123407 137 490 19954
399280469 126 1619 19962
399595597 130 269 19978
399872162 127 1109 19992
