34412 76 398 1
519864 79 1034 25
837075 76 633 41
1009125 70 1950 49
1289698 75 316 63
1665285 70 1375 82
1804906 72 1072 89
1959936 62 1525 97
1982677 77 1434 98
2465192 71 76 122
3303056 75 683 162
3709895 71 143 182
4019908 77 603 198
4472410 61 244 221
4513691 79 1623 223
4712889 62 864 234
5296794 64 1789 262
5872682 74 1962 292
5909439 63 608 294
6200816 72 424 309
6330597 70 191 315
6626896 78 389 331
6754494 75 1446 337
6935370 76 517 346
6954195 62 949 347
8028541 74 799 400
8359817 66 1459 416
8626984 63 863 429
8730536 62 1751 435
8973833 74 77 447
9137536 68 415 455
9412381 63 1262 468
10072276 65 1625 502
10178738 77 871 507
10669988 70 36 532
12056760 69 802 601
12677586 77 221 632
12737577 77 1784 635
13021064 76 1730 649
13224451 64 471 660
13283344 75 60 663
13388221 63 1659 668
13425442 62 476 670
13516730 71 122 674
13659554 78 272 681
13786977 64 907 687
13890126 77 994 692
14211577 75 1316 709
14506642 74 1314 723
14786267 61 1058 736
15123817 62 1021 753
15281468 62 1598 761
15749102 62 1181 783
15825098 71 1524 787
16214524 65 734 806
16252472 68 1481 808
16927444 74 1763 842
17832045 76 1414 886
17913789 70 1857 890
17955205 66 1459 892
18393843 61 45 914
18459539 72 802 917
18545543 61 1350 921
18767040 67 204 932
18788187 64 1659 933
19048832 70 1996 946
19324154 64 701 959
19357252 79 1131 961
19394664 61 1040 963
19675175 68 581 977
20045324 74 1948 995
20068459 63 407 996
20409243 75 805 1013
20503605 74 1924 1018
20618293 67 482 1024
20724209 78 1444 1029
20740167 65 1016 1030
21004626 71 1029 1043
21023603 77 1626 1044
21394739 79 1572 1063
21618283 71 1114 1074
21726056 68 1168 1080
21770385 61 352 1082
22064519 62 1883 1097
22171473 74 783 1102
22291136 75 819 1108
22617862 73 1979 1124
22667862 79 855 1126
22689190 68 1348 1127
22915779 61 604 1138
23044410 71 1191 1144
23153349 63 950 1150
23389934 63 1716 1161
23671750 79 95 1175
24737058 67 1127 1230
25414860 63 457 1265
25439860 71 463 1266
25505054 60 204 1269
26034292 77 254 1295
26074285 78 964 1297
26113069 73 1422 1299
26176115 66 1295 1302
26197930 74 498 1303
26534136 69 89 1320
26984219 71 343 1342
27026252 76 1881 1344
27209716 67 1430 1353
27574010 60 639 1371
27597328 72 90 1372
27613880 61 1100 1373
27653214 61 854 1375
27727008 60 1064 1379
27742008 76 764 1380
28093475 61 326 1398
28443900 71 1672 1416
28721515 79 918 1430
29152729 63 1695 1452
29627680 61 1951 1476
29772816 71 1698 1483
30064893 69 304 1497
30127232 77 1597 1500
30457311 66 1382 1518
30554042 73 1813 1523
31228511 67 824 1555
31268094 79 1316 1557
31331990 72 1014 1560
31556012 69 1267 1571
32339868 78 290 1611
32556974 79 1040 1623
32914458 71 1026 1641
33137623 60 1328 1653
33155016 76 1325 1654
33724227 68 1679 1683
33803025 71 1176 1687
33978708 69 1942 1696
34243243 76 1866 1710
35195263 65 96 1758
35395424 67 1469 1768
35665535 72 727 1782
35874096 61 822 1793
36190966 64 802 1809
36476831 62 17 1824
36947301 75 1883 1847
38756299 67 1562 1938
39200683 64 1895 1960
39400478 72 1898 1970
39554006 66 755 1978
40129017 67 116 2006
40313087 76 1092 2015
40687677 78 1252 2035
40790190 76 464 2040
40961420 75 534 2049
41010498 60 1638 2051
41396801 68 206 2070
41650748 78 1919 2082
42131877 60 365 2106
42558206 79 694 2128
42832470 61 1219 2141
43165694 68 601 2157
43200546 72 959 2159
43443062 65 268 2171
43707306 79 817 2184
43945089 66 1559 2196
43963999 70 1366 2197
44059260 70 521 2202
44218155 79 656 2210
44982821 63 1529 2250
45730253 61 1770 2288
45965167 63 608 2300
45985354 63 278 2301
46042204 79 690 2304
46160299 79 1302 2310
46400186 62 226 2322
47211845 68 901 2363
47875473 62 116 2395
48271921 64 1708 2416
48290084 78 1723 2417
48492114 67 566 2427
48603454 65 675 2432
49027394 65 664 2453
49242116 78 1833 2464
49366631 63 362 2470
49621954 63 205 2482
49661471 78 208 2484
50113118 62 70 2506
50498420 67 208 2526
50620256 73 1728 2532
50868515 72 804 2544
51389884 61 978 2571
51803627 73 1693 2593
52855845 69 1362 2646
52959021 68 904 2651
53000706 71 509 2653
53025706 75 1161 2654
53406923 69 1341 2673
54225962 66 1135 2713
54832572 77 1839 2743
54899751 70 1258 2746
55139776 69 1891 2757
55162419 62 1104 2758
55594637 70 1119 2780
55779723 62 517 2789
55798886 60 1490 2790
55968071 61 638 2799
56123937 68 1087 2807
57520340 70 1838 2876
57613476 61 1765 2881
57772833 62 1885 2889
58443815 74 955 2923
58547467 69 491 2928
58859351 66 1795 2944
58935205 73 1436 2948
58972733 70 142 2950
58994195 74 1269 2951
59170070 60 1778 2960
59313685 75 98 2967
59782539 69 1258 2990
60046761 74 573 3003
60612025 63 709 3031
60992444 66 1494 3050
61251458 70 1336 3063
61387964 61 1254 3070
61479096 61 1526 3075
61665115 64 1189 3084
61863512 62 380 3094
62550652 70 1109 3129
63409036 70 1563 3172
64235004 72 1993 3213
65184515 74 538 3261
65427105 69 1258 3273
65448461 69 1295 3274
66375146 70 758 3321
66653718 68 1568 3335
67132363 78 530 3358
67652100 66 828 3383
67694288 67 942 3385
67801377 78 1576 3390
68380079 70 1042 3418
68570538 79 1748 3428
68615520 78 850 3430
68803408 69 1463 3439
68882629 69 1709 3443
68903696 68 1474 3444
69265138 61 225 3462
69581186 60 1412 3478
69698981 67 366 3484
69738378 70 283 3486
70080523 62 695 3503
70521414 74 876 3525
70782268 64 497 3538
71293766 66 1235 3563
71734527 70 1262 3584
71793789 79 1840 3587
71809971 67 1661 3588
71844222 79 19 3590
72714186 67 1762 3634
73155384 77 985 3656
73255239 67 998 3661
73847448 67 1823 3691
73933506 63 758 3695
74127425 62 948 3704
74188663 63 1991 3707
75476973 60 734 3772
75536802 63 1441 3775
75648129 77 843 3781
76091500 62 1561 3803
76491254 79 1998 3823
78033166 71 1372 3900
78438441 61 413 3920
78456019 64 301 3921
78739425 77 1005 3935
79039765 69 1638 3950
79333346 61 1772 3964
79773676 73 1129 3985
79836756 77 412 3988
80685276 79 1160 4031
81059901 79 1058 4050
81415351 65 204 4068
81494714 71 1642 4072
81717321 74 136 4083
82183045 63 1484 4107
82642063 70 117 4130
82958017 77 1105 4145
83256147 68 1162 4160
83311510 71 1621 4163
83682277 75 1514 4182
84159338 66 1024 4206
84409885 60 230 4219
84508347 72 208 4224
84526749 79 1325 4225
84694045 65 1577 4233
84919149 63 1484 4244
85400748 70 1457 4268
85522504 69 765 4274
85541503 67 1511 4275
85982538 65 119 4297
86007377 69 1300 4298
86046306 70 130 4300
86243301 78 122 4310
86568735 70 1099 4326
87114252 64 1500 4354
87185914 67 75 4358
87227741 74 1638 4360
87270891 71 295 4362
87474737 60 376 4372
88863671 68 1053 4441
88921129 64 338 4444
89524587 66 978 4474
89640908 74 1158 4480
90380074 70 1386 4517
90404654 72 222 4518
90426425 71 1478 4519
91187762 73 1337 4556
91283371 78 1267 4561
91425156 79 1310 4568
91481569 78 1166 4571
91589952 66 562 4576
91974485 78 1981 4597
92282192 69 1633 4613
92715478 73 376 4635
92802058 70 696 4639
92917720 69 1641 4645
93201324 78 1615 4660
93240073 64 1136 4662
93604182 73 1463 4680
94254713 75 1586 4713
94675937 79 1075 4733
94941734 60 1072 4747
95263927 65 1671 4763
95571347 65 885 4778
95657401 60 1118 4782
95935787 75 1493 4796
96373121 63 1434 4818
96616045 73 1726 4830
97120505 76 598 4855
97486058 79 364 4873
97610434 63 1087 4879
98110519 61 676 4904
98233344 64 1337 4910
98336977 75 993 4915
98985900 66 980 4948
99109188 74 1815 4955
99352338 65 1941 4967
99437694 62 547 4972
100246927 77 621 5013
100602646 60 12 5030
101228467 71 741 5061
101281248 60 1711 5064
101570999 64 1808 5079
102044588 63 1777 5103
102392283 74 1183 5120
102873681 68 1171 5143
103431288 70 869 5170
103984378 73 499 5197
104000812 60 457 5198
104188037 72 558 5207
104601067 62 1922 5228
104847745 78 860 5241
105090839 71 1562 5253
106038726 69 426 5300
106313811 73 1681 5314
106579964 69 1367 5327
106638784 64 313 5330
107253250 77 1116 5361
108038490 77 1314 5400
108554477 73 1852 5425
108803818 71 86 5437
108958847 67 188 5445
109510267 77 776 5473
109668598 71 1050 5480
109916261 74 510 5492
110354823 64 1335 5514
110904241 70 1059 5541
110988673 75 1939 5545
111469042 64 39 5569
111791293 61 654 5585
112634970 64 800 5627
112928313 79 408 5642
113413905 73 688 5666
113658785 72 250 5678
113810595 76 1080 5686
113948481 61 477 5693
113994050 74 985 5695
114179144 62 1167 5704
114378801 65 136 5714
114532963 77 337 5722
114703956 66 1230 5730
114850193 78 501 5737
115287983 79 598 5759
115909895 60 1112 5790
115968799 75 1055 5793
115990903 72 1108 5794
116252248 66 1505 5807
116906466 74 1124 5839
117051170 64 1559 5846
117408092 62 1488 5863
117425158 77 421 5864
117607029 74 476 5873
117921872 64 360 5889
117983239 62 1255 5892
118176143 70 627 5902
118795043 64 365 5933
119463822 66 1373 5968
119871664 72 347 5988
119893643 74 282 5989
120131600 71 1646 6001
120247855 63 1963 6007
120472979 76 1804 6018
120767983 75 731 6032
121608591 72 1952 6075
122776113 61 1966 6133
123327891 63 351 6161
123455797 63 1710 6167
123729840 75 238 6181
123944521 77 111 6192
123965494 70 172 6193
124160164 77 1138 6203
124206613 77 322 6205
124223753 79 1265 6206
124298202 60 1666 6210
124597149 67 1002 6224
125350386 72 811 6262
125608107 72 1100 6275
125768869 69 24 6283
125881172 71 138 6289
126784920 65 303 6332
126863667 79 51 6336
127082591 79 1762 6347
127575204 70 935 6370
127839540 74 1283 6383
127984450 65 1268 6390
128243715 61 744 6403
128265943 67 1949 6404
128598764 73 866 6421
128656223 66 360 6424
128715829 79 1344 6427
129013827 72 511 6442
129131535 66 386 6448
129272245 71 177 6455
129805877 69 1880 6482
130064630 74 44 6495
130458821 61 1483 6516
130560614 77 1548 6521
131063135 65 1457 6546
131375740 62 1907 6561
132053567 72 834 6595
132364177 70 1817 6611
132661481 78 182 6626
132970683 61 1339 6641
133151976 69 1836 6650
133528207 76 1522 6668
134171771 79 674 6701
134470098 75 791 6716
134759714 60 342 6731
135120679 70 241 6749
135237492 60 1538 6755
135316796 60 773 6759
136690856 60 946 6828
137522981 65 11 6869
137845242 68 328 6885
138186925 72 1136 6903
138594425 76 1934 6924
138772594 73 1294 6933
139055940 61 578 6947
139270056 70 1509 6958
139442123 75 535 6967
139722237 72 797 6980
139982362 64 793 6993
140460418 77 1425 7017
140569283 77 1507 7022
140739373 63 25 7031
140796006 68 1511 7034
140889454 74 266 7038
140914235 62 1526 7039
140974615 74 334 7042
141092296 73 1417 7048
141496901 64 1455 7068
141944734 65 1260 7090
142067296 66 1529 7096
142144124 68 100 7100
142305979 68 459 7108
142447723 76 1084 7115
142490079 78 746 7117
143595454 70 1914 7172
144310741 72 924 7207
144492969 73 1799 7216
144654573 77 740 7224
144969921 76 1811 7240
145144110 78 534 7249
146254353 65 712 7305
146336041 70 80 7309
146355095 74 620 7310
146603080 77 1267 7322
147174748 64 1748 7350
147325856 73 620 7357
147483650 74 1668 7365
147588837 78 1888 7370
147646160 79 1043 7373
147881507 61 203 7385
147903249 66 154 7386
148007718 71 872 7391
148195061 62 1764 7401
148442353 66 1786 7412
148587648 76 974 7419
149429665 74 1605 7461
149589678 73 319 7468
149614678 73 1344 7469
150025377 74 669 7489
150247816 70 539 7500
150462165 69 1969 7511
150523105 68 349 7514
150776653 60 63 7527
150861608 60 670 7531
150949049 69 1131 7535
151862361 60 1028 7581
151997057 70 1412 7588
152057583 66 790 7591
153465863 64 1018 7662
154086289 75 1313 7693
154404485 66 839 7710
154887844 62 468 7734
155167624 76 476 7747
155190185 64 1402 7748
155616400 72 1226 7769
155730179 60 1704 7775
155955112 75 0 7787
156563032 64 1377 7817
156802327 72 1801 7829
156900369 68 1203 7834
157422505 68 449 7860
157730512 63 1901 7876
157755128 77 868 7877
157851367 71 1649 7882
158131145 61 927 7896
158330189 64 110 7906
158463158 63 1344 7912
158601734 75 323 7919
158736645 73 320 7926
158884531 74 1363 7933
158943570 77 1020 7936
159520133 78 1762 7964
160124136 67 328 7994
160583618 67 97 8017
161053258 76 80 8042
161768336 63 868 8078
162065270 72 1347 8093
162121815 71 397 8096
162260166 79 256 8103
162990571 70 866 8139
163263046 60 216 8153
163554547 72 278 8168
163657203 61 510 8173
163715053 63 713 8176
164048844 69 1919 8193
164449890 72 494 8213
164531544 76 1436 8217
164773280 78 639 8229
165172921 73 776 8249
165202921 63 1418 8251
165225112 75 349 8252
166319693 62 1673 8306
166858748 77 1282 8334
166954481 60 1736 8339
167401813 65 131 8361
167513514 65 81 8367
168782178 79 1872 8430
168804225 76 788 8431
169757631 63 804 8479
169843027 75 1980 8484
170200146 78 725 8501
170975569 66 1920 8540
171058676 66 1265 8544
171125436 71 1234 8547
171555610 60 1377 8568
171631543 63 933 8572
171713914 76 917 8576
171808975 70 737 8581
172055834 79 600 8594
172421372 73 427 8612
173088796 77 666 8644
173450298 61 1666 8664
173762540 62 1565 8679
173907152 67 1600 8686
174134867 68 343 8698
174327219 74 691 8708
174411585 66 505 8712
174450797 68 1587 8714
174489232 74 609 8716
174511651 72 700 8717
174728426 64 699 8728
174895453 62 813 8737
175488569 74 1635 8766
175706137 60 1949 8777
175998306 65 1 8792
176169279 67 1646 8800
176526340 77 1117 8818
176566121 77 1185 8820
177442850 63 1219 8863
177724609 76 1620 8877
178508812 76 1528 8916
178553058 65 1519 8918
178798852 66 1685 8930
179076832 67 101 8944
179099232 65 1766 8945
179166454 66 369 8948
179189126 60 779 8949
179372561 63 1736 8959
180456294 76 1136 9015
180578984 67 1868 9021
181008410 78 935 9043
181028387 72 112 9044
181169482 74 479 9051
181545104 79 1943 9069
181581774 73 1157 9071
182387978 60 767 9111
182559827 64 1664 9120
182985993 70 1892 9141
183001904 66 19 9142
183381418 71 1180 9161
183636386 61 418 9174
184161827 64 160 9201
184388177 79 14 9212
184449298 61 1969 9215
184527429 78 957 9219
184678680 63 124 9226
184718452 74 410 9228
184966840 79 330 9240
185160489 63 119 9249
185210932 76 1692 9252
185293185 65 1262 9256
185463686 64 922 9264
185950988 70 59 9288
186272768 63 1464 9304
186662091 76 347 9323
186715401 63 1551 9326
186889746 72 1332 9335
187563670 71 1517 9369
187844372 67 610 9383
188830777 78 63 9431
189120380 74 1822 9445
189316836 67 1888 9455
189654175 66 948 9472
190146632 78 127 9497
190369653 65 183 9508
190639174 66 433 9521
190845000 71 1707 9531
190969038 65 1896 9537
190986861 65 967 9538
191135327 76 953 9545
191742418 73 553 9575
191759557 74 47 9576
194148027 68 1309 9693
194341548 72 1574 9702
194768954 60 653 9724
194839576 71 53 9728
195412938 66 31 9757
195905583 74 377 9782
196131301 67 323 9793
196308967 71 1205 9802
196488755 62 1235 9811
196842733 72 1919 9829
197561547 72 667 9864
197671127 76 1378 9869
197739135 62 1043 9872
197795879 68 1357 9875
198050100 65 908 9888
198150790 71 1542 9893
198470297 72 36 9909
198921970 72 1936 9931
198980787 79 1041 9934
199076168 69 484 9939
199369421 70 889 9954
199528971 66 1317 9962
199594404 70 376 9965
200006941 72 1292 9986
200193018 71 1083 9995
200212444 63 1848 9996
201160273 72 708 10046
201352797 65 867 10056
201371333 63 1715 10057
201542630 77 1410 10065
201685536 60 351 10072
202110370 77 419 10094
202150408 62 1629 10096
202823677 79 1123 10130
203691061 61 1348 10174
203805639 73 91 10180
203949598 60 802 10187
204965026 60 705 10236
205880974 74 1365 10283
206258851 73 344 10302
206336373 73 1923 10306
206394585 78 1530 10309
207061830 74 1832 10342
207529346 64 748 10365
207701304 66 1288 10374
208045022 78 1820 10391
208540334 72 963 10417
209259277 62 1319 10453
209652907 63 1040 10473
209699134 70 465 10475
210447956 60 1851 10513
210506483 69 1192 10516
210563921 63 834 10519
211165081 73 388 10548
211689156 75 1449 10575
211811533 72 1119 10581
211827034 69 261 10582
211850170 77 1777 10583
211972405 77 1565 10589
212360971 78 799 10608
212426300 69 1658 10611
213057491 74 520 10643
213141786 70 817 10648
213284938 66 1533 10655
213321597 71 91 10657
213388968 77 1852 10660
214627659 79 75 10720
214688876 69 1251 10723
214751163 68 1787 10726
214816229 62 845 10729
215257570 64 1382 10751
216118476 64 1634 10794
216627840 76 102 10820
216730481 63 1172 10825
217182571 74 1404 10848
217223379 60 1043 10850
217392548 69 1199 10858
217485310 66 1243 10863
217619983 64 26 10870
217642421 71 986 10871
218356731 74 869 10907
218665551 67 1325 10922
218997910 61 1144 10940
219172272 62 1450 10948
219209482 69 1769 10950
219824263 68 1696 10982
219942460 67 84 10988
220068225 67 664 10994
220248989 64 603 11003
221107404 69 1390 11046
221155003 70 52 11048
221226403 66 1706 11051
221328698 65 1165 11056
221459354 77 699 11062
221664050 69 1699 11072
221680082 71 884 11073
222305090 66 621 11104
222324169 62 770 11105
222365832 75 251 11107
222600379 76 714 11119
222741541 63 1806 11126
222766541 77 1815 11127
222907505 72 1021 11134
223232667 63 508 11150
223615480 78 1964 11170
223679498 68 479 11173
223823545 75 277 11180
224227138 72 888 11200
224737232 71 1390 11225
224858284 77 1848 11231
224921327 65 1489 11234
224940907 78 430 11235
226230790 67 1724 11299
226317597 71 1186 11303
226474761 64 475 11311
226945483 67 199 11334
226981313 73 1165 11336
227105204 79 1694 11343
227255309 74 1053 11351
227671688 77 1870 11372
228568409 60 1388 11418
228785716 67 1553 11428
229303186 65 1923 11454
229422921 63 1709 11460
230686229 77 774 11524
230807566 63 856 11530
230822566 65 334 11531
231039363 62 139 11542
231238706 61 1016 11552
232810045 75 1449 11632
232965191 72 1753 11640
233188171 70 1321 11651
233474103 65 1506 11665
233630476 61 784 11673
233650182 65 1047 11674
233790271 72 994 11681
234220778 69 1462 11703
234323607 75 1920 11708
234426316 63 571 11714
234504979 67 156 11718
234601849 76 787 11723
234677812 66 1942 11727
234910072 72 234 11738
235496664 72 310 11767
236189950 79 1657 11801
236301021 77 1344 11807
236366156 62 1718 11810
236563670 61 19 11820
236713119 66 928 11828
237484668 60 1447 11868
237528246 73 1330 11870
237643098 66 1559 11876
237715171 68 1141 11880
238081041 68 1228 11899
238114337 64 1977 11901
238346024 73 852 11912
238512293 61 821 11920
238595514 72 1412 11924
238676008 70 1040 11928
238695206 69 1496 11929
238787608 78 910 11934
238931333 72 381 11941
238974165 66 1076 11943
239238103 71 1319 11956
239742053 77 564 11981
239761142 72 1380 11982
239886948 73 1744 11988
239943670 72 1625 11991
240011864 69 1003 11995
240316873 68 1299 12010
241442973 67 216 12067
241508892 70 134 12070
242383853 74 55 12115
242501565 71 1161 12121
242540095 69 1830 12123
242807865 60 849 12136
242895201 71 41 12140
243126437 66 343 12151
243216705 69 1654 12156
243784379 79 1232 12183
243979702 61 700 12193
244000007 60 1823 12194
244133272 62 616 12201
244744411 64 1328 12231
244925011 71 1725 12240
245006012 62 436 12244
245617055 76 956 12274
245655409 79 78 12276
245957366 74 1222 12291
246478847 60 477 12317
246519302 62 1422 12319
247283667 77 1529 12357
247459483 78 616 12366
247885995 71 1798 12388
248209068 78 507 12405
248789276 69 1273 12434
249303757 76 787 12460
250997660 63 1939 12546
251433900 66 560 12568
251907001 74 232 12591
252183567 78 174 12604
252467577 79 650 12619
252702696 65 1669 12631
252727696 61 403 12632
252791178 61 624 12635
252813368 70 956 12636
252983702 79 575 12644
253509384 60 715 12670
253720044 70 1747 12681
253807226 77 1609 12685
254089301 60 512 12700
254127386 60 924 12702
254331573 65 490 12712
254618862 60 1304 12727
254877324 70 1178 12740
255445706 64 1432 12769
255520187 66 848 12773
255893813 64 1457 12791
255990195 74 1660 12796
256079253 71 1590 12800
256355592 79 389 12814
257714882 67 446 12885
258204550 62 1775 12909
258224993 69 1232 12910
258448000 74 1062 12921
259302224 60 935 12965
259492620 71 555 12975
260666256 75 403 13033
261245911 64 1816 13061
261498761 65 1715 13073
261905078 79 1661 13093
262026906 63 160 13099
262442574 63 328 13119
262796733 75 1235 13135
262836012 77 583 13137
263037303 67 1677 13147
263150578 72 1611 13153
263190578 60 1241 13155
263619958 60 154 13176
263831847 62 1954 13186
264001792 70 1401 13194
264224550 78 291 13205
264446803 68 1034 13216
264563972 78 147 13222
265469899 63 988 13268
265570494 66 934 13273
266284346 77 1450 13308
266398568 60 1013 13314
266670959 78 1721 13328
267039958 66 189 13347
267064958 70 1489 13348
267616897 74 4 13375
268739659 72 985 13431
268985726 73 1354 13444
269005576 79 1882 13445
269241742 64 1845 13457
269383458 75 883 13464
269404596 66 411 13465
269679583 75 206 13479
269742758 79 1489 13482
270055471 61 1108 13498
271025841 68 1238 13547
271124881 71 1856 13552
272359685 76 473 13613
272456521 61 1955 13618
272493466 76 1555 13620
272802306 74 865 13636
273025608 70 212 13647
273061976 79 1337 13649
273079384 68 921 13650
273385323 78 887 13666
273505370 74 563 13672
273618113 73 216 13678
274137338 63 945 13705
274544543 62 1312 13727
274638045 60 844 13732
274899476 73 1318 13745
275116253 62 1009 13756
275322754 67 983 13766
276097206 66 817 13804
276119615 73 1837 13805
276138460 68 1331 13806
276481911 73 1337 13825
276695440 68 170 13836
277061424 65 1228 13855
277320193 71 1846 13868
277342052 75 486 13869
277483579 69 1644 13876
277697421 74 674 13886
278265470 74 989 13914
278345837 65 537 13918
278450974 65 1902 13923
278681081 60 560 13935
278737940 66 104 13938
278899901 68 1482 13947
279135080 65 1180 13959
279555526 68 1252 13980
279790400 61 120 13991
280890440 76 874 14046
281020602 73 1762 14052
281406974 78 328 14071
281509333 61 303 14076
281667729 72 293 14084
281731743 74 1466 14087
282098992 65 1941 14106
282258905 61 1475 14114
283207024 60 57 14162
283362483 77 1645 14170
284455039 76 1925 14223
284514043 66 878 14226
284696412 77 1026 14235
285001016 79 998 14250
285192074 66 116 14259
285307289 79 1114 14265
286008930 67 1843 14299
286203028 65 596 14309
287615859 60 145 14380
287787341 79 1329 14388
287967628 63 1206 14397
288173986 68 53 14408
288272484 62 1960 14413
288316442 79 1748 14415
288722887 71 265 14435
289120746 72 995 14455
289272648 75 1534 14462
290218887 68 187 14510
291292100 68 1441 14565
292069751 74 1392 14604
292108802 65 1472 14606
292167143 72 2 14609
292667366 66 1595 14634
293054803 77 606 14654
293710668 67 1844 14688
294160520 64 1053 14711
294682459 72 881 14737
295091949 68 242 14757
295321033 61 821 14768
295616775 66 480 14783
295652588 79 1515 14785
295674512 77 410 14786
295944034 65 1664 14799
296321189 75 1859 14818
296427845 70 1327 14823
296645792 72 1614 14834
296662752 76 1033 14835
296885712 67 1873 14846
297160146 79 494 14859
297226674 71 1326 14862
297419526 67 816 14871
297756975 69 1364 14888
297850735 73 1856 14893
298140036 66 1733 14907
298920926 71 22 14946
299634813 79 1328 14981
299837335 69 943 14992
300238235 73 1374 15013
300322182 64 331 15017
300423895 69 436 15022
300885196 71 688 15045
301223562 65 226 15062
301387292 73 1948 15070
301663259 77 203 15084
301698792 64 1188 15086
301899157 68 1391 15096
302083517 74 1066 15105
302323581 65 342 15117
302605169 76 937 15131
302699997 61 1504 15136
302993354 75 1949 15151
303132827 66 208 15158
303225784 68 829 15162
303268076 72 1820 15164
303465810 73 1021 15174
304044794 75 1723 15202
304196135 73 169 15209
304215515 71 98 15210
304300897 74 1022 15214
305623974 78 1160 15281
306201625 79 1823 15309
306220367 76 0 15310
306962184 77 1091 15347
307341610 64 1199 15366
307417500 71 1329 15370
307595436 68 1252 15379
307678211 64 1658 15383
307868444 71 119 15392
308161796 75 547 15407
308220785 60 1075 15410
309283909 63 1655 15463
309452950 78 868 15471
309572055 66 557 15477
309607446 72 1933 15479
309867725 77 1297 15492
310087082 75 1979 15503
310725567 70 1325 15535
310745992 79 1953 15536
310993854 64 1826 15549
311369256 75 350 15567
311581070 71 1671 15577
311834641 68 895 15590
312638697 66 1657 15631
313601846 62 677 15680
313625371 74 72 15681
313994902 76 634 15699
314435534 71 1269 15721
314528112 79 1208 15726
315368158 78 1673 15770
315527051 76 1014 15778
315699440 64 1775 15786
315796982 63 909 15791
316181168 72 735 15811
316482294 61 1762 15826
316714967 61 1197 15837
317425435 79 1809 15872
317465763 63 816 15874
317693024 71 1989 15886
317950960 79 1845 15899
318150503 62 287 15909
318857169 73 1223 15944
319390451 75 220 15971
319497832 74 75 15976
319564453 79 1227 15979
320052403 70 1196 16002
320708556 72 1929 16034
320971877 79 1614 16047
321262691 70 1679 16062
321364134 67 825 16067
321659238 63 571 16082
321946621 70 1274 16097
321963140 73 1015 16098
322134285 65 277 16106
322186977 75 972 16109
322943406 70 1128 16147
322963494 71 1910 16148
323132669 73 1247 16157
323700672 72 641 16186
323860627 65 422 16194
324675524 72 885 16234
325451367 78 1945 16274
326103939 72 96 16307
326316180 64 261 16318
326335198 60 496 16319
326754839 64 424 16341
327320084 77 390 16369
327910940 77 260 16398
328100336 71 1415 16408
328210156 65 403 16413
328272046 73 1862 16416
328911867 78 1274 16447
329095964 60 35 16456
329221953 76 1776 16462
329286654 61 1470 16465
329597538 72 1779 16482
329764725 70 1193 16491
329973963 63 1853 16502
330071110 74 1237 16507
330275489 60 974 16518
330328342 73 1303 16521
330389495 60 1412 16524
330857119 60 118 16548
330923286 70 1307 16551
331113312 60 1681 16561
331830964 60 1729 16598
331947510 62 717 16604
332171529 61 1672 16615
332384223 73 1683 16626
332772454 74 802 16644
333008376 67 1386 16656
333091224 65 1765 16660
333250976 64 1173 16668
333653219 77 44 16688
333731606 64 1153 16692
333931294 71 1203 16702
334848381 64 1753 16749
334960449 75 1805 16755
335349641 74 1813 16774
335780420 73 1294 16795
335881282 63 822 16800
336406606 61 1235 16825
336904683 76 1077 16850
337322804 65 482 16871
338304654 64 1892 16919
338489586 73 1369 16928
338524742 67 1318 16930
338825115 69 1064 16945
339224922 69 1806 16965
339283432 71 1883 16968
339995864 79 1753 17003
340444276 69 784 17025
340507874 65 1247 17028
340546674 64 1301 17030
340935765 62 1147 17049
340978403 62 431 17051
341101628 79 1506 17057
341609975 66 722 17083
342420417 78 1128 17124
342618721 68 1580 17133
342635318 72 98 17134
343127882 70 1072 17158
343192635 62 138 17161
343256383 70 1860 17164
344078151 67 269 17206
344228888 76 290 17213
344291651 79 191 17216
344348490 71 1728 17219
344745685 67 1067 17239
344946243 67 1226 17249
345402833 68 387 17271
345445504 70 820 17273
346046076 65 971 17304
346547775 77 818 17328
346773238 61 508 17339
346915996 61 322 17346
347196358 60 1259 17359
347715992 66 139 17387
347970120 73 370 17400
348042360 61 1282 17404
348557152 70 1848 17429
348638178 65 1379 17433
348671912 70 1990 17435
348956049 60 1186 17448
349390131 61 1126 17470
349773514 64 218 17489
349916580 78 1229 17496
350138421 78 318 17507
350330215 71 778 17517
350435782 64 531 17522
350494554 67 935 17525
350639219 79 1000 17532
350697841 77 1932 17535
351275919 67 1493 17563
351467088 75 1256 17573
351970659 71 1308 17599
352009505 66 1658 17601
352541946 68 764 17628
352923625 74 1592 17647
353000152 77 1847 17651
353248570 70 472 17664
353387738 71 1914 17671
353569633 61 902 17680
353608856 68 1970 17682
354073648 62 93 17705
354435090 79 868 17724
354895025 60 66 17747
355262306 68 1938 17765
355587988 61 1713 17781
355778208 61 1513 17790
355854199 78 133 17794
356064156 64 46 17804
356081251 74 575 17805
356210589 68 1501 17811
356248581 68 1876 17813
356285961 74 1575 17815
356306459 65 1100 17816
356465278 64 1931 17824
357174815 77 854 17860
357257317 64 1866 17864
357370088 61 492 17870
357447155 67 1638 17874
358116533 66 874 17908
359144320 63 749 17959
359424811 67 185 17973
359906771 64 991 17996
360003158 61 412 18001
360468840 63 982 18025
361305251 63 856 18066
361746528 66 616 18088
361804312 60 1981 18091
362252738 77 1003 18113
362650182 76 153 18133
362878726 78 1584 18144
363039708 72 1365 18152
363685651 71 1453 18184
363721875 74 467 18186
363740797 77 1029 18187
363964137 71 1651 18198
364141353 79 1170 18207
364318306 79 899 18216
364419301 78 1585 18221
364480099 71 558 18224
364837567 63 969 18242
364862490 76 1367 18243
365237861 62 746 18261
365438730 77 1405 18271
365567614 62 1026 18277
365915991 75 709 18295
366184059 74 349 18309
366286312 60 1594 18314
366466165 75 174 18323
366500706 74 1920 18325
366580314 75 159 18329
366598921 70 486 18330
366640940 79 358 18332
366723277 73 1625 18336
367034324 75 1398 18351
367126948 70 169 18355
367584876 68 1096 18378
367831224 62 1162 18390
367846224 64 29 18391
368151289 69 1427 18406
368688818 76 1916 18434
369323667 66 35 18465
369953479 64 23 18495
369971426 72 1582 18496
370076085 69 966 18501
370325686 73 1931 18514
370346744 60 1092 18515
371026363 60 549 18549
372097994 64 923 18602
372265147 66 530 18610
372491862 60 200 18622
372867814 79 1293 18640
372934560 76 320 18643
372959560 61 1185 18644
373445262 63 1642 18668
373830967 70 472 18687
374197317 78 1555 18705
374432997 79 1062 18717
376174911 72 559 18804
376618529 70 498 18825
376706615 61 1978 18829
376786356 64 1844 18833
377842586 66 540 18887
377880325 65 1031 18889
378003362 61 1985 18895
378081428 72 545 18899
378710077 66 638 18930
378786851 72 1420 18934
379039052 75 1481 18947
379078304 79 1649 18949
379865640 72 1305 18987
379969948 75 1703 18992
380055842 79 1065 18996
380448762 64 1436 19017
380664527 68 187 19028
380886946 61 1476 19039
381147724 75 1763 19052
381573435 78 1206 19073
382006843 62 1640 19095
382067390 70 287 19098
382599944 64 402 19124
382891638 67 640 19139
383110024 70 1536 19150
383232179 69 441 19156
383889915 69 520 19189
384063530 71 43 19198
384302028 77 1875 19209
384518993 65 637 19220
384700680 73 1110 19229
384993193 62 1736 19243
385131881 77 114 19250
385169955 76 8 19252
385333423 69 555 19260
386062389 72 890 19296
386316052 66 486 19308
387035771 79 418 19345
387133886 73 1688 19350
387756312 64 786 19381
388449274 70 491 19417
388646610 66 656 19427
388663368 74 1817 19428
389150582 79 692 19453
389384158 70 1875 19465
389641697 74 1517 19478
389661081 71 1968 19479
390146762 68 1803 19503
390265213 69 962 19509
390501638 62 535 19521
390638291 77 784 19528
391273019 76 1856 19559
391666181 65 635 19579
392290517 75 95 19610
392758151 67 1342 19633
392777865 65 372 19634
392834829 75 1849 19637
393207423 77 255 19655
393459117 64 1136 19668
393558498 66 1920 19673
393580251 74 1551 19674
393867495 70 734 19688
394240644 79 1007 19708
394556392 76 816 19723
395176902 73 1962 19754
395266700 68 1612 19759
395432008 76 1983 19767
395573362 77 114 19774
395759551 63 807 19784
396126790 74 1850 19803
396184827 60 312 19806
396373016 74 1349 19815
396588869 68 627 19826
397648000 67 807 19879
397807832 74 1164 19888
397847184 75 1338 19890
397942838 64 186 19895
398023870 63 747 19899
398071057 77 1002 19901
398440251 68 14 19919
398478842 66 1578 19921
398594938 66 1882 19927
398611749 64 1610 19928
399007211 75 243 19948
399103501 65 944 19953
399747537 75 696 19986
