230519 12 1579 11
248707 19 1045 12
352495 13 555 17
771443 16 1033 38
965301 1 1192 47
1026911 18 998 50
2125530 4 1490 105
2149702 6 1692 106
2279049 13 526 113
2973943 13 1467 146
3365258 12 909 165
3921152 1 833 193
3939349 11 1631 194
5985585 12 1888 298
6345597 4 1779 316
6433777 10 772 321
6897493 3 538 344
6919151 19 66 345
7205290 3 1947 360
7319027 6 1778 366
8150032 19 1762 406
8481750 15 1423 422
9099517 10 1487 453
10000458 2 1251 498
10541097 15 1329 526
11048113 1 272 551
11112249 9 571 554
11551677 19 548 577
11570701 18 10 578
11636759 16 596 581
11970756 15 1763 597
12613025 17 1459 629
13110371 3 1128 654
13915126 19 371 693
14281846 1 487 712
14303708 17 106 713
14385049 0 1601 717
14804267 10 442 737
14879513 3 290 741
15243333 17 1400 759
15301763 5 332 762
15452424 3 30 769
15915974 13 145 791
16534626 14 9 822
17013410 15 960 846
17154981 6 1705 853
17642283 15 1678 877
18503119 14 1004 919
18929979 16 1704 940
19202266 6 1653 953
19873100 6 632 987
20262166 9 715 1006
20301808 13 584 1008
20863259 0 595 1036
21575909 11 709 1072
22266369 6 1110 1107
22754341 7 885 1130
22796580 17 1044 1132
23083070 7 1662 1146
24085746 7 1105 1196
24105447 15 1918 1197
24268956 1 38 1206
24565868 10 92 1221
24659981 19 1572 1226
26013419 12 286 1294
26398233 13 1924 1313
26593094 19 413 1323
28485383 16 16 1418
28701042 17 1572 1429
28929099 12 828 1441
28946870 5 1808 1442
29171094 8 1536 1453
29310566 6 1814 1460
29352098 18 717 1462
29391750 7 410 1464
29707683 18 1121 1480
29855865 0 1587 1487
30218307 0 1638 1505
31309553 5 824 1559
31832299 4 1058 1585
32240230 0 1704 1606
33434290 4 1407 1668
33492350 13 258 1671
33644981 18 1166 1679
34030865 9 99 1699
34126832 1 980 1704
34656718 17 1717 1731
34923477 1 191 1745
35174102 2 1821 1757
35295277 5 1343 1763
35377444 14 638 1767
35641472 16 25 1781
35795346 16 1899 1789
36170676 19 1465 1808
36426332 13 429 1821
36442258 6 738 1822
36807462 5 37 1840
37129294 3 1998 1856
37563286 3 894 1878
37748197 15 910 1888
38177608 1 1252 1909
38816274 14 1977 1941
39282758 0 324 1964
39474658 9 1025 1974
39515135 8 1438 1976
39813752 2 1989 1991
40344421 8 214 2017
40492488 16 1468 2025
41438763 7 1510 2072
41475876 5 664 2074
41497042 8 279 2075
41671972 18 1264 2083
41739634 16 626 2086
42052514 5 1506 2102
42075218 10 1849 2103
42298976 18 797 2114
42849886 6 1578 2142
43467114 15 1413 2172
43621619 7 682 2180
43663661 15 1615 2182
43820916 0 1144 2190
44353681 14 542 2217
44714411 15 1925 2236
44844933 4 1537 2243
45469845 13 140 2275
46276632 18 880 2316
46546688 10 1218 2329
46838005 5 1387 2344
46876295 9 207 2346
47173781 14 1474 2361
47236845 2 1543 2364
47331135 16 261 2369
47673017 14 1067 2385
47710316 6 292 2387
47971377 6 29 2400
48029038 18 1622 2403
48640559 15 100 2434
48868027 18 515 2445
48886746 14 1978 2446
49084648 0 269 2456
49121385 14 1437 2458
49486959 0 830 2476
49717738 2 413 2487
50018521 10 1719 2502
50089722 6 1257 2505
50153073 8 1096 2508
50282763 10 1239 2515
50519009 1 1302 2527
50945703 18 35 2548
51373821 7 427 2570
51822843 12 1648 2594
52189428 2 855 2612
52676889 2 1133 2637
52749937 14 511 2641
52791823 6 888 2643
53148278 3 1702 2660
54013037 6 1633 2703
54644601 6 1496 2734
54665561 8 983 2735
54966865 0 1220 2749
55201653 3 1917 2760
55403458 12 1956 2770
55756338 8 1851 2788
56259400 2 636 2814
56977806 13 531 2850
57882419 9 632 2895
57963994 19 1362 2899
58300372 18 900 2916
58528819 14 1569 2927
58657475 13 505 2934
58745808 18 98 2938
59078754 1 1164 2955
59100872 0 1644 2956
59193061 12 1778 2961
59400678 4 1934 2971
59421478 2 125 2972
59500448 6 1143 2976
60130957 13 1326 3007
60355342 14 1320 3018
60426643 6 1575 3022
60729684 7 23 3037
60974486 2 1236 3049
61445377 2 1602 3073
62270514 1 1042 3115
63045508 12 1251 3153
63258038 11 1572 3164
63757758 5 790 3189
64344929 18 1393 3219
64407613 12 1417 3222
64894902 3 157 3246
64936959 16 5 3248
66917727 14 162 3348
67003135 16 481 3352
67407746 8 1253 3371
68048188 9 1521 3402
68069452 16 1341 3403
68979181 18 1225 3448
69127039 7 563 3455
70146344 1 111 3507
70226151 8 859 3511
70269747 19 1015 3513
70417003 10 1063 3520
70555269 2 747 3527
70801324 12 1319 3539
71189242 15 364 3558
71445105 5 1627 3570
71774561 4 822 3586
72032080 6 415 3599
72053542 12 90 3600
72219396 16 318 3609
72929636 1 212 3645
73037087 8 1021 3650
73195786 4 1915 3658
73667289 7 1493 3682
74002540 12 751 3698
74587114 17 597 3727
74721059 19 419 3734
74901626 9 482 3743
74999443 11 1811 3748
75099633 16 556 3753
75116006 17 1667 3754
75159113 2 1640 3756
75275841 19 1108 3762
75458777 4 1846 3771
76412022 1 255 3819
76661139 17 939 3832
77151567 8 404 3856
77495685 9 1590 3873
77983620 1 1178 3898
78127608 18 1742 3905
78528925 18 1931 3925
78687366 16 276 3932
78825231 16 1683 3939
79024765 15 1450 3949
79465467 6 1132 3970
79581783 2 1731 3975
79620512 0 485 3977
79755956 7 1128 3984
80037256 6 72 3998
81078556 9 469 4051
81478006 10 1566 4071
81509714 10 660 4073
81935772 16 1887 4094
81970675 19 1691 4096
82063101 2 592 4101
82416614 4 1895 4119
82727385 6 303 4134
83440090 8 577 4170
83460416 19 961 4171
84097236 0 1141 4203
84607868 17 1581 4229
85262898 18 1286 4261
85626922 18 1857 4279
85692032 16 1182 4282
86222062 8 386 4309
86916016 4 1721 4344
87048608 11 1572 4351
87149199 17 314 4356
87312859 17 790 4364
87412489 4 726 4369
87674783 0 846 4382
88403310 4 1832 4418
89211060 8 162 4458
89362612 1 174 4466
89500435 0 93 4473
89554772 9 1247 4476
89727016 4 1364 4484
90685042 15 700 4531
90948585 14 269 4544
90968198 7 289 4545
91105353 5 1587 4552
91506569 14 1543 4572
91541453 3 283 4574
91826069 6 923 4589
92107655 5 1213 4604
92739290 0 1787 4636
93220603 19 1461 4661
93582386 0 988 4679
93629182 1 1925 4681
93859788 1 1508 4693
93907175 14 661 4695
93998819 18 1950 4700
94904798 3 354 4745
95054369 13 1467 4753
95365053 14 343 4768
95677937 18 964 4783
95770437 11 268 4788
96004100 15 1164 4800
97019979 6 1002 4850
97138944 1 1818 4856
97508535 7 455 4874
97858112 9 1481 4891
98601256 12 881 4928
98909235 6 1633 4944
100352379 0 421 5018
100800345 4 1756 5040
101674490 15 1751 5084
101872196 19 1861 5094
102085289 0 1099 5105
102128289 9 755 5107
102594930 18 1159 5130
102825564 10 1923 5141
103002470 5 692 5149
103101944 19 1369 5154
103313464 3 1258 5164
103485565 6 314 5173
103673294 6 224 5182
104036717 7 1557 5200
104248573 7 635 5210
104385227 6 752 5217
104483715 8 1469 5222
104740980 13 623 5235
104904490 1 1748 5244
105068622 10 805 5252
105746171 19 678 5285
105790949 8 1639 5287
105964393 8 264 5296
106083918 16 866 5302
106180614 3 946 5307
106353889 17 1925 5316
107390176 12 517 5368
107466423 10 540 5372
107485619 11 244 5373
107588148 6 1717 5378
107694789 8 865 5383
109021495 2 1350 5448
109575575 6 81 5476
110036716 8 1816 5498
110112285 7 1048 5502
110132634 4 1843 5503
111030983 15 311 5547
111104038 1 884 5551
111125993 19 495 5552
111146176 16 1070 5553
111706188 16 1371 5581
112191117 5 267 5605
112759220 18 921 5633
113144963 13 766 5652
113281851 4 14 5659
113476357 11 661 5669
113600182 10 552 5675
114012598 6 1055 5696
114458176 4 101 5718
114576446 7 1025 5724
114596548 16 959 5725
114618008 7 1728 5726
115584328 16 709 5774
115623640 5 1249 5776
116107039 12 1843 5800
116208999 12 447 5805
116330090 13 1379 5811
116555295 17 1901 5822
118015177 2 1845 5894
118139436 15 1247 5900
118217037 7 1895 5904
118531875 5 594 5920
119034687 2 1359 5945
120514476 2 1403 6020
120594662 6 1555 6024
121129882 5 1502 6051
121357737 14 1940 6063
121382737 14 446 6064
121479759 11 1301 6069
121524014 11 284 6071
121587856 8 319 6074
121698015 9 1409 6079
122072247 4 232 6097
122169619 1 49 6102
122451314 5 60 6117
122502017 5 488 6120
122674833 13 1418 6128
122871152 12 1801 6138
123107929 12 226 6150
123613056 0 664 6175
124063735 3 630 6198
124316654 7 601 6211
124340358 7 717 6212
124476451 15 1421 6218
124633152 9 1465 6226
125090431 12 1767 6249
125112369 9 1446 6250
125151031 14 707 6252
125274999 1 354 6258
125922281 13 966 6291
126044907 0 1191 6297
126253847 15 1199 6307
126323559 1 901 6310
126525235 6 838 6320
126590671 15 703 6323
126701385 14 1182 6328
126926402 11 393 6339
127373999 16 1671 6361
127416248 2 912 6363
127460023 5 1651 6365
127590204 14 1320 6371
127694681 12 1667 6376
128166932 2 1730 6399
128483698 4 1411 6415
129172564 16 419 6450
129215549 8 1273 6452
129405726 9 271 6462
129558780 12 339 6470
129621366 9 1011 6473
130023639 15 1972 6493
130680264 18 506 6527
130794787 1 651 6533
130855463 0 1234 6536
130996706 18 1840 6543
131490487 5 1204 6567
132111207 2 250 6598
132144018 14 846 6600
132539747 18 779 6620
132865642 11 1326 6636
132952038 14 1179 6640
133308186 0 1434 6658
133708444 16 1358 6677
133998283 11 453 6692
134739703 12 673 6730
134853157 16 1506 6735
134908733 5 1120 6738
135141063 16 1874 6750
135178408 3 756 6752
136025016 16 1183 6794
136040016 2 845 6795
136342992 16 1392 6810
136940284 9 406 6840
137258115 1 1991 6856
137577026 4 42 6872
138554120 17 1823 6922
138653949 12 1958 6927
138933569 1 1599 6941
139148149 10 989 6952
139579441 11 433 6973
139835504 0 1302 6986
139903359 6 1221 6989
140002984 16 1839 6994
140129449 6 431 7000
140644884 14 811 7026
140699670 3 1839 7029
140759787 10 1223 7032
140992056 9 775 7043
141151542 13 1945 7051
141252196 10 11 7056
141350951 7 108 7061
141661004 17 1691 7076
142183644 6 698 7102
142955022 4 1761 7141
143037825 18 1329 7145
143514110 11 129 7168
143614074 12 41 7173
143862554 18 208 7185
144207206 7 140 7202
144291116 18 1881 7206
144612306 8 1415 7222
144729505 9 327 7228
144748210 7 512 7229
144837426 15 1687 7234
145283881 17 1560 7256
145374076 4 856 7260
145439817 11 463 7263
145734085 13 1602 7278
145811942 18 1925 7282
146120033 5 745 7298
146233396 15 1826 7304
146973987 15 541 7340
147130361 1 139 7348
147243364 16 80 7353
147423843 18 556 7362
147842165 10 348 7383
147862151 14 1098 7384
147965213 19 1903 7389
148623010 5 18 7421
148830754 5 992 7431
149142325 12 550 7446
149162839 19 1067 7447
149180922 5 1463 7448
149805921 17 1586 7478
149848943 4 1656 7480
150204681 19 591 7498
150226251 16 1784 7499
150841990 10 714 7530
150992037 15 1277 7537
151354969 12 931 7556
151370510 1 1971 7557
151800887 8 784 7578
152261052 7 1893 7601
152276906 17 1017 7602
152552774 10 632 7616
152687201 2 666 7623
152816115 5 633 7629
152916316 3 431 7634
153008362 19 1651 7639
153113799 18 1384 7644
153600907 13 1507 7669
154268615 9 1925 7703
154847261 7 1568 7732
155205867 7 843 7749
155224265 16 535 7750
155477080 12 50 7762
155692211 3 62 7773
155768582 15 855 7777
155916820 8 686 7785
156417240 7 1164 7810
156440845 14 1570 7811
156749548 0 234 7826
157047250 5 1956 7841
157194190 3 896 7848
157616688 19 153 7870
157892749 4 405 7884
158021249 13 1787 7890
158112355 8 205 7895
158231013 11 879 7901
158250501 10 1212 7902
158377648 19 1992 7908
158635389 10 1676 7921
158759058 5 1543 7927
159096395 14 1055 7943
159677157 0 1070 7972
160266822 18 67 8001
160341228 0 939 8005
160419752 12 669 8009
161070696 18 453 8043
161311809 17 1962 8055
162157549 12 1068 8098
162455858 0 187 8112
162495778 4 1470 8114
162780112 4 432 8128
162813884 15 1803 8130
163012032 2 402 8140
163394010 4 1973 8160
163496927 14 409 8165
163773951 10 590 8179
163811145 10 274 8181
164066276 11 568 8194
164207282 2 1089 8201
164348285 16 113 8208
164469192 15 1200 8214
164962917 7 698 8238
165380298 9 418 8260
165510269 9 602 8266
165567870 1 301 8269
165670423 16 1269 8274
165968783 4 1005 8289
166300910 8 249 8305
166935090 3 973 8338
167416813 2 1937 8362
167538096 15 1346 8368
167859291 4 1577 8384
167999457 0 1887 8391
168197658 15 1910 8400
168884617 17 1706 8435
169462360 16 1575 8464
169642521 5 1171 8473
170155514 0 777 8499
170258477 5 1556 8504
170413387 12 183 8512
170919845 6 1090 8537
171341135 14 57 8557
171667748 17 528 8574
172180378 19 1491 8601
172381253 19 1784 8610
172589518 12 1519 8620
172899888 10 1436 8635
173023721 2 239 8641
173109742 0 1693 8645
173182142 13 1994 8649
173249108 7 804 8653
173299199 0 653 8656
173638306 8 1011 8673
173692589 3 121 8676
173820814 0 740 8682
174800484 12 1977 8732
174915474 10 1947 8738
175508070 13 1326 8767
175657718 17 882 8775
176059886 5 1931 8795
176191366 6 1872 8801
176275123 5 1687 8805
176448412 7 1942 8814
176507636 18 1694 8817
176606123 12 558 8822
176631123 6 1550 8823
176838468 3 1527 8833
177143070 11 405 8848
177269035 11 1582 8854
177463681 17 1197 8864
177640999 14 702 8873
177795369 0 1238 8881
177833445 7 1311 8883
177867898 9 334 8885
178291322 11 970 8905
178469317 16 619 8914
178489975 16 672 8915
179511161 2 1012 8966
179622720 1 325 8972
179766690 1 1927 8979
180021780 16 1761 8992
180206722 8 1635 9002
180245454 8 1445 9004
180379838 17 1068 9011
181194482 12 1956 9052
181213882 9 768 9053
181350235 17 1424 9060
181394418 15 1037 9062
181525806 4 942 9068
181727437 16 1044 9078
182305291 15 423 9107
182646190 15 1506 9124
182764665 19 2 9130
183133703 5 362 9148
183358863 4 1984 9160
183400549 9 622 9162
183985437 15 550 9192
184025632 4 989 9194
184069223 5 1260 9196
184822722 7 206 9233
185274480 14 995 9255
186034303 10 432 9292
186791574 8 940 9330
186972795 0 283 9339
187048487 3 1656 9343
187643174 2 306 9373
187721297 16 11 9377
187744174 15 1953 9378
188098419 7 1713 9395
188219091 12 1995 9401
188296782 2 1855 9405
188379389 3 406 9409
188480103 12 323 9414
189726004 8 1502 9476
189749351 3 318 9477
190124165 17 865 9496
190512424 9 884 9515
190537424 5 237 9516
191364311 18 293 9557
191857082 15 316 9581
192192810 19 1001 9597
192396735 0 1238 9607
192682925 4 320 9621
192990581 2 1100 9636
193985765 16 1206 9685
194004960 11 840 9686
194189997 11 1859 9695
194515397 4 1750 9711
195310057 11 464 9752
195836595 0 1185 9779
196064806 5 225 9790
196284897 2 1240 9801
196696549 11 60 9822
196907492 4 39 9832
197093709 16 1175 9841
197895040 19 415 9880
199060765 8 1126 9938
199140787 17 1968 9942
199222797 11 1937 9946
199242101 13 288 9947
199354421 1 296 9953
199637907 14 1296 9967
199872223 5 632 9979
200023011 12 1977 9987
200419209 6 618 10006
200468447 9 1975 10009
200508447 8 1818 10011
200847935 2 1424 10029
200943826 18 1952 10034
201503040 5 885 10063
201630758 3 146 10069
201880915 5 1347 10082
201978738 14 421 10087
202013389 9 1950 10089
202288107 17 751 10103
202347112 19 310 10106
202407549 15 782 10109
202429481 1 868 10110
202784896 12 611 10128
203487156 12 486 10164
203648846 3 531 10172
203786110 2 1281 10179
204251146 0 787 10202
205270475 9 412 10252
205619503 12 1629 10270
207043091 6 1078 10341
207156406 16 733 10347
207300102 9 1891 10354
208026465 12 346 10390
208103445 11 325 10394
208200978 5 1553 10399
208299983 5 497 10404
208318947 5 832 10405
208354830 7 732 10407
208500759 1 730 10415
208517831 16 156 10416
208603166 10 283 10420
208861287 16 15 10433
208883103 7 1783 10434
208899032 14 1878 10435
208941122 10 1322 10437
209334348 7 208 10457
210749561 19 288 10528
211271235 13 814 10553
211409777 11 538 10560
211555892 6 415 10568
211792494 18 168 10580
212464146 13 330 10613
212759779 3 1657 10628
212931761 14 924 10637
213438968 13 1965 10662
213933476 1 1079 10686
214159296 8 1454 10697
214363067 12 1713 10707
215481491 17 1846 10762
215619017 4 1303 10768
215951440 9 719 10785
217763686 19 171 10877
217825840 6 1827 10880
217846065 11 1882 10881
217941309 15 37 10886
218016064 3 517 10890
218144347 19 980 10896
218253799 15 1300 10902
218567296 5 1602 10917
219150540 14 396 10947
219619851 1 295 10972
219683172 11 397 10975
220209489 2 862 11001
221066100 7 1683 11044
221579102 3 554 11068
221740512 17 353 11076
221777780 10 1230 11078
221802296 13 1025 11079
222405964 5 911 11109
223349863 5 1571 11156
223509941 12 1356 11164
224251816 15 343 11201
225481762 0 105 11262
226272960 6 16 11301
226636058 17 307 11319
226740383 11 1586 11324
226760994 12 1705 11325
227270434 18 27 11352
227321367 4 1608 11355
227835271 14 643 11380
228036004 15 297 11391
229039461 10 251 11441
229222556 3 1854 11450
229875173 12 1739 11482
230056462 12 848 11491
230074275 1 322 11492
230112465 15 1590 11494
230611632 15 1680 11520
230666433 11 1823 11523
230790466 15 1674 11529
231401515 4 106 11561
231420439 3 1940 11562
231585627 10 807 11570
231711658 1 107 11576
231771495 3 777 11579
231950384 12 951 11588
232309968 14 1381 11606
232593953 13 420 11621
233106264 1 681 11647
233409838 2 1949 11662
233529572 5 1647 11668
233749132 16 1373 11679
233909375 13 1739 11687
234023240 14 1131 11693
234263218 17 737 11705
234288218 0 264 11706
234445933 2 1292 11715
234618961 10 914 11724
234745376 8 1278 11730
234808014 17 1256 11733
234963120 9 603 11741
235174726 11 1488 11751
235190870 12 171 11752
235393351 7 314 11762
235408351 11 1072 11763
235604440 18 478 11772
235654860 18 1214 11775
235744372 3 1796 11779
236584716 18 1046 11821
236681162 19 171 11826
237192978 5 1225 11853
237289502 5 966 11858
238005051 7 215 11895
238021608 13 1204 11896
239218839 18 1867 11955
239405457 4 131 11964
240032408 11 69 11996
240529937 6 1348 12021
240586931 19 1087 12024
240959818 12 1801 12043
240983109 11 604 12044
241270306 5 244 12058
241681474 7 1223 12079
241700606 8 1890 12080
241816509 8 193 12086
241870938 16 279 12089
243145962 3 706 12152
243179960 11 1937 12154
243803625 8 1482 12184
244077986 18 1260 12198
244807356 6 922 12234
245449924 2 1324 12266
245804015 16 654 12283
246113028 4 1260 12299
246221904 6 1247 12304
246687297 13 1596 12327
246806830 4 738 12333
247403720 19 987 12363
247495406 16 573 12368
247532615 15 725 12370
247817036 16 1614 12384
247989498 0 1758 12394
248031051 8 647 12396
248398790 10 378 12415
248420250 8 761 12416
248540678 13 59 12422
248936979 7 1870 12441
248956795 4 1098 12442
249430973 4 746 12466
250120344 7 1712 12501
251180838 5 1723 12555
251318391 14 1516 12562
251458347 3 1979 12569
251953759 1 939 12593
252119305 2 426 12601
252369501 11 615 12614
252526028 9 1826 12622
252963871 19 696 12643
253023378 12 1637 12646
253039965 16 46 12647
253246765 18 1089 12657
253320081 8 419 12661
253828862 15 555 12686
253879322 16 1232 12689
253895621 8 1121 12690
254295426 7 1520 12710
254839601 17 1495 12738
254860914 10 306 12739
254921038 3 1123 12742
255190974 16 1370 12756
255211943 3 1949 12757
256102117 11 1543 12801
256198124 4 857 12806
256881822 15 1075 12841
257256602 12 697 12862
257392771 18 685 12869
257952669 18 517 12897
258875862 15 1204 12943
259223877 8 904 12961
259265947 13 1547 12963
259642187 15 742 12982
259918865 19 1832 12996
260581190 9 1637 13029
260626635 1 734 13031
260763562 3 959 13038
260929598 14 130 13046
260947252 15 1277 13047
261311829 18 399 13064
261683918 11 361 13082
262420185 13 1406 13118
263236686 3 448 13157
263343109 3 362 13162
263381563 4 1510 13164
263476371 7 1429 13169
263752886 10 758 13182
263943804 17 1364 13191
264081132 7 1718 13198
264241506 14 1749 13206
264362641 16 1387 13212
264406881 9 706 13214
264779437 0 261 13233
265023117 17 969 13246
265155282 4 716 13252
265359534 0 1659 13262
265491745 4 1723 13269
265899562 10 983 13289
265942684 7 1814 13291
266117652 7 968 13300
266183708 13 188 13303
266301564 10 564 13309
266563695 11 575 13322
266979594 11 1543 13344
267915571 15 445 13390
268055233 8 1944 13397
268641567 14 1521 13426
268778250 19 972 13433
269196988 9 1386 13455
269261034 17 821 13458
269881130 2 776 13489
270019880 11 970 13496
270412095 14 39 13515
270429919 7 334 13516
270705326 3 1146 13530
270916317 9 1270 13541
271168324 7 926 13554
271558047 14 540 13573
271824635 4 350 13586
271981704 1 618 13594
272384685 15 1673 13614
272763652 7 1423 13634
272920115 18 1469 13642
273289942 4 858 13661
273521244 16 98 13673
273782034 5 576 13687
274277892 3 536 13713
274487044 16 918 13724
274525766 3 461 13726
275368986 9 381 13768
275502901 4 679 13775
276014602 9 34 13800
276312232 4 687 13816
276409747 16 983 13821
276500804 13 164 13826
276596107 6 1640 13831
276733465 13 1965 13838
277220006 6 741 13863
277777564 15 173 13890
277850485 14 914 13894
278058219 19 1718 13904
278608425 16 1444 13931
278626601 2 417 13932
279362178 16 1601 13970
279900825 15 1541 13996
280018898 2 1603 14002
280446199 2 158 14023
280500087 5 1385 14026
280604439 5 86 14031
281692729 10 560 14085
282383470 3 523 14120
282503725 11 1834 14126
282702859 10 1942 14136
283050507 3 865 14154
284821976 11 607 14241
284962794 6 933 14248
285230892 19 95 14261
285455915 11 792 14272
285706800 14 471 14284
286320804 12 1377 14315
286926970 11 799 14345
287074595 19 1302 14352
287287956 15 938 14363
287344813 18 1208 14366
287927272 9 689 14395
288476593 15 1969 14423
288601237 14 82 14429
288616237 7 1842 14430
288636714 9 345 14431
288679712 4 1272 14433
289411863 11 1131 14469
289604649 1 1907 14479
289666617 2 413 14482
289720102 6 1486 14485
289830477 0 448 14490
290394539 12 302 14519
290415141 6 1918 14520
290632013 3 1002 14531
290730058 6 573 14536
291053621 7 1288 14552
291311420 0 1245 14566
291495903 12 1765 14576
292620685 4 473 14632
293206843 18 1375 14662
293451905 18 1617 14675
293694022 6 773 14687
293831187 19 554 14694
294263194 16 81 14716
294359945 16 1959 14721
294972194 12 581 14751
295381845 0 1587 14771
295418472 14 874 14773
295502173 18 1084 14777
295985029 5 1847 14801
296446528 0 1531 14824
296529619 11 1259 14828
296720748 16 629 14838
296905446 8 1808 14847
297399296 15 1072 14870
297546323 16 1063 14877
297715425 6 921 14886
298018360 8 26 14901
298303110 19 1921 14916
298345902 10 1650 14918
299023866 6 1959 14951
299122699 4 1059 14956
299349272 1 287 14967
299428192 16 516 14971
299544832 11 757 14977
299872958 8 399 14994
299931908 1 177 14997
300082100 11 1629 15005
300782079 5 40 15040
300804056 5 473 15041
300990349 12 1186 15050
301547030 12 1728 15078
302006302 16 1099 15101
302898930 2 1468 15146
303361421 14 579 15169
304062721 1 1423 15203
304359982 0 309 15217
304382754 14 459 15218
304417725 6 1594 15220
304732164 15 1630 15236
304774065 11 1917 15238
304869818 3 689 15243
305260261 12 1138 15263
306039913 1 1856 15301
306266144 18 1977 15313
306287658 8 960 15314
306321711 5 1233 15316
306776785 19 355 15338
307288901 14 1401 15363
307534929 14 1768 15376
308245785 4 128 15411
308673267 15 1302 15434
308744150 10 1065 15437
310035261 9 354 15500
310335482 18 847 15515
310410156 6 1344 15519
310856572 1 1606 15542
310874241 9 1709 15543
311054455 9 204 15552
311200397 3 357 15559
312038444 4 1245 15601
312258755 2 1882 15612
313069295 6 1360 15653
313977592 12 686 15698
314165195 3 1207 15708
314297282 0 180 15714
314396675 9 750 15719
314701037 8 15 15735
315779080 0 1078 15790
316121723 7 1514 15808
316159820 17 712 15810
316326544 6 238 15818
316677335 12 387 15835
316921681 3 1159 15847
317078408 15 1916 15855
317874459 19 359 15895
318025755 12 1805 15903
319036844 13 210 15953
319248852 4 1915 15964
319655450 12 530 15983
319678509 15 1811 15984
319824169 8 492 15991
319862717 1 1034 15993
320401694 14 32 16019
320749387 10 399 16036
320845820 7 1775 16041
320950058 10 1833 16046
321587475 3 1267 16079
321609238 18 1144 16080
321774558 8 455 16088
322094762 9 765 16104
322766950 2 1167 16138
323016546 16 728 16151
323088650 8 1121 16155
323223662 13 748 16162
323304920 10 50 16166
323362053 15 1973 16169
323416265 13 1140 16172
323602875 6 1401 16181
324180768 9 1558 16209
324419697 2 1745 16221
324869709 8 371 16244
324906664 17 1995 16246
325381666 7 420 16270
325417179 0 792 16272
325434092 14 1571 16273
325663727 10 729 16285
325837349 4 690 16294
325938737 19 1699 16299
326039892 13 1044 16304
326128324 3 1015 16308
327002796 7 420 16353
327429256 15 1967 16375
328371248 1 575 16421
328584853 3 1196 16431
328793089 7 81 16441
328812540 7 100 16442
328845278 2 1151 16444
329534752 4 23 16479
329856828 18 324 16496
329879616 18 1493 16497
329994169 17 928 16503
330093896 19 1520 16508
330184417 0 917 16513
330236781 10 846 16516
330506634 16 1080 16530
330568268 10 990 16533
330718829 3 700 16541
331001514 14 928 16555
331991316 11 221 16606
332009984 12 494 16607
333367004 12 1046 16674
333549048 2 1433 16683
334052669 3 146 16708
334378456 13 1388 16725
334452817 5 1354 16729
334472108 18 1559 16730
334922043 4 199 16753
335204012 7 1195 16767
335990727 17 1741 16805
336058762 11 245 16808
336212435 14 405 16815
336683992 12 1528 16839
336879683 15 1615 16849
337423653 0 855 16876
338031832 4 751 16905
338226781 17 1504 16915
338361357 11 1239 16922
338380619 16 1940 16923
338626744 3 765 16935
338726399 10 243 16940
339246930 18 1867 16966
339462435 18 1531 16977
340097666 13 87 17008
340402656 3 366 17023
340638944 10 1890 17035
341703239 7 943 17088
341849749 10 661 17095
342051444 16 1453 17106
343320265 11 1384 17167
343863890 0 1307 17195
343997004 17 346 17202
344034548 19 343 17204
344057584 18 1688 17205
344268712 3 1439 17215
344765333 2 216 17240
344869920 19 767 17245
345503486 17 8 17276
345655896 9 1181 17284
345670896 14 50 17285
345753096 5 517 17289
345912140 11 746 17297
346268212 5 286 17314
346755263 14 1150 17338
348575331 11 1176 17430
348732097 12 425 17438
349132252 15 889 17457
349284570 11 172 17465
349659097 19 645 17483
350931228 1 1129 17546
351295193 1 806 17564
351447338 14 1799 17572
352180936 9 1862 17609
352265039 9 1804 17613
352518785 19 225 17627
352980834 8 1028 17650
353727835 17 1730 17688
353803791 0 1404 17692
353888983 10 789 17696
354131750 3 1915 17708
354169335 8 1674 17710
354629974 19 501 17734
354746723 5 809 17740
355140316 2 484 17759
355446833 15 409 17774
355492878 4 937 17776
355547223 13 429 17779
355697934 17 1646 17786
356040520 9 495 17803
357136015 0 843 17858
357388581 13 1059 17871
357665121 9 807 17885
358081185 4 1477 17906
358302211 7 1142 17917
358649354 3 586 17934
358674354 10 1499 17935
358976701 11 514 17951
359234954 16 511 17964
359556365 9 955 17979
359867421 9 1910 17994
359888920 7 1793 17995
360682535 19 1060 18035
361241552 2 1678 18063
362017505 8 1660 18101
362589317 14 386 18130
362608375 8 470 18131
363182622 19 1943 18159
363290522 13 533 18164
363437731 8 767 18171
364258057 9 17 18213
364950055 13 1440 18247
365635554 13 560 18280
366366813 8 1742 18318
366972513 16 1270 18348
367728883 5 139 18385
367888675 14 563 18393
368331218 16 898 18415
368767043 5 1963 18438
368850047 6 1136 18442
370490087 5 1658 18522
371539592 17 1016 18575
371834153 8 522 18589
371902100 2 1191 18592
372414104 8 905 18618
372513365 11 303 18623
372608292 19 1069 18628
372693669 16 94 18632
373020964 7 116 18647
373181761 8 1519 18655
373259432 2 1532 18659
373347169 12 1730 18663
373403250 15 1331 18666
373629564 13 1289 18677
374524587 17 1343 18722
374598737 5 268 18726
374719403 15 1250 18732
374853617 5 850 18738
374936094 8 975 18742
375496402 4 1633 18771
375878676 0 1913 18790
376069654 2 606 18799
376407373 5 1959 18815
376803997 19 550 18834
376916613 12 420 18840
376971921 2 858 18843
377014292 19 1350 18845
377248817 5 1060 18856
378312303 3 1347 18910
378513254 1 1558 18920
379260542 10 872 18958
379423695 2 1760 18966
379464746 10 744 18968
379643856 15 1966 18976
379909980 9 486 18989
380279184 9 715 19008
380525759 8 688 19021
380861946 0 1647 19038
381026876 18 656 19046
381112808 11 1109 19050
381169560 6 1223 19053
382353770 8 146 19112
382661392 17 221 19127
382741230 11 133 19131
382838243 6 253 19136
383266855 6 996 19158
383773037 10 1923 19183
383794734 19 485 19184
384592876 2 1378 19224
384679046 12 151 19228
385070635 3 1136 19247
385151454 7 1328 19251
385371167 3 53 19262
385852127 6 1985 19285
387020205 15 1074 19344
387152229 14 1873 19351
387302984 7 1277 19358
387462537 6 1729 19366
388340477 7 1067 19411
388358468 9 617 19412
388700249 2 56 19430
389065256 3 1854 19449
389246828 8 1817 19458
389474392 5 91 19470
389529136 4 32 19473
389944197 8 1710 19493
390184618 9 805 19505
390244467 13 175 19508
390458853 0 1385 19519
390564317 15 984 19524
390682152 19 986 19530
390899013 19 574 19540
390976898 9 1558 19544
392849829 14 575 19638
393017289 4 1545 19646
393100956 8 416 19650
393284948 17 1427 19659
393748765 19 1640 19682
395324445 7 368 19762
395344129 13 684 19763
396526461 6 1765 19823
396607499 15 1626 19827
396956549 0 1877 19844
397216378 5 634 19857
397863625 5 1930 19891
398326322 3 101 19913
398346521 3 177 19914
398421185 0 1572 19918
399042060 19 470 19950
