1682691 77 978 40
1837637 66 651 44
1883708 63 189 45
3232749 73 833 78
5449018 73 961 135
5528400 75 872 137
6030773 66 902 150
6073596 78 473 151
6752362 76 651 168
6789101 68 995 169
7413666 73 523 185
8285150 72 354 206
9526848 75 989 237
10385572 63 540 259
11137457 64 374 278
11437034 72 23 286
11898619 68 280 298
12557169 67 956 314
13417235 78 183 337
14438764 75 857 364
15602124 71 247 395
16315428 70 987 413
17448824 76 948 442
17565235 65 475 445
18203273 64 555 463
18388919 70 928 468
18702985 60 476 476
19211911 79 920 489
19884455 69 120 505
20463176 73 331 520
20918171 79 130 531
21576502 76 299 546
22913985 71 52 580
24061891 66 641 609
24581266 65 214 622
25682707 69 349 649
26013295 79 266 657
26099830 73 779 659
26786436 67 589 676
26833461 61 220 677
27075018 64 401 684
27679446 64 119 699
27835717 61 796 703
28791546 75 717 728
29764202 66 50 753
29928592 61 736 757
30956860 79 932 783
31410542 68 35 794
31891269 62 199 806
32243420 68 374 815
32985827 63 850 834
34180496 66 974 865
36128572 63 7 913
36569152 69 305 925
37750635 63 441 955
39051048 77 678 988
40134068 60 784 1016
40919431 73 761 1036
41542218 61 28 1051
42161070 79 711 1065
43096091 60 470 1089
43271906 68 455 1094
43647835 77 894 1103
43796040 66 277 1107
43999526 62 606 1112
44075658 63 987 1114
44423413 61 537 1123
44682409 75 338 1129
44838686 64 770 1133
45032172 70 303 1138
45450814 79 127 1148
46115363 62 199 1164
47775980 78 893 1206
48098439 66 4 1214
48612443 66 449 1227
48684756 67 213 1229
48796218 76 127 1232
50181668 66 880 1266
50496905 62 604 1274
51087100 73 642 1290
51123886 78 685 1291
51154048 69 174 1292
51433326 63 214 1299
51956163 78 712 1311
52202173 76 622 1317
52817936 64 513 1332
53074614 70 174 1339
53112206 72 362 1340
53151373 68 204 1341
53758005 60 428 1356
55076936 75 268 1390
56824419 79 147 1434
57476658 68 672 1450
57804429 66 525 1458
57928211 73 893 1461
59878367 74 781 1510
61638466 73 283 1552
61750628 71 361 1555
61800628 69 415 1556
61830628 72 934 1557
61897213 77 848 1559
62515199 68 876 1574
63393569 78 318 1596
63432429 61 157 1597
64982115 78 578 1636
65013502 60 214 1637
65288584 71 991 1644
66197064 75 242 1666
66227064 66 471 1667
66897756 73 400 1684
69361385 75 898 1746
70539866 79 633 1776
71480258 72 491 1799
72202940 65 337 1817
72282876 72 474 1819
72365415 76 365 1821
72881959 79 420 1833
73104614 60 378 1839
73477496 76 476 1848
73796288 61 726 1856
74077000 61 675 1863
74924960 63 69 1884
75962244 69 51 1911
77528152 76 535 1949
78778316 70 152 1980
79208955 78 633 1992
79314456 70 79 1995
79529473 61 50 2000
79839187 74 191 2008
82039919 67 291 2062
82211921 69 149 2066
82586077 67 93 2075
83621902 74 493 2101
85098045 65 877 2138
85378491 76 140 2145
85925200 71 904 2159
86392609 74 682 2170
86644225 77 833 2177
86809808 65 543 2181
86853935 71 438 2182
86892796 74 809 2183
87857964 76 804 2208
87922292 76 607 2210
88324277 62 893 2220
88447294 66 986 2223
89206909 62 772 2241
89523013 74 247 2249
90713877 78 630 2278
90882790 61 942 2282
91101156 77 795 2288
91172436 77 780 2290
91671194 77 987 2303
92206488 73 45 2316
92706151 67 880 2328
94268415 70 712 2366
95204319 78 982 2389
95426050 62 549 2395
98586057 71 210 2475
98787437 76 711 2480
99068422 63 65 2487
99469508 78 111 2497
100365548 75 45 2519
101319263 71 28 2543
101767644 73 788 2554
104536412 76 84 2623
104853145 65 618 2631
105160500 76 302 2639
105406524 77 347 2645
105886328 63 162 2656
106193584 62 371 2664
107673613 71 760 2701
109142195 76 651 2738
109782205 72 34 2754
109913216 69 468 2757
110789121 79 781 2779
111124618 60 137 2787
114583322 74 620 2874
115176133 61 178 2888
115287610 77 410 2891
116616716 65 236 2924
117031509 73 175 2935
117232094 62 650 2940
117906898 73 564 2956
118526887 72 816 2971
118865099 63 797 2979
119074653 68 775 2984
119295927 64 83 2989
119614689 69 451 2997
120142326 67 841 3040
120317803 64 931 3059
120463403 69 577 3074
120510628 62 759 3079
120545017 63 175 3082
120714874 70 730 3098
120776674 62 265 3104
120831636 66 940 3109
120949152 63 302 3121
121130998 68 142 3139
121266925 72 587 3152
121275730 69 516 3153
121376879 66 1 3163
121421425 74 802 3168
121482199 78 8 3174
121538773 79 859 3179
121635775 75 729 3188
121760193 76 451 3201
121863208 60 924 3212
122061178 71 840 3232
122138202 68 996 3239
122505494 75 300 3273
122523553 69 313 3275
122809067 65 417 3302
123027882 74 639 3324
123342663 65 844 3354
123609552 61 903 3379
123627503 62 63 3381
123636158 77 888 3382
123680670 75 493 3386
123772489 76 236 3395
123811567 60 368 3399
123829349 77 380 3401
123842349 73 411 3402
123870927 71 220 3405
124238734 75 742 3442
124276287 70 856 3446
124807098 60 112 3501
125019596 62 163 3522
125094195 73 716 3530
125362485 79 36 3556
125440528 62 184 3564
125557552 76 672 3576
125627273 70 711 3583
125644302 70 91 3585
125771834 73 235 3598
125868969 69 123 3607
125900289 63 713 3610
125921245 73 811 3612
125999527 61 991 3620
126033384 60 397 3623
126069415 76 233 3626
126201854 61 985 3639
126401318 67 715 3659
126437010 71 144 3663
126479215 61 249 3668
126713834 68 341 3691
126816724 60 859 3702
126902001 70 355 3711
127336486 73 125 3756
127391304 74 998 3762
127435683 64 674 3766
127477421 71 447 3771
127650964 63 688 3788
127860442 67 251 3809
127901552 78 736 3813
127995212 74 420 3823
128046902 76 459 3828
128114560 72 437 3835
128133408 79 728 3837
128196759 75 92 3843
128324963 69 749 3857
128486346 60 706 3874
129149025 65 61 3941
129196910 77 754 3946
129212640 67 612 3948
129406071 70 637 3966
129476504 78 659 3973
129680911 76 257 3992
129896180 66 281 4013
130210975 77 694 4045
130257419 60 329 4050
130320246 78 425 4056
130546404 60 708 4079
130756171 67 883 4100
130907148 71 871 4115
130934446 70 613 4118
130994380 62 799 4124
131007380 65 521 4125
131135674 64 337 4138
131357422 76 721 4160
131411806 78 224 4165
131695264 69 279 4192
131893798 65 987 4212
132040089 68 164 4226
132090368 71 546 4231
132185335 64 761 4241
132237404 61 842 4246
132389409 68 469 4260
132594865 61 388 4280
132699086 62 489 4290
132709060 63 651 4291
132772447 63 415 4297
132793051 69 963 4299
132956823 68 837 4315
133052850 61 307 4324
133094877 78 714 4328
133179651 79 0 4336
133435949 68 315 4360
133521875 70 16 4370
133537837 65 268 4372
133610447 76 985 4379
133632292 78 927 4381
133644484 78 940 4382
133666017 75 952 4384
133813433 61 80 4399
133852233 61 237 4403
134365920 63 867 4452
134424565 73 94 4457
134685459 73 102 4484
135024316 67 238 4518
135187325 76 794 4535
135466957 66 265 4563
135529723 61 720 4569
136260517 70 736 4642
136370058 68 937 4653
136454328 68 881 4662
136629006 77 199 4679
136894244 76 794 4706
137205685 64 498 4738
137673191 62 819 4787
137794278 61 557 4799
137827741 64 535 4802
137847100 63 597 4804
137854092 75 769 4805
137904592 71 670 4810
138089107 69 411 4829
138111506 63 917 4831
138200601 71 877 4840
138258473 74 373 4846
138350569 74 890 4855
138579364 78 945 4878
138656806 60 199 4885
139116174 64 808 4932
139460687 63 333 4966
139541025 60 285 4974
139554025 78 908 4975
139760155 73 634 4996
139768521 62 913 4997
139937500 74 370 5013
140056687 71 796 5024
140130433 65 160 5031
140455140 66 213 5064
140592042 60 575 5077
141600525 66 39 5177
141655375 63 782 5183
141694078 62 735 5187
141759200 77 63 5193
141815902 60 802 5198
141827743 79 426 5199
142091919 75 698 5225
142443155 64 357 5259
142655828 73 631 5280
142686823 73 489 5283
142693039 69 113 5284
142864342 75 479 5301
143206088 72 362 5335
143410606 79 692 5355
143531835 78 200 5368
143564799 72 235 5371
143816185 79 529 5396
143904437 62 486 5404
143943227 60 13 5408
144026429 79 285 5417
144104397 62 414 5425
144297557 75 83 5444
144780825 65 381 5492
144891155 61 194 5503
145003494 71 614 5515
145073677 63 690 5523
145105285 73 490 5526
145127662 79 155 5528
145428489 62 149 5560
145487041 72 150 5566
145531100 60 724 5570
145618369 66 586 5578
145914436 63 884 5607
146029453 65 105 5618
146199197 75 893 5635
146328508 76 528 5648
146424820 78 566 5658
146434470 70 238 5659
146457699 77 803 5662
146549008 75 362 5671
146736915 72 337 5690
146746731 76 865 5691
146906831 64 95 5705
147224430 69 365 5737
147632798 75 297 5777
147782126 69 68 5791
148019012 67 0 5816
148051078 66 563 5819
148087323 73 223 5823
148107704 66 47 5825
148317649 79 39 5845
148522138 61 708 5866
148532146 66 233 5867
148864802 79 291 5901
149073884 70 835 5922
149094317 69 530 5924
149103218 61 71 5925
149130263 62 35 5928
149448605 72 604 5959
149565329 66 110 5971
149635850 79 2 5978
149677610 66 618 5982
150410660 65 192 6056
150488252 73 32 6064
150556589 64 197 6071
150644242 75 602 6080
150811601 62 113 6097
150906463 73 165 6107
151135227 74 95 6130
151163928 77 865 6133
151500598 75 581 6167
151635716 72 78 6181
151941452 74 153 6213
152260460 63 474 6246
152312122 62 661 6252
152467717 65 743 6267
152663009 68 747 6286
153221243 63 400 6344
153246720 74 440 6346
153288767 73 3 6350
153413685 71 629 6362
153489281 70 51 6369
153509545 67 413 6371
153531763 69 121 6373
153583420 71 378 6378
153697784 73 665 6389
153948565 77 394 6414
154062159 67 603 6425
154108935 67 195 6430
154166276 62 970 6436
154484540 63 822 6467
155139840 71 712 6534
155274661 69 252 6548
155358124 72 400 6556
155536230 78 355 6573
155698406 66 64 6590
155776067 70 396 6598
155873069 73 275 6608
155882211 61 113 6609
156027534 79 939 6624
156033121 67 299 6625
156070323 64 705 6629
156117210 78 708 6634
156339212 66 995 6656
156364585 70 23 6659
156448808 68 503 6667
156645802 76 66 6688
156704365 79 853 6693
156735510 61 232 6696
156934637 67 852 6716
157444563 72 918 6767
157670536 71 107 6790
157829170 74 462 6805
157883531 79 850 6810
158039548 63 835 6826
158475803 68 485 6869
158602984 77 503 6882
158627120 64 841 6884
158643419 77 157 6886
158669990 66 685 6889
158770919 73 851 6900
158923424 71 451 6915
159182467 60 967 6940
159787125 77 53 7003
159935436 69 783 7018
160235574 74 210 7046
160276075 62 495 7050
160285393 63 99 7051
160401494 68 679 7062
160741850 65 927 7095
160770169 71 170 7098
160790580 61 553 7100
161007074 61 112 7122
161074955 69 287 7129
161150694 73 134 7137
161496910 78 961 7170
161627594 73 944 7184
161772604 68 955 7199
161802957 66 963 7202
161852394 78 711 7207
161950750 73 809 7217
162246287 73 626 7247
162285785 60 107 7251
162319088 72 803 7254
162375586 62 959 7259
162571037 68 337 7280
162756175 67 890 7300
162832892 63 879 7308
163049540 78 827 7330
163127733 69 326 7338
163284308 65 347 7354
163336220 64 347 7360
163473652 77 334 7375
163646739 71 591 7393
163786074 77 59 7406
163835857 71 497 7411
164042531 64 369 7431
164132639 68 853 7440
164319877 65 187 7459
164424134 62 83 7470
164478166 67 89 7475
164507174 64 420 7478
164839052 76 614 7511
164895611 76 57 7517
164921293 63 573 7520
164948249 75 464 7523
165440267 64 951 7573
165472160 66 370 7577
165493780 71 165 7579
165592561 79 639 7588
166038715 62 971 7632
166060859 64 974 7634
166073859 78 942 7635
166085351 66 290 7636
166133190 62 843 7641
166232197 60 161 7651
166254159 61 937 7653
166288927 66 7 7656
166581008 79 794 7687
166638022 66 96 7693
166727748 60 215 7702
166810494 67 216 7710
166890461 66 933 7718
167125576 77 491 7740
167592376 79 620 7787
168114287 71 238 7839
168245825 67 84 7853
168262398 77 543 7855
168308612 60 46 7861
168676036 67 213 7900
168787146 68 909 7910
169415172 72 702 7973
169463049 74 340 7978
169653454 72 560 7996
169810295 75 630 8011
169828272 69 379 8013
169947830 63 931 8026
170063399 75 535 8037
170098284 72 252 8041
170152225 73 103 8047
170165225 70 19 8048
170286539 68 160 8060
170478127 64 503 8078
170687259 65 124 8101
170974216 69 922 8131
171033332 71 113 8137
171180476 73 705 8152
171236391 66 680 8158
171430686 79 231 8178
171594862 62 426 8195
171773400 70 752 8212
171779517 79 213 8213
171840034 76 540 8219
171936214 60 701 8229
171947002 72 386 8230
172099421 79 589 8246
172331599 68 548 8268
172386672 71 494 8273
172577370 64 843 8292
172721893 72 290 8306
172732677 73 280 8307
172740796 71 836 8308
172780973 69 367 8312
172810277 61 883 8315
172886897 71 165 8323
173003204 65 231 8338
173101641 62 738 8348
173114641 71 611 8349
173240649 62 379 8361
173273070 61 913 8364
173426228 60 976 8380
173481880 67 242 8386
173582122 69 114 8395
173670544 68 939 8404
173740139 79 995 8411
173933717 74 316 8431
174242677 73 990 8462
174407958 70 294 8479
175013030 61 370 8543
175114983 76 488 8554
175205224 77 173 8564
175347918 60 675 8579
175530816 78 839 8597
175568790 65 195 8601
175729988 77 423 8617
175791101 67 754 8623
175810697 75 56 8625
175826721 60 611 8627
175947052 71 208 8639
176082415 67 649 8652
176473723 79 918 8690
176492184 73 465 8692
176569770 77 771 8700
176773091 62 477 8720
176782170 67 782 8721
176819763 74 111 8725
176983875 72 34 8741
177286826 79 792 8770
177393895 60 401 8781
177513845 68 363 8793
177607801 64 413 8802
177732535 66 741 8814
177765110 70 81 8817
177849083 64 210 8825
177916478 70 494 8832
178015532 63 877 8842
178072367 75 589 8848
178256477 75 824 8867
178584226 68 751 8900
178891996 61 958 8930
178971991 70 989 8938
179040399 68 742 8944
179211412 60 894 8962
179424020 71 774 8983
179544078 70 427 8994
179582000 63 974 8998
179819170 70 604 9022
179926528 76 884 9032
180011472 67 151 9041
180369964 76 798 9076
180604663 71 130 9100
180729588 67 67 9112
180949776 66 355 9133
181514467 79 344 9187
181524960 65 28 9188
181674451 62 64 9203
181683616 74 147 9204
181811097 77 931 9218
181819382 75 415 9219
182150038 71 63 9251
182266632 73 796 9263
182322923 75 998 9268
182341221 67 899 9270
182383111 74 771 9274
182506927 69 411 9285
183586291 73 882 9393
183777872 71 229 9412
183829175 76 691 9417
184085897 67 162 9443
184171772 70 654 9451
184222786 69 345 9456
184272414 61 619 9461
184539798 68 992 9488
184717014 66 868 9505
184725092 78 177 9506
185179125 76 17 9550
185362224 61 83 9569
185397842 73 394 9573
185740811 65 183 9605
185796162 63 695 9611
186129202 79 928 9643
186155695 71 686 9646
186586441 63 462 9691
186757375 72 614 9708
186949177 65 35 9728
187005650 70 759 9734
187026139 77 353 9736
187086271 72 361 9742
187144986 76 713 9748
187545037 62 178 9786
188098815 68 337 9841
188393875 61 19 9870
188682495 63 351 9900
188771344 65 407 9909
188802706 74 259 9912
188933225 67 562 9926
189039237 67 897 9937
189473524 62 609 9981
