236078 117 898 5
1913708 108 638 46
2288507 112 893 55
2374586 103 862 57
2412505 100 786 58
3119869 117 280 75
3892948 111 328 95
4166625 105 752 102
6000773 112 755 149
6432635 117 161 160
7490482 104 735 187
7825350 117 299 195
9379141 111 853 233
10139117 107 153 252
10421191 108 93 260
10878298 116 643 272
11052728 100 769 276
11096275 104 366 277
11281109 110 141 282
11365996 111 139 284
11503829 105 639 288
12013280 103 629 301
12352744 110 175 309
12811111 112 364 321
12920534 102 86 324
14007341 102 896 353
14752339 109 217 373
15335769 106 687 388
15812273 107 490 400
17056959 116 192 432
17735348 100 751 450
18066647 107 304 459
19515133 110 519 496
19725992 111 395 501
20423515 107 190 519
21362921 114 567 541
22415729 118 520 567
24909747 116 545 630
25035423 117 904 633
25602957 108 869 647
25938448 104 774 655
26364952 117 481 666
26536783 116 885 670
28181896 107 136 712
29173830 111 243 738
30332624 113 740 767
30673639 101 261 776
31162198 111 825 788
31730844 103 468 802
32836291 108 893 830
32910381 100 262 832
33760798 101 830 854
34564157 117 59 874
35352973 103 279 893
35430258 108 490 895
37789084 115 856 956
38856797 104 450 983
39313892 103 678 995
41416999 112 190 1048
41666359 102 678 1054
41800519 110 726 1057
42017792 115 775 1062
42111070 116 257 1064
42458076 119 721 1072
42615641 110 790 1076
45662153 108 337 1153
46074464 112 67 1163
46439761 117 875 1172
46924542 107 328 1184
48457722 110 870 1223
49635147 118 478 1253
49717053 110 883 1255
50146204 116 151 1265
50463270 103 379 1273
50833285 118 781 1283
51045056 104 351 1289
52398645 110 985 1322
52603704 116 303 1327
52767936 117 452 1331
53338322 103 582 1346
53668970 108 902 1354
53868507 119 628 1359
54696670 101 1 1380
54779580 109 780 1382
54906310 112 902 1385
55106936 114 349 1391
55231692 114 55 1394
55948978 114 520 1411
56113397 102 317 1415
57429991 113 51 1449
63979242 107 903 1611
64029242 112 233 1612
64339789 107 595 1620
65611750 109 236 1652
65653957 104 762 1653
65793484 107 640 1656
66038154 115 122 1662
66120672 105 488 1664
66257553 113 29 1668
66932536 104 320 1685
67579259 118 922 1701
68617945 115 311 1728
69246710 113 393 1743
69447479 110 627 1748
72911959 107 61 1834
74689012 111 269 1878
75323953 112 539 1894
75444394 104 192 1897
75932244 114 990 1910
76203071 114 339 1917
76665832 104 323 1928
76996402 108 600 1936
77078651 118 390 1938
77255873 103 596 1942
77304945 116 911 1943
78097546 112 62 1963
78379640 100 443 1970
78592261 114 123 1975
78950842 108 280 1985
79764113 119 367 2006
79951662 119 624 2011
80091457 102 664 2014
81462891 104 528 2048
81745971 100 380 2055
83143713 113 226 2089
84274972 108 66 2117
84464048 115 741 2122
85765077 108 463 2155
86971092 110 53 2185
87011035 106 723 2186
87465505 104 657 2198
88408909 119 409 2222
89883342 105 56 2258
90182070 105 64 2265
90325098 104 363 2269
90637329 102 21 2276
90946840 116 272 2284
91029406 101 77 2286
91956584 101 499 2310
92042716 115 414 2312
92773815 104 842 2330
92811449 110 900 2331
93048908 101 589 2337
93744619 101 136 2354
94345302 105 576 2368
95110781 106 521 2387
95310615 111 446 2392
95862809 119 604 2406
96140142 105 815 2413
97771173 105 726 2454
98750008 100 881 2479
99510668 101 990 2498
99800221 103 60 2505
100784364 111 689 2530
101033576 113 81 2536
103080318 101 654 2587
104672652 104 545 2626
104821236 119 1 2630
105126552 117 45 2638
106400681 116 582 2669
107013835 112 3 2685
107967350 118 329 2708
108707750 108 680 2727
109654309 105 636 2751
111551219 110 978 2798
113202555 101 175 2839
113554648 113 730 2848
113773209 116 333 2854
113816774 117 207 2855
114031712 113 599 2861
114907802 109 780 2882
114998286 100 963 2884
115572622 111 520 2898
115890565 112 802 2906
116083079 115 693 2911
116310907 116 696 2917
116535118 111 282 2922
118144826 103 24 2962
118492086 109 102 2970
118915099 105 73 2980
119469604 109 777 2994
120017336 104 68 3028
120118052 117 861 3038
120233410 106 263 3049
120283831 111 942 3055
120375852 115 196 3064
120410488 112 740 3068
120449388 101 991 3072
120620418 100 527 3089
120682460 103 414 3095
120819881 103 543 3108
120889449 116 55 3115
120976314 113 543 3124
121044699 117 621 3130
121493752 105 65 3175
121714607 104 614 3196
122033364 114 276 3229
122042215 110 270 3230
122245717 115 967 3249
122280285 107 250 3252
122373785 108 712 3261
122679173 105 577 3289
122759499 104 902 3297
122985319 102 514 3320
123003636 105 343 3322
123081299 106 491 3329
123319022 113 779 3352
123709204 101 78 3389
124028976 109 421 3421
124146674 110 794 3433
124188049 118 47 3437
124207583 117 14 3439
124220012 105 867 3440
124243891 108 615 3443
124307708 105 795 3449
124351459 119 641 3454
124560546 113 461 3477
124877058 116 991 3508
125055807 119 778 3526
125161364 107 512 3536
125204992 111 747 3540
125290550 114 624 3549
125384173 101 967 3558
125465153 116 982 3566
125657302 109 444 3586
125720223 109 474 3593
125908475 103 1 3611
125968695 100 105 3617
126247477 107 881 3644
126297097 107 851 3649
126314354 113 564 3651
126388928 108 298 3658
126487567 108 286 3669
126999630 116 272 3721
127012367 104 428 3722
127142194 119 835 3735
127411987 107 185 3764
127617522 101 19 3785
127925731 110 309 3815
128094970 106 448 3833
128534647 112 566 3878
128699323 119 687 3896
128815971 115 405 3907
128929825 118 390 3919
129121364 115 986 3938
129156858 117 579 3942
129242610 105 678 3951
129287368 100 373 3955
129335087 113 665 3959
129466365 114 681 3972
129489504 115 193 3974
129792097 102 881 4003
130054293 110 270 4029
130145296 119 447 4038
130183031 107 55 4042
130286584 105 510 4053
130309471 104 163 4055
130398652 101 478 4064
130603605 108 875 4085
131023499 106 909 4127
131115610 100 966 4136
131332710 117 390 4158
131421528 100 16 4166
131558046 108 36 4179
131621699 114 216 4185
131840462 103 630 4206
131860396 116 831 4208
131943231 102 726 4217
131977639 113 919 4220
132215210 115 179 4244
132409805 119 53 4262
132478864 119 685 4269
132803892 106 619 4300
132927904 106 449 4312
132950343 101 760 4314
132990653 102 88 4318
133040823 100 490 4323
133567835 104 261 4375
133745220 101 37 4392
133802836 111 659 4398
133875362 111 425 4405
133946192 115 868 4412
134487268 108 55 4463
134620698 100 414 4477
135183325 113 861 4534
135278019 106 282 4544
135444662 102 259 4561
135490407 111 685 4565
135692858 114 863 4584
135721371 105 64 4587
135845534 116 473 4599
136054666 108 207 4621
136063130 113 527 4622
136125197 108 390 4628
136319808 119 746 4648
136413444 103 925 4658
136503171 119 59 4667
136806289 114 71 4698
136935901 116 727 4710
137102608 105 917 4728
137240101 119 115 4742
137333298 117 553 4751
137341184 110 746 4752
137494483 119 461 4768
137502748 109 959 4769
137508856 106 497 4770
137564594 113 731 4776
137682569 116 878 4788
137691885 119 846 4789
137861542 113 86 4806
137914683 104 16 4811
137934761 104 698 4813
137944838 102 200 4814
138168549 112 607 4837
138467937 113 698 4867
138697997 104 168 4889
138798083 116 489 4899
139025348 119 350 4922
139108507 107 472 4931
139149328 111 176 4935
139238435 104 332 4944
139267161 119 628 4947
139316130 113 278 4952
139724534 104 738 4992
139748064 117 84 4995
139892325 109 56 5009
139924500 110 414 5012
140098863 118 363 5028
140111863 111 783 5029
140123365 113 803 5030
140410642 118 496 5059
140447556 104 275 5063
140860017 117 429 5103
140981512 109 263 5115
141075637 117 949 5124
141097089 109 690 5126
141104852 112 847 5127
141372289 109 694 5153
141483641 118 546 5165
141628495 100 520 5180
141686086 116 365 5186
141925252 101 27 5209
142122632 108 374 5228
142282278 119 402 5243
142312270 115 828 5246
142338326 109 37 5249
142765520 112 933 5291
142896530 117 522 5305
142914856 118 98 5307
142927856 114 649 5308
143274262 103 391 5342
143399840 116 308 5354
143836392 105 550 5398
143986867 119 298 5413
144197548 118 919 5434
144246749 109 821 5439
144256899 101 473 5440
144265269 103 127 5441
144517468 117 180 5465
144553789 107 671 5469
144820761 118 561 5496
144842258 102 967 5498
144847726 111 832 5499
145118161 100 601 5527
145219391 100 577 5538
145302904 117 147 5547
145371110 106 128 5553
145393142 112 777 5556
145459068 119 844 5563
145735360 115 140 5589
145809985 106 887 5597
145843709 102 380 5601
145867521 116 912 5603
146209287 100 823 5636
146599723 100 649 5677
146802782 100 616 5696
147081420 107 646 5722
147100091 112 495 5724
147163297 106 865 5730
147186629 104 64 5733
147268404 106 225 5741
147553603 108 16 5769
147581589 109 897 5772
147665992 104 822 5780
147737928 106 452 5787
147861319 110 418 5799
147960113 113 163 5809
147965325 119 645 5810
148060206 107 133 5820
148072210 113 801 5821
148196960 101 677 5833
148391151 118 512 5852
148674392 117 181 5882
148890325 113 350 5904
149165892 108 941 5931
149178738 108 167 5932
149253377 105 394 5939
149398020 108 108 5953
149697273 112 727 5984
149717545 102 494 5986
149738218 100 161 5988
149852683 114 987 5999
150224316 118 288 6036
150263642 102 626 6041
150586374 105 377 6074
150622471 108 992 6078
150926467 100 563 6109
151174613 114 511 6134
151238545 106 98 6141
151456908 100 578 6163
151613315 108 269 6179
151651657 113 39 6183
151707455 110 62 6189
151850360 101 826 6203
152513491 118 322 6272
152526126 107 468 6273
152766827 101 430 6297
152985457 113 297 6319
152996313 102 755 6320
153162377 101 778 6338
153213266 108 575 6343
153455058 110 596 6366
153689943 101 360 6388
153728196 111 856 6392
153929678 105 781 6412
153967903 107 664 6416
154050427 117 949 6424
154353417 116 224 6454
154462903 118 209 6465
154558420 101 148 6474
154656945 113 152 6483
154780766 112 996 6497
155012913 102 83 6521
155202194 102 304 6540
155224434 106 48 6543
155345767 101 449 6555
155505308 113 131 6570
155863128 113 967 6607
155938665 111 213 6615
155960362 116 336 6617
156439629 107 405 6666
156501039 113 630 6673
156744855 113 713 6697
157133717 108 7 6736
157154559 115 396 6738
157338296 100 94 6756
157417848 119 657 6764
157428488 111 557 6765
157562968 106 319 6779
157579250 101 757 6781
157695106 116 258 6792
158010710 107 286 6823
158034261 105 180 6825
158098994 116 537 6832
158108401 111 875 6833
158249188 109 576 6846
158311196 101 833 6852
158348094 115 921 6855
158462972 106 44 6868
158614159 105 917 6883
158741830 118 310 6897
158824737 100 511 6905
158958995 118 818 6918
159008501 117 545 6923
159050968 103 765 6927
159321114 112 659 6955
159401497 114 761 6963
159504882 107 83 6974
159619573 119 710 6986
159682186 105 900 6992
159693272 100 70 6993
159730476 119 528 6997
159777295 114 696 7002
159805155 111 543 7005
159875679 118 142 7012
160153152 102 238 7038
160305790 119 120 7053
160752845 119 819 7096
160952503 101 744 7117
161219938 103 939 7144
161463852 110 631 7167
161474292 112 219 7168
161556765 108 774 7176
161613348 112 110 7182
161695590 103 508 7191
161961180 108 68 7218
161994753 101 788 7222
162002313 115 910 7223
162054560 114 548 7228
162064664 103 697 7229
162255552 101 145 7248
162308573 101 744 7253
162554350 100 505 7278
162738937 111 881 7298
162939630 101 14 7319
163352671 104 242 7362
163492530 115 510 7377
163520818 116 821 7380
163804790 109 411 7408
164121091 114 419 7439
164205647 118 507 7448
164298763 107 68 7457
164369970 103 677 7465
164535974 101 841 7481
164574764 110 143 7485
164655365 106 921 7493
164900724 111 47 7518
164908293 105 780 7519
164969411 107 614 7525
165023331 100 175 7530
165044323 104 474 7532
165054384 113 713 7533
165086553 116 152 7536
165235471 105 385 7552
165611975 100 863 7590
165714513 115 510 7600
165819044 115 211 7610
166528894 118 756 7682
166669793 111 204 7696
166692235 115 707 7698
167342707 114 702 7762
167406070 114 463 7768
167431213 111 998 7770
167505122 110 391 7778
167522701 112 239 7780
167534549 113 463 7781
167633028 107 681 7791
167872056 110 351 7815
168040609 106 28 7832
168073308 115 378 7835
168192770 115 284 7848
168284825 116 800 7858
168372395 115 583 7867
168389534 104 40 7869
168763731 100 905 7908
168814980 110 459 7913
168856857 113 859 7917
168886879 114 56 7920
169080353 112 200 7939
169132121 111 814 7944
169282518 100 137 7960
169312914 109 581 7963
169789303 104 621 8009
170109799 108 772 8042
170400529 115 869 8071
170642886 102 480 8096
170761250 119 325 8108
171459540 112 925 8181
171519194 109 146 8187
171657647 101 377 8201
172106892 111 620 8247
172163912 118 769 8252
172544345 118 705 8289
172643411 105 513 8298
173026409 112 25 8340
173251235 102 14 8362
173261997 114 169 8363
173321172 104 82 8369
173371736 103 888 8375
173693937 101 544 8406
173772121 115 636 8414
173875019 119 742 8425
173982140 115 388 8436
174145871 108 56 8452
174163803 114 327 8454
174320805 111 55 8470
174429627 115 447 8482
174692898 100 258 8510
174751220 103 987 8516
174850588 106 391 8526
174876818 111 733 8529
174946439 101 899 8536
175088255 111 436 8551
175188920 106 153 8562
175679598 117 100 8612
175838501 100 681 8628
175921517 108 278 8636
176036673 102 96 8648
176280561 106 565 8671
176618867 100 699 8705
176940636 100 392 8737
177093209 102 141 8751
177414149 100 645 8783
177757668 108 425 8816
177813693 114 634 8822
177954146 116 394 8836
178490291 114 215 8891
178510855 100 920 8893
178620607 110 813 8904
178641657 114 713 8906
179215412 115 618 8963
179227050 102 706 8964
179399301 104 613 8981
179456732 104 871 8986
179565242 111 951 8996
179650357 107 305 9004
180191364 101 155 9059
180232475 107 477 9063
180325425 109 910 9072
180468369 106 436 9086
180557565 103 556 9095
180784792 119 294 9117
180795612 112 670 9118
180921188 119 52 9130
180929920 107 758 9131
181144623 107 297 9152
181313223 110 230 9168
181554770 118 245 9191
181564828 107 926 9192
181623218 109 941 9198
181707174 107 702 9206
181730984 116 22 9209
181893018 106 621 9226
182200912 111 478 9256
182414847 104 969 9277
182472925 100 620 9282
182570092 116 35 9291
182626420 110 652 9297
182908044 118 228 9324
182926738 101 110 9326
183366540 107 267 9370
183374563 117 804 9371
183493775 106 592 9384
183715941 103 587 9406
183886920 103 843 9423
183915776 116 685 9426
184037150 118 800 9437
184592827 108 690 9493
184825997 116 613 9516
184860369 115 504 9519
185238818 104 534 9556
185491420 106 258 9582
185667566 119 472 9598
185847081 117 697 9616
186118231 108 533 9642
186184363 106 267 9649
186212434 105 619 9652
186353759 102 284 9666
186685427 112 953 9701
186748532 116 459 9707
187065847 116 271 9740
187124495 111 6 9746
187157986 106 632 9749
187170986 109 49 9750
187262317 102 427 9758
187343613 102 74 9766
187472084 110 757 9779
187617518 114 923 9793
188088223 102 733 9840
188495533 105 399 9880
188864790 114 757 9918
188882527 106 793 9920
189128425 113 337 9945
189351218 107 837 9968
189483103 100 724 9982
