283729 4 328 6
2539128 4 383 61
2790567 9 425 67
3933485 17 405 96
4903524 18 18 121
5882855 3 514 146
5966371 17 572 148
6482635 1 985 161
6522152 10 37 162
6858399 10 610 171
7091231 12 670 177
7969669 15 687 198
8006059 2 326 199
8149371 1 554 203
8456664 6 381 210
8775701 3 755 218
9487309 0 690 236
9803136 13 325 244
9852097 7 303 245
10044614 0 576 250
10315936 3 875 257
10919251 19 448 273
12090518 5 742 303
12174727 14 346 305
12219304 9 241 306
12625542 1 871 316
13035666 3 17 327
13825286 13 806 348
14163569 4 147 357
14547080 18 626 367
14625056 8 51 369
14860853 6 811 376
14980656 8 469 379
15248888 7 891 386
15683759 7 811 397
15733296 2 535 398
16046441 5 413 406
16663269 9 305 422
16782025 14 627 425
17013976 4 558 431
18891585 12 0 481
22465729 0 919 568
22872924 17 518 579
23702476 16 251 600
23775944 10 752 602
24231047 8 554 613
24269218 5 115 614
24995460 1 504 632
25635364 18 465 648
26865422 14 136 678
27948299 17 446 706
27983662 2 678 707
28838547 7 176 729
28879747 2 255 730
29143830 11 851 737
29221912 14 557 739
29440376 8 362 745
30370398 7 745 768
31325615 4 97 792
32404669 18 176 819
33398549 2 880 845
33720016 18 667 853
35768566 12 844 904
37053169 16 258 937
37342376 12 452 944
37879998 6 206 958
39089513 3 783 989
39227214 7 862 993
39425869 0 675 998
39695832 19 534 1005
40623231 15 611 1028
42287227 10 958 1068
43723163 17 63 1105
44032379 17 176 1113
44317572 5 43 1120
44349962 1 13 1121
45000806 7 174 1137
45830912 11 746 1157
46359264 0 880 1170
46959913 6 655 1185
47073725 11 444 1188
47623929 15 517 1202
48135306 11 882 1215
49006172 6 447 1237
49041837 16 83 1238
49296831 5 196 1244
49335097 12 56 1245
49811441 2 588 1257
50567208 3 59 1276
50948762 4 385 1286
51311264 17 58 1296
51867225 11 712 1309
53539355 10 683 1351
54104915 7 840 1365
54500332 18 484 1375
55436574 12 480 1399
55482565 17 815 1400
56684766 15 885 1430
57031567 7 174 1439
57647112 16 196 1454
57849627 17 697 1459
58104469 16 732 1466
58491019 10 191 1476
58887593 2 656 1486
59020808 9 97 1489
59628357 10 422 1504
59828367 0 915 1509
60549607 0 875 1526
61249335 17 932 1543
61508844 12 319 1549
61861190 16 662 1558
62057037 10 908 1563
62250625 0 77 1568
64068231 14 159 1613
64116444 4 366 1614
64540878 17 577 1625
66451593 16 583 1673
67011534 6 561 1687
67080257 4 593 1689
68270385 3 134 1719
69094030 17 11 1739
69283944 3 439 1744
69492625 11 722 1749
69679962 2 614 1754
70101786 0 948 1765
70496204 6 390 1775
70871173 17 413 1785
71780800 3 78 1806
72017299 1 526 1812
72161287 2 425 1816
72950182 16 140 1835
73024636 10 632 1837
73586885 2 98 1851
75046282 10 45 1887
75090810 1 545 1888
76317335 15 807 1920
78062765 17 57 1962
81426796 16 502 2047
81619733 3 557 2052
81786483 0 210 2056
81989919 14 104 2061
82464689 17 413 2072
82665907 18 347 2077
82992550 19 411 2085
83067780 18 331 2087
83322734 8 180 2093
83984569 19 286 2110
84018512 12 389 2111
84068512 6 105 2112
84234737 5 124 2116
84514048 2 382 2123
84746808 0 242 2129
84826808 2 336 2131
85645436 19 699 2152
85692254 8 792 2153
86141009 0 677 2164
88364694 6 581 2221
88573622 14 357 2226
89488753 10 721 2248
90989267 12 948 2285
92166903 4 170 2315
92611838 16 397 2326
93148908 16 177 2339
93614476 13 509 2351
94559827 1 341 2374
95581732 8 468 2399
95776857 14 176 2404
95819933 5 346 2405
96618365 11 34 2425
96705560 13 624 2427
96779351 7 351 2429
97442019 7 60 2446
99936029 1 986 2508
99982705 5 670 2509
100858117 18 578 2532
101900044 4 962 2557
102392500 0 730 2569
102435031 2 894 2570
102652523 1 346 2576
102687725 17 992 2577
103002711 17 741 2585
103168400 15 512 2589
103542457 0 460 2598
103586700 9 124 2599
103940568 5 376 2608
105096552 18 341 2637
105711745 15 12 2652
106022408 10 763 2659
106163584 2 447 2663
108466753 17 360 2721
108894264 15 684 2732
109573875 18 318 2749
110235231 13 922 2765
111205910 12 984 2789
111772294 6 467 2804
112499253 2 251 2822
113313287 19 143 2842
115622622 3 177 2899
115706880 11 567 2901
116275209 8 878 2916
116357960 18 43 2918
116846628 5 59 2930
116883514 3 571 2931
117518478 6 604 2947
118609377 1 364 2973
118643530 0 835 2974
119987798 0 280 3025
120267497 8 812 3053
120354876 4 535 3062
120402909 16 757 3067
120811212 14 573 3107
121143310 8 347 3140
121183410 18 510 3144
121625495 14 874 3187
122083162 5 631 3234
122223580 1 795 3247
122306926 2 85 3255
122437917 14 293 3267
122532437 19 356 3276
122871597 6 239 3308
122923888 8 292 3314
123728243 9 896 3391
123881724 17 58 3406
123982261 12 738 3416
124020808 13 401 3420
124137079 6 118 3432
124343272 9 998 3453
124415219 17 891 3461
124464624 6 173 3467
125032461 12 186 3523
125332562 2 903 3553
125343642 8 829 3554
125704956 9 464 3591
126228532 9 595 3642
126366606 0 457 3656
126607892 8 248 3681
126764384 15 837 3696
126792939 16 819 3699
127093214 3 622 3730
127102721 19 445 3731
127212886 1 922 3743
127354099 1 519 3758
127825398 8 602 3806
127892421 10 330 3812
127961225 0 146 3819
128338409 2 537 3859
128350298 16 239 3860
128426541 3 7 3868
128439541 4 763 3869
128458083 17 575 3871
128711602 2 134 3897
128724520 11 774 3898
128732900 9 380 3899
128876163 14 336 3913
128911637 16 982 3917
128941364 1 900 3920
129003961 11 911 3926
129015460 18 218 3927
129187122 5 449 3945
129560808 12 461 3982
129599808 6 767 3985
129863964 4 93 4010
129944393 2 472 4018
130071287 17 871 4031
130955243 9 447 4120
130988755 4 256 4123
131061758 13 572 4131
131145737 4 226 4139
131254371 1 654 4150
131589151 3 45 4182
131651670 12 253 4188
131716869 3 454 4194
131750481 8 441 4197
131761331 9 967 4198
131812178 11 576 4203
131933511 10 899 4216
132166537 12 646 4239
132314263 9 619 4253
132399700 11 470 4261
132430769 14 292 4264
132459389 6 366 4267
132491147 12 505 4270
132730358 5 417 4293
133293266 9 699 4346
133578032 11 626 4376
133774821 14 961 4395
134078617 11 262 4424
134308920 14 105 4447
134355340 18 238 4451
134635277 12 277 4479
134706779 17 101 4486
134813696 9 468 4497
134957884 14 696 4511
135150991 15 323 4531
135301022 14 110 4546
135385400 1 923 4555
135456001 6 597 4562
135585438 1 861 4574
135731845 1 790 4588
135752234 0 686 4590
135858396 2 609 4600
135982931 11 84 4612
135993756 9 541 4613
136000821 15 920 4614
136021404 12 664 4617
136207260 19 702 4637
136607223 15 323 4677
136715281 15 107 4688
136758244 16 915 4693
136840818 17 679 4701
136903347 12 234 4707
136923442 9 175 4709
137144836 5 985 4732
137305936 12 737 4748
137316612 13 888 4749
137348957 14 380 4753
137745264 6 379 4794
137762728 15 424 4796
138018797 9 62 4822
138129504 5 630 4833
138278249 9 972 4848
138413524 9 762 4862
138434322 16 24 4864
138493817 7 934 4870
138685391 1 961 4888
138834943 9 700 4903
139031944 18 283 4923
139305539 6 247 4951
139327098 2 832 4953
139351408 5 433 4955
139470232 16 555 4967
139520186 2 32 4972
139611292 6 460 4981
139643436 3 603 4984
139739570 1 293 4994
139831487 6 984 5003
140143009 0 118 5032
140160558 2 789 5034
140192197 17 210 5037
140225270 19 869 5040
140356171 5 173 5054
140481668 15 879 5067
140562977 0 141 5074
140695769 3 601 5087
140737830 4 561 5091
140802597 13 997 5097
141131063 8 814 5130
141250413 7 518 5142
141421009 17 105 5158
141492613 2 867 5166
141529958 17 168 5170
141546638 13 459 5172
141567305 3 906 5174
141954805 13 539 5212
142109632 11 795 5227
142203704 13 729 5235
142222005 16 115 5237
142261186 6 193 5241
142400970 16 144 5255
142430473 2 438 5258
142469396 19 95 5262
142666972 9 501 5281
142735316 5 656 5288
142787004 12 843 5293
142982760 7 45 5313
143183239 5 599 5333
143371520 14 426 5351
143461659 18 439 5360
143610042 9 384 5376
143646216 18 833 5380
143751088 16 426 5390
143859360 0 343 5400
143932892 8 895 5407
143953954 1 835 5409
144160347 16 20 5430
144379011 18 249 5452
144390364 18 855 5453
144490669 4 950 5462
144701453 13 168 5484
144799970 6 512 5494
144981084 10 820 5512
145156779 15 739 5531
145607022 1 592 5577
145904587 14 919 5606
145958412 13 158 5611
146306194 15 777 5646
146368115 13 213 5652
146387390 4 194 5654
146470699 4 55 5663
146567580 10 337 5673
146813710 1 747 5697
146875109 14 633 5702
146896911 7 286 5704
146990521 11 329 5713
147017913 4 517 5716
147134095 8 182 5727
148268458 10 868 5840
148429971 18 457 5856
148458216 17 929 5859
148494235 14 944 5863
148561386 8 78 5870
149065137 16 468 5921
149366212 15 651 5950
149424351 9 96 5956
149552329 0 29 5970
149585344 4 63 5973
149802345 9 50 5994
150177180 6 221 6031
150215607 7 720 6035
150273290 6 507 6042
150450341 9 741 6060
150461315 12 573 6061
150859248 5 490 6102
151041610 6 638 6120
151230087 7 235 6140
151336717 11 737 6151
151379946 7 486 6155
151405652 7 37 6158
151421506 1 878 6160
151447506 12 348 6162
151554282 13 323 6173
151907294 12 788 6209
152124145 11 728 6232
152173776 7 873 6237
152238782 12 167 6244
152323319 2 788 6253
152374965 5 273 6258
152449612 5 617 6265
152559188 6 936 6276
152747052 19 768 6295
153005283 9 78 6321
153052728 2 433 6326
153108384 6 117 6333
153706621 7 134 6390
153719203 16 806 6391
154222448 0 300 6441
154299662 19 711 6449
154420667 5 340 6461
154701787 3 557 6488
154969127 14 604 6516
155024745 9 690 6522
155041250 12 152 6524
155181109 10 663 6538
155192275 11 444 6539
155287661 2 435 6549
155624365 3 199 6582
155644768 17 58 6584
155832852 18 738 6604
156191015 4 903 6642
156222620 5 186 6645
156427009 0 760 6665
156474826 2 537 6670
156526923 7 418 6676
156537366 9 268 6677
156569131 11 711 6680
156808615 14 45 6703
157063161 0 150 6729
157101186 19 535 6733
157111917 2 874 6734
157124237 10 538 6735
157304357 15 663 6753
157859112 15 60 6808
157894080 16 178 6811
157943392 5 76 6816
158021557 4 987 6824
158087633 6 961 6831
158292258 13 431 6850
158763373 10 864 6899
158801271 17 880 6903
158854311 8 355 6908
158896398 2 954 6912
158984839 14 676 6921
159123284 1 832 6934
159245062 1 680 6947
159558742 8 552 6980
159599329 3 119 6984
159834806 2 356 7008
159881790 11 942 7013
159925518 1 333 7017
160039373 12 475 7028
160063152 2 530 7030
160213361 0 627 7044
160255502 17 87 7048
160263841 17 794 7049
160546866 1 852 7076
160554549 13 667 7077
160931735 12 362 7115
161037051 7 872 7125
161056813 11 941 7127
161229770 17 826 7145
161253346 5 550 7147
161413143 15 529 7162
161577149 6 333 7178
161646906 1 489 7186
161765046 0 68 7198
162115268 7 342 7234
162325969 13 975 7255
162434261 3 309 7265
162473337 15 515 7269
162508874 1 795 7273
162599787 15 529 7283
162654264 2 631 7289
162663055 8 108 7290
162731213 3 582 7297
162746209 14 814 7299
162774497 7 231 7302
162872410 5 536 7312
163167622 2 400 7342
163301546 11 804 7356
163362039 11 519 7363
163896993 11 381 7417
164053233 10 823 7432
164149972 0 620 7442
164614478 11 767 7489
164803195 4 499 7507
164811074 18 579 7508
164831658 9 884 7510
165172072 0 799 7546
165653490 8 88 7594
166219803 5 41 7650
166485146 0 74 7678
166831282 7 185 7712
167202745 15 777 7748
167387281 17 174 7766
167469213 8 101 7774
168060308 14 427 7834
168154838 7 405 7844
168536988 1 992 7884
168592393 3 200 7890
169443576 0 249 7976
169503056 16 67 7982
169525717 4 93 7984
169643609 18 671 7995
169662040 11 152 7997
169766302 5 564 8007
169997887 17 776 8031
170037881 3 486 8035
170215695 19 293 8053
170265877 13 723 8058
170610462 14 553 8092
170734016 15 261 8105
170928436 1 720 8126
171501591 17 113 8185
171604878 11 60 8196
171626372 18 252 8198
172035732 15 920 8239
172043010 0 986 8240
172142958 9 172 8250
172293032 19 367 8264
172342315 3 159 8269
172600668 2 730 8294
172623182 9 280 8296
172653230 16 125 8299
172702032 2 682 8304
173091628 1 217 8347
173353303 8 951 8373
173464567 16 331 8384
173513540 15 328 8389
173760068 15 60 8413
173782528 15 403 8415
173793828 10 722 8416
173965463 11 295 8434
174090264 14 799 8447
174340578 3 52 8472
174610051 10 869 8501
174663288 15 678 8507
174683416 0 634 8509
174708968 2 242 8512
174889023 14 874 8530
174911060 14 532 8532
175423792 5 925 8586
175469048 5 43 8590
175508713 19 4 8594
176154855 6 221 8659
176221873 11 231 8666
176427964 0 983 8686
176501162 5 157 8693
176589567 11 394 8702
176608774 7 170 8704
176902460 11 104 8733
176924094 7 910 8735
176959808 14 861 8739
177019870 14 345 8744
177264603 12 312 8767
178092332 11 149 8850
178131879 9 514 8854
178136301 4 400 8855
178155544 0 707 8857
178283404 0 936 8870
178379793 11 435 8881
178531097 19 642 8895
178552781 8 3 8897
178669233 1 205 8909
178719587 10 801 8914
178884993 2 21 8929
179077988 4 31 8948
179095239 0 288 8950
179166677 2 724 8957
179328276 11 632 8974
179435319 13 411 8984
179703081 9 632 9010
179841709 13 754 9024
179935972 3 827 9033
180003065 17 787 9040
180285682 7 629 9068
180448853 6 460 9084
180461101 6 474 9085
180489495 10 418 9088
180616654 15 930 9101
181061131 4 561 9144
181133475 1 50 9151
181197619 1 47 9157
182370111 0 255 9273
182716701 11 395 9306
183136526 10 113 9348
183154031 1 506 9350
183173413 5 195 9352
183228801 16 906 9357
183514072 8 500 9386
183701185 7 821 9404
183735984 13 716 9408
183786631 2 710 9413
183818371 6 305 9416
183949319 4 174 9429
184290880 12 547 9463
184356452 6 63 9470
184601742 8 428 9494
184762026 1 405 9510
184880625 17 320 9521
184890167 12 996 9522
185158072 4 728 9548
185204079 16 839 9553
185297795 2 179 9563
185479320 2 190 9581
185514715 17 40 9584
186038607 4 409 9635
186072073 4 687 9638
186202637 0 985 9651
186253074 11 55 9656
186865191 5 376 9719
186930532 10 109 9726
187033499 0 444 9737
187372067 4 537 9769
187492582 15 562 9781
187555329 3 159 9787
187636094 7 406 9795
187722209 3 687 9804
187730000 11 408 9805
188148530 8 267 9846
188195298 16 783 9850
188335246 15 912 9864
188353033 13 634 9866
188383691 3 444 9869
188558330 9 181 9887
188566166 2 352 9888
189052237 15 573 9938
189107689 13 187 9943
189187116 5 264 9951
189213318 13 678 9954
189276865 12 743 9960
189299893 15 839 9962
189333741 17 534 9966
189432701 14 822 9977
189462706 15 950 9980
189639092 1 951 9998
