75593 247 6 1
441885 258 673 10
1139458 248 221 27
2864437 242 852 69
4526884 256 133 111
4950367 255 997 122
4982620 251 561 123
5724424 255 917 142
7607564 243 10 190
8235150 256 545 205
8687436 259 784 216
10009390 247 338 249
10533793 248 764 263
11397868 244 96 285
11544716 240 950 289
11663789 248 97 292
11858413 240 294 297
12054054 252 107 302
12269304 244 719 307
12880234 240 240 323
13231816 248 554 332
13302047 248 226 334
14206986 254 302 358
15480169 250 110 392
16507233 245 984 418
16822437 255 663 426
16946003 246 411 429
18585584 257 365 473
19550693 254 131 497
19599764 258 539 498
20800715 256 229 528
20842420 257 246 529
21006219 248 575 533
21148378 247 208 536
21315290 245 106 540
21444043 259 549 543
22992389 245 194 582
23073453 258 894 584
23310487 254 604 590
23670741 241 900 599
24660575 246 793 624
24783606 249 849 627
28023321 252 318 708
28141450 256 135 711
28260025 248 994 714
29036693 253 171 734
29264737 247 911 740
29639592 250 322 750
30207391 251 46 764
30454289 240 406 770
30600478 245 742 774
31458819 256 727 795
31538549 255 752 797
31854794 246 982 805
32159384 242 203 813
32196546 256 966 814
32632570 245 150 825
32671489 240 861 826
32714235 254 694 827
33790798 251 429 855
35703064 250 922 902
35967805 245 500 909
36224542 244 801 916
37011742 258 323 936
37215733 243 713 941
38522530 242 601 974
38704432 251 570 979
39465809 257 161 999
40542709 243 445 1026
41583325 253 47 1052
41973850 251 585 1061
42255057 259 375 1067
42942203 243 351 1085
43517710 242 54 1100
44159441 245 37 1116
44601689 240 14 1127
44721118 242 882 1130
45619218 246 948 1152
46037006 257 39 1162
46149286 252 503 1165
46471229 241 106 1173
46513995 253 653 1174
46688323 247 305 1178
46783485 244 141 1180
47474475 242 7 1198
47742786 259 829 1205
48305723 251 778 1219
49263021 246 215 1243
49595139 242 374 1252
49896541 246 72 1259
51217090 256 902 1294
52247157 247 562 1318
53003027 252 883 1337
55532565 244 246 1401
56424837 245 998 1423
57065637 255 135 1440
58249733 258 807 1470
58321253 259 636 1472
58410618 246 186 1474
60041572 241 983 1514
60714536 258 108 1530
60802580 242 687 1532
61080515 248 394 1539
61164774 258 872 1541
61471174 244 495 1548
62092904 248 255 1564
62345762 254 836 1570
62477972 254 80 1573
63630912 242 347 1602
63834443 244 281 1607
64457408 248 763 1623
65519133 247 316 1650
65956521 243 684 1660
66327296 256 453 1670
66966653 249 334 1686
67801664 242 352 1707
67989966 243 472 1712
68422583 253 947 1723
68845371 247 10 1733
71308157 255 785 1795
72663186 249 219 1828
73388134 247 779 1846
73973274 258 177 1860
74143080 247 327 1865
74554200 256 745 1875
74817563 251 37 1881
75278607 248 575 1893
75518636 250 842 1899
75676990 257 12 1903
76536728 243 381 1925
76920371 254 450 1934
77170894 259 105 1940
77567053 248 487 1950
77777399 247 550 1955
78500979 254 524 1973
78625793 241 427 1976
78853408 253 678 1982
79732548 240 489 2005
80043986 250 486 2013
81048966 240 903 2038
81541694 255 598 2050
82085879 245 562 2063
82627038 246 73 2076
83281776 249 304 2092
83710395 248 347 2103
84356363 248 279 2119
84943874 257 812 2134
87502406 243 112 2199
87694113 256 567 2204
87732965 248 512 2205
89035334 242 602 2237
89733749 248 640 2254
89841533 258 675 2257
89925997 254 260 2259
90293099 259 398 2268
90459920 259 738 2272
92001355 257 124 2311
92738925 254 732 2329
92932275 242 580 2334
93098908 257 315 2338
93339148 244 642 2344
93452591 241 8 2347
95894959 251 612 2407
96860401 255 641 2431
97128431 241 798 2438
97214594 240 246 2440
97518800 256 842 2448
98479759 259 913 2472
98662050 242 627 2477
98825392 254 612 2481
99392728 257 842 2495
99427454 256 718 2496
100439757 258 352 2521
101534099 253 333 2548
101737644 246 124 2553
102552096 244 732 2573
103039728 257 902 2586
103499861 252 508 2597
103774647 241 309 2604
104090062 241 635 2612
104190062 244 248 2614
105196473 245 997 2640
105935531 245 469 2657
106324267 255 312 2667
107102627 255 220 2687
107341408 254 969 2693
107881786 250 662 2706
109094209 257 118 2737
109185776 243 436 2739
109994116 250 119 2759
110405155 251 132 2769
111471226 257 518 2796
111862274 254 689 2806
111984475 248 574 2809
112306391 258 134 2817
112670129 258 57 2826
114545248 243 480 2873
115134855 250 460 2887
116151469 259 890 2913
116225209 248 792 2915
117154344 249 822 2938
117606910 243 394 2949
117858261 240 421 2955
118691211 242 146 2975
119118789 242 892 2985
119768135 247 673 3004
120096121 245 317 3036
120182253 247 49 3044
120420836 252 366 3069
120602944 246 229 3087
120799550 241 635 3106
120930273 248 517 3119
120989206 243 115 3125
121061915 242 917 3132
121091009 257 49 3135
121103528 242 714 3136
121121447 251 489 3138
121150949 242 565 3141
121433574 252 814 3169
121470411 250 672 3173
121504858 258 813 3176
121653167 258 930 3190
121673107 251 197 3192
121781055 253 115 3203
121857700 249 859 3211
121903762 252 310 3216
122095862 246 921 3235
122127415 248 549 3238
122406270 259 853 3264
122429757 248 403 3266
122573167 257 81 3280
122698101 257 890 3291
123369244 256 527 3357
123390757 247 756 3359
123473950 242 103 3367
123519063 255 56 3371
123528071 246 839 3372
123541071 258 48 3373
123590539 245 563 3377
123643539 249 138 3383
123798857 251 244 3398
123998596 243 266 3418
124198983 249 811 3438
124510127 259 575 3472
124570587 242 675 3478
124692176 244 178 3490
124749703 243 25 3496
124760151 250 156 3497
125320601 244 988 3552
125484018 247 908 3568
125501788 254 161 3570
125753322 259 3 3596
125941837 243 761 3614
126304664 243 84 3650
126335083 257 363 3653
126458842 245 369 3665
126545568 242 786 3675
126690095 252 225 3689
126754420 254 715 3695
127401462 241 283 3763
127487427 252 438 3772
127517894 249 499 3775
127582432 240 784 3781
127696174 247 525 3793
127753921 250 571 3799
127951591 259 32 3818
128152480 258 341 3839
128232922 252 685 3847
128377354 257 929 3863
128563829 250 470 3881
128576829 246 469 3882
128637304 249 678 3890
128673395 243 580 3893
128756467 251 677 3901
128921942 244 433 3918
129070699 252 855 3933
129225640 246 964 3949
129801712 251 101 4004
129905272 240 589 4014
129956184 252 787 4019
130389713 255 582 4063
130521027 254 53 4076
130538507 246 969 4078
130634515 248 67 4088
130695698 248 924 4094
130738367 258 567 4098
130849254 245 135 4109
130946168 249 407 4119
131391829 243 800 4163
131515232 251 388 4175
132006457 242 845 4223
132133406 247 385 4236
132304753 244 367 4252
132499013 255 697 4271
132543690 242 364 4275
132686086 259 63 4289
132753497 250 484 4295
133018356 245 669 4321
133147402 249 884 4333
133363868 256 534 4353
133402076 241 830 4357
133467507 253 957 4364
133506641 243 175 4368
133885209 258 76 4406
134133693 248 275 4429
134155427 242 292 4431
134165076 244 24 4432
134242563 255 594 4440
134435566 256 390 4458
134448566 258 790 4459
134459291 243 826 4460
134515834 241 164 4466
134556475 241 327 4470
134696353 257 991 4485
134736857 244 876 4489
134764285 254 325 4492
135072516 257 501 4523
135242924 258 926 4540
135309341 243 408 4547
135552340 255 672 4571
135780933 247 886 4593
135890849 253 518 4603
136014253 245 343 4616
136103966 254 186 4626
136134992 256 318 4629
136179084 253 269 4634
136348818 253 138 4651
136385996 255 944 4655
136588339 259 897 4675
136620223 246 864 4678
136734275 252 159 4690
136787913 241 721 4696
136958865 248 801 4712
137013099 251 605 4718
137049781 258 931 4722
137067937 244 68 4724
137186608 254 102 4736
137385388 254 721 4757
137454634 252 105 4764
137463758 249 511 4765
137807123 253 620 4800
137957838 249 693 4815
138002209 242 461 4820
138158932 255 687 4836
138231315 250 291 4843
138270103 251 511 4847
138285510 240 539 4849
138486703 245 953 4869
138511374 254 704 4872
138521236 251 905 4873
138543412 258 224 4875
138566364 243 741 4877
138993136 242 371 4919
139126514 246 163 4933
139623915 253 714 4982
139635180 259 771 4983
139732916 254 333 4993
139848292 259 348 5005
139915826 253 804 5011
139948845 255 203 5014
140344441 258 250 5053
140518330 250 477 5070
140671855 246 109 5085
140684855 240 202 5086
140830028 257 789 5100
140852272 248 788 5102
140910105 255 667 5108
140992744 247 421 5116
141056908 246 148 5122
141241524 245 569 5141
141738790 259 833 5191
141964465 247 490 5213
142026299 250 50 5219
142063376 241 692 5222
142303217 255 947 5245
142419081 244 419 5257
142519100 247 814 5267
142572390 244 439 5272
142776161 248 597 5292
142973232 259 859 5312
143494243 255 221 5364
143503666 240 655 5365
143553877 241 430 5370
143699889 246 273 5385
143881794 254 861 5402
144176736 247 307 5432
144189296 257 183 5433
144456347 242 763 5459
144533904 251 662 5467
144731331 253 838 5487
144770920 241 293 5491
145173049 249 308 5533
145437683 245 367 5561
145508771 244 386 5568
145797466 249 809 5596
145936580 243 424 5609
146084762 256 481 5624
146093626 242 335 5625
146104573 249 29 5626
146122139 250 907 5628
146507302 252 316 5667
146916341 248 196 5706
146967339 241 277 5711
147291740 257 314 5743
147334393 241 896 5747
147502113 254 963 5764
147543612 257 378 5768
147562374 248 315 5770
147654517 256 149 5779
147708912 258 189 5784
147750928 245 910 5788
147901490 259 182 5803
148241443 240 123 5837
148325633 255 130 5846
148347063 250 463 5848
148419057 251 844 5855
148465647 254 628 5860
148627537 257 675 5877
148696201 256 405 5884
148735423 241 745 5888
148971816 253 707 5912
148981348 259 556 5913
149440818 259 726 5958
149502223 252 761 5964
149537921 244 95 5968
149779861 253 534 5992
149914599 242 892 6005
150147210 246 349 6028
150188501 254 836 6032
150233163 244 0 6037
150343323 251 742 6049
150497036 249 633 6065
150635329 245 419 6079
150690423 243 272 6085
150748473 244 781 6090
150981691 249 260 6114
151116166 243 478 6128
151221478 249 369 6139
151255981 243 963 6143
151412585 257 592 6159
151509959 252 876 6168
151716090 258 695 6190
151855811 252 722 6204
151866312 242 948 6205
152036716 259 817 6223
152140192 241 466 6234
152189630 255 718 6239
152250592 258 439 6245
152280624 249 730 6248
152364779 242 243 6257
152684210 249 325 6288
153066783 243 398 6328
153379317 256 131 6358
153679038 257 1 6387
153939883 255 58 6413
154072841 245 390 6426
154231353 248 894 6442
154269218 249 703 6446
154973127 250 72 6517
155004887 254 317 6520
155032787 255 332 6523
155254033 249 58 6546
155297498 249 239 6550
155447745 258 127 6564
155487801 257 631 6568
155617495 244 653 6581
155745058 240 848 6595
155824731 240 713 6603
155853853 246 150 6606
155918239 250 868 6613
156277007 242 988 6650
156508208 250 431 6674
156635754 259 797 6687
156773933 240 962 6700
156816892 254 408 6704
157376199 256 422 6760
157775736 258 3 6800
157799624 256 985 6802
157871540 252 55 6809
158118131 250 657 6834
158302196 240 835 6851
158358793 243 434 6856
158401643 258 6 6862
158449972 254 830 6867
158498388 257 508 6871
158518681 256 48 6873
158559127 253 668 6877
158833439 250 757 6906
158974613 241 292 6920
159020350 252 61 6924
159099386 246 463 6932
159140246 248 261 6936
159276429 248 843 6950
159530463 240 19 6977
159650984 240 766 6989
159721172 240 636 6996
159813807 253 199 7006
159822150 256 670 7007
160381794 258 818 7060
160466252 245 753 7068
160874443 242 767 7109
161105279 256 313 7132
161126352 240 450 7134
161360104 256 866 7157
161544449 257 613 7175
161724719 249 468 7194
162096439 257 487 7232
162138425 240 196 7236
162192846 245 849 7242
162274379 252 257 7250
162391313 242 98 7261
162618755 240 868 7285
163068144 254 561 7332
163076476 249 254 7333
163136992 246 176 7339
163148588 244 161 7340
163204560 254 907 7346
163271308 240 939 7353
163293056 255 184 7355
163597007 243 562 7387
163631235 242 411 7391
164335524 253 587 7461
164981860 247 339 7526
165003819 256 698 7528
165034960 246 628 7531
165767833 254 112 7605
165833645 252 771 7612
165907439 258 430 7620
165931567 245 366 7622
166213176 247 936 7649
166348423 253 613 7663
166356995 253 92 7664
166416239 258 730 7671
166541894 256 127 7683
166734619 243 64 7703
166862348 245 543 7715
167155020 258 941 7743
167308707 258 529 7759
167679825 244 499 7795
167843415 247 963 7812
167982298 259 420 7826
168011406 250 588 7829
168163705 254 344 7845
168330290 251 40 7863
168399223 250 8 7870
168425837 258 792 7873
168470452 251 935 7877
168554554 244 428 7886
168610813 249 886 7892
168624481 242 473 7894
169018276 255 4 7933
169196559 245 756 7951
169424706 259 377 7974
169481536 240 963 7980
169537139 252 312 7985
169714862 250 769 8002
170233651 244 997 8055
170244774 250 886 8056
170274312 244 856 8059
170434642 240 388 8074
170456566 257 408 8076
170547701 240 204 8085
170553776 253 137 8086
170673177 252 523 8099
170867669 250 985 8119
170874592 249 707 8120
170966458 255 60 8130
171062687 256 854 8140
171072708 245 649 8141
171209151 248 316 8155
171305993 244 774 8165
171575779 241 712 8193
171847933 247 315 8220
171858113 248 57 8221
172025543 255 672 8238
172062464 259 621 8242
172073953 256 410 8243
172280032 254 810 8263
172427336 246 498 8277
172760182 255 41 8310
172838554 243 38 8318
172857153 252 495 8320
172980109 247 101 8335
173083161 251 663 8346
173492934 247 859 8387
173608031 255 459 8398
173709631 241 987 8408
173748788 243 728 8412
173851253 253 925 8422
174077264 241 522 8446
174330343 249 334 8471
174387981 247 507 8477
174556767 240 816 8495
174580905 247 649 8498
174645745 254 857 8505
174700760 244 415 8511
174900939 256 220 8531
174966907 255 57 8538
175336095 248 996 8578
175376242 258 104 8582
175550735 256 195 8599
175953978 256 190 8640
175997144 240 352 8644
176122102 256 340 8656
176190160 240 243 8663
176213442 252 200 8665
176257440 256 622 8669
176291630 251 26 8672
176556770 244 399 8699
177041235 249 351 8746
177297203 252 239 8771
177313817 257 541 8773
178083318 242 959 8849
178239943 242 889 8865
178336398 248 173 8876
179202659 241 292 8961
179290700 242 736 8970
179891872 256 467 9029
179946348 252 933 9034
180032678 242 300 9043
180275021 248 547 9067
180516563 253 290 9091
180774447 246 477 9116
180861979 246 451 9124
180958562 241 819 9134
180988803 249 345 9137
181154297 251 224 9153
181273777 249 423 9164
181354461 253 140 9172
181426552 246 794 9179
181450228 244 678 9181
181458107 245 794 9182
181783415 247 69 9215
181842043 242 62 9221
181932516 241 830 9230
182094799 253 431 9246
182213010 251 275 9257
182580832 240 645 9292
182603157 253 331 9294
182661448 254 875 9301
182992878 244 133 9333
183112790 250 473 9346
183563983 257 599 9391
183671209 252 638 9401
183877231 243 792 9422
184077391 248 699 9442
184116433 258 550 9446
184209786 249 779 9455
184394475 248 210 9474
184406193 243 90 9475
184925401 250 153 9525
185129820 254 511 9545
185190882 255 308 9551
185263091 257 918 9559
185273144 252 966 9560
185391146 256 572 9572
185419664 242 283 9575
185613245 240 19 9593
185893949 243 88 9621
185906949 249 371 9622
185986954 253 915 9630
186025762 252 868 9634
186050138 259 350 9636
186306303 246 308 9661
186331516 249 300 9664
186529765 242 801 9685
186714115 252 257 9704
187042135 245 744 9738
187078847 245 774 9741
187194658 244 429 9752
187320647 255 250 9764
187422312 256 193 9774
187517394 258 524 9783
187563241 257 219 9788
187606355 251 528 9792
187674309 255 37 9799
188001576 249 155 9831
188242626 257 229 9855
188265021 240 799 9857
188326151 250 6 9863
188406875 247 120 9871
188429806 252 59 9873
188508129 248 503 9881
188654452 256 416 9897
188749492 247 744 9907
188856819 246 432 9917
189010083 256 880 9934
189380489 256 802 9971
189396545 249 259 9973
189512809 255 250 9985
