598118 161 264 14
2503755 167 241 62
3329438 160 551 83
3444581 179 125 86
3780363 165 693 95
4548882 166 551 116
5476092 172 108 139
6003110 178 667 152
6081364 175 138 154
6616564 177 990 167
6744384 161 210 170
7677267 173 622 193
7911703 162 707 199
8043379 175 247 203
8969030 179 845 227
9455450 166 205 239
9968066 169 453 251
10538815 172 550 265
11353665 170 964 286
12941883 168 40 324
13627176 160 254 342
14020350 172 420 351
14992832 171 669 376
15488388 178 816 389
15572193 163 982 391
16050610 168 990 403
16400851 161 427 412
17170085 162 572 432
19301773 162 127 485
20450723 160 469 514
20760713 169 187 522
21571769 174 869 543
22142402 172 620 558
22582180 177 385 569
22935389 163 716 577
23346313 163 314 587
23593495 166 708 593
24072184 163 946 605
24201783 167 858 608
25019953 177 822 629
25707782 167 304 645
27749779 161 711 697
28114471 163 433 706
28221750 160 177 709
28549473 173 607 717
28956403 174 963 728
29418742 169 661 739
29638286 165 73 744
29842152 163 224 749
30048932 176 525 754
30500732 161 124 766
30894804 172 967 776
31010104 171 746 779
32405022 167 810 814
32683187 160 192 821
32721964 179 826 822
34023175 165 848 854
34333714 168 526 862
35416448 160 574 890
35814341 170 729 900
36132192 171 390 908
36539468 173 436 919
37349155 173 731 939
37475194 170 985 942
37520856 162 856 943
38161716 162 348 959
38879981 160 933 977
39307755 168 283 988
39595689 161 548 995
40215928 167 572 1010
40358109 172 26 1014
42134474 164 25 1059
42810303 168 600 1076
43797638 178 539 1101
44679003 170 669 1123
46784242 177 395 1174
48218111 177 508 1211
48671620 160 345 1222
48870737 165 343 1227
49038804 172 669 1231
49496524 170 750 1242
51099575 168 371 1283
51351451 166 753 1289
53274461 171 434 1335
53755838 171 916 1347
54381077 162 392 1363
55035031 169 794 1380
55211255 161 147 1384
56973077 165 689 1429
57301264 162 44 1437
60010825 165 276 1504
60230193 164 365 1509
60474783 171 622 1515
60558941 164 362 1517
60921967 167 71 1526
61123348 160 973 1531
61307000 178 15 1536
61585417 178 448 1543
62208946 179 190 1559
63250776 171 90 1584
64181407 167 247 1607
64229600 177 897 1608
65086252 173 214 1629
65950026 169 788 1651
66434249 174 492 1663
66586537 160 896 1667
67001891 173 639 1677
67159817 178 222 1681
67204097 175 3 1682
69348293 165 580 1736
69474028 168 256 1739
70055096 162 890 1753
71571043 168 490 1790
73235513 165 785 1832
73368782 178 753 1835
74338203 177 771 1859
74629493 173 99 1866
76328510 174 496 1909
77322415 168 737 1934
77917091 169 197 1949
78153530 161 226 1955
79041976 161 820 1977
80098900 168 707 2004
81028567 173 363 2027
81326696 162 833 2034
81364188 162 582 2035
82220896 161 238 2056
82372850 176 719 2060
82882791 175 798 2073
83384556 162 598 2086
83562505 160 787 2090
84304211 172 169 2108
84756009 168 617 2120
87334474 173 287 2184
88143121 176 690 2205
89229153 165 394 2233
89777687 178 748 2247
90301001 166 258 2260
90619858 163 81 2268
91438004 164 546 2288
92399262 166 49 2312
93986905 165 345 2351
95020522 178 148 2376
95610132 168 847 2390
96788343 169 699 2421
96999596 174 122 2426
97236208 160 904 2432
98793647 165 42 2471
99246378 160 633 2483
99284923 177 586 2484
99490621 174 341 2489
99956970 171 817 2500
101635436 176 443 2542
101825000 171 557 2547
102017360 164 621 2552
102965317 163 218 2575
103689374 163 205 2592
104103271 178 659 2602
104285567 166 587 2606
105582443 178 708 2639
109938058 177 329 2749
110063971 162 984 2752
110104418 164 395 2753
110716504 166 496 2769
111026414 169 365 2777
111623340 165 208 2792
113118759 160 765 2830
113255855 163 808 2834
114161986 168 926 2857
114547002 168 577 2867
114863865 171 113 2875
116373658 179 192 2912
116915158 163 940 2925
117764947 165 879 2947
117933762 172 389 2951
118093387 175 213 2955
118958778 166 34 2976
119813327 166 7 2997
119947217 161 281 3002
120047561 170 457 3012
120108045 174 875 3018
120222675 179 483 3030
120250380 178 944 3033
120316724 160 108 3039
120881443 172 6 3096
120953286 164 690 3103
121072142 178 638 3115
121129138 178 690 3120
121331495 171 158 3140
121440952 165 746 3150
121461093 175 874 3152
121517011 167 375 3157
122018537 179 146 3207
122074565 178 47 3213
122196324 177 759 3226
122301227 170 855 3237
122369475 178 579 3244
122607786 162 303 3268
122837970 168 84 3291
123102702 175 442 3318
123194402 167 460 3327
123355562 163 971 3345
123594335 170 756 3368
123635387 179 375 3372
124144805 173 992 3423
125028585 175 925 3509
125035924 169 337 3510
125678472 176 754 3572
125736912 169 692 3578
125822423 166 909 3586
125925615 173 372 3596
126046117 168 637 3608
126422084 170 150 3646
126705663 170 996 3675
126923170 169 619 3696
127215148 161 287 3727
127360801 160 52 3741
127577329 177 275 3764
127745439 167 772 3783
128244013 161 253 3833
128293002 179 880 3838
128400110 168 722 3849
128620445 167 701 3871
128698191 168 618 3879
128757121 175 295 3885
128804210 172 946 3890
128855936 166 237 3895
129371394 164 539 3946
129390997 171 545 3948
129610934 167 341 3970
129715575 174 717 3980
129952225 172 465 4002
130063793 174 612 4012
130239302 160 583 4030
130579874 165 17 4065
130671931 169 622 4075
131015321 176 54 4107
131061537 172 641 4112
131178745 165 896 4124
131558485 162 512 4163
131643535 160 111 4172
131672754 169 373 4175
131781798 173 696 4185
131792915 161 50 4186
131897385 174 697 4197
132122046 176 480 4220
132576013 167 834 4265
132669794 177 777 4274
132885023 178 30 4298
132898023 172 298 4299
132908134 170 131 4300
133098444 175 728 4319
133213000 163 159 4331
133270336 167 524 4338
133329427 171 487 4344
133462297 176 208 4357
133584672 162 887 4369
133797368 166 869 4392
133991223 171 717 4412
134279846 162 739 4441
134306458 166 87 4444
134363545 176 578 4449
134502383 171 557 4463
134591592 174 765 4472
134803119 172 949 4493
134982253 167 670 4512
135164214 161 383 4530
135261714 164 183 4540
135281364 170 428 4542
135291638 168 377 4543
135303921 177 621 4544
135425389 179 640 4557
135497972 170 404 4564
135771996 175 905 4592
135790222 165 1 4594
136092201 174 943 4625
136155759 169 670 4631
136261231 171 324 4642
136529851 178 593 4668
136552487 167 578 4670
136748545 178 540 4689
136894524 162 371 4704
136918753 163 387 4706
136958319 167 243 4710
137135045 177 936 4727
137293576 178 485 4742
137508329 164 738 4763
137601067 162 789 4773
137686075 173 142 4782
137695076 160 229 4783
137720880 173 478 4786
137794715 164 545 4794
137856363 173 818 4800
138009933 162 110 4817
138059464 165 144 4822
138436521 160 934 4860
138552210 169 30 4871
138651379 174 556 4880
138664379 160 446 4881
138675745 175 408 4882
138687353 177 947 4883
138835712 164 450 4898
138950483 165 710 4910
139118812 172 426 4925
139345831 179 771 4947
139370210 160 222 4949
139392254 163 835 4951
139579781 167 468 4970
139617618 179 778 4974
139658364 169 523 4978
140215179 164 92 5038
140430184 169 357 5058
140612358 164 105 5076
140633184 171 670 5078
140740394 166 102 5089
141467425 172 288 5163
141743487 169 719 5190
141772393 162 80 5193
141827651 174 323 5199
142024645 178 158 5219
142246624 170 692 5242
142311543 174 453 5249
142367048 162 865 5255
142741228 161 682 5294
142940105 170 465 5313
143081966 168 574 5327
143207102 165 86 5340
143390226 172 937 5358
143586096 166 798 5378
143734752 164 682 5395
144086783 175 901 5430
144336544 165 42 5456
144358961 173 360 5458
144626533 171 713 5485
144905813 161 447 5512
145399323 163 262 5562
145592008 172 116 5582
145933866 179 602 5616
146003081 165 417 5623
146035139 174 346 5627
146143749 160 540 5638
146241159 160 990 5647
146292036 169 482 5652
146374073 166 125 5660
146434835 178 246 5666
146615142 164 722 5685
146662076 175 199 5690
146828860 161 428 5705
146849887 160 667 5707
146855481 172 944 5708
147060997 163 874 5728
147282061 174 547 5750
147461629 169 728 5769
147528097 176 727 5775
147603997 163 500 5784
147726186 160 907 5797
147855932 173 337 5809
148129592 162 7 5838
148214746 173 619 5846
148246263 164 674 5849
148264771 160 305 5851
148315806 177 382 5856
148447873 172 666 5869
148562152 169 341 5880
148613081 176 940 5886
148645166 170 405 5889
149010964 163 604 5929
149202931 177 328 5949
149364163 174 168 5965
149406717 162 852 5969
149505188 167 601 5978
149709398 168 803 5999
149738331 163 927 6002
149791137 173 97 6007
150026652 161 979 6031
150033644 173 728 6032
150234496 169 314 6051
150461430 171 716 6073
150771699 175 754 6105
150897590 172 239 6117
151136647 174 551 6140
151337307 178 121 6160
151363926 179 180 6163
151383188 178 604 6165
151508523 170 238 6178
151525806 172 72 6180
151564569 170 926 6184
151711006 175 382 6199
151863360 165 53 6214
152122835 174 58 6240
152220018 161 751 6249
152559776 174 533 6282
152661099 174 82 6292
153195320 168 482 6349
153258197 164 170 6355
153355777 162 293 6364
153422934 160 150 6371
153495433 177 414 6378
153595328 172 147 6387
153639768 171 256 6392
153688348 164 681 6397
153744155 176 869 6403
153968829 163 818 6424
154150943 174 263 6443
154170864 168 218 6445
154204494 173 833 6448
154336564 177 379 6461
154522166 170 819 6480
154566734 175 37 6485
154588689 165 452 6488
154882052 179 333 6518
154922858 178 994 6522
155091969 164 203 6539
155868561 167 499 6616
155925613 167 629 6622
155987296 167 802 6628
156329024 173 571 6663
156397438 165 780 6670
156407645 163 671 6671
156502588 170 888 6681
156696686 179 906 6700
156930630 169 706 6724
157243366 161 48 6755
157781576 166 810 6809
157802810 175 959 6811
158057465 164 656 6836
158128262 171 203 6843
158331495 169 904 6863
158458705 174 339 6877
158571090 169 440 6887
158765572 164 475 6907
158902798 162 773 6921
159104176 167 341 6942
159223801 165 397 6955
159233556 168 976 6956
159515485 176 742 6984
159610716 160 884 6994
159672942 167 43 7000
159697390 175 244 7002
159769473 179 6 7010
159870985 166 104 7020
159939585 171 892 7027
159969333 168 683 7030
160027146 161 561 7036
160047594 170 782 7038
160097301 165 903 7043
160308578 163 322 7064
160328957 161 347 7066
160817609 165 339 7116
161008944 178 984 7135
161069292 162 992 7141
161172318 179 633 7151
161184146 168 253 7152
161278077 166 77 7161
161461989 168 532 7180
161529522 176 808 7187
161648734 160 166 7198
161890692 162 279 7221
161982187 161 977 7231
162219617 178 159 7255
162293487 165 964 7262
162586454 164 446 7292
162711676 168 299 7304
162840441 177 646 7316
163040400 160 723 7337
163096194 178 552 7342
163126937 169 200 7345
163174911 176 827 7350
163236148 173 114 7356
163315142 164 727 7364
163406866 163 779 7373
163800717 179 629 7412
164026578 171 484 7435
164672162 165 742 7500
164968033 178 139 7531
164993794 171 312 7534
165006794 164 360 7535
165040336 176 439 7538
165128580 176 185 7548
165162403 164 776 7551
165190236 176 632 7554
165284052 171 711 7564
165451283 165 52 7581
165482713 168 746 7584
165634398 177 577 7600
165657475 161 323 7602
165854464 171 676 7623
165983918 173 150 7636
166502718 178 616 7691
166774349 160 893 7718
167022907 174 273 7744
167054283 175 922 7747
167318428 174 947 7774
167449051 177 725 7787
167568182 165 240 7800
167733859 163 713 7817
167828903 177 412 7826
168282866 167 615 7873
168497190 166 217 7895
168733941 174 645 7918
168745129 166 45 7919
168827282 175 739 7927
168873027 168 444 7932
168936656 177 779 7938
169296745 162 633 7974
169477289 170 313 7993
169488517 163 558 7994
169497648 179 59 7995
169701434 162 490 8017
169759989 170 699 8023
169837288 165 520 8030
170058168 162 810 8052
170078767 165 618 8054
170133110 172 66 8060
170197272 162 716 8067
170674459 175 809 8115
170937207 167 192 8142
171120084 175 154 8160
171150689 177 581 8163
171248814 178 94 8173
171294199 179 455 8178
171797530 174 709 8230
172574184 170 769 8307
172622629 172 992 8312
172646443 167 538 8314
172703029 171 803 8319
172956956 160 709 8345
172978163 163 288 8347
173069522 168 520 8357
173221075 170 443 8373
173343433 172 662 8387
173489716 163 574 8401
173828083 166 503 8434
173955017 177 600 8448
173987213 177 806 8451
174022922 161 920 8455
174712256 172 662 8521
174764030 169 2 8526
174817532 161 347 8531
175182815 166 81 8567
175520944 174 242 8601
175547988 161 825 8604
175590542 160 883 8608
175610825 166 946 8610
175626980 176 312 8612
175895558 162 164 8639
176039843 161 117 8654
176248115 161 606 8676
176265952 177 210 8678
176378746 171 632 8690
176444897 169 460 8696
176462653 170 830 8698
176564407 160 799 8708
176595341 168 830 8711
176670978 172 260 8718
176973028 179 564 8747
177071223 175 233 8758
177300571 164 878 8782
177442693 174 287 8797
177483511 162 163 8801
177587354 175 707 8811
177724509 167 689 8824
178041770 172 685 8856
178105029 174 586 8861
178174259 165 474 8868
178261417 176 294 8877
178356247 161 977 8886
178466575 161 30 8897
178490308 162 383 8899
178649241 162 176 8915
178739761 173 95 8924
178921189 174 550 8943
179024040 164 17 8954
179123261 165 134 8965
179546869 161 186 9008
179799493 175 840 9035
179818969 167 130 9037
179841286 163 549 9039
179849473 168 5 9040
179971172 172 532 9052
179984332 174 462 9054
180085707 179 821 9064
180137669 174 944 9069
180390573 166 865 9093
180465601 166 147 9100
180530150 176 242 9106
180873418 175 93 9141
180924458 179 285 9146
181277821 162 9 9181
181526609 172 436 9206
181553079 163 950 9209
181671681 169 996 9222
181779693 169 656 9233
181983481 171 176 9254
181993667 175 893 9255
182226232 179 14 9278
182647086 162 716 9320
182692768 166 14 9325
182729198 164 25 9329
182861127 176 601 9343
182880908 164 625 9345
182958934 163 998 9353
182981785 164 94 9355
183090991 171 127 9366
183176252 172 697 9374
183477981 161 798 9402
183718751 167 79 9429
183734205 175 704 9431
183752701 179 904 9433
183829144 175 678 9441
184070172 174 678 9467
184221755 178 395 9482
184438794 169 664 9504
184522207 173 966 9513
184647820 170 207 9526
184675258 177 675 9529
184718718 162 102 9534
184785576 177 351 9542
185225282 162 86 9588
185620494 170 948 9628
185723097 177 704 9639
185952284 174 153 9663
186024574 171 591 9670
186043467 172 486 9672
186188689 176 162 9688
186261791 165 873 9695
186591803 162 518 9727
186827204 178 708 9753
187013422 161 866 9772
187505421 174 329 9821
187528391 170 363 9823
187548778 163 521 9825
188042678 178 180 9874
188233721 161 884 9893
188744775 167 13 9941
188958813 179 142 9962
189075724 176 551 9974
189296551 172 825 9996
