1169890 113 297 28
1446463 116 887 35
2041009 108 541 50
2113927 119 193 52
2547674 108 46 63
2906453 111 309 72
3120229 113 108 77
3217063 117 29 80
3674020 113 311 92
4425930 119 916 113
5027847 101 844 128
5138099 115 465 131
5764371 101 18 146
6232238 107 715 158
6453795 117 876 163
6540755 110 977 165
8538926 114 641 216
8813974 104 162 223
8861645 117 312 224
9048392 112 987 229
11849817 104 490 298
13049040 110 643 327
13800898 102 642 346
14650257 104 60 367
14870105 109 139 373
16902574 116 716 425
17347192 108 749 436
17727755 102 397 446
18085648 106 795 455
19978549 103 15 502
20169729 114 831 507
20214923 112 474 508
20420723 108 566 513
20905843 119 886 526
20991009 117 125 528
21452954 107 729 540
22034027 107 22 555
22504295 105 785 567
23674494 108 967 595
24823584 100 591 624
25816260 101 345 648
25888835 101 366 650
28339917 113 630 712
28420909 103 76 714
29345993 117 20 737
29508842 111 351 741
29682489 106 149 745
30274222 115 889 760
30392119 103 377 763
30540152 117 590 767
31649771 105 229 795
34299880 100 562 861
34370288 113 622 863
34408171 115 19 864
34596046 104 405 869
34801901 108 855 874
34983393 112 72 879
35174081 119 319 884
35249472 114 198 886
35854798 100 307 901
35926300 103 880 903
36170798 100 549 909
36289574 100 100 912
36745185 110 319 924
36981717 116 184 930
37550856 115 819 944
39350495 107 949 989
39554614 111 640 994
39688304 104 646 997
39987892 101 546 1004
40286968 116 487 1012
40439984 106 654 1016
40829768 109 853 1026
40961044 109 409 1029
41085291 115 715 1032
41786944 106 95 1050
41986956 108 14 1055
42855555 110 236 1077
43114989 113 359 1084
43153852 107 418 1085
43586868 104 278 1096
45090779 107 430 1133
45997332 106 538 1155
46085621 111 928 1157
47317645 103 387 1188
47351723 117 20 1189
47392316 116 726 1190
47516440 111 668 1193
47671348 114 725 1197
47912921 100 148 1203
47987370 109 84 1205
48168336 102 17 1210
48510192 109 951 1218
48780915 110 944 1225
49416524 118 876 1240
50387503 102 219 1265
50975529 111 782 1280
51998328 114 617 1304
52799116 113 227 1323
52875170 107 619 1325
54250353 110 44 1360
54426298 115 95 1364
54468599 104 898 1365
54667476 118 842 1370
55075852 106 127 1381
55318227 106 731 1387
55397895 113 45 1389
55683962 110 951 1396
56477781 112 919 1416
57799725 105 139 1449
58004205 104 760 1454
58679598 103 688 1471
58715006 118 468 1472
59119055 112 932 1482
61549648 118 711 1542
62059275 111 851 1555
62621298 103 908 1569
63035950 108 348 1579
63213912 114 86 1583
63334411 116 934 1586
63375834 106 184 1587
63715760 112 719 1595
65272093 103 538 1634
65678291 118 989 1644
65871306 103 705 1649
66030875 116 446 1653
66148134 111 637 1656
67589392 107 470 1692
68591515 107 714 1718
69102155 119 675 1730
69430342 110 775 1738
70141970 103 49 1755
70893817 109 907 1773
70932691 108 291 1774
71069071 109 553 1778
71140077 114 58 1780
71308960 109 351 1784
72120729 103 348 1804
72662691 114 756 1818
72784038 114 484 1821
73716686 109 5 1843
74297576 114 462 1858
74370037 119 147 1860
74746125 107 791 1869
74926366 102 335 1873
74959133 119 781 1874
75414282 114 697 1885
75447531 116 758 1886
75482468 107 686 1887
76524935 102 186 1914
76662958 116 54 1918
77402573 106 289 1936
77640899 108 168 1942
77761264 114 582 1945
78234580 116 506 1957
78630398 101 343 1967
79011976 107 261 1976
79653054 118 231 1992
79866799 106 885 1998
80200876 101 105 2007
80467655 102 452 2014
80701034 115 765 2019
80742567 103 922 2020
81643891 117 919 2042
81766457 104 885 2045
82741540 117 475 2069
84110477 104 967 2103
84379355 102 812 2110
85338317 103 974 2134
86751132 116 249 2169
86935115 103 284 2174
87264483 114 512 2182
88559296 103 746 2216
88636809 117 410 2218
88718790 100 314 2220
89493137 110 806 2240
90041014 105 524 2254
90204726 111 447 2258
90345086 118 428 2261
90818584 114 418 2273
91930730 107 62 2300
92488268 115 559 2314
92612980 110 139 2317
93207192 113 305 2332
94016905 106 345 2352
94534287 103 219 2364
94655252 105 20 2367
95752730 109 404 2394
95910432 101 531 2398
96137977 107 653 2404
96168725 109 869 2405
96425472 104 266 2412
96929488 110 321 2424
99174846 108 817 2481
99755139 115 523 2495
99910517 102 193 2499
99998149 119 763 2501
100653235 102 934 2518
101912889 104 416 2549
101981132 102 142 2551
105037153 112 657 2626
105413123 107 694 2635
105660142 113 31 2641
106121527 106 107 2653
106857565 100 675 2672
106933578 118 764 2674
107110858 105 398 2679
107226887 116 972 2682
107272450 103 969 2683
107319236 111 409 2684
107903314 115 983 2698
108928845 102 890 2723
110962734 104 748 2775
111155721 100 406 2780
111268359 111 668 2783
112728895 108 8 2820
113049252 105 382 2828
113193690 100 676 2832
113920603 114 761 2851
114785894 119 331 2873
115273644 114 702 2885
115858818 115 60 2899
116457935 105 581 2914
116983519 107 330 2927
117105726 108 533 2930
117814410 103 362 2948
118755841 106 404 2971
119324094 119 899 2985
119558976 115 588 2991
119642818 108 690 2993
119849672 108 633 2998
120241707 114 855 3032
120359296 107 227 3043
120661195 109 991 3074
120762304 117 98 3084
120770676 107 812 3085
120852607 106 65 3093
120920871 118 844 3100
121250505 106 355 3132
121388950 111 155 3145
121580305 116 803 3163
121672858 115 940 3172
121701236 100 812 3175
121730260 108 897 3178
121748334 111 5 3180
121911724 103 720 3196
122082085 114 99 3214
122112146 119 682 3217
122135015 109 360 3220
122146372 105 472 3221
122444218 114 486 3252
122451119 103 860 3253
123044201 103 504 3312
123448546 119 702 3354
123505727 108 406 3359
123567928 107 765 3365
123656027 107 322 3374
123701786 112 386 3378
123771918 104 976 3386
123989087 103 152 3408
124072884 102 57 3416
124114308 118 839 3420
124184191 100 65 3427
124228981 113 343 3431
124665410 107 995 3474
125334616 104 683 3539
125728802 107 414 3577
126029049 104 187 3606
126113107 108 310 3615
126206157 109 298 3625
126432824 115 184 3647
126788542 104 21 3683
126988455 114 744 3703
127028788 112 628 3708
127226514 100 403 3728
127249872 114 109 3730
127496636 103 92 3755
127545885 105 791 3760
127819187 112 768 3790
127857180 109 23 3794
127907247 107 980 3799
128000753 109 755 3809
128053295 118 943 3814
128287247 101 739 3837
128449766 101 714 3854
128873031 114 533 3897
129029072 105 194 3912
129066682 104 628 3916
129153348 103 140 3925
129321877 109 421 3941
129360687 115 90 3945
129411166 103 73 3950
129660662 100 261 3975
129887113 113 730 3996
130313654 118 48 4038
130631239 118 836 4071
130719167 106 782 4079
130819746 116 897 4089
130889373 107 31 4095
131050835 114 448 4111
131109987 114 449 4117
131383927 109 305 4144
131438303 109 460 4150
131633631 117 972 4171
131828869 108 182 4190
131868593 103 477 4194
132082670 104 903 4216
132235230 113 939 4231
132409404 115 985 4249
132866292 114 547 4296
132876622 102 183 4297
133044987 100 835 4314
133114815 106 529 4321
133204113 117 164 4330
133779773 110 206 4390
133825820 105 217 4395
134001145 114 392 4413
134131582 102 741 4426
134331272 100 366 4446
134355935 111 976 4448
134414763 108 357 4454
134578644 100 228 4471
134793686 115 88 4492
134875438 108 933 4501
134895015 112 389 4503
134995129 114 92 4513
135600476 115 514 4574
135612447 107 433 4575
135750560 105 949 4590
135859717 113 203 4601
135902776 107 269 4605
135978317 109 304 4613
136329325 108 979 4649
136539625 117 415 4669
136594292 111 730 4674
136965883 105 789 4711
137028835 114 161 4717
137228941 116 80 4736
137306760 103 341 4744
137338226 114 613 4747
137390004 113 720 4752
137799468 113 283 4795
137904002 112 375 4805
138164503 111 271 4833
138251657 112 779 4842
138271616 111 113 4844
138359231 109 327 4852
138539210 117 678 4870
138563743 106 555 4872
138861591 119 524 4901
139253054 112 986 4938
139310830 108 446 4944
139503031 100 168 4962
139512367 111 633 4963
139571136 117 824 4969
139737809 116 103 4986
139834931 102 69 4996
139843546 101 613 4997
139949580 119 585 5008
139956305 118 469 5009
140098148 116 64 5026
140124135 118 587 5029
140162912 112 229 5033
140388304 119 664 5054
140586022 119 933 5073
140880212 101 859 5103
141005774 110 147 5116
141312392 119 961 5147
141448524 111 836 5161
141866912 100 473 5203
142043910 106 629 5221
142224512 114 809 5240
142235069 113 678 5241
142254411 100 764 5243
142471311 107 509 5266
142543469 118 511 5273
142595395 107 204 5278
143143767 114 936 5333
143151325 117 566 5334
143328676 119 691 5352
143400306 111 666 5359
143486049 102 834 5368
143714205 112 940 5393
143758559 117 601 5397
143992254 116 542 5420
144060609 115 982 5427
144068292 109 958 5428
144135111 111 332 5435
144177490 118 85 5440
144318093 112 466 5454
144391902 116 7 5461
144525271 103 289 5475
144749602 107 268 5496
144805085 100 263 5502
145008409 104 191 5522
145147007 105 722 5537
145179590 110 167 5540
145191918 104 981 5541
145530940 119 94 5576
145612624 118 103 5584
146025637 105 674 5626
146063143 116 592 5630
146751619 119 528 5698
146775301 114 579 5700
146956675 116 453 5718
147164425 107 652 5739
147239000 101 39 5746
147269507 116 561 5749
147455011 105 572 5768
147575021 102 287 5780
147686572 108 643 5793
147714077 103 934 5796
147970805 115 816 5821
148191843 116 225 5844
148655935 102 954 5890
148915480 107 173 5918
148956696 119 336 5923
149030067 102 415 5931
149051038 100 397 5934
149494513 116 656 5977
149598128 108 219 5987
149633847 107 673 5991
149692710 101 971 5997
149844425 112 975 6012
149960718 115 409 6024
150351679 116 12 6063
150419275 108 808 6069
150625214 118 939 6090
150673614 117 59 6095
150744817 113 504 6102
150780733 111 696 6106
150829325 105 429 6111
151062055 117 431 6133
151094614 119 561 6136
151514398 101 122 6179
151640077 112 182 6191
151651844 118 176 6192
151744202 104 80 6202
151836622 110 24 6211
151897086 110 586 6217
151979995 113 312 6225
152084626 101 498 6236
152208742 108 491 6248
152269176 115 236 6254
152550769 115 722 6281
152800416 104 924 6307
153036606 118 413 6332
153206698 106 602 6350
153242345 115 890 6353
153572087 105 970 6385
153867689 113 926 6414
154254184 112 442 6453
154651441 104 465 6495
154951474 112 803 6525
155007573 114 339 6531
155529573 114 390 6581
156038485 116 320 6633
156135183 108 972 6643
156196745 103 78 6649
156298990 101 67 6660
156377232 118 241 6668
157152805 107 572 6746
157419144 101 666 6773
157677748 100 51 6799
157901094 118 239 6821
158070156 112 888 6837
158110487 109 624 6841
158478197 110 363 6879
158537763 114 706 6884
158859270 112 568 6917
158968303 109 329 6927
159160282 106 716 6948
159311949 112 451 6963
159335253 118 164 6965
159579606 105 770 6990
159835940 113 757 7017
160203432 117 761 7054
160319623 118 455 7065
160468214 106 440 7080
160538623 108 524 7088
160652219 110 780 7100
160749210 117 405 7110
160871063 104 6 7121
160886883 107 69 7123
161138048 119 663 7148
161289641 105 975 7162
161317819 115 374 7165
161375784 118 737 7171
161404084 100 804 7174
161449814 103 785 7179
161559096 107 556 7190
161714333 115 733 7204
161751345 105 731 7208
161836544 118 29 7216
162010019 110 81 7234
162038215 117 86 7237
162392723 119 41 7272
162452147 119 363 7279
162563975 109 141 7290
162722454 105 277 7305
162862775 109 279 7318
162882154 118 52 7320
163117656 113 449 7344
163353290 113 361 7368
163435564 104 966 7376
163476234 104 596 7380
163700461 104 345 7402
163846637 109 993 7417
163903181 111 148 7422
163938272 117 167 7426
164377488 102 379 7469
164454033 108 389 7477
164749184 101 32 7508
164769475 113 929 7510
164912113 101 915 7525
164937769 105 811 7528
165137934 109 158 7549
165216157 109 880 7557
165331840 109 529 7569
165549052 114 907 7591
165827774 110 727 7620
165846144 106 285 7622
166017551 115 956 7639
166056062 114 959 7643
166092256 103 913 7647
166122884 118 267 7650
166264988 117 407 7665
166276188 107 546 7666
166374488 107 780 7677
166604187 118 973 7701
167043197 110 229 7746
167257036 114 188 7767
167346960 101 790 7777
167405466 113 741 7783
167551152 102 480 7798
167587059 108 472 7802
167763538 113 30 7820
167771618 101 5 7821
167804784 115 625 7824
167978350 115 61 7842
167988002 109 635 7843
168009095 113 722 7845
168150758 109 258 7859
168242261 102 65 7869
168568674 117 138 7902
168590542 102 835 7904
168676868 109 598 7913
168757042 114 413 7920
168786496 117 81 7923
168905097 104 368 7935
169086566 110 805 7953
169309647 106 302 7975
169319377 110 52 7976
169390173 106 591 7983
169596977 117 379 8005
169942778 102 307 8040
169980249 104 749 8044
170028736 103 919 8049
170172083 118 104 8064
170287244 101 780 8076
170305936 101 882 8078
170704314 105 372 8118
171089375 106 271 8157
171097611 103 859 8158
171133060 100 381 8161
171181008 108 682 8166
171216604 114 299 8170
171372298 107 483 8186
171573955 116 853 8206
171688628 114 39 8218
171780502 117 549 8228
171827611 108 378 8234
171866792 111 696 8238
171893587 109 837 8241
172004358 110 913 8251
172014871 109 578 8252
172157940 113 606 8266
172251571 112 745 8275
172327085 118 67 8283
172668094 117 554 8316
172733890 104 842 8322
172854639 110 409 8335
173034586 113 273 8353
173178067 101 368 8369
173278820 103 940 8379
173478303 106 720 8400
173554964 117 971 8407
173608931 100 260 8413
173678388 113 837 8420
173738471 100 350 8426
173846026 105 618 8436
173874841 109 873 8439
174045191 103 578 8457
174199651 113 369 8472
174284880 119 373 8480
174388468 119 220 8489
174417435 110 647 8492
174441410 109 760 8494
174453902 117 39 8495
175016265 110 722 8551
175163968 115 405 8565
175358671 105 457 8585
175450669 117 556 8594
175471873 119 674 8596
175557638 116 2 8605
175903803 104 730 8640
175937827 107 890 8644
175947905 102 124 8645
176048653 102 884 8655
176112694 113 302 8662
176237229 115 675 8675
176338583 110 697 8686
176453686 107 291 8697
176473474 115 979 8699
176513372 105 477 8703
176617773 100 998 8713
176882808 115 828 8738
176903524 101 401 8740
177015487 114 423 8752
177374130 116 465 8790
177575614 114 616 8810
177650752 111 17 8817
177715613 103 684 8823
178519186 100 894 8902
178660187 101 700 8916
178729870 102 143 8923
178827217 108 798 8933
178847539 117 713 8935
178994436 113 143 8951
179325619 111 481 8985
179540208 104 709 9007
179576724 113 68 9011
179648000 105 612 9019
179753469 118 499 9030
179809476 101 874 9036
179902118 114 140 9045
179923226 110 67 9047
180110386 113 314 9066
180362506 108 412 9090
180422746 113 218 9096
180586189 115 916 9112
181106424 114 161 9164
181356896 104 489 9189
182022018 100 440 9258
182157887 112 412 9271
182546549 107 440 9311
182624180 118 288 9318
182634086 110 782 9319
182766513 106 753 9333
183420327 109 2 9397
183536518 116 505 9408
183626909 114 810 9419
183638271 118 817 9420
183667220 117 309 9423
183696066 100 8 9426
183883766 108 38 9447
183954262 100 315 9455
184049270 110 81 9465
184350180 102 859 9495
184367672 105 243 9497
184388452 119 566 9499
184428202 111 639 9503
184538833 107 683 9515
184806846 116 439 9544
184884164 112 915 9552
185340340 112 465 9600
185348647 109 766 9601
185363448 111 468 9603
185574653 118 492 9623
185819134 116 847 9649
186754508 100 731 9745
186807191 116 419 9751
186957092 117 254 9766
187057264 100 838 9777
187075180 100 854 9779
187105330 106 243 9782
187139995 102 731 9786
187341295 100 121 9805
187580461 116 510 9828
187794020 112 507 9848
187822958 104 571 9851
187866020 116 252 9855
187897275 117 381 9859
188103523 117 121 9880
188113161 104 800 9881
188198634 102 445 9889
188493378 103 987 9917
188515079 106 362 9919
188583218 105 37 9926
188625071 110 305 9930
188850935 117 644 9951
188880120 119 658 9954
188947758 104 986 9961
189008199 111 330 9967
