157099 32 260 3
382849 22 874 9
424156 31 539 10
871620 24 523 21
3185071 29 928 79
3482441 37 331 87
3717456 29 54 93
4285804 29 112 109
5332463 28 326 136
5382463 33 663 137
6406684 23 401 162
7226915 34 68 182
7628912 36 496 192
7949484 33 563 200
8422703 38 186 213
9672764 28 928 244
9895137 31 92 249
10050079 35 573 253
10171600 36 479 256
10585712 36 278 266
10683677 39 312 269
10949427 23 885 276
11191691 33 653 282
11314178 21 355 285
11723997 37 630 295
13317328 27 704 334
14050350 28 823 352
14165211 21 950 355
14722834 36 581 369
15674826 24 288 394
15846533 38 332 398
15926996 22 263 400
16227979 35 964 408
16830808 36 297 423
17074196 33 74 429
17390067 34 216 437
18817414 25 66 473
19103035 34 595 480
19739699 38 751 496
20016056 38 986 503
22104554 23 479 557
22225885 27 755 560
22847295 31 179 575
23160589 35 791 583
23560164 38 70 592
23989636 33 502 603
24324687 27 974 611
24949230 32 78 627
25853506 38 530 649
26382439 32 337 662
26734546 33 45 671
27269159 26 114 685
27467435 24 714 690
28024872 28 339 704
28580879 38 168 718
28651088 27 678 720
28906990 24 493 727
29886613 29 868 750
29971305 24 196 752
30078932 31 749 755
31528365 26 459 792
31692874 26 261 796
32326567 30 641 812
33257862 32 648 835
33552567 26 936 842
33894199 31 708 851
34643191 34 489 870
36470850 30 547 917
38293422 24 419 962
38950973 30 414 979
39267662 36 487 987
39467772 36 357 992
39720307 26 896 998
39765013 20 22 999
39944992 30 932 1003
40323017 33 933 1013
40479289 20 781 1017
41492194 34 293 1043
42174783 24 642 1060
42277938 32 333 1063
42605086 22 713 1071
42654386 33 707 1072
43516955 20 911 1094
43681980 29 286 1098
43937218 39 870 1104
43972741 32 701 1105
45140779 36 223 1134
45221917 32 16 1136
45616661 31 124 1146
45666661 39 983 1147
45750593 20 961 1149
46042303 35 249 1156
46460954 26 826 1166
46528220 20 973 1168
47247701 21 65 1186
48138336 23 367 1209
48997290 39 318 1230
49119884 34 141 1233
49283871 25 609 1237
49810775 35 260 1250
50254662 24 65 1262
50297954 29 363 1263
51184029 21 532 1285
51563872 34 796 1294
52252635 25 244 1310
52758644 23 437 1322
53031950 34 845 1329
53394385 32 861 1338
53943037 36 466 1352
54167364 30 552 1358
54618802 39 957 1369
55282309 23 161 1386
55557029 22 499 1393
56430217 39 877 1415
57350361 36 702 1438
58447390 22 639 1465
59081585 27 766 1481
59276159 37 768 1486
61202900 25 528 1533
62022677 35 572 1554
62334489 34 281 1562
62451739 34 159 1565
62957953 38 206 1577
63495875 37 9 1590
63588310 39 67 1592
64019544 34 375 1603
65128763 36 214 1630
66220335 33 559 1658
66718205 30 215 1670
69640277 30 253 1743
69934911 23 894 1750
70224859 22 597 1757
71107416 37 374 1779
71729671 36 23 1794
73466957 27 127 1837
73784580 25 142 1845
75251912 23 296 1881
75981623 26 336 1900
76488532 21 344 1913
76556196 25 383 1915
76896665 28 337 1924
77147172 21 849 1930
77882991 21 741 1948
78677683 22 868 1968
79166703 34 684 1980
79728653 36 536 1994
80161965 36 460 2006
80350648 29 392 2011
80396381 32 992 2012
80866949 37 550 2023
80951442 26 291 2025
81109895 27 856 2029
81403694 23 248 2036
82664802 33 991 2067
83605762 20 987 2091
84488255 29 13 2113
84531745 22 501 2114
85134297 30 790 2129
86099610 29 756 2153
86233590 30 652 2156
86356417 30 309 2159
86897068 31 47 2173
87683401 38 610 2193
88450190 28 788 2213
88600278 26 637 2217
88673394 33 616 2219
89653407 25 866 2244
89732298 25 567 2246
91670866 31 685 2294
92101381 30 214 2305
92150221 37 715 2306
92742891 23 486 2320
93032404 25 705 2327
94889148 28 233 2373
95225485 33 986 2381
95880432 23 660 2397
95948482 35 503 2399
96346833 38 729 2410
96747809 22 353 2420
97612152 29 722 2441
97973032 27 63 2450
98310413 28 302 2459
98358355 38 548 2460
98435469 33 953 2462
98512679 32 860 2464
99329418 24 579 2485
100687155 32 240 2519
101186875 29 881 2531
101371459 23 398 2536
101512552 22 142 2539
101706943 21 963 2544
103133015 38 905 2579
103319779 36 942 2583
103596071 22 956 2590
104559857 30 586 2613
104630066 27 718 2615
104811089 37 538 2620
105079062 23 915 2627
107952418 32 348 2699
108599317 21 50 2715
108805041 29 889 2720
109745862 38 460 2744
110299232 22 603 2758
110458324 24 704 2762
110670397 39 796 2768
111117895 27 899 2779
111317690 22 170 2784
112602164 38 868 2817
113342776 39 215 2836
113485608 31 452 2840
114577002 21 703 2868
115106439 26 713 2881
115688174 24 962 2895
115974784 38 536 2902
116173451 28 501 2907
116829956 34 989 2923
116873226 29 762 2924
117060499 35 825 2929
117422046 27 945 2938
118049675 28 38 2954
119780844 25 824 2996
120298154 20 643 3037
120336696 34 215 3041
120633661 36 224 3071
120785644 36 121 3087
120828414 33 731 3091
120962675 32 693 3104
122037935 37 418 3209
122666578 26 947 3274
122796750 33 965 3287
123095697 37 103 3317
123312073 20 626 3340
123387533 23 281 3348
123426854 29 368 3352
123555134 33 743 3364
123791539 28 806 3388
123864137 33 141 3395
124219035 29 649 3430
124285077 29 508 3437
124324566 25 206 3441
124564607 35 686 3464
124924232 29 889 3499
124931969 29 351 3500
125019451 21 454 3508
125047655 38 818 3511
125069160 28 467 3513
125076554 27 271 3514
125146922 32 170 3521
125324836 20 488 3538
125486067 35 535 3554
125493591 31 470 3555
125523931 23 150 3558
125559523 37 723 3561
126000794 31 484 3603
126218830 25 802 3626
126323472 20 847 3636
126504153 37 768 3654
126780583 20 978 3682
126799137 22 428 3684
126963043 32 303 3700
126981066 21 285 3702
127037179 31 167 3709
127132540 35 606 3719
127350642 20 595 3740
127410045 20 891 3746
127440962 33 844 3749
127460803 31 352 3751
127849424 39 427 3793
127879108 33 912 3796
128192396 37 147 3828
128223254 29 385 3831
128263020 30 437 3835
128343991 22 434 3843
128421819 25 91 3851
128480161 29 443 3857
128822939 30 888 3892
128915361 29 603 3901
129268984 37 863 3936
129340418 28 493 3943
129908857 35 327 3998
130117836 22 855 4018
130203114 37 368 4026
130260031 39 522 4032
130305761 24 241 4037
130387108 29 633 4045
130407961 30 310 4047
130473340 35 431 4054
130552730 24 794 4062
130620819 20 820 4070
130773343 38 302 4084
130785420 21 402 4085
130830550 24 459 4090
130843149 23 48 4091
130914884 28 254 4098
130936026 25 503 4100
131412368 38 564 4147
131466626 21 691 4153
131597632 35 927 4167
131698103 28 477 4177
131744409 39 804 4181
131943939 37 946 4202
132065737 20 107 4214
132091522 31 220 4217
132348475 35 820 4243
132358968 27 871 4244
132489323 35 10 4257
132513750 31 846 4259
132713717 21 616 4279
132722824 34 210 4280
132732110 25 929 4281
132762952 36 693 4284
132795548 23 714 4287
132956933 33 673 4305
133123998 30 521 4322
133359849 31 402 4347
133411800 32 765 4352
133693684 34 159 4381
133968820 28 766 4410
134093673 24 795 4422
134169085 23 745 4430
134287704 29 838 4442
134383907 27 605 4451
134420810 38 343 4455
134508538 25 824 4464
134523872 38 915 4466
134868359 36 222 4500
135088288 36 344 4523
135141955 26 485 4528
135711703 25 787 4586
135759888 34 455 4591
136113784 29 713 4627
136126784 22 782 4628
136280482 22 14 4644
136290373 25 439 4645
136308590 37 235 4647
136396394 24 874 4655
136418100 27 170 4657
136487420 36 671 4664
136811359 38 168 4695
136930242 27 310 4707
136988479 29 318 4713
137019402 34 176 4716
137535410 24 424 4766
137830519 23 255 4798
137964803 24 415 4812
138021442 33 705 4818
138197914 28 847 4836
138204122 30 13 4837
138304445 24 488 4847
138325373 27 975 4849
138824282 30 640 4897
138963483 38 100 4911
139086009 25 935 4922
139322254 29 201 4945
139537495 24 482 4965
139554408 21 970 4967
139986607 24 366 5012
140055150 31 789 5020
140325312 34 73 5048
140443184 35 757 5059
140760184 22 537 5091
140811465 39 88 5096
141174858 28 512 5133
141399516 37 529 5156
141684271 33 949 5184
142170433 28 66 5235
142349934 29 810 5253
142576263 20 123 5276
142667792 30 382 5286
142680922 30 823 5288
142964230 21 748 5315
143016958 24 101 5320
143044165 22 290 5323
143564442 38 723 5376
143629142 24 703 5383
143723471 23 481 5394
143767837 22 750 5398
143775056 30 837 5399
144242580 35 421 5447
144448440 30 53 5467
144468914 25 114 5469
144516684 35 312 5474
144689383 26 95 5491
144736602 28 337 5495
144770822 26 655 5498
144828137 37 934 5504
144959323 26 12 5517
145094969 31 130 5531
145262335 38 977 5549
145318693 36 585 5555
145695103 24 620 5592
145703900 32 951 5593
145732926 33 993 5596
145817465 20 419 5605
145881057 35 464 5611
145973243 33 91 5620
146297509 29 703 5653
146459722 36 326 5669
146471567 25 51 5670
146982204 29 530 5721
147315137 27 602 5753
147947571 25 745 5819
148140278 23 456 5839
148295008 33 605 5854
148377387 21 131 5862
148492099 31 479 5873
148537201 25 407 5877
148698459 33 480 5895
148718942 30 107 5897
148886209 26 601 5915
148893708 35 795 5916
149182865 38 660 5947
149263208 22 553 5955
149327268 38 512 5961
149348592 34 144 5963
149457031 21 806 5974
149884780 30 406 6016
149918420 32 523 6020
149952010 32 265 6023
150055906 39 380 6034
150140899 21 409 6042
150789850 25 454 6107
150998238 31 356 6127
151010799 25 490 6128
151489146 24 501 6176
151686138 38 77 6196
151777240 29 197 6205
151953124 31 409 6222
152027978 29 935 6230
152169886 33 413 6244
152188620 28 438 6246
152280136 35 480 6255
152313855 28 66 6258
152608617 31 435 6287
153269418 32 942 6356
153324352 22 131 6361
153659419 32 371 6394
153789807 25 887 6407
153854689 23 550 6413
153947861 23 792 6422
154328298 20 439 6460
154464129 27 117 6474
154492153 36 713 6477
154869765 38 901 6517
155482913 24 769 6576
155611571 28 563 6590
155724126 28 211 6602
155755929 24 763 6605
155831292 39 663 6612
156078644 25 188 6637
156730782 35 863 6703
156984681 21 876 6729
157059641 25 89 6736
157122325 36 491 6743
157127661 28 19 6744
157140181 27 835 6745
157252502 36 153 6756
157450799 21 627 6776
157742598 25 254 6805
157857265 26 459 6817
157877212 32 701 6819
157993678 23 808 6830
158321417 33 507 6862
158678638 21 921 6898
158745621 23 217 6905
158889798 36 246 6920
158912629 26 975 6922
158957779 38 686 6926
159013474 24 258 6932
159084763 31 391 6940
159118131 27 197 6944
159202892 28 39 6953
159385640 37 5 6970
159597434 31 602 6992
159779445 27 425 7011
159932062 22 710 7026
160477443 34 320 7081
160484656 36 291 7082
160739596 27 844 7109
161343805 38 287 7168
161393248 23 640 7173
161661734 39 666 7199
161783144 24 983 7211
161859502 37 241 7218
161879430 35 568 7220
161949203 35 259 7227
162057195 28 719 7239
162536291 21 62 7287
162675137 33 241 7301
162750131 26 808 7308
162968640 28 669 7329
163396827 33 432 7372
163754246 31 965 7407
163765028 35 159 7408
163981462 35 972 7430
163999073 31 657 7432
164533971 28 434 7486
164551708 21 120 7488
164572427 20 172 7490
164929276 26 858 7527
165170949 30 311 7552
165343285 39 228 7570
165460190 25 889 7582
165509240 20 939 7587
165626073 24 615 7599
165646073 30 249 7601
165766739 34 526 7613
165819967 32 97 7619
165877030 34 375 7625
165974757 33 327 7635
166140523 27 257 7652
166171204 29 292 7655
166319796 33 185 7671
166358612 37 698 7675
166421811 38 380 7682
166432971 34 904 7683
166728873 30 464 7713
166893268 36 388 7731
166911968 33 529 7733
166968206 29 683 7739
167104233 39 944 7752
167124500 35 143 7754
167188481 32 272 7760
167337706 30 736 7776
167375685 39 118 7780
167437910 20 859 7786
167601704 29 34 7804
167661670 31 383 7809
167871121 31 204 7831
167894592 31 703 7833
168084650 32 543 7853
168213176 24 73 7866
168263861 30 263 7871
168469278 21 683 7892
168524692 31 598 7898
169018735 23 760 7946
169260851 28 641 7970
169516317 35 603 7997
169539551 28 215 7999
169568647 33 669 8002
169713028 29 765 8018
169897928 31 595 8036
170275618 35 55 8075
170344179 24 468 8082
170374607 20 930 8085
170807503 30 40 8128
170818823 28 152 8129
171034566 32 745 8151
171465314 25 453 8194
171473574 35 912 8195
171649750 23 666 8214
171819624 23 429 8233
171843553 33 199 8236
171855093 25 898 8237
171877685 31 130 8239
172025237 31 162 8253
172068899 27 868 8257
172298616 33 931 8280
172603049 28 353 8310
172791119 37 9 8328
172815149 39 721 8331
172897188 39 685 8339
172908696 20 453 8340
172939961 32 771 8343
173014063 32 970 8351
173232495 37 234 8374
173519267 37 713 8404
173748388 33 586 8427
173836763 35 386 8435
173853084 20 290 8437
173899449 21 970 8442
174123741 21 351 8464
174229238 32 478 8475
174253440 23 109 8477
174400442 28 118 8490
174541823 29 213 8504
174589862 20 177 8509
174663800 31 231 8516
174753847 22 227 8525
174867276 30 739 8536
174915345 32 1 8541
175088617 31 865 8558
175100848 37 654 8559
175133859 27 591 8562
175154302 35 760 8564
175328935 36 661 8582
175833310 22 413 8633
176705203 23 966 8721
176777147 25 309 8728
176798377 27 934 8730
176871145 35 221 8737
176893219 38 435 8739
176924507 25 266 8742
177290830 29 738 8781
177394740 24 311 8792
177476422 37 461 8800
177695744 31 173 8821
177824081 35 270 8834
177947574 29 148 8847
177957478 25 443 8848
178132704 32 246 8864
178220144 28 277 8873
178389545 36 470 8889
178539853 29 408 8904
178610792 35 991 8911
178672083 27 225 8917
178709880 20 312 8921
178875873 20 629 8938
178970762 38 494 8949
179064078 32 0 8959
179164305 36 124 8969
179374349 22 212 8990
179935422 25 940 9048
180169379 32 945 9072
180320922 35 883 9086
180353165 29 711 9089
180594397 39 815 9113
180705981 37 16 9125
180813847 29 520 9135
180824146 31 59 9136
180894534 36 954 9143
180990090 33 898 9153
181068230 31 69 9160
181600171 34 934 9214
181789547 27 943 9234
181819179 25 586 9237
182013239 32 619 9257
182031229 36 657 9259
182095133 37 940 9265
182341455 33 425 9291
182951270 36 850 9352
183010416 35 370 9358
183271375 26 21 9383
183587611 39 566 9414
183604055 25 161 9416
183678883 29 223 9424
183927005 23 180 9452
183971083 36 330 9457
184142629 33 158 9474
184183507 29 279 9478
184472564 21 459 9508
184529722 29 579 9514
184587752 21 67 9520
184759112 33 135 9539
184923937 21 902 9556
184969853 25 282 9560
185312898 26 638 9597
185415897 28 883 9608
185605963 31 774 9626
185679185 28 779 9634
185743603 29 70 9641
185792016 32 273 9646
185841429 38 407 9651
185962060 20 964 9664
185973861 30 642 9665
186120587 38 922 9680
186151996 24 248 9684
186160878 34 352 9685
186234159 24 196 9692
186381381 20 223 9707
186679127 20 180 9737
186916680 36 688 9762
187003166 34 480 9771
187050648 29 428 9776
187111778 36 235 9783
187722856 33 784 9842
187744222 25 460 9844
187974281 33 756 9867
188031404 33 877 9873
188166341 37 894 9886
188344970 29 892 9903
188428571 28 96 9911
188558805 37 838 9924
188603626 30 813 9928
188718775 25 388 9939
188801696 35 860 9946
189134805 34 645 9980
189327582 31 204 9999
