115494 219 750 2
268152 201 324 6
1210827 213 98 29
1377844 214 381 33
1682560 200 321 41
1925230 205 719 47
3074796 202 50 76
3527183 211 884 88
4007799 203 993 101
4978072 205 404 127
5544542 213 214 141
5802820 214 728 147
6493491 204 191 164
7504037 208 802 189
9009243 218 640 228
9162114 217 436 232
9378058 218 316 237
9814282 209 674 247
10100079 218 84 254
11528419 213 497 290
11973866 203 506 301
12974985 217 857 325
13195075 200 486 331
13715246 213 624 344
13923990 204 634 349
14610397 205 493 366
16086215 200 485 404
16116543 211 325 405
16310411 202 102 410
16526971 204 480 415
16748016 203 993 421
16980451 213 616 427
17136560 218 459 431
17648430 214 164 444
17766460 204 986 447
18135648 209 654 456
18226887 218 455 458
18368174 203 446 462
19139105 207 72 481
19611303 200 418 493
20721107 201 905 521
21342260 201 910 537
21952010 218 370 553
22721983 208 236 572
22965389 210 922 578
23248250 208 529 585
24361712 213 552 612
24496675 213 69 615
24579573 215 470 617
24762214 205 57 622
25092302 207 205 631
25233539 217 142 634
25433282 209 305 639
25737782 210 749 646
27190462 219 78 683
27620424 218 203 694
29259538 210 473 735
29796743 211 35 748
30435370 212 894 764
30578683 215 3 768
30930558 215 971 777
31827399 205 410 799
31967142 216 904 803
32548470 216 76 818
33006002 206 869 829
34179269 202 538 858
34262835 201 898 860
36321154 206 189 913
36657880 201 395 922
37194749 203 578 935
37909248 206 845 953
38083581 204 995 957
39190252 205 810 985
39420973 218 213 991
39516916 217 70 993
40103617 200 411 1007
42523189 215 504 1069
42687248 214 492 1073
42895878 214 840 1078
42974811 219 320 1080
43012451 201 393 1081
44147620 217 995 1109
44493055 201 137 1118
44793049 204 363 1126
45381530 205 793 1140
45537379 216 750 1144
45921554 210 805 1153
46209654 218 108 1160
46259654 213 197 1161
46414679 208 306 1165
46569221 202 716 1169
47217701 212 435 1185
47601295 204 321 1195
50613650 212 96 1271
51050048 205 574 1282
52908134 207 220 1326
52991572 219 924 1328
53502655 216 212 1341
53634481 214 25 1344
54035284 205 433 1354
54338736 214 295 1362
54965759 205 496 1378
56278537 208 526 1411
57011674 219 325 1430
58078167 205 74 1456
58521426 212 445 1467
58848369 203 223 1475
59009040 207 748 1479
62095834 208 206 1556
62714192 206 266 1571
62912521 213 784 1576
63683281 219 896 1594
64312550 213 18 1610
64677248 202 40 1619
64877354 210 873 1624
65987389 208 665 1652
66186359 200 500 1657
66255317 205 267 1659
67453409 215 975 1688
67516779 209 644 1690
67737596 217 915 1696
68269587 218 734 1710
69304880 200 661 1735
69563055 205 386 1741
71178521 215 834 1781
71653151 201 172 1792
72314558 206 272 1809
72395969 202 394 1811
72586473 213 366 1816
72827614 211 96 1822
74451891 205 54 1862
74541271 218 493 1864
74704662 205 229 1868
75002862 212 656 1875
75563155 206 495 1889
76025251 211 931 1901
76236686 218 958 1907
76417125 200 843 1911
77240071 203 363 1932
77686460 202 773 1943
78116443 207 74 1954
78931078 207 181 1974
82053244 215 867 2052
84611647 217 503 2116
84674988 216 591 2118
85622313 215 310 2141
86436438 208 730 2161
86580162 219 133 2165
87141417 211 122 2179
87586842 214 17 2190
87620755 208 448 2191
87650755 219 589 2192
88097363 211 439 2204
88260594 217 343 2208
89190525 218 901 2232
89814798 206 883 2248
90126902 217 647 2256
90663142 213 953 2269
90973563 208 416 2277
93062404 207 616 2328
93731472 211 689 2345
93901108 207 631 2349
94060816 204 942 2353
94781902 200 185 2370
94927504 202 744 2374
95147389 218 983 2379
95443659 210 323 2386
96311205 219 804 2409
99581319 212 834 2491
99866508 205 602 2498
100420103 219 623 2512
100768310 200 315 2521
101416408 209 139 2537
102832471 206 782 2572
104964006 204 625 2624
105253068 210 206 2631
106292688 219 496 2657
107688107 211 939 2693
108021411 207 832 2701
108844192 201 488 2721
109199439 210 341 2730
110419075 205 797 2761
111233511 212 82 2782
111863579 217 508 2798
112374281 211 211 2811
112486588 200 710 2814
114041742 208 329 2854
114437713 210 923 2864
115477067 218 271 2890
116024449 206 219 2903
116220006 213 236 2908
117519577 216 969 2941
117849241 204 681 2949
118009360 218 848 2953
118553100 208 105 2966
118592811 213 938 2967
119006232 209 254 2977
119171472 217 265 2981
120097565 200 695 3017
120176662 218 578 3025
120209675 210 587 3029
120263380 203 841 3034
120390004 209 36 3046
120598794 206 13 3067
120624825 217 17 3070
120680513 210 57 3076
120714093 218 181 3079
120733376 203 321 3081
121217919 211 659 3129
121227621 211 719 3130
121288262 203 488 3136
121398090 204 422 3146
121903025 213 482 3195
121959417 207 689 3201
122166820 207 62 3223
122225070 215 641 3229
122388344 207 276 3246
122434423 210 469 3251
122777383 201 483 3285
122981096 212 818 3306
123001946 214 539 3308
123065145 205 829 3314
123132659 207 281 3321
123398358 206 83 3349
123677083 214 258 3376
123832292 208 298 3392
123916989 211 259 3400
124051887 217 22 3414
124303200 204 593 3439
124356356 206 650 3444
124531577 214 636 3461
124653036 216 488 3473
124801927 201 993 3487
124811926 202 130 3488
124819383 201 534 3489
125157461 206 277 3522
125365341 204 527 3542
125424713 214 680 3548
125755763 213 42 3580
126167887 202 341 3621
126811410 200 727 3685
127322816 215 24 3737
127342620 201 261 3739
127725062 213 274 3781
127827989 205 571 3791
127981421 205 762 3807
128132796 203 550 3822
128302702 218 880 3839
128322967 204 694 3841
128354511 218 890 3844
128509139 211 311 3860
129114209 205 143 3921
129198892 203 445 3930
129492223 204 24 3958
129537924 205 861 3962
129575014 217 522 3966
129723713 215 180 3981
130009712 218 738 4007
130053403 200 795 4011
130763451 215 953 4083
131393429 210 698 4145
131403820 208 182 4146
131495765 219 541 4156
131590463 202 298 4166
131761789 200 755 4183
131953374 215 596 4203
132013099 200 137 4209
132205114 211 964 4228
132329702 208 282 4241
132556526 204 628 4263
132585472 211 344 4266
132641254 213 905 4271
132916623 205 566 4301
133021806 203 116 4312
133182282 201 272 4328
133483644 207 244 4359
133750539 211 85 4387
133759676 218 859 4388
133948888 212 710 4408
134044545 209 217 4417
134122857 207 769 4425
134140559 212 885 4427
134150024 209 727 4428
134218246 211 900 4435
134247790 207 797 4438
134480168 214 560 4461
134489617 213 947 4462
134640030 208 627 4477
134747583 216 908 4488
135340854 213 461 4548
135360968 203 163 4550
135412389 200 690 4556
135798290 201 256 4595
135826724 204 954 4598
135839724 216 549 4599
136604713 208 697 4675
136687140 206 165 4683
136838767 206 178 4698
136855403 204 60 4700
137036806 213 761 4718
137193049 202 566 4733
137299704 215 488 4743
137370315 209 488 4750
137452343 201 749 4758
137528667 211 675 4765
137622658 214 79 4775
137929278 201 608 4808
138219298 219 687 4839
138368531 211 729 4853
138377214 215 603 4854
138446954 209 554 4861
138788807 209 407 4893
139007253 216 750 4915
139032439 205 441 4917
139290803 211 753 4942
139442202 202 644 4956
139596480 208 439 4972
139650397 201 416 4977
139851854 200 98 4998
140281687 214 330 5044
140419640 210 243 5057
140494592 216 217 5064
140574560 216 266 5072
140772002 201 623 5092
140945266 213 122 5110
141035035 202 531 5119
141095174 216 616 5125
141115510 204 515 5127
141263235 218 857 5142
141329815 214 447 5149
141377977 213 986 5154
141846302 201 795 5201
142009595 213 374 5217
142153890 210 331 5233
142182426 205 933 5236
142202376 201 711 5238
142414909 202 11 5260
142515685 208 876 5270
142812178 213 581 5301
142857090 218 85 5305
142919198 207 921 5311
142986853 201 621 5317
143180741 205 554 5337
143296281 210 853 5349
143510433 209 377 5370
143823190 213 690 5404
144098193 202 923 5431
144162809 205 493 5438
144232233 209 943 5446
144400995 219 348 5462
144458170 204 274 5468
144546846 210 743 5477
144618386 202 337 5484
144858740 203 152 5507
144885887 219 600 5510
144967792 207 195 5518
145017499 211 785 5523
145159188 205 372 5538
145212497 219 41 5543
145270691 214 566 5550
145290034 205 538 5552
145474823 216 17 5570
145485098 208 127 5571
145522100 209 626 5575
145655822 207 671 5588
146134908 208 309 5637
146282730 213 68 5651
146315807 216 92 5655
146693629 202 629 5693
146819504 208 952 5704
147195692 219 230 5742
147229406 217 235 5745
147249513 213 758 5747
147366940 204 21 5759
147385618 212 940 5761
147705728 206 35 5795
147736411 218 641 5798
147959725 214 711 5820
148026652 202 543 5827
148046821 201 244 5829
148056169 208 621 5830
148112679 202 871 5836
148356762 217 881 5860
148367873 203 750 5861
148407192 209 967 5865
148435219 203 60 5868
148594176 212 67 5883
148973707 202 147 5925
149088504 205 299 5938
149234009 219 166 5952
149681656 215 663 5996
149761105 213 920 6004
149874112 215 51 6015
149990036 201 244 6027
150149380 201 274 6043
150666198 206 632 6094
150752616 213 422 6103
151123647 213 131 6139
151178212 208 88 6144
151320255 219 806 6158
151371294 210 871 6164
151585985 215 730 6186
151669011 218 298 6194
151703591 218 925 6198
151791484 216 275 6207
151930981 215 831 6220
152014746 201 513 6228
152037429 217 452 6231
152105107 219 172 6238
152133375 211 608 6241
152200821 208 12 6247
152238478 219 973 6251
152303128 201 517 6257
153081443 218 78 6337
153138524 211 938 6343
153364091 215 848 6365
153535338 203 595 6382
153822165 211 3 6410
154143364 207 811 6442
154181095 210 552 6446
154377556 217 761 6465
154438767 216 53 6471
154542545 214 560 6482
154833570 203 748 6514
155235336 211 59 6552
155512548 203 649 6579
155638957 215 244 6594
155843195 207 239 6613
156225525 202 106 6652
156271821 213 656 6657
156493992 208 568 6680
156545882 210 130 6685
156679449 202 374 6698
156686148 213 814 6699
156737710 211 82 6704
156829254 213 754 6714
157113430 200 874 6742
157204082 209 734 6751
157224949 208 615 6753
157287293 210 647 6759
157398873 211 762 6771
158368776 205 323 6867
158451037 200 976 6876
158621194 209 144 6892
158779103 212 791 6909
158877046 204 365 6919
159111961 218 114 6943
159138379 206 771 6946
159288736 209 713 6961
159394212 205 981 6971
159417636 204 714 6973
159621438 202 407 6995
159725523 201 51 7005
159752083 217 539 7008
159893250 202 518 7022
159997714 213 650 7033
160074262 208 662 7041
160152567 207 661 7049
160602960 218 375 7095
160613468 206 570 7096
160878032 209 562 7122
161050639 213 254 7139
161111924 205 611 7145
161305309 212 161 7164
161547965 206 926 7189
161624089 207 82 7196
161674734 211 593 7200
161801889 201 441 7213
161849544 205 174 7217
162546420 202 652 7288
162576726 201 767 7291
162805148 211 504 7313
162814904 208 653 7314
162911411 216 732 7323
162928464 211 936 7325
163284848 202 664 7361
163464703 210 396 7379
163988428 208 146 7431
164234893 211 50 7455
164434062 204 859 7475
164443728 203 103 7476
164487156 216 433 7481
164629184 219 539 7496
164690480 207 764 7502
165028815 200 226 7537
165199512 204 412 7555
165364785 206 734 7572
166007006 219 698 7638
166290811 218 732 7668
166411391 219 354 7681
166530559 216 939 7694
166623614 208 951 7703
166656406 207 333 7706
166678454 203 657 7708
166736422 204 104 7714
166861128 219 482 7727
167166620 217 107 7758
167200636 202 459 7761
167209200 200 245 7762
167216414 211 31 7763
167328329 211 177 7775
167523647 204 225 7795
167579794 214 543 7801
167743935 207 434 7818
167969391 218 388 7841
168220361 216 871 7867
168374462 219 597 7882
168535196 214 123 7899
168712808 219 148 7916
168999454 207 631 7944
169348819 205 103 7979
169428990 205 868 7987
169631836 202 809 8009
169639554 214 194 8010
169662698 214 93 8013
170098454 202 121 8056
170161295 216 241 8063
170229548 215 874 8070
170395871 217 806 8087
170497516 206 669 8097
170911012 212 457 8139
170928564 213 789 8141
171023371 213 558 8150
171483783 213 873 8196
171491521 218 626 8197
171946589 212 313 8246
172078779 217 460 8258
172139037 202 248 8264
172231778 215 765 8273
172539644 203 334 8304
172772799 210 219 8326
173108843 212 550 8361
173124603 212 503 8363
173208075 206 995 8372
173569866 216 344 8409
173672638 207 188 8419
174010928 210 978 8454
174083680 211 335 8460
174103233 219 473 8462
174297108 217 194 8481
174611039 213 193 8511
174630181 208 382 8513
174745530 208 109 8524
175199197 212 788 8569
175239962 200 906 8573
175411210 202 517 8590
175484209 203 889 8597
175634548 208 754 8613
175669711 218 940 8616
175713021 209 531 8620
175877124 219 804 8637
176291329 212 173 8681
176358867 206 864 8688
176368016 214 504 8689
176390295 208 771 8691
176433279 202 725 8695
176696010 207 437 8720
176786866 208 1 8729
177061069 212 269 8757
177237073 219 152 8776
177357234 200 633 8788
177386114 208 166 8791
177453205 213 127 8798
177505207 217 73 8803
177682744 207 22 8820
177891933 208 472 8841
178241872 217 626 8875
178601293 212 278 8910
178758805 219 902 8926
178789145 216 225 8929
178946597 208 720 8946
179206775 213 606 8973
179395090 211 813 8992
179447593 201 492 8998
179591257 214 846 9013
179679671 206 223 9022
179961275 218 325 9051
180061857 210 582 9062
180401561 202 497 9094
180478413 217 916 9101
180552580 206 22 9108
180578631 211 357 9111
180767123 207 430 9130
180852305 207 775 9139
180885497 209 134 9142
180982918 212 926 9152
181189919 217 350 9172
181208134 216 879 9174
181242017 215 589 9177
181286513 203 403 9182
181294965 206 726 9183
181313850 201 618 9185
181442163 205 928 9198
181696675 210 66 9224
181706474 200 333 9225
182002809 214 40 9256
182325051 210 895 9289
182398538 203 998 9296
182458037 205 486 9302
182490951 204 717 9305
182568628 213 166 9313
182600532 218 26 9316
182611397 204 343 9317
182807397 205 270 9337
183030410 213 962 9360
183138507 212 759 9370
183220609 219 145 9378
183319153 214 429 9388
183543992 207 386 9409
183982129 203 623 9458
184744353 212 900 9537
184988042 216 320 9562
185027534 207 668 9566
185033524 216 614 9567
185040357 207 577 9568
185407634 209 725 9607
185542111 203 936 9620
185668200 205 646 9633
185762775 207 333 9643
185831847 201 609 9650
186008685 207 468 9668
186033697 206 986 9671
186273570 218 968 9696
186280729 210 661 9697
186391952 209 984 9708
186410885 203 76 9710
186551839 213 475 9723
186663563 200 735 9735
186699143 219 640 9739
186745948 212 136 9744
186859900 216 167 9756
187183777 214 509 9790
187373211 213 358 9808
187702174 218 771 9840
187832682 202 576 9852
188209255 215 519 9890
188300782 215 355 9899
188419013 211 182 9910
188503833 216 502 9918
188813062 218 782 9947
188823422 206 387 9948
188920767 216 198 9958
