0 150426
1 89775
2 115445
3 187093
4 83564
5 144038
6 106520
7 42331
8 161162
9 103198
10 78823
11 197325
12 165934
13 42345
14 60191
15 111010
16 45823
17 111099
18 103712
19 78296
20 69537
21 38019
22 106224
23 178278
24 179250
25 132424
26 186458
27 43319
28 36778
29 178313
30 107624
31 188590
32 132798
33 21500
34 79564
35 108460
36 89777
37 133879
38 47733
39 72709
40 136054
41 91063
42 172353
43 140584
44 53192
45 90690
46 183335
47 74854
48 160014
49 171801
50 52197
51 127941
52 198872
53 183693
54 50811
55 183961
56 162554
57 150050
58 131913
59 155665
60 159414
61 196692
62 52796
63 150914
64 169536
65 155421
66 98776
67 44422
68 116400
69 155457
70 59383
71 21767
72 113951
73 22363
74 173881
75 198501
76 127728
77 143920
78 191453
79 161170
80 78768
81 62538
82 170190
83 45669
84 55876
85 87145
86 118585
87 84421
88 108064
89 28782
90 185882
91 155756
92 32360
93 40641
94 189866
95 82159
96 198855
97 88703
98 158499
99 130412
100 141914
101 171399
102 129645
103 122439
104 143255
105 43342
106 125668
107 51759
108 115033
109 33526
110 25028
111 37704
112 136273
113 195088
114 187619
115 168539
116 22316
117 100595
118 103052
119 110909
120 161429
121 189066
122 199277
123 156175
124 150499
125 43283
126 99034
127 61933
128 132656
129 71465
130 49437
131 192783
132 43045
133 22942
134 61851
135 54651
136 33149
137 57498
138 27702
139 101521
140 199867
141 113190
142 24148
143 66892
144 151113
145 33845
146 83175
147 171811
148 100731
149 174422
150 26968
151 58992
152 149514
153 125946
154 133274
155 111198
156 161511
157 60150
158 78620
159 27022
160 156963
161 178597
162 94231
163 190358
164 107917
165 119103
166 105469
167 31651
168 58106
169 159774
170 145921
171 94597
172 53035
173 49867
174 102541
175 119459
176 86954
177 154892
178 163015
179 52156
180 46069
181 166717
182 37899
183 27340
184 47904
185 98733
186 184302
187 147069
188 142052
189 85596
190 97245
191 194096
192 180385
193 85096
194 89194
195 78878
196 170337
197 192555
198 72151
199 85282
200 98133
201 84814
202 32916
203 167232
204 150587
205 68433
206 83350
207 50116
208 92480
209 119591
210 20418
211 93906
212 166977
213 46313
214 61231
215 194727
216 134329
217 79725
218 147239
219 122460
220 162361
221 32785
222 157585
223 100280
224 149660
225 50820
226 61228
227 63991
228 107740
229 152937
230 71655
231 28023
232 80565
233 70402
234 149044
235 95658
236 196785
237 142825
238 186328
239 187894
240 160476
241 166641
242 50288
243 76684
244 30031
245 113326
246 27885
247 71180
248 42906
249 78838
250 58217
251 48126
252 135368
253 51522
254 87456
255 150647
256 75430
257 64831
258 114635
259 121692
260 181830
261 35025
262 47058
263 42111
264 114423
265 126456
266 183595
267 26270
268 31286
269 118963
270 144851
271 176137
272 102037
273 130977
274 50781
275 157784
276 146026
277 140885
278 84588
279 139370
280 184185
281 163995
282 158822
283 51729
284 51849
285 83669
286 194086
287 60843
288 159848
289 22297
290 144173
291 95973
292 98451
293 158791
294 195167
295 167672
296 121379
297 166680
298 178623
299 119035
300 158489
301 60154
302 175244
303 55952
304 29906
305 158837
306 77002
307 123239
308 120661
309 91694
310 108495
311 197228
312 117777
313 108749
314 101497
315 110434
316 100576
317 144310
318 60544
319 48124
320 38494
321 192771
322 159759
323 159755
324 107826
325 163208
326 186662
327 132853
328 127000
329 144205
330 162302
331 25783
332 132166
333 75221
334 57282
335 185212
336 170555
337 100110
338 139155
339 191618
340 106977
341 28270
342 107490
343 84361
344 61640
345 84260
346 156408
347 112580
348 20521
349 195958
350 116928
351 84897
352 45488
353 151164
354 125215
355 196890
356 132216
357 108051
358 158165
359 197593
360 177463
361 109728
362 138703
363 94084
364 136957
365 188365
366 188653
367 71027
368 67029
369 167891
370 132367
371 122702
372 140648
373 106184
374 92996
375 118099
376 171903
377 131851
378 190370
379 34354
380 127416
381 109940
382 196750
383 84119
384 45946
385 31250
386 161267
387 111415
388 181790
389 186194
390 194445
391 139608
392 35602
393 111762
394 188277
395 161819
396 145845
397 66191
398 91642
399 126573
400 149890
401 89075
402 72243
403 28010
404 101062
405 180394
406 182258
407 42910
408 192144
409 109399
410 38450
411 116616
412 116251
413 34825
414 116224
415 38859
416 23472
417 134850
418 36784
419 173460
420 96590
421 123663
422 50445
423 192946
424 53454
425 150485
426 199419
427 129759
428 63149
429 163074
430 156373
431 54848
432 80316
433 94341
434 24422
435 32535
436 85657
437 131968
438 131315
439 156619
440 138164
441 160693
442 80414
443 27261
444 67651
445 78770
446 97109
447 88279
448 194462
449 113209
450 115127
451 191386
452 80034
453 174448
454 141345
455 182826
456 151029
457 121831
458 79539
459 183227
460 141260
461 197923
462 93254
463 122782
464 170159
465 172981
466 112137
467 193207
468 82399
469 67412
470 154319
471 144665
472 157298
473 156433
474 93452
475 176249
476 165823
477 78208
478 44613
479 56914
480 164808
481 117108
482 163114
483 45207
484 93440
485 47899
486 124060
487 157119
488 123541
489 84949
490 95576
491 52645
492 102217
493 51499
494 110312
495 150125
496 62671
497 62705
498 22406
499 28992
500 85437
501 26286
502 42524
503 161271
504 136335
505 105911
506 164428
507 86044
508 64162
509 21578
510 162393
511 105044
512 179786
513 115971
514 162704
515 34356
516 183243
517 147405
518 133581
519 164116
520 191118
521 27650
522 155471
523 21297
524 97849
525 174563
526 131033
527 142545
528 121870
529 66681
530 122926
531 50900
532 137943
533 108383
534 37469
535 94409
536 192858
537 133482
538 108816
539 163035
540 158524
541 47394
542 149886
543 49665
544 198641
545 70040
546 64947
547 187144
548 139372
549 72405
550 179590
551 137966
552 33031
553 177613
554 116458
555 55715
556 160709
557 57318
558 31051
559 163533
560 129898
561 117098
562 147967
563 104805
564 136473
565 182681
566 140196
567 154227
568 123217
569 134809
570 107740
571 63842
572 143040
573 158149
574 60172
575 90667
576 35567
577 35296
578 81641
579 44654
580 93838
581 41305
582 147235
583 73067
584 148644
585 161430
586 150899
587 155595
588 58712
589 161976
590 173984
591 121113
592 126128
593 50974
594 46856
595 123098
596 171439
597 174078
598 66172
599 28644
600 65208
601 122172
602 124758
603 192221
604 159759
605 109850
606 99799
607 99758
608 178054
609 53282
610 90765
611 159418
612 111666
613 140263
614 146282
615 35052
616 86186
617 140742
618 150842
619 167866
620 137186
621 38512
622 89768
623 147173
624 172932
625 67055
626 109582
627 80771
628 170800
629 136949
630 56578
631 100635
632 178314
633 161033
634 171397
635 80890
636 149703
637 26093
638 118133
639 106707
640 186273
641 68083
642 21585
643 124447
644 22300
645 170274
646 50463
647 131087
648 65472
649 170425
650 36219
651 171391
652 167245
653 42198
654 133574
655 140095
656 180615
657 96050
658 42614
659 180379
660 129128
661 62928
662 183363
663 83994
664 141822
665 152061
666 181565
667 48080
668 153767
669 117992
670 35978
671 95452
672 158728
673 188392
674 57147
675 51072
676 21287
677 43802
678 117792
679 73318
680 100424
681 94745
682 143704
683 112604
684 56050
685 80115
686 155412
687 145910
688 153020
689 173033
690 168820
691 84420
692 177917
693 104321
694 160377
695 183616
696 52913
697 80478
698 93582
699 41730
700 59781
701 45399
702 91859
703 88551
704 153364
705 104520
706 80691
707 33830
708 134651
709 168849
710 90804
711 63640
712 173100
713 166771
714 34625
715 59568
716 134110
717 161282
718 134397
719 76623
720 130444
721 41056
722 154865
723 94415
724 32008
725 171332
726 27352
727 121712
728 92855
729 157087
730 29039
731 20515
732 32770
733 37866
734 155064
735 74480
736 66287
737 162247
738 121541
739 29797
740 127184
741 77984
742 165314
743 131804
744 59073
745 79834
746 75788
747 173663
748 114404
749 65760
750 172489
751 132206
752 119558
753 158372
754 74748
755 35570
756 42741
757 189354
758 165402
759 154760
760 55308
761 145590
762 186126
763 85766
764 163064
765 168966
766 102122
767 153264
768 118211
769 22328
770 118955
771 118928
772 81617
773 159146
774 194584
775 30174
776 73982
777 176163
778 190186
779 39469
780 149591
781 129135
782 60617
783 70079
784 100717
785 102125
786 34024
787 110030
788 178468
789 179285
790 124572
791 159519
792 127242
793 132902
794 174023
795 87403
796 122383
797 104218
798 160884
799 138656
800 102441
801 119586
802 198016
803 120471
804 108711
805 66429
806 66333
807 40238
808 63308
809 132467
810 102153
811 181106
812 142713
813 91364
814 134777
815 122812
816 156280
817 138533
818 36742
819 39338
820 72658
821 127684
822 41991
823 46098
824 162684
825 107462
826 158379
827 117980
828 124968
829 147973
830 48027
831 171673
832 135869
833 64689
834 173257
835 173109
836 125839
837 140131
838 131899
839 32728
840 43879
841 164783
842 52427
843 57123
844 130623
845 138318
846 43333
847 154025
848 108318
849 54615
850 57503
851 130533
852 131433
853 139054
854 40179
855 175553
856 61786
857 62641
858 132721
859 198808
860 140626
861 24156
862 112191
863 79045
864 133758
865 130466
866 78563
867 145239
868 91857
869 158473
870 74351
871 83953
872 43434
873 140058
874 189131
875 106968
876 114888
877 143615
878 139015
879 116609
880 187368
881 160447
882 54763
883 155395
884 80959
885 179972
886 165475
887 93789
888 198116
889 59552
890 34991
891 198878
892 122716
893 69869
894 133390
895 142202
896 43920
897 149729
898 179854
899 100781
900 94707
901 110261
902 164592
903 79197
904 25463
905 59405
906 108009
907 174078
908 131705
909 114663
910 161307
911 48158
912 49534
913 30651
914 130276
915 142441
916 155215
917 88020
918 35574
919 52037
920 85143
921 38178
922 189857
923 176382
924 60383
925 47125
926 171826
927 160927
928 199173
929 32980
930 45568
931 112562
932 141980
933 159782
934 20659
935 56781
936 79591
937 118064
938 77838
939 192434
940 64252
941 165250
942 77095
943 198447
944 168578
945 164148
946 182882
947 86719
948 124435
949 44765
950 156716
951 53644
952 100102
953 155834
954 198611
955 51521
956 33026
957 24042
958 104100
959 172096
960 177038
961 28885
962 166545
963 43091
964 158223
965 42460
966 150580
967 164478
968 95362
969 166184
970 51897
971 70352
972 140112
973 104876
974 60956
975 55897
976 185783
977 73622
978 99016
979 40596
980 98049
981 97305
982 115798
983 138724
984 85878
985 156363
986 118619
987 116743
988 90686
989 166102
990 183258
991 61676
992 90648
993 180992
994 20219
995 154547
996 145521
997 195033
998 56567
999 89163
1000 110498
1001 30669
1002 39602
1003 33293
1004 168689
1005 63440
1006 158434
1007 142525
1008 104508
1009 66288
1010 82525
1011 189197
1012 67625
1013 74951
1014 194231
1015 103681
1016 122168
1017 119908
1018 58803
1019 62866
1020 167237
1021 143369
1022 150936
1023 125707
1024 199594
1025 148513
1026 25331
1027 94687
1028 156138
1029 178502
1030 156858
1031 111005
1032 101168
1033 48265
1034 61211
1035 186881
1036 123910
1037 32242
1038 93564
1039 59731
1040 81457
1041 42624
1042 50190
1043 70246
1044 166440
1045 173500
1046 42314
1047 38576
1048 168957
1049 117991
1050 69736
1051 122513
1052 173151
1053 47219
1054 151881
1055 58530
1056 154603
1057 65386
1058 185251
1059 163561
1060 113424
1061 34665
1062 123284
1063 198774
1064 34587
1065 190606
1066 172252
1067 77637
1068 172714
1069 77980
1070 149839
1071 157898
1072 186886
1073 104247
1074 70877
1075 58068
1076 176817
1077 127839
1078 93277
1079 132735
1080 32553
1081 54258
1082 148877
1083 108492
1084 164419
1085 145714
1086 97573
1087 129738
1088 170865
1089 92013
1090 29834
1091 58638
1092 90925
1093 133765
1094 76260
1095 109871
1096 24431
1097 96523
1098 98380
1099 59029
1100 130178
1101 132816
1102 155098
1103 149261
1104 171188
1105 21278
1106 40356
1107 195503
1108 172191
1109 120886
1110 132682
1111 186808
1112 29798
1113 193255
1114 161582
1115 143272
1116 144850
1117 69830
1118 34842
1119 119024
1120 63633
1121 69469
1122 49786
1123 141349
1124 33166
1125 72911
1126 45587
1127 75078
1128 178149
1129 188272
1130 127137
1131 73168
1132 56311
1133 105259
1134 116079
1135 118721
1136 149190
1137 109410
1138 37808
1139 26634
1140 22250
1141 107846
1142 183884
1143 122073
1144 196949
1145 155275
1146 157790
1147 38469
1148 131122
1149 179232
1150 146882
1151 74252
1152 152655
1153 77026
1154 155075
1155 174559
1156 85146
1157 48036
1158 183817
1159 127228
1160 29165
1161 181028
1162 110430
1163 114605
1164 79918
1165 162836
1166 129183
1167 27947
1168 156068
1169 63199
1170 172519
1171 170548
1172 74862
1173 157508
1174 131860
1175 25829
1176 28722
1177 52363
1178 23787
1179 61198
1180 92041
1181 186695
1182 95970
1183 188706
1184 87255
1185 64578
1186 131733
1187 190849
1188 110117
1189 75100
1190 160305
1191 47685
1192 132288
1193 135275
1194 130778
1195 48906
1196 94800
1197 24990
1198 106829
1199 193352
1200 83271
1201 169728
1202 155277
1203 73669
1204 184588
1205 197778
1206 126866
1207 176807
1208 73260
1209 95162
1210 188010
1211 98148
1212 130804
1213 129248
1214 103196
1215 177309
1216 124140
1217 142776
1218 107096
1219 24084
1220 45897
1221 145856
1222 159521
1223 170999
1224 184876
1225 25927
1226 185298
1227 140532
1228 194253
1229 52236
1230 158224
1231 119770
1232 45299
1233 141693
1234 162854
1235 165781
1236 112522
1237 148623
1238 100731
1239 190875
1240 54003
1241 38365
1242 84320
1243 29903
1244 100679
1245 105163
1246 126947
1247 129851
1248 45237
1249 63005
1250 147315
1251 65737
1252 41511
1253 70334
1254 95778
1255 127614
1256 144990
1257 176991
1258 121552
1259 132828
1260 88385
1261 175984
1262 190065
1263 156580
1264 120794
1265 186237
1266 46858
1267 123338
1268 160088
1269 36498
1270 115016
1271 114498
1272 116838
1273 124170
1274 104417
1275 21274
1276 172294
1277 58823
1278 51511
1279 195446
1280 49636
1281 181544
1282 35086
1283 47413
1284 42828
1285 42864
1286 105081
1287 117452
1288 141391
1289 123469
1290 50126
1291 144073
1292 187678
1293 152297
1294 53329
1295 186642
1296 95788
1297 177530
1298 26449
1299 125749
1300 151405
1301 102041
1302 136265
1303 150330
1304 98207
1305 82455
1306 76756
1307 54374
1308 62337
1309 42158
1310 44320
1311 125207
1312 82656
1313 161040
1314 151548
1315 122182
1316 74244
1317 105117
1318 100204
1319 104473
1320 187480
1321 102367
1322 134449
1323 170521
1324 148583
1325 118192
1326 94969
1327 44543
1328 162831
1329 184821
1330 50647
1331 96049
1332 82390
1333 106182
1334 48735
1335 182435
1336 51049
1337 119901
1338 177238
1339 65938
1340 164864
1341 192183
1342 179976
1343 53443
1344 162084
1345 22482
1346 116079
1347 100084
1348 97930
1349 51092
1350 112207
1351 168392
1352 57888
1353 177427
1354 149345
1355 67995
1356 73794
1357 157316
1358 187047
1359 36408
1360 89700
1361 192979
1362 28466
1363 107497
1364 46032
1365 192488
1366 144228
1367 24248
1368 131114
1369 158435
1370 92834
1371 165210
1372 64582
1373 182305
1374 172943
1375 160218
1376 107110
1377 20538
1378 151201
1379 130974
1380 102822
1381 77664
1382 199917
1383 119216
1384 181910
1385 96040
1386 109923
1387 130454
1388 140055
1389 197879
1390 93614
1391 192006
1392 68788
1393 147025
1394 40610
1395 48188
1396 145747
1397 113569
1398 149082
1399 194343
1400 192040
1401 90920
1402 55375
1403 65073
1404 167163
1405 44642
1406 35588
1407 66996
1408 66780
1409 26002
1410 39721
1411 144365
1412 86429
1413 107949
1414 115206
1415 105547
1416 65869
1417 38817
1418 136371
1419 37540
1420 26420
1421 80044
1422 177956
1423 168841
1424 41700
1425 38635
1426 83235
1427 41069
1428 43897
1429 148655
1430 88891
1431 50610
1432 167449
1433 176802
1434 94679
1435 186163
1436 185904
1437 87078
1438 155974
1439 191060
1440 141697
1441 151854
1442 173775
1443 68996
1444 140174
1445 101675
1446 181735
1447 21638
1448 69969
1449 189172
1450 159908
1451 169429
1452 142618
1453 70019
1454 64919
1455 98909
1456 98311
1457 149151
1458 122799
1459 73880
1460 106253
1461 119587
1462 179479
1463 111780
1464 91315
1465 56903
1466 108916
1467 55519
1468 112884
1469 93853
1470 67230
1471 20887
1472 40509
1473 144465
1474 130963
1475 90292
1476 174189
1477 131112
1478 142144
1479 31347
1480 195947
1481 27317
1482 122185
1483 142423
1484 22238
1485 118482
1486 187155
1487 54972
1488 30459
1489 50384
1490 177599
1491 96643
1492 83502
1493 106548
1494 167106
1495 148342
1496 44825
1497 103608
1498 64900
1499 86017
1500 55057
1501 89380
1502 100840
1503 65197
1504 24877
1505 172357
1506 28551
1507 135188
1508 143389
1509 157640
1510 53467
1511 94297
1512 149230
1513 113388
1514 47016
1515 71609
1516 70645
1517 171609
1518 84453
1519 36190
1520 154572
1521 57071
1522 73069
1523 154241
1524 87410
1525 134127
1526 139092
1527 25892
1528 54067
1529 37274
1530 100787
1531 120156
1532 150190
1533 36587
1534 139086
1535 102960
1536 166157
1537 172169
1538 117967
1539 164375
1540 142895
1541 92572
1542 97312
1543 160843
1544 57522
1545 121932
1546 57160
1547 44102
1548 136416
1549 89578
1550 90777
1551 169022
1552 158175
1553 184228
1554 157727
1555 121372
1556 162558
1557 195505
1558 83352
1559 100632
1560 20465
1561 127887
1562 42948
1563 56545
1564 76450
1565 24880
1566 61996
1567 56918
1568 140395
1569 184215
1570 65987
1571 102124
1572 100976
1573 124453
1574 22376
1575 109740
1576 100464
1577 166513
1578 184257
1579 90523
1580 189689
1581 163170
1582 167867
1583 136631
1584 162685
1585 173970
1586 123497
1587 124787
1588 22615
1589 123746
1590 183100
1591 55407
1592 39892
1593 67438
1594 67938
1595 149983
1596 122293
1597 146235
1598 106711
1599 198458
1600 71944
1601 180924
1602 25022
1603 61812
1604 106321
1605 42227
1606 143879
1607 172250
1608 57862
1609 137234
1610 107988
1611 151874
1612 109071
1613 40208
1614 123518
1615 190712
1616 152612
1617 159846
1618 170411
1619 92822
1620 70015
1621 92477
1622 134021
1623 192765
1624 138999
1625 157591
1626 194997
1627 64756
1628 144809
1629 126468
1630 154542
1631 187066
1632 199241
1633 198687
1634 184801
1635 38437
1636 175260
1637 180642
1638 144690
1639 70296
1640 133662
1641 93810
1642 113324
1643 111169
1644 151884
1645 70331
1646 162412
1647 96806
1648 113770
1649 133191
1650 151331
1651 122710
1652 41067
1653 113230
1654 182044
1655 161200
1656 51585
1657 71464
1658 59763
1659 151981
1660 61680
1661 100143
1662 132104
1663 80860
1664 139211
1665 49817
1666 137637
1667 54428
1668 96487
1669 158840
1670 98024
1671 115810
1672 175022
1673 60186
1674 23589
1675 126387
1676 182988
1677 72297
1678 80681
1679 129582
1680 52218
1681 166016
1682 28696
1683 160860
1684 174705
1685 107716
1686 72570
1687 142823
1688 177772
1689 144187
1690 179995
1691 100051
1692 56237
1693 110876
1694 105258
1695 185981
1696 111413
1697 155112
1698 79736
1699 185742
1700 86918
1701 50687
1702 34651
1703 123173
1704 167907
1705 67495
1706 157184
1707 197453
1708 180268
1709 47874
1710 177518
1711 107588
1712 85705
1713 69590
1714 52715
1715 41283
1716 59472
1717 43773
1718 185530
1719 190657
1720 171448
1721 74488
1722 40438
1723 176850
1724 190633
1725 172420
1726 29297
1727 148581
1728 92230
1729 84431
1730 98664
1731 94503
1732 161765
1733 92361
1734 50800
1735 132184
1736 40140
1737 97358
1738 128637
1739 113098
1740 180520
1741 159258
1742 114487
1743 73318
1744 180460
1745 181066
1746 152253
1747 92803
1748 44497
1749 58067
1750 25809
1751 145877
1752 61409
1753 156240
1754 157600
1755 92846
1756 148192
1757 131815
1758 175392
1759 183902
1760 158554
1761 190633
1762 93673
1763 82056
1764 145858
1765 92698
1766 125623
1767 180293
1768 132409
1769 89470
1770 56505
1771 179106
1772 78055
1773 136584
1774 153838
1775 155540
1776 177390
1777 87441
1778 47953
1779 70446
1780 179511
1781 136302
1782 173972
1783 61765
1784 144729
1785 134003
1786 45833
1787 116736
1788 82877
1789 100934
1790 122043
1791 26851
1792 147972
1793 136237
1794 120432
1795 92364
1796 108339
1797 85903
1798 45539
1799 121322
1800 135912
1801 43449
1802 139089
1803 75002
1804 114833
1805 148707
1806 180729
1807 115348
1808 119951
1809 122788
1810 36050
1811 193188
1812 174140
1813 31216
1814 41965
1815 43212
1816 178271
1817 170809
1818 111468
1819 197587
1820 151056
1821 167310
1822 52937
1823 102481
1824 38352
1825 159076
1826 108007
1827 141316
1828 158692
1829 199607
1830 23631
1831 165130
1832 70476
1833 126648
1834 96431
1835 168949
1836 175067
1837 136288
1838 88675
1839 190152
1840 135896
1841 75288
1842 26050
1843 93485
1844 25805
1845 97047
1846 43390
1847 43558
1848 175694
1849 109841
1850 161932
1851 135701
1852 123109
1853 114667
1854 146190
1855 192451
1856 99690
1857 108347
1858 197937
1859 146846
1860 76409
1861 23107
1862 92310
1863 92536
1864 96962
1865 31447
1866 29542
1867 112252
1868 62710
1869 167743
1870 153108
1871 149604
1872 179768
1873 189924
1874 199547
1875 101358
1876 180566
1877 178537
1878 191612
1879 82131
1880 64145
1881 117725
1882 60910
1883 182543
1884 41122
1885 82656
1886 30041
1887 49189
1888 24194
1889 70360
1890 128000
1891 58269
1892 102857
1893 21374
1894 30474
1895 118418
1896 31856
1897 50873
1898 100392
1899 189295
1900 91091
1901 88358
1902 81881
1903 115528
1904 147378
1905 125241
1906 176906
1907 57683
1908 27864
1909 39654
1910 88998
1911 60490
1912 158230
1913 184584
1914 165866
1915 55076
1916 139140
1917 114393
1918 87957
1919 52196
1920 131357
1921 183953
1922 127754
1923 146309
1924 81624
1925 123282
1926 154926
1927 140699
1928 152051
1929 66910
1930 175269
1931 142493
1932 131871
1933 21608
1934 139914
1935 86322
1936 120678
1937 163832
1938 173430
1939 188900
1940 192130
1941 178943
1942 133641
1943 103967
1944 146552
1945 143613
1946 62955
1947 51451
1948 159735
1949 103475
1950 112892
1951 41273
1952 68842
1953 101233
1954 117750
1955 31200
1956 103669
1957 185191
1958 150107
1959 97509
1960 71263
1961 62776
1962 95444
1963 72326
1964 166777
1965 146698
1966 49094
1967 120750
1968 55454
1969 105306
1970 121797
1971 111352
1972 99012
1973 48379
1974 112440
1975 139121
1976 52448
1977 32954
1978 97769
1979 89381
1980 22662
1981 48420
1982 25138
1983 52263
1984 125860
1985 69810
1986 157762
1987 92290
1988 43672
1989 52797
1990 55120
1991 129620
1992 144119
1993 175852
1994 155198
1995 185576
1996 147066
1997 164879
1998 100555
1999 108748
2000 107128
2001 170738
2002 103553
2003 20972
2004 169686
2005 176891
2006 99491
2007 135059
2008 67081
2009 172904
2010 101080
2011 185977
2012 197440
2013 144147
2014 38196
2015 66478
2016 112190
2017 47280
2018 182808
2019 82659
2020 182172
2021 71440
2022 126863
2023 22534
2024 173657
2025 30714
2026 152244
2027 198507
2028 126108
2029 194743
2030 119994
2031 192228
2032 125815
2033 59844
2034 59650
2035 65268
2036 51671
2037 78331
2038 185150
2039 144387
2040 78464
2041 86440
2042 112265
2043 43808
2044 51749
2045 111712
2046 81079
2047 48158
2048 170889
2049 92764
2050 83570
2051 148230
2052 25890
2053 191902
2054 83620
2055 32060
2056 154965
2057 55731
2058 123375
2059 94700
2060 66006
2061 191901
2062 162401
2063 138591
2064 198335
2065 191318
2066 39580
2067 130616
2068 83439
2069 116523
2070 87523
2071 135407
2072 109948
2073 95107
2074 118533
2075 100308
2076 154249
2077 116050
2078 98825
2079 90306
2080 52998
2081 58086
2082 189758
2083 196497
2084 190842
2085 46490
2086 64847
2087 78252
2088 40725
2089 36479
2090 91753
2091 43867
2092 124774
2093 138788
2094 46809
2095 181865
2096 184520
2097 163799
2098 124461
2099 109731
2100 99001
2101 34483
2102 167595
2103 79389
2104 125766
2105 44592
2106 47822
2107 49497
2108 172593
2109 197637
2110 81665
2111 130280
2112 157820
2113 189078
2114 52488
2115 69777
2116 67329
2117 159691
2118 28764
2119 37196
2120 131429
2121 55775
2122 80127
2123 133705
2124 97177
2125 41274
2126 171745
2127 185922
2128 71364
2129 177214
2130 31233
2131 199734
2132 79492
2133 58645
2134 145582
2135 31840
2136 103711
2137 61788
2138 25746
2139 70066
2140 37435
2141 70837
2142 27245
2143 27680
2144 199493
2145 144788
2146 52430
2147 98664
2148 153358
2149 89177
2150 145574
2151 20381
2152 87913
2153 149722
2154 95055
2155 155225
2156 65089
2157 138827
2158 193194
2159 130164
2160 183124
2161 150404
2162 163416
2163 165899
2164 181162
2165 198570
2166 176932
2167 156814
2168 99834
2169 129610
2170 53885
2171 39839
2172 134142
2173 75513
2174 173336
2175 65173
2176 111903
2177 161826
2178 147927
2179 138203
2180 70565
2181 30956
2182 96524
2183 178771
2184 194611
2185 139290
2186 113061
2187 108325
2188 85636
2189 129144
2190 70078
2191 87652
2192 76246
2193 106176
2194 180084
2195 133619
2196 156464
2197 74605
2198 134326
2199 24773
2200 87802
2201 87122
2202 74983
2203 53818
2204 107530
2205 115502
2206 20722
2207 134568
2208 27559
2209 162735
2210 99695
2211 145783
2212 90607
2213 187249
2214 25375
2215 109432
2216 32577
2217 57285
2218 119099
2219 163436
2220 176928
2221 183279
2222 158227
2223 143718
2224 199879
2225 37072
2226 143864
2227 136491
2228 118121
2229 136158
2230 39594
2231 144958
2232 68568
2233 89237
2234 105761
2235 36593
2236 65143
2237 72391
2238 161993
2239 163286
2240 161088
2241 96204
2242 95347
2243 178681
2244 124184
2245 143070
2246 69891
2247 47482
2248 91245
2249 107106
2250 194279
2251 79748
2252 187607
2253 111168
2254 185049
2255 167905
2256 78162
2257 143903
2258 160700
2259 143954
2260 34118
2261 116521
2262 136008
2263 186221
2264 44668
2265 197310
2266 112274
2267 183667
2268 197515
2269 21326
2270 157814
2271 36157
2272 176494
2273 121052
2274 178290
2275 21070
2276 89090
2277 104921
2278 198146
2279 182828
2280 26807
2281 180070
2282 116178
2283 95656
2284 197430
2285 193255
2286 111514
2287 134367
2288 158983
2289 39410
2290 159377
2291 24093
2292 21327
2293 119151
2294 122643
2295 21253
2296 43208
2297 164043
2298 109244
2299 83603
2300 148812
2301 173955
2302 94570
2303 180244
2304 122932
2305 173939
2306 195588
2307 108722
2308 42855
2309 43146
2310 38738
2311 95942
2312 109263
2313 103971
2314 67343
2315 156614
2316 96570
2317 69830
2318 138573
2319 124049
2320 146636
2321 179590
2322 141842
2323 141043
2324 107151
2325 125448
2326 95462
2327 186219
2328 47793
2329 71738
2330 125277
2331 30430
2332 162609
2333 166956
2334 86498
2335 21948
2336 194348
2337 35759
2338 131517
2339 91528
2340 101448
2341 163273
2342 154273
2343 87990
2344 84284
2345 197630
2346 102619
2347 74935
2348 21571
2349 30110
2350 120234
2351 42992
2352 85595
2353 131725
2354 89667
2355 66832
2356 102294
2357 115666
2358 163988
2359 38930
2360 63185
2361 64232
2362 107114
2363 190390
2364 144831
2365 48336
2366 64947
2367 50882
2368 172540
2369 168852
2370 122216
2371 98322
2372 181198
2373 23331
2374 113229
2375 120291
2376 176190
2377 82096
2378 92834
2379 144123
2380 85147
2381 48706
2382 173425
2383 111025
2384 183275
2385 56633
2386 96313
2387 178236
2388 48524
2389 58006
2390 48635
2391 92510
2392 28226
2393 69009
2394 36510
2395 156939
2396 31623
2397 46511
2398 128479
2399 191029
2400 69294
2401 88716
2402 91114
2403 195725
2404 94686
2405 92226
2406 92543
2407 147053
2408 83116
2409 195842
2410 36580
2411 29613
2412 188075
2413 177749
2414 123666
2415 74777
2416 30999
2417 80327
2418 151088
2419 38171
2420 150136
2421 166628
2422 55132
2423 30719
2424 73566
2425 188304
2426 59513
2427 155987
2428 153380
2429 72983
2430 178415
2431 169325
2432 71937
2433 93263
2434 93849
2435 67220
2436 77059
2437 155682
2438 107468
2439 25742
2440 106504
2441 56448
2442 55122
2443 68841
2444 60762
2445 130390
2446 168193
2447 99451
2448 171396
2449 31790
2450 102627
2451 193523
2452 108332
2453 33199
2454 168780
2455 139024
2456 74736
2457 88851
2458 191241
2459 186310
2460 43656
2461 100650
2462 140623
2463 81379
2464 46562
2465 24500
2466 169685
2467 118355
2468 117941
2469 84131
2470 36200
2471 190429
2472 194911
2473 172436
2474 74021
2475 179142
2476 167426
2477 56536
2478 82052
2479 145023
2480 136300
2481 62584
2482 61549
2483 45197
2484 74329
2485 146327
2486 30414
2487 177707
2488 69220
2489 121584
2490 44045
2491 81277
2492 27641
2493 166318
2494 167720
2495 80455
2496 194178
2497 47291
2498 137447
2499 65144
2500 107383
2501 118291
2502 86121
2503 92130
2504 183954
2505 146081
2506 160626
2507 179180
2508 73919
2509 138677
2510 142330
2511 144120
2512 115663
2513 185229
2514 107035
2515 127368
2516 141810
2517 37651
2518 151079
2519 120236
2520 69344
2521 77064
2522 49095
2523 167655
2524 54212
2525 46856
2526 36810
2527 183227
2528 125757
2529 87524
2530 56797
2531 66107
2532 93741
2533 90541
2534 61018
2535 53640
2536 54822
2537 43236
2538 146385
2539 38466
2540 185974
2541 60438
2542 84477
2543 57890
2544 151271
2545 85241
2546 84052
2547 157409
2548 158856
2549 113195
2550 104589
2551 173269
2552 70851
2553 40300
2554 154815
2555 44835
2556 88580
2557 165776
2558 84223
2559 161500
2560 115475
2561 112314
2562 130322
2563 95335
2564 60117
2565 140714
2566 78650
2567 156745
2568 55730
2569 129296
2570 33995
2571 198037
2572 156428
2573 46325
2574 35297
2575 164435
2576 180465
2577 172295
2578 171224
2579 189020
2580 92485
2581 90802
2582 192498
2583 116501
2584 180110
2585 185363
2586 45905
2587 105114
2588 185604
2589 113288
2590 122043
2591 157305
2592 196120
2593 189005
2594 67637
2595 182223
2596 111608
2597 100082
2598 26472
2599 111008
2600 172056
2601 131736
2602 129311
2603 76768
2604 82902
2605 139682
2606 166016
2607 96003
2608 64688
2609 22591
2610 28267
2611 99100
2612 72888
2613 153349
2614 25278
2615 153466
2616 157500
2617 28808
2618 191936
2619 42292
2620 43253
2621 105551
2622 33220
2623 125694
2624 34105
2625 58009
2626 35652
2627 188883
2628 92324
2629 177374
2630 175725
2631 96896
2632 129237
2633 199761
2634 170646
2635 112664
2636 95369
2637 166338
2638 177528
2639 134196
2640 183671
2641 130042
2642 27797
2643 128603
2644 21497
2645 99968
2646 139160
2647 122968
2648 188894
2649 155198
2650 193544
2651 42747
2652 142950
2653 52044
2654 54823
2655 159173
2656 167641
2657 194207
2658 115145
2659 157351
2660 117341
2661 106083
2662 167922
2663 45338
2664 116538
2665 64815
2666 30612
2667 196217
2668 161930
2669 149991
2670 52316
2671 28108
2672 165034
2673 128440
2674 119623
2675 34683
2676 138911
2677 137784
2678 149904
2679 120588
2680 106041
2681 26901
2682 148923
2683 130070
2684 190166
2685 42498
2686 134964
2687 185069
2688 121945
2689 72769
2690 33051
2691 156914
2692 153565
2693 151585
2694 151407
2695 21672
2696 172575
2697 90130
2698 190409
2699 43219
2700 57702
2701 108440
2702 123530
2703 77351
2704 156550
2705 123209
2706 36930
2707 29146
2708 102853
2709 58779
2710 79063
2711 199167
2712 74443
2713 69228
2714 104809
2715 161691
2716 37360
2717 64165
2718 137906
2719 183439
2720 169124
2721 26947
2722 70833
2723 144426
2724 173142
2725 126884
2726 91903
2727 49687
2728 24345
2729 101736
2730 194924
2731 67104
2732 80807
2733 117337
2734 124183
2735 163690
2736 64302
2737 185899
2738 133204
2739 150966
2740 180369
2741 154578
2742 28970
2743 102849
2744 125978
2745 169763
2746 184136
2747 198861
2748 180617
2749 118870
2750 88798
2751 139309
2752 148238
2753 102362
2754 144845
2755 93110
2756 163764
2757 164321
2758 197391
2759 71863
2760 186632
2761 42005
2762 176335
2763 107240
2764 160854
2765 31631
2766 32114
2767 116858
2768 166419
2769 29943
2770 56067
2771 97676
2772 175374
2773 71154
2774 137526
2775 161486
2776 151872
2777 130911
2778 129829
2779 49541
2780 35039
2781 142207
2782 157656
2783 53650
2784 92397
2785 168591
2786 28282
2787 172921
2788 63088
2789 90158
2790 184271
2791 50982
2792 114508
2793 50392
2794 40620
2795 27810
2796 95359
2797 120561
2798 181210
2799 186769
2800 55491
2801 100219
2802 130011
2803 105163
2804 82375
2805 114539
2806 123813
2807 78293
2808 45395
2809 153307
2810 184136
2811 153148
2812 25479
2813 86333
2814 196483
2815 28882
2816 114361
2817 175308
2818 104444
2819 54101
2820 39790
2821 143107
2822 186728
2823 117026
2824 186797
2825 81231
2826 114045
2827 199265
2828 76304
2829 67637
2830 25899
2831 127686
2832 158778
2833 169215
2834 165916
2835 156181
2836 26419
2837 197696
2838 82611
2839 122136
2840 42476
2841 136642
2842 97776
2843 24012
2844 184855
2845 152667
2846 142662
2847 155268
2848 144890
2849 26679
2850 26492
2851 72043
2852 28611
2853 54408
2854 26541
2855 153667
2856 61485
2857 80461
2858 184780
2859 143278
2860 95550
2861 151885
2862 45441
2863 188000
2864 44078
2865 53916
2866 41116
2867 167025
2868 36080
2869 63634
2870 34771
2871 129015
2872 35903
2873 193333
2874 65818
2875 132323
2876 110177
2877 176203
2878 63557
2879 194802
2880 153032
2881 138521
2882 128948
2883 156160
2884 98789
2885 131614
2886 199524
2887 90132
2888 90677
2889 182232
2890 181462
2891 26214
2892 72434
2893 70455
2894 144461
2895 185120
2896 169705
2897 80734
2898 140581
2899 91246
2900 75710
2901 90949
2902 153016
2903 121179
2904 140994
2905 117469
2906 186120
2907 106312
2908 45586
2909 43414
2910 20396
2911 142188
2912 122955
2913 103956
2914 88948
2915 191170
2916 61289
2917 186268
2918 64160
2919 136701
2920 51629
2921 60065
2922 102476
2923 139511
2924 54506
2925 70949
2926 165495
2927 170569
2928 21990
2929 54470
2930 184990
2931 93246
2932 135949
2933 53437
2934 55725
2935 55677
2936 41109
2937 45866
2938 199854
2939 22618
2940 138305
2941 68406
2942 141556
2943 133778
2944 33623
2945 38040
2946 194167
2947 199234
2948 47564
2949 194669
2950 181772
2951 68060
2952 140001
2953 161949
2954 191730
2955 39175
2956 147636
2957 115136
2958 98966
2959 146978
2960 38749
2961 133771
2962 31702
2963 170005
2964 86265
2965 33833
2966 60687
2967 162846
2968 166652
2969 100787
2970 123928
2971 196984
2972 118842
2973 134448
2974 28675
2975 90057
2976 182684
2977 29197
2978 172435
2979 107167
2980 96712
2981 108771
2982 136653
2983 33831
2984 136307
2985 39878
2986 35100
2987 122808
2988 62952
2989 192986
2990 157570
2991 46568
2992 59080
2993 189300
2994 175525
2995 34487
2996 193986
2997 128134
2998 39459
2999 96475
