221081 80 476 5
1000834 89 702 24
1332856 96 899 32
1850293 99 380 44
3059576 97 336 73
3184267 83 505 76
3973315 97 856 95
4588974 94 436 111
4900779 94 319 118
5586323 97 261 135
5647466 82 863 137
6250173 83 195 152
6870204 98 755 167
7715598 90 749 187
8915293 91 106 217
9069186 81 226 221
9146544 85 302 223
9645212 93 340 235
9745363 96 821 238
10482359 92 877 256
11698021 89 84 286
14459114 80 143 356
14842408 82 114 366
15593453 88 506 385
15956663 88 635 394
16726535 82 520 413
17435245 99 248 431
17942900 80 137 444
17984705 98 183 445
18442215 85 766 457
19022537 89 820 472
19136521 97 422 475
19172492 84 553 476
19412225 85 109 482
19663768 93 131 488
20499744 95 168 510
20790637 95 744 517
20832871 85 176 518
21170132 89 78 526
21621579 86 965 537
21710538 83 952 539
22156371 90 351 550
23287905 86 629 578
23733394 99 261 589
24101958 80 133 598
24648443 95 914 612
25138755 90 227 625
25322841 83 198 630
26187246 99 230 651
26589089 92 857 662
27713379 95 620 690
28113971 88 589 700
28241200 87 959 703
29038780 83 1 723
29185218 90 137 727
29225418 85 682 728
29470567 85 642 734
29549732 92 934 736
29805887 94 572 742
33301507 96 33 832
33671869 88 611 841
34066069 97 139 851
34652967 85 509 866
35067652 87 419 876
35892147 99 153 897
36348954 91 563 909
36551358 97 238 914
37156086 94 337 929
37382203 97 718 934
38289452 88 109 956
38786727 90 261 968
38864905 87 314 970
39384401 82 424 983
39543211 82 81 987
39783657 97 214 993
40182148 97 855 1003
40224819 93 291 1004
40397960 98 806 1008
40433792 94 801 1009
41283537 84 485 1031
41575867 84 530 1038
41930061 81 495 1047
42433219 88 820 1060
44609589 94 617 1115
44646937 82 876 1116
45069905 98 942 1127
45240294 85 250 1131
46511273 93 896 1162
46598328 90 917 1164
46683641 97 389 1166
47564474 87 152 1187
47746604 92 948 1191
48910929 85 635 1220
49421291 90 544 1232
49989740 92 73 1246
50745162 87 392 1265
50882574 83 48 1268
52047823 88 550 1297
53496754 95 32 1333
53565892 85 659 1335
54419016 86 143 1357
54726259 93 950 1365
54771155 92 880 1366
55169007 90 402 1376
55202970 94 774 1377
55628475 99 793 1388
58420573 97 537 1459
59087954 98 818 1476
59343049 88 492 1482
59700716 94 915 1490
59945653 90 508 1496
60826787 99 223 1518
61088190 85 182 1525
62632169 85 400 1564
62961105 93 591 1572
63363681 83 136 1582
63886511 86 368 1595
64412767 90 807 1609
64873919 97 870 1621
65074432 96 724 1626
65116792 87 274 1627
66761418 95 540 1669
67292798 83 987 1682
67404071 80 422 1685
68285833 95 519 1707
68475005 86 612 1712
69050348 93 145 1726
69853159 84 202 1746
70012621 96 748 1750
70493537 89 669 1762
71638114 89 288 1790
72073621 96 224 1800
72228862 92 289 1804
74399467 86 898 1860
74432234 94 325 1861
74737901 87 17 1869
75428790 89 930 1887
75469615 84 391 1888
76117636 98 212 1904
76645554 85 510 1918
78653669 86 610 1970
79748641 84 550 1998
80107938 81 687 2007
80786575 93 503 2024
82445060 95 836 2066
83331809 81 17 2089
83765117 83 557 2100
84089636 90 470 2108
84888994 96 57 2127
85009919 83 380 2130
85230127 89 590 2135
86181414 96 414 2158
87010051 87 418 2180
87298024 81 294 2187
88569655 98 994 2218
89667776 97 437 2246
90878367 94 13 2276
90951618 96 13 2278
91755382 90 314 2299
91915250 91 39 2303
92125766 82 570 2308
92322443 82 794 2313
92512347 80 963 2318
92713711 86 343 2323
93027846 95 38 2331
93317085 87 601 2338
94085497 86 876 2357
94202914 99 157 2360
94405038 95 486 2365
95302863 99 757 2388
95933035 83 235 2404
96628391 83 520 2421
97384377 96 668 2439
97806561 84 683 2450
98008124 94 991 2455
98922371 82 488 2478
99162799 99 242 2484
99776596 93 368 2500
99858892 85 748 2502
100348181 80 805 2515
103367873 90 264 2590
103547280 84 82 2594
104281250 97 363 2612
104891028 94 656 2627
105286527 80 195 2637
105783859 93 911 2649
106607275 90 660 2670
106984138 80 484 2679
107108132 88 771 2682
107151289 91 192 2683
108184171 90 257 2708
109923213 93 591 2751
110195668 80 902 2758
110233919 86 980 2759
110318512 89 299 2761
111414119 86 732 2787
112282859 95 50 2808
112476271 89 563 2813
113347924 86 315 2834
116009613 80 739 2900
116044004 82 427 2901
116267486 92 433 2907
116597241 94 495 2915
116791102 81 65 2920
116982008 94 22 2925
118666757 80 383 2967
119046050 86 451 2977
119208291 88 489 2981
119250897 96 849 2982
119696703 86 531 2993
119737204 87 814 2994
120302456 86 967 3008
120409208 81 858 3011
120588463 92 758 3016
120800349 80 666 3021
121118315 85 461 3029
123141841 84 41 3081
123894500 94 221 3100
123924500 96 750 3101
124790640 84 576 3122
126207060 85 441 3157
126733414 93 48 3170
128589453 97 624 3217
128832457 82 553 3223
130694776 82 580 3269
131609998 93 408 3292
132136360 86 425 3305
132955984 98 419 3325
132989283 86 459 3326
134390424 95 947 3361
134700263 81 728 3369
134990599 98 307 3376
135824914 85 555 3396
136070108 82 960 3402
136299745 89 637 3408
137749617 98 561 3443
137782820 92 554 3444
138679114 84 505 3467
138999427 95 803 3475
141863882 88 209 3545
141905833 94 988 3546
142334262 82 772 3557
142413736 99 124 3559
143279413 92 426 3580
143324889 95 99 3581
144798385 94 702 3617
145809140 84 56 3642
146352516 94 766 3656
146390216 87 523 3657
148071601 85 512 3701
149684130 99 645 3742
149725006 85 273 3743
149880203 96 2 3747
150427689 98 500 3760
150820549 89 694 3769
150938461 90 861 3772
151152461 82 810 3777
152039886 88 771 3799
153735555 82 562 3840
153894805 99 120 3844
154210743 84 417 3852
154481058 90 164 3859
156208565 99 938 3902
157754022 93 21 3940
157981853 84 464 3946
158536940 85 905 3960
159273424 87 565 3978
159394196 87 153 3981
159537359 89 31 3984
161363390 99 158 4030
161974344 90 425 4046
162277243 82 479 4053
162452165 93 938 4058
163096922 92 436 4074
163185039 83 20 4076
163909690 91 586 4094
163959207 88 668 4095
164089340 88 491 4098
164843192 87 744 4117
166041635 95 297 4147
166087821 89 533 4148
166913260 90 261 4169
167311605 80 761 4180
167353494 88 493 4181
167907038 98 125 4195
168036811 97 120 4198
168994947 93 860 4221
169030931 94 259 4222
169748911 93 163 4240
169831925 89 188 4242
169961161 99 324 4245
170536531 91 600 4261
171450443 80 267 4284
172504441 91 242 4310
172607002 84 316 4313
172726085 91 214 4316
172919602 99 565 4321
172958385 97 792 4322
174514193 94 15 4362
175711568 85 368 4391
177500777 80 157 4436
177729532 83 738 4442
178325466 80 218 4457
179011393 86 710 4474
179399436 97 352 4484
180023399 88 812 4499
180745531 89 357 4516
182391992 98 341 4557
184013195 97 401 4597
184176731 98 842 4601
185981592 85 635 4644
187627953 94 803 4686
188000560 86 387 4696
188120214 93 572 4699
188211823 88 961 4701
189078428 97 995 4724
190479708 93 649 4759
191766981 88 540 4793
191953866 99 658 4798
192034294 87 734 4800
192144693 80 951 4803
193154192 86 423 4829
193579642 82 533 4840
194394774 97 992 4860
195873054 93 856 4897
196515444 84 637 4913
197591934 84 642 4939
198411709 98 807 4960
198537595 90 220 4963
198587595 96 12 4964
198993158 80 678 4975
199040352 95 904 4976
199498370 81 604 4988
199777886 98 944 4995
200972298 96 189 5024
202369265 82 641 5059
202734647 92 241 5068
204023465 86 839 5099
204370250 90 124 5108
204977106 85 647 5125
205653192 88 390 5141
205818277 83 815 5145
206056626 88 906 5151
206786312 83 316 5168
206873129 95 837 5170
208701882 98 255 5216
209552721 94 741 5237
210889896 82 279 5271
211407858 85 933 5285
213038504 82 776 5326
213123616 94 22 5328
213680905 90 676 5343
213714476 89 493 5344
213921106 87 687 5349
214808337 98 821 5371
215828818 87 424 5396
215952617 87 805 5399
216454008 86 853 5412
217190298 83 552 5430
218322426 86 490 5457
218513060 83 281 5462
219393305 92 616 5485
219863720 92 52 5497
220100485 94 589 5503
220430509 97 843 5512
222478715 81 267 5564
222646373 99 830 5568
223362523 93 506 5586
224967597 87 874 5626
225579100 91 322 5641
225762462 89 941 5646
225906431 84 294 5650
226040385 99 357 5653
226185437 86 635 5657
226944524 87 392 5677
227465383 94 81 5690
227672671 90 633 5695
228143565 82 230 5707
228227222 81 329 5709
228836280 92 663 5724
229553020 83 50 5742
229698608 91 855 5746
229770804 97 441 5748
230436182 97 493 5765
230685809 94 586 5771
231242203 91 836 5785
231812041 83 922 5799
231910644 81 610 5801
232025899 93 858 5804
233719450 81 731 5846
233833579 84 142 5849
234111413 97 308 5856
234704423 90 526 5871
235415343 83 421 5888
236327988 86 628 5911
236760302 80 172 5922
237643312 99 386 5943
237750511 81 630 5946
238392845 90 883 5961
238510351 80 555 5964
239218718 92 941 5981
239259984 87 979 5982
240058786 90 705 6002
240411944 98 776 6011
243076292 82 375 6077
243281205 96 71 6082
243465815 87 388 6087
243545293 97 202 6089
244788012 89 116 6121
244927156 89 19 6125
245208744 81 194 6132
245306326 80 282 6134
245735200 84 209 6145
246229086 99 968 6157
247234009 81 853 6183
247325329 94 625 6185
247556641 96 213 6191
248206782 98 59 6207
248460105 81 453 6213
250090472 81 986 6252
250269270 97 181 6257
250988596 80 412 6276
251715724 99 924 6295
251930701 89 291 6300
253187510 84 828 6332
253925461 84 439 6350
254773750 85 206 6371
254979846 93 940 6376
255147437 91 461 6380
255431148 80 735 6387
255629134 97 138 6392
255809558 87 889 6397
255854428 81 65 6398
256617243 96 197 6418
256706156 89 847 6420
257539555 85 410 6441
257577138 80 575 6442
258121801 96 152 6456
258284941 81 261 6460
260340175 81 255 6512
260693028 85 671 6521
260803673 90 732 6524
261066968 92 732 6531
263615234 84 549 6593
263707872 80 744 6595
264831065 99 90 6622
264869976 88 851 6623
265007388 83 497 6627
265631698 94 627 6642
267170523 97 459 6680
268778684 81 593 6720
268976353 83 790 6725
269476058 80 129 6738
269934579 94 9 6749
270304394 89 718 6758
270512816 89 877 6763
270542851 92 888 6764
270945499 89 921 6774
271660353 89 689 6792
271928980 85 13 6799
272043719 93 391 6802
272164646 92 958 6805
272207391 85 638 6806
273050587 86 278 6827
273083556 97 445 6828
273312792 96 539 6834
273667932 85 430 6842
274203603 93 322 6855
274507299 95 197 6863
275151196 91 63 6880
275356788 99 666 6886
275665453 83 634 6894
275935814 80 660 6901
276974471 94 883 6927
277131283 95 721 6931
277202177 93 444 6933
277575645 82 480 6942
279839975 82 671 6997
280360593 97 316 7011
280770729 98 715 7021
281498279 94 301 7039
282035376 95 55 7053
282536202 90 520 7066
282577028 94 817 7067
282960163 84 490 7077
283192506 86 659 7083
284726989 94 599 7121
284814163 84 528 7123
286172709 80 552 7157
286547394 92 35 7166
287154053 99 473 7182
287496768 94 182 7190
290910904 82 674 7275
290950191 80 600 7276
290980191 93 625 7277
291099573 81 848 7280
291262418 98 777 7284
291540393 84 904 7291
291720025 94 756 7296
292643368 92 681 7319
293584481 94 624 7343
295893080 82 107 7401
296242811 84 84 7409
297121198 95 18 7431
297795390 81 705 7448
298720123 82 150 7470
300663251 98 85 7519
300731982 86 537 7521
300774354 95 441 7522
300937051 86 62 7526
301224175 90 104 7533
301959775 92 55 7551
302154106 93 941 7556
302425959 87 66 7563
302765361 81 973 7572
303684582 96 692 7595
304221864 93 171 7608
304299908 81 103 7610
305069510 80 452 7629
306491491 97 217 7664
307940561 82 568 7699
308646850 97 153 7717
308859177 96 719 7722
308906795 90 143 7723
309678083 86 230 7743
309769428 99 841 7745
310570119 81 768 7765
311128950 97 538 7779
312383824 91 626 7809
312474568 99 7 7811
312566981 88 354 7813
314304801 93 784 7857
314997015 98 200 7874
315530998 97 402 7887
317279528 85 767 7930
317317763 83 492 7931
317358904 94 846 7932
317884474 94 452 7945
319207268 88 754 7978
320236597 87 154 8004
320354601 89 598 8007
321167582 88 223 8028
322130193 81 594 8051
324347251 88 488 8107
324846493 92 451 8119
326079946 84 176 8149
326499908 86 592 8159
327840405 85 610 8192
328148296 95 535 8200
328672990 98 832 8212
329076484 92 50 8222
329316594 81 917 8228
329346594 96 731 8229
329573481 97 758 8235
329983033 93 911 8245
330325388 99 504 8253
330921112 80 15 8268
331340411 92 925 8279
331418685 81 55 8281
332197171 93 636 8300
333702980 86 206 8338
334818637 97 675 8366
336325695 85 46 8403
336790150 81 400 8414
337588186 95 427 8433
337653426 95 511 8435
337784786 92 859 8438
338443976 94 733 8455
339775099 88 509 8488
340600214 89 837 8509
342463321 89 683 8554
344165332 80 875 8596
345635262 91 300 8633
345887077 84 213 8639
346613828 94 753 8657
347697973 80 546 8685
349592167 97 832 8734
350164458 89 644 8748
350248849 97 649 8750
350374359 99 653 8753
350453978 97 263 8755
350809127 91 77 8764
351964338 88 673 8793
352213392 80 178 8799
352761855 86 365 8812
353046955 88 874 8819
353347436 89 699 8827
353926380 92 703 8841
356390164 99 335 8903
356517823 81 536 8906
356593531 96 243 8908
357687173 82 949 8935
358008908 81 805 8943
358052089 91 648 8944
358422701 94 12 8953
358816798 85 470 8963
359249744 86 631 8974
359290541 95 599 8975
359324430 80 646 8976
359804151 94 696 8988
360102508 98 609 8995
360222897 97 424 8998
361279641 85 597 9024
362037284 83 101 9043
362521064 93 608 9056
363351027 89 979 9077
364031005 91 136 9094
364135236 99 557 9097
364404922 88 918 9104
364640662 95 375 9110
365261446 87 376 9126
365597362 92 117 9134
366275419 97 518 9151
368346167 89 129 9202
368396167 92 491 9203
369790946 88 668 9237
371001576 92 908 9268
371956121 88 789 9293
372754531 98 656 9313
373547298 81 405 9333
374661859 82 180 9362
374898207 85 272 9368
375228377 85 102 9377
375865283 86 168 9393
377019456 88 890 9422
377158305 93 201 9426
377240220 99 971 9428
377277633 95 363 9429
378340164 91 482 9456
380738105 95 709 9516
381195404 86 336 9527
381230149 89 22 9528
381479895 94 856 9534
381931195 96 353 9546
382129374 85 648 9551
382984795 85 204 9573
384584507 99 918 9615
384634162 89 502 9616
385229986 98 531 9630
385892549 81 864 9648
387345550 85 304 9684
388718439 96 860 9718
388939685 99 685 9724
389021180 91 445 9726
389060891 98 202 9727
389579618 95 281 9740
389857778 98 625 9747
389927455 93 639 9749
390168721 97 154 9755
390342529 95 789 9759
390728610 84 257 9769
390766621 84 496 9770
391090165 95 953 9778
391247396 92 911 9782
391548996 87 46 9789
391787402 88 751 9795
392775880 90 469 9819
393141745 85 893 9828
393391377 90 920 9835
393911124 88 823 9848
394627020 92 384 9866
396596503 82 490 9915
397373749 92 161 9935
398181808 98 647 9955
398682160 81 375 9968
398946876 92 732 9975
399102033 92 177 9979
399461090 84 468 9988
