842170 185 591 20
1761448 193 950 42
1935362 190 520 46
2075847 184 326 50
2119801 183 625 51
2340428 190 709 56
6559166 187 385 159
7632180 195 316 185
7914502 180 456 192
8083636 197 209 196
8584377 196 358 209
10084924 186 94 246
10723705 194 258 262
10859450 185 465 266
13672077 186 372 336
14696131 181 369 362
14770096 183 174 364
15064271 194 930 372
15747777 192 858 389
15835091 184 949 391
16023859 194 346 396
16393965 189 531 405
16559008 194 906 409
17136831 184 621 423
18097930 187 796 448
18139626 199 569 449
18752744 193 681 465
19488297 184 282 484
19617194 184 554 487
22545524 192 9 560
23068298 199 194 573
25784516 184 842 641
26703133 192 468 665
27631649 187 194 688
28433637 199 311 708
28513319 192 86 710
30887051 191 325 770
31293573 194 106 780
32265887 194 843 805
32594423 183 211 813
33465755 193 1 836
33793281 187 404 844
35500787 188 192 887
36049391 186 344 901
36119468 183 164 903
36391740 194 292 910
36518295 199 7 913
37086332 190 707 927
38179194 194 689 953
39614912 181 819 989
39860633 197 868 995
40044904 184 780 999
40587288 187 864 1013
41967626 197 106 1048
43496901 184 462 1087
43819189 190 877 1096
43941702 186 954 1099
44415686 183 861 1110
45365330 187 253 1134
46007869 198 3 1150
46724385 194 246 1167
47068056 180 82 1175
47782759 193 925 1192
48595197 193 625 1212
48743839 194 76 1216
49782298 187 704 1241
50795162 197 676 1266
51808306 193 974 1291
52127555 199 367 1299
52211457 198 141 1301
52776894 192 169 1315
55436942 183 745 1383
55588456 197 602 1387
56825891 185 40 1419
57073548 188 462 1425
58344117 186 518 1457
58876329 185 959 1471
59044769 193 771 1475
60173146 181 323 1502
61957733 188 803 1546
62493799 187 381 1560
62530508 195 914 1561
63691600 195 186 1590
64265758 181 474 1605
64346541 192 447 1607
64382767 187 807 1608
65193856 189 640 1629
66065942 188 955 1651
66422619 191 356 1660
66645122 191 809 1666
67860534 189 61 1696
67937194 182 465 1698
68393473 192 540 1710
68801184 193 864 1720
68925799 180 598 1723
69368516 198 839 1734
69526741 197 432 1738
70454103 198 634 1761
70761142 187 212 1768
71110814 198 68 1777
72193774 189 438 1803
72788800 183 354 1819
74172952 199 504 1854
74250672 193 486 1856
75600100 189 298 1891
75920783 187 804 1899
76159237 195 615 1905
76192321 192 571 1906
76889597 195 868 1924
77112290 188 412 1930
77147508 180 250 1931
77506928 190 530 1940
77570190 197 624 1942
77941610 186 183 1952
78286951 182 144 1961
78914614 191 165 1976
78962292 195 835 1977
80747455 187 263 2023
81026603 195 792 2030
81541411 192 967 2043
81580827 199 270 2044
81951584 186 248 2053
82258561 183 694 2061
82476462 188 263 2067
83374623 195 862 2090
83619871 192 153 2096
83653560 184 29 2097
84131196 183 221 2109
85180127 191 337 2134
85518336 191 160 2142
86841909 181 998 2175
88152211 186 457 2208
88267783 185 462 2211
88726660 191 2 2222
89086284 195 698 2231
89826511 196 475 2250
89902316 190 93 2252
90131132 197 768 2258
90707690 184 603 2272
90915961 180 346 2277
91557438 189 104 2294
93832670 182 221 2351
95016113 187 243 2381
95060349 193 323 2382
95548579 193 380 2394
96013664 183 202 2406
96423587 194 270 2416
98638554 192 331 2471
99072506 199 481 2482
99117370 195 903 2483
99987582 190 986 2505
100204559 191 242 2511
100842909 190 585 2527
101057548 192 956 2532
101434230 183 532 2542
102245706 182 812 2562
102944467 195 927 2579
103241457 192 370 2587
103627748 180 440 2596
104070144 196 590 2607
104155089 196 675 2609
105980172 191 970 2654
106485356 198 93 2667
107400517 192 773 2689
107873749 195 809 2701
108352900 182 496 2712
108422796 198 608 2714
108462581 199 318 2715
108983743 198 743 2728
110418512 183 962 2763
113274166 197 273 2832
113827139 192 997 2846
114727069 191 245 2868
115757097 187 379 2894
116473818 182 18 2912
119284207 183 599 2983
120839631 185 586 3022
121399624 199 626 3037
121438212 181 771 3038
121903992 192 730 3050
122387865 196 845 3062
122431000 180 541 3063
122508879 181 655 3065
123822943 189 2 3098
125279897 199 185 3134
126040518 182 881 3153
126084110 195 791 3154
127580438 191 323 3192
128178915 186 507 3207
130067041 182 536 3254
130111196 183 608 3255
130651967 194 146 3268
131896400 183 234 3299
131977381 197 320 3301
132106360 180 945 3304
132301526 190 995 3309
132460812 187 382 3313
133191408 188 844 3331
133446014 187 250 3337
133690504 197 546 3343
135481654 188 253 3388
136025927 198 334 3401
136815298 182 761 3420
137521206 191 472 3437
140214264 180 123 3505
140778398 188 572 3519
140820738 190 377 3520
141404701 189 164 3534
141772717 193 638 3543
142373406 199 666 3558
142597558 199 966 3564
142679980 198 483 3566
143592868 187 681 3588
145048178 182 843 3623
145647970 186 191 3638
146561639 199 547 3661
148589590 185 42 3714
148997929 182 329 3724
149037995 197 850 3725
149186270 185 119 3729
149637346 192 921 3741
150900980 193 657 3771
152117534 190 514 3801
152230589 193 859 3804
153228349 194 806 3828
153685555 181 159 3839
153804822 192 913 3842
155433573 196 931 3883
155838107 193 665 3893
155911726 188 527 3895
156074605 199 366 3899
157544868 190 657 3935
157872749 186 860 3943
158182291 182 949 3951
158459321 192 531 3958
159101089 192 420 3974
159237108 187 445 3977
159971326 185 197 3995
160227508 193 33 4001
160525787 185 707 4009
160679868 187 976 4013
160722813 187 461 4014
160837897 182 256 4017
161673136 183 800 4038
162664654 191 934 4063
162781366 192 87 4066
163022147 180 388 4072
163146922 195 719 4075
163387068 191 217 4081
164165671 191 692 4100
164558936 184 850 4110
165141976 183 382 4124
165420638 186 748 4131
165688345 192 479 4138
165782077 185 512 4140
166248096 186 794 4152
167170285 186 817 4176
167611079 185 105 4187
168163417 186 699 4201
168590106 196 473 4211
169147840 182 417 4225
169297083 191 599 4229
169500091 194 449 4234
169550091 189 417 4235
170071573 181 399 4248
170712503 188 137 4265
170837889 188 560 4268
170900069 194 706 4270
171224613 180 758 4278
171619938 193 159 4288
171980430 184 823 4297
174135444 187 446 4352
174198840 191 75 4354
175758425 184 249 4392
176324276 189 153 4406
176596232 180 708 4413
177966008 185 417 4448
178739638 197 613 4468
179319238 186 530 4482
179890146 187 432 4496
180068292 182 185 4500
181142941 198 466 4526
181288051 192 224 4530
182188818 195 275 4552
182572813 193 187 4561
182947197 187 35 4571
183828757 198 228 4593
184104656 180 276 4599
184646949 198 309 4613
185843127 186 314 4641
186764604 180 254 4664
186994700 190 923 4670
187028930 183 336 4671
187217528 190 285 4676
187586482 194 2 4685
187883576 181 511 4693
188838555 199 126 4718
189806946 193 438 4742
191282089 197 35 4781
192184396 190 230 4804
192449880 187 457 4811
193429351 183 622 4836
193889898 198 552 4848
194592027 181 670 4865
197118670 182 472 4927
197507570 195 100 4937
198034882 196 232 4950
198861488 180 598 4971
199461145 197 266 4987
199900144 186 809 4998
200438718 196 375 5011
201012975 199 698 5025
201214527 189 638 5030
202403501 198 725 5060
202973104 184 581 5074
203182615 199 956 5079
204255143 189 285 5105
204408915 191 208 5109
204484438 191 944 5111
207313480 183 962 5181
207389170 191 711 5183
208320070 196 215 5206
208635310 196 31 5214
209035311 194 748 5224
209592520 192 840 5238
209980998 191 322 5248
210016542 186 454 5249
210231903 186 99 5255
210504085 183 347 5262
211164577 196 644 5279
211603332 189 546 5290
211681746 198 677 5292
212355103 184 856 5309
212441074 191 997 5311
213303551 190 256 5333
213795928 198 429 5346
214296363 196 862 5358
215055557 186 85 5377
215137181 198 453 5379
215416302 186 44 5386
216062282 180 100 5402
216707562 184 653 5418
216791139 198 742 5420
216990273 198 220 5425
217798306 197 830 5444
218127701 197 882 5452
218730980 183 776 5468
218763392 191 705 5469
218880001 180 82 5472
218963130 194 666 5474
218999812 194 432 5475
219078902 185 362 5477
219551956 183 531 5489
219589145 187 390 5490
219929955 187 647 5499
220855021 194 988 5522
221000094 193 163 5526
221108808 180 401 5529
221828686 182 407 5547
221963792 192 776 5551
222282615 190 614 5559
224326694 185 522 5610
224467218 180 403 5613
224741600 198 873 5620
225306095 181 772 5634
225347950 186 142 5635
225454687 189 69 5638
225656365 181 334 5643
228300670 193 344 5711
230122854 199 619 5757
230161303 183 309 5758
230251303 194 94 5760
230637395 189 779 5770
231194017 184 315 5784
232061836 198 121 5805
232671119 184 968 5820
232830112 190 645 5824
233048015 190 926 5829
233098015 188 318 5830
233130041 194 405 5831
233290724 184 191 5835
233460695 190 927 5839
233792214 183 940 5848
234145876 192 925 5857
234304154 199 28 5861
235026995 197 381 5879
235201442 196 473 5883
235627494 191 587 5893
236086915 199 474 5905
237482419 198 689 5939
237784278 195 406 5947
238072211 194 954 5953
238141980 185 165 5955
238307437 198 173 5959
238593951 193 937 5966
245537340 184 561 6140
246141958 198 36 6155
247050849 195 528 6178
247784532 183 801 6197
247918146 184 568 6200
248166219 185 405 6206
249252292 183 647 6232
249426414 186 847 6236
250788956 187 867 6271
251304374 186 679 6284
251604784 184 844 6292
252209798 194 372 6307
252328274 181 53 6310
252812805 184 728 6323
253147346 184 916 6331
253463200 198 559 6339
253758239 191 293 6346
254278091 186 753 6359
254567940 188 465 6366
254688433 195 293 6369
254814514 191 622 6372
255472095 191 462 6388
256075857 186 980 6404
256205367 199 949 6407
256658475 181 724 6419
257113476 196 655 6430
258928333 196 24 6476
259319936 183 978 6486
260249596 188 145 6510
262109281 180 28 6556
262361029 188 230 6562
262787284 197 737 6573
263281873 197 634 6585
263665234 186 473 6594
264244617 185 744 6608
264331546 193 915 6610
265220689 188 766 6632
265468102 199 524 6638
266158831 190 747 6655
266967073 191 984 6675
267678241 189 885 6692
268359356 197 560 6709
268629993 192 639 6716
268693494 197 836 6718
268817652 194 821 6721
269053955 181 981 6727
269201453 184 471 6731
269291348 195 259 6733
269390957 193 401 6736
269758158 181 419 6745
270168785 195 754 6755
270260325 193 858 6757
271024396 183 991 6776
271587673 180 918 6790
271807378 183 557 6796
271997811 195 556 6801
272565293 195 657 6815
273197040 182 630 6831
274785749 184 222 6871
274822692 189 287 6872
274959102 180 313 6875
275033537 182 804 6877
275584254 192 359 6892
276533715 191 48 6916
278371449 192 430 6962
278618777 190 486 6968
280525750 188 58 7015
280864917 187 126 7023
281031332 191 297 7027
281190175 181 905 7031
281348678 189 835 7035
281774086 187 148 7046
281845901 184 973 7048
285207054 183 283 7133
286456413 189 839 7164
286506413 188 282 7165
286864306 196 331 7174
287239766 197 75 7184
287408628 189 13 7188
288311662 196 371 7211
289051554 191 297 7229
289256994 181 717 7234
290108394 195 998 7254
290290466 184 747 7259
292310855 184 947 7311
293262716 194 765 7335
293470209 186 444 7340
293972118 189 827 7352
294874572 189 397 7374
295446926 192 195 7389
295694478 186 707 7396
295843080 192 254 7400
296501782 189 333 7416
297582171 189 486 7443
299767380 191 806 7497
301042981 195 485 7529
301091421 180 810 7530
301274175 185 397 7534
302618667 181 122 7568
303769049 195 913 7597
303935370 184 667 7601
305391670 198 898 7637
305514661 185 943 7640
305555885 181 744 7641
305600639 194 578 7642
305930874 186 793 7650
306366705 190 516 7661
307014593 186 599 7676
307659835 188 216 7692
308220491 180 579 7706
309335041 191 853 7734
310497765 194 850 7763
311054161 193 360 7777
312687489 188 702 7816
312923168 195 796 7822
313173975 183 169 7828
315711678 190 170 7891
317073106 187 584 7925
317195092 193 987 7928
317489832 182 639 7935
318224827 181 73 7953
319735680 195 666 7991
322914176 187 770 8071
323277515 186 135 8080
323573394 181 591 8087
323809986 188 688 8093
325268642 180 862 8129
325898606 185 879 8144
326114362 181 825 8150
326949297 196 425 8170
327881663 195 206 8193
328579082 197 371 8210
329122606 184 32 8223
329532799 183 283 8234
329734787 183 375 8239
330113067 194 11 8248
330954498 182 370 8269
331612401 185 298 8286
332394862 182 81 8305
333174493 193 466 8325
333662294 193 415 8337
334132298 191 837 8349
334981525 191 123 8370
335020140 198 110 8371
335409243 197 752 8381
337547220 195 353 8432
338083114 190 777 8446
339601895 197 401 8484
341163165 199 135 8523
341797025 185 619 8538
343114015 182 860 8570
343436561 187 899 8578
343555915 180 793 8581
344003503 196 366 8592
344404199 197 432 8602
344642305 196 314 8608
344756755 189 926 8611
344916863 184 169 8615
345071171 188 527 8619
346106949 189 327 8644
346343138 197 936 8650
346473321 191 676 8653
346997301 187 982 8667
347663582 180 9 8684
348480934 199 806 8706
348599191 184 176 8709
348753422 196 747 8713
348788206 192 384 8714
349247982 191 131 8725
349283743 180 696 8726
349396460 182 996 8729
350650163 194 982 8760
351152137 188 152 8773
351994338 191 527 8794
352076392 191 145 8796
352588293 185 4 8808
352670619 190 441 8810
352792694 180 316 8813
352921498 182 871 8816
352960383 193 125 8817
354142070 187 292 8847
354658864 182 722 8860
355359450 198 900 8878
355561728 193 928 8883
355628290 189 754 8885
355713944 185 611 8887
356345444 199 317 8902
356668867 187 118 8910
357009004 184 671 8918
357209418 187 18 8923
357406548 187 476 8928
358249410 188 600 8949
359165674 198 993 8972
360306122 193 122 9000
360592798 191 56 9007
361643676 187 983 9033
361689484 188 563 9034
361776667 183 558 9036
361819697 199 216 9037
362140817 191 181 9046
363464679 190 270 9080
364064755 190 120 9095
365138715 194 672 9123
365879000 199 729 9141
366797980 189 237 9165
366920303 199 821 9168
367757502 199 662 9188
369084833 185 701 9219
370580456 193 475 9257
370775594 193 907 9262
371260418 185 678 9275
371676116 191 271 9286
371828797 194 223 9290
373392098 192 961 9329
373827170 193 949 9340
374555345 192 785 9359
374865037 197 821 9367
375421221 180 990 9382
375790272 189 227 9391
376093216 192 828 9399
376326188 196 4 9404
376640775 195 576 9412
379131331 180 279 9476
379968858 182 132 9497
380524747 182 150 9511
381583892 191 668 9537
382039622 182 939 9549
382168109 180 130 9552
382748574 190 92 9567
383709452 184 178 9592
384069302 185 755 9602
384444296 195 249 9612
385010131 186 372 9625
385055204 193 372 9626
385608937 190 436 9640
388543488 187 254 9714
388678295 193 818 9717
391328292 187 758 9784
391507665 190 192 9788
392692639 180 410 9817
392999631 194 154 9825
393095817 190 735 9827
393834971 182 346 9846
393992009 181 883 9850
394897670 180 756 9873
395366600 190 753 9885
397494275 180 144 9938
397649405 193 858 9942
398715181 199 991 9969
399187410 199 612 9981
399218795 197 20 9982
399740686 199 712 9995
