1050315 102 266 25
1091251 106 997 26
1889318 109 920 45
2029710 111 624 49
2378078 102 232 57
2693489 102 575 64
3100888 116 344 74
4013092 111 43 96
5832732 109 35 142
5958289 103 279 145
6156225 102 712 150
6380607 101 72 155
6427382 109 761 156
7173481 111 147 174
7250642 113 391 176
7447152 110 81 181
8167881 105 20 198
8849345 107 203 215
9181480 108 913 224
9440739 114 200 230
10687980 118 451 261
11410647 106 964 279
11820071 119 965 289
12693494 117 7 311
13362958 119 28 328
13860369 115 842 341
13975543 114 220 344
14014634 117 629 345
14145433 109 598 348
14563511 118 526 359
15031628 109 615 371
15432249 101 412 381
15716423 117 512 388
15917012 104 479 393
16190491 107 986 400
16270526 105 866 402
17015093 109 279 420
17477312 111 1 432
18215366 112 665 451
19782389 117 143 491
20617194 107 76 513
20740637 110 318 516
20926780 103 546 520
21339562 117 136 530
21576633 109 518 536
22192341 113 190 551
22960261 113 18 570
24069995 102 133 597
24378232 114 373 605
26146305 113 73 650
26518421 107 410 660
27448899 100 315 683
27590952 112 671 687
28145097 114 466 701
28870373 100 187 719
28912400 108 649 720
29840725 102 609 743
29870725 102 234 744
30011508 108 864 748
30366080 111 763 757
30814283 107 870 768
30924238 100 545 771
31092996 112 806 775
31215511 115 521 778
31246732 104 804 779
31457407 104 302 784
31690058 107 67 790
31801660 101 849 793
32886554 115 764 821
33120717 102 270 827
33711203 106 727 842
34016069 108 104 850
34608315 110 537 865
35581970 107 358 889
36722972 107 425 918
37004835 104 510 925
37200310 104 517 930
37293121 112 220 932
37795970 107 259 944
37845223 106 852 945
38488261 106 565 961
39193934 114 297 978
39826995 113 809 994
41051677 100 389 1025
41212334 113 6 1029
41366677 112 916 1033
42012863 109 128 1049
42572121 110 396 1064
42754082 117 29 1068
43241118 108 942 1080
44188217 117 674 1105
44323331 106 524 1108
44970515 105 387 1124
45000515 102 747 1125
47611121 106 720 1188
48307735 117 720 1205
48780797 102 898 1217
49101623 106 737 1225
50577053 110 955 1261
50617679 119 356 1262
52602786 115 932 1311
53334295 115 442 1329
53377407 116 765 1330
54098855 103 36 1349
54381193 100 597 1356
55075701 112 422 1374
55403966 114 695 1382
55849035 109 246 1394
56609984 105 380 1413
57032645 113 980 1424
57165565 105 846 1427
57613215 114 548 1439
57702831 117 352 1441
57837677 109 985 1444
58171325 114 375 1453
58387257 103 944 1458
59481039 115 668 1485
59527372 115 945 1486
60143146 108 739 1501
60660739 104 917 1514
61125029 119 198 1526
61430067 112 503 1533
62830487 107 518 1569
63036285 100 213 1574
64044722 113 112 1599
66167615 116 623 1654
67251710 115 280 1681
67478278 111 205 1687
67518396 112 416 1688
67597967 109 56 1690
68756566 101 858 1719
69258321 107 585 1731
69454100 113 604 1736
70379490 114 742 1759
70424103 101 483 1760
70879389 117 494 1771
71306792 118 94 1782
71556647 107 461 1788
71982338 115 139 1798
72143774 112 261 1802
72565450 116 984 1813
72916118 110 430 1822
73490697 108 540 1837
74550560 113 451 1864
75159891 106 405 1880
75271313 108 429 1883
75514475 102 488 1889
75961456 104 62 1900
76076124 118 412 1903
76222321 104 327 1907
76424220 100 637 1912
76506476 116 18 1914
76547411 109 422 1915
76723023 108 131 1920
76920927 107 198 1925
77282447 115 98 1934
77820734 116 341 1949
78217602 104 945 1959
79121112 109 219 1981
79418195 104 447 1989
79954990 101 456 2003
80068216 110 566 2006
82190914 105 85 2059
82724943 115 287 2073
84346884 105 620 2114
84960312 100 269 2129
89048220 113 23 2230
89949358 111 58 2253
90167482 117 256 2259
90324677 107 540 2263
91021340 115 504 2280
91325434 119 754 2288
92996753 109 826 2330
93386001 115 572 2340
94237325 110 328 2361
94621193 105 126 2371
94863574 112 526 2377
94909721 102 499 2378
95653850 116 913 2397
98724153 117 89 2473
99344768 110 973 2489
99502046 104 703 2493
99538571 103 657 2494
101277897 104 670 2538
102373879 114 915 2565
103133765 116 422 2584
107639247 101 12 2695
108050185 115 148 2705
108793636 103 663 2723
109244411 111 993 2734
109492215 119 339 2740
110747567 119 673 2771
110970169 104 70 2776
111841027 113 963 2797
112139545 110 732 2804
112318163 109 460 2809
112438282 110 792 2812
112588739 114 146 2816
112730176 110 254 2819
113146262 102 748 2829
113183309 109 133 2830
114571247 106 478 2864
114775246 107 521 2869
114807853 109 987 2870
115030236 114 403 2876
115234051 108 29 2881
115793992 112 797 2895
115969916 104 29 2899
116155582 119 348 2904
116836202 116 0 2921
118314305 114 817 2958
118708438 101 717 2968
119483896 108 931 2988
119533896 106 608 2989
120094185 105 860 3003
120227591 103 815 3006
120766406 116 291 3020
121043129 102 231 3027
121074971 102 650 3028
121362776 100 141 3036
121997790 119 971 3052
122318747 102 6 3060
122666080 115 270 3069
123022887 100 990 3078
123566237 116 354 3091
125168391 106 981 3131
125512650 114 565 3140
125587639 113 683 3142
127424121 101 491 3188
127692164 109 978 3195
128862457 102 992 3224
129096051 107 693 3230
129397327 106 447 3237
129677710 106 57 3244
131736252 115 92 3295
132801936 107 321 3321
133031080 116 162 3327
133764095 114 727 3345
136436799 118 640 3411
137362603 106 355 3433
137595515 111 490 3439
137832820 115 848 3445
138247461 110 110 3456
138528003 100 770 3463
139233465 100 399 3481
139472483 118 313 3487
139901573 116 177 3498
140592945 102 356 3514
141531124 110 232 3537
142564204 117 973 3563
142993394 112 981 3573
143115086 116 296 3576
143152382 108 608 3577
145412069 100 93 3632
145612902 111 342 3637
146019573 116 800 3647
147017727 113 741 3673
147270247 103 403 3680
147408985 100 806 3684
147986286 111 213 3699
148340907 118 214 3708
148456084 106 752 3711
148796430 111 606 3719
148947929 116 162 3723
150008458 108 250 3750
150339848 117 146 3758
151186639 108 806 3778
151551522 118 671 3787
152000519 104 348 3798
152552208 118 457 3812
153603252 110 618 3837
154687234 103 674 3864
156551056 118 811 3910
157074376 118 841 3923
157293138 101 808 3929
157903499 109 238 3944
158011975 106 903 3947
158293209 112 948 3954
158381245 109 752 3956
158727766 113 254 3965
159065461 106 933 3973
159814453 114 431 3991
160056679 113 689 3997
160413326 118 898 4006
161110078 116 309 4024
161154958 104 218 4025
161817982 108 484 4042
162699888 105 293 4064
162854034 106 109 4068
163828126 109 137 4092
164603177 102 52 4111
164682192 117 484 4113
164722146 112 342 4114
164813192 105 795 4116
165175885 100 913 4125
166399319 101 181 4156
166571034 102 933 4160
166761063 114 178 4165
167054540 107 10 4173
167100397 103 178 4174
168793686 101 632 4216
168825717 103 450 4217
169335858 111 287 4230
170504900 104 200 4260
171092967 103 552 4275
172258443 115 926 4304
172650200 105 795 4314
172988473 106 522 4323
174044731 116 257 4350
175805268 111 395 4393
175847198 110 542 4394
176058871 115 32 4399
176638402 118 989 4414
177042611 107 752 4424
177141240 101 518 4427
177354074 109 224 4432
177432205 102 135 4434
177692658 116 345 4441
177935458 112 393 4447
178130547 111 542 4452
179126728 110 627 4477
179169507 118 973 4478
179288205 111 955 4481
179363824 101 308 4483
180781849 105 600 4517
181106545 109 922 4525
181752470 119 644 4541
182050106 111 716 4548
183368870 118 382 4582
183753694 107 832 4591
184346532 116 121 4605
185079149 109 979 4623
186027427 109 703 4645
187297265 109 957 4678
188996498 119 655 4722
189279639 112 611 4729
189571632 119 605 4736
190245105 113 278 4753
190287756 113 221 4754
190745552 105 761 4766
190775573 114 191 4767
190809305 116 615 4768
190878802 116 35 4770
191431585 119 655 4785
191556802 107 854 4788
191684103 108 690 4791
192816972 119 292 4821
194506752 104 290 4863
194933207 111 965 4873
195454478 115 754 4886
196113372 106 532 4903
197427343 105 69 4935
197658734 107 899 4941
198160993 119 294 4953
198500195 109 662 4962
198620193 106 362 4965
198664911 113 352 4966
199176471 105 857 4979
199375088 107 523 4985
199532829 118 695 4989
199734825 104 870 4994
201300094 105 57 5032
201785615 104 629 5044
202324037 112 858 5058
203055687 112 447 5076
203315245 110 833 5082
203828976 106 904 5094
204133106 111 624 5102
204867664 117 308 5122
206261568 119 644 5156
207072342 102 558 5175
208284464 114 301 5205
208525051 104 790 5211
208991947 105 87 5223
209361164 104 652 5232
209471422 106 666 5235
210155867 102 294 5253
212068988 108 889 5302
213378289 102 277 5335
213752325 101 253 5345
213961717 118 539 5350
214208745 111 961 5356
214456238 111 649 5362
214760062 101 739 5370
215298617 100 517 5383
215462257 101 475 5387
217279196 118 537 5432
217584008 101 15 5439
217706726 110 380 5442
217842452 100 88 5445
219425095 100 801 5486
220557135 115 545 5515
220682085 118 55 5518
220886656 104 537 5523
222084250 119 888 5554
222561751 101 407 5566
222793197 109 233 5572
223035684 104 893 5578
224042894 107 378 5603
224937597 104 487 5625
225420077 109 339 5637
225952066 101 153 5651
226404333 114 229 5663
226534224 108 443 5666
226842969 101 150 5674
227639366 113 275 5694
228875015 117 506 5725
229052443 105 636 5729
229417122 113 38 5738
229813636 117 989 5749
229973528 114 938 5753
230603096 107 416 5769
230921421 111 169 5777
232544255 106 504 5817
233985748 119 418 5853
234260766 105 184 5860
234980084 112 780 5878
236613386 113 938 5918
236794689 119 500 5923
237434697 102 315 5938
237569419 108 451 5941
238182342 107 232 5956
239010367 107 949 5976
240100258 113 580 6003
241368480 114 330 6035
242873268 103 601 6072
243199460 116 765 6080
243580779 103 578 6090
244119945 112 688 6104
244242629 115 822 6107
245169514 106 363 6131
246020229 102 458 6152
246654012 103 538 6168
249085178 112 21 6228
249647967 101 231 6241
249965742 113 565 6249
250047330 118 76 6251
250607446 100 879 6266
251142699 108 452 6280
251765493 115 890 6296
253718797 112 913 6345
253835892 102 824 6348
254155640 108 946 6356
254317188 100 920 6360
257184225 110 924 6432
257648409 117 181 6444
258054092 108 253 6454
258658180 105 137 6469
259446022 103 776 6489
261116454 101 272 6532
261850822 118 849 6549
262282347 102 960 6560
263202635 118 606 6583
263361002 101 254 6587
263399423 109 820 6588
263526444 108 970 6591
263943841 104 616 6601
263981954 112 115 6602
264281546 108 697 6609
264473213 118 322 6613
265765034 117 877 6645
266041026 101 315 6652
266352102 112 808 6660
266824145 110 959 6672
267513532 117 807 6688
271775389 101 957 6795
271965239 119 315 6800
273595558 110 390 6840
273980984 105 492 6850
276682565 107 488 6920
277649805 118 716 6944
277716053 103 95 6946
278080026 117 496 6955
279282110 108 358 6984
279449242 119 586 6988
279532564 112 267 6990
279901707 106 417 6999
281072159 113 669 7028
281227626 106 843 7032
281813243 107 944 7047
282729401 110 928 7071
284063890 113 163 7105
284222026 100 126 7109
285701512 107 902 7146
285879868 105 201 7150
286582348 110 843 7167
287204053 110 212 7183
287791452 107 736 7198
288979692 103 673 7227
289019375 117 797 7228
291457087 109 867 7289
291499694 118 780 7290
291622373 113 979 7293
292129428 107 234 7306
292206072 111 361 7308
292993209 106 97 7328
293175378 109 60 7333
293667304 111 428 7345
293702805 108 339 7346
294058354 116 854 7354
294144300 117 742 7356
294225503 114 33 7358
294394331 103 884 7362
294436953 113 320 7363
294912770 116 664 7375
295026065 100 996 7378
295396926 100 305 7388
296627550 100 55 7419
297754566 119 550 7447
298010736 112 618 7453
298862020 116 344 7474
299209904 100 803 7483
300148632 101 943 7506
300218980 116 4 7508
300306156 102 675 7510
300350737 115 611 7511
302077906 100 901 7554
302384169 106 475 7562
303238864 116 734 7584
303327263 101 381 7586
303973570 116 406 7602
304140395 109 299 7606
304529701 109 964 7616
304651955 111 959 7619
304814652 113 989 7623
304899634 118 78 7625
304987113 102 529 7627
305224638 108 767 7633
305963571 118 303 7651
306174217 119 371 7656
306535710 108 647 7665
306617901 100 801 7667
307704358 116 483 7693
307901510 112 598 7698
307977108 115 379 7700
308184394 109 203 7705
308609702 114 190 7716
308736596 104 354 7719
309032469 101 251 7726
309117052 118 329 7728
309806273 111 831 7746
309842650 115 915 7747
310613433 114 622 7766
312246190 103 474 7806
312645854 102 237 7815
313709674 117 223 7842
314255256 101 335 7856
315195520 115 22 7879
315803378 112 19 7893
315838544 105 0 7894
316631896 115 183 7914
316756633 118 876 7917
316803236 116 264 7918
318185441 111 107 7952
318388618 104 295 7957
319663797 109 352 7989
319700860 118 714 7990
321490262 114 535 8036
322256607 115 440 8054
322835346 107 316 8069
323850629 100 698 8094
323986277 112 144 8098
324391638 110 361 8108
324931088 102 727 8121
324970905 118 894 8122
325643585 115 77 8138
326239647 107 408 8153
326579840 119 59 8161
327079575 109 523 8173
329035620 103 364 8221
330188801 109 66 8250
330438937 113 749 8256
332156057 105 49 8299
332357740 109 897 8304
332677518 102 878 8312
332946167 110 45 8319
333303049 103 416 8328
335257245 116 424 8377
335937730 115 595 8394
336660059 105 913 8411
337129446 110 828 8422
338240011 119 50 8450
339551895 111 366 8483
339681371 112 657 8486
339949299 111 49 8492
340275035 101 219 8501
340315552 100 353 8502
340478791 117 887 8506
340646656 102 486 8510
341708356 109 367 8536
341996157 105 333 8543
342248059 105 848 8549
343754543 107 227 8586
346227664 107 85 8647
346303273 119 379 8649
346512713 111 489 8654
346891780 118 746 8664
347311501 108 565 8675
347997668 113 854 8693
349511382 109 992 8732
349631657 107 310 8735
349955090 103 561 8743
350526606 119 286 8757
350567357 108 287 8758
351008561 106 994 8769
353507786 119 141 8831
353796813 108 816 8838
354315850 116 9 8851
354350164 117 758 8852
354996884 103 81 8869
356007642 111 237 8894
356886635 105 533 8915
356964104 113 69 8917
357767664 118 275 8937
358977533 119 700 8967
360966061 117 162 9016
361435967 118 536 9028
362389248 105 615 9053
362690288 113 135 9060
363127172 111 290 9071
363610621 119 675 9084
363982705 107 698 9093
364720662 104 33 9112
365311446 118 208 9127
366573693 113 786 9159
366679831 114 401 9162
366847980 107 647 9166
367117638 118 193 9173
367313666 105 237 9178
368223916 109 890 9199
368436502 107 387 9204
368609620 116 134 9208
369342585 115 866 9225
369600118 101 139 9232
369759468 101 41 9236
370340431 101 589 9251
370817057 107 828 9263
372476395 107 74 9306
372803295 114 115 9314
373036408 118 638 9320
373192393 113 890 9324
373232967 103 866 9325
373473605 117 888 9331
375156012 109 158 9375
377740278 117 759 9441
379803882 111 718 9493
380075440 113 192 9500
380451629 118 768 9509
380609414 118 628 9513
380899854 100 634 9520
380984402 101 331 9522
381397086 118 728 9532
381776077 116 15 9542
382003184 100 18 9548
382577863 117 650 9563
383273699 105 786 9581
385750727 100 599 9644
387271787 108 319 9682
388109085 111 497 9703
388311886 117 342 9708
388341886 102 47 9709
389099349 116 550 9728
389142781 117 986 9729
389392716 116 55 9735
390059571 104 372 9752
390425653 119 956 9761
393801487 114 220 9845
394342773 109 245 9859
395204224 105 182 9881
395516442 100 730 9889
395622577 119 525 9892
395668696 105 329 9893
395837628 100 668 9897
396204895 112 953 9906
396253776 109 822 9907
397974832 114 955 9950
398377232 115 611 9960
