2206954 134 176 53
2656973 139 393 63
2935469 134 984 70
3546837 137 604 85
3669425 125 160 88
4368264 124 290 105
7880240 135 971 191
9303442 126 112 227
10044322 128 343 245
11454748 123 828 280
11983480 126 143 293
12146208 126 444 297
12994994 135 804 319
13067779 130 4 321
14096061 128 549 347
15350337 129 313 379
16516986 127 467 408
16758776 133 965 414
16930467 120 873 418
17649412 130 300 436
18483632 123 753 458
19250199 135 298 478
19370042 131 278 481
19899951 122 27 494
20092432 127 694 499
20661229 127 356 514
21046979 128 852 523
22833196 121 558 567
23106477 133 426 574
24686935 128 268 613
24720465 133 457 614
24877717 129 135 618
25581448 123 589 636
25614283 120 663 637
25946979 133 549 645
26922557 133 977 670
27405045 129 911 682
28358625 125 730 706
28470317 128 615 709
29688804 126 520 739
31765094 126 144 792
32012059 130 307 798
32123191 120 375 801
32675469 130 44 815
33080248 125 572 826
33497230 121 974 837
34139304 139 232 853
34692476 132 239 867
37458348 123 575 936
37633565 125 756 940
38402488 136 793 959
39030595 125 622 974
39271176 120 786 980
42169610 137 45 1053
42320262 136 346 1057
42476234 121 511 1061
44282252 121 290 1107
45579575 138 339 1139
46097022 125 46 1152
46338447 130 482 1158
46475147 135 672 1161
46848810 125 445 1170
47018739 125 783 1174
47267644 126 641 1180
48113565 136 86 1200
48433873 137 765 1208
48712264 126 542 1215
49024475 120 111 1223
49150545 138 507 1226
49284615 131 763 1229
49822587 125 784 1242
50416542 138 772 1257
52360564 130 790 1305
52557764 131 162 1310
52978369 121 854 1320
53116224 130 245 1323
53154667 139 407 1324
53421807 126 214 1331
53751936 124 389 1340
54142970 131 285 1350
55365653 131 306 1381
55698190 136 886 1390
56279608 133 590 1405
56477797 127 698 1410
57543972 123 149 1437
57744848 135 386 1442
59565472 128 59 1487
59980362 129 244 1497
60026218 132 121 1498
61744020 120 675 1541
61781245 137 895 1542
61998132 139 201 1547
62065865 128 364 1549
62186981 138 410 1552
62675110 124 929 1565
63000061 124 966 1573
63239728 122 626 1579
63408833 127 903 1583
63453054 128 629 1584
63582825 120 915 1587
63729994 134 617 1591
64082664 129 956 1600
64770165 131 375 1618
65548126 136 19 1638
65677663 135 647 1641
66380625 129 110 1659
67678762 122 291 1692
67721386 128 218 1693
67818405 138 375 1695
68719924 138 263 1718
69601816 133 669 1740
69726256 130 307 1743
70948050 133 687 1773
71434271 130 257 1785
71900983 136 375 1796
72953582 125 858 1823
73443778 132 741 1836
73540697 127 402 1838
73621061 128 857 1840
73942448 132 513 1848
74089682 135 417 1852
77467324 135 321 1939
78821601 124 995 1974
79159541 126 701 1982
79279511 136 500 1985
81307608 126 238 2037
81383268 128 659 2039
81474152 131 111 2041
82563804 130 237 2069
83728563 131 315 2099
84595162 127 788 2120
84776238 132 283 2124
85362742 128 293 2138
85933554 130 338 2152
86379702 138 87 2163
86579556 120 215 2168
86791909 135 970 2174
87202669 121 282 2185
87252669 138 747 2186
87387383 130 965 2189
87604060 137 388 2194
87914338 130 583 2202
88776660 137 778 2223
88815644 127 595 2224
89129573 138 711 2232
89239801 131 366 2235
90013241 129 294 2255
90365032 138 704 2264
90582093 138 526 2269
92755045 123 375 2324
93705168 126 98 2348
95186305 137 657 2385
95222167 136 109 2386
95352863 127 760 2389
95614165 123 387 2396
95816376 131 202 2401
95855601 123 840 2402
97528200 128 309 2443
97723197 139 738 2448
98804308 130 96 2475
100964139 135 519 2530
101124704 120 637 2534
101159994 121 388 2535
101715197 136 859 2549
101933094 122 482 2554
102088568 127 887 2558
102337732 128 98 2564
103455088 127 630 2592
103670919 131 151 2597
103710273 138 223 2598
105890847 139 610 2652
106447337 129 796 2666
106694218 139 12 2672
107281891 120 920 2686
107544335 122 163 2693
107915429 129 859 2702
108228501 135 289 2709
108829877 126 810 2724
108912182 124 865 2726
109199909 121 638 2733
109284142 120 3 2735
109578093 139 903 2742
109836329 129 168 2749
110279870 120 511 2760
110456069 133 16 2764
111056089 124 393 2778
111105521 138 619 2779
111139913 135 220 2780
111455402 127 852 2788
113459464 125 431 2837
113793135 133 511 2845
113915644 124 836 2848
115160289 131 764 2879
115639723 133 271 2891
117452245 120 907 2937
117491730 134 80 2938
117720415 127 331 2944
117852498 135 915 2947
118836743 134 539 2971
118945701 121 574 2974
119661697 132 270 2992
119848638 129 276 2997
119970150 123 910 3000
120018461 125 719 3001
120270178 126 626 3007
120716406 122 185 3019
122903453 121 52 3075
123274828 133 487 3084
124129985 137 7 3106
124405775 120 95 3113
124627925 136 862 3118
125206271 138 941 3132
125626949 127 238 3143
125661496 123 580 3144
126335776 131 880 3160
126613706 129 493 3167
127543005 123 897 3191
127646979 134 128 3194
129754014 133 577 3246
130194002 128 390 3257
130607092 139 5 3267
130805655 125 132 3272
131100534 138 768 3280
131340213 126 771 3286
133068533 137 658 3328
133649305 122 439 3342
135157293 121 296 3380
135316566 132 97 3384
135732997 138 812 3394
135913901 124 148 3398
136263954 132 780 3407
136527401 139 19 3413
137153000 137 392 3428
138649018 124 7 3466
139078347 121 299 3477
140254937 120 963 3506
140476549 126 160 3511
140514498 133 829 3512
140860147 125 46 3521
141138888 138 430 3528
142522372 138 73 3562
144380319 128 767 3607
145123029 137 141 3625
146735890 137 132 3666
147091742 128 730 3675
147308454 121 178 3681
147609981 132 712 3689
148381871 131 51 3709
149762031 120 211 3744
149921760 129 205 3748
151038461 121 104 3774
151383783 121 893 3783
151924490 127 679 3796
152904052 130 730 3820
153440950 132 188 3833
153480652 120 741 3834
155050634 128 882 3873
155211025 131 918 3877
155947882 136 519 3896
156244729 136 883 3903
157253350 139 98 3928
157506693 125 730 3934
158088471 130 702 3949
158256914 135 973 3953
158690017 122 594 3964
158772363 135 921 3966
158822363 122 708 3967
159622136 136 788 3986
160010010 138 320 3996
160559754 125 562 4010
160761119 128 465 4015
162021167 134 576 4047
162103214 127 604 4049
162617788 132 963 4062
163220199 139 486 4077
164355942 128 9 4105
164386946 135 280 4106
164972465 139 190 4120
165331306 124 202 4129
165459834 135 720 4132
168921179 137 309 4219
169377351 128 647 4231
169412633 135 378 4232
169629486 120 204 4237
170138421 135 260 4250
171579825 125 837 4287
173408263 125 921 4334
173690869 122 423 4341
173891518 121 765 4346
173932242 121 6 4347
174089404 133 180 4351
174867790 134 437 4370
174995238 138 78 4373
176011689 123 466 4398
176449566 130 855 4409
177613705 127 924 4439
178001823 135 50 4449
178358052 139 465 4458
179086928 124 58 4476
179215651 127 919 4479
179528420 138 419 4487
179573210 130 466 4488
181678504 126 642 4539
183193128 126 74 4577
184062984 122 860 4598
184688299 125 527 4614
185042769 122 856 4622
185457070 137 110 4632
185581214 132 672 4635
186185727 132 577 4649
186559833 137 153 4659
186608866 134 721 4660
186652262 135 235 4661
186723128 132 714 4663
187343802 136 101 4679
187507556 133 543 4683
187537556 122 884 4684
187740722 137 212 4689
188405858 125 734 4706
188759800 133 667 4716
189114740 135 315 4725
189230316 134 369 4728
190158361 126 641 4751
190676121 126 275 4764
191395814 129 31 4784
192064294 121 11 4801
192672772 133 542 4817
192705462 136 727 4818
192858004 124 689 4822
192970146 128 759 4825
193010579 131 547 4826
193267020 124 806 4832
193847590 129 122 4847
194465219 132 419 4862
194854665 128 743 4871
195015826 133 697 4875
195379263 135 136 4884
195679214 121 494 4892
196063372 127 354 4902
196818622 135 830 4920
196986671 134 10 4924
197621934 125 298 4940
197865178 126 47 4946
198348346 133 586 4958
198817416 127 860 4970
198921488 138 65 4973
200242444 136 960 5006
200322060 121 455 5008
200721660 132 200 5018
201380212 120 324 5034
201585697 131 577 5039
201872139 121 818 5046
201904586 121 751 5047
202214865 129 113 5055
203268579 136 526 5081
203409484 135 441 5084
205144655 136 56 5129
205317164 126 197 5133
205452938 136 591 5136
206174239 127 650 5154
206335929 125 974 5158
207546749 137 264 5187
207630700 120 707 5189
208072401 121 127 5200
208236846 124 864 5204
208731882 129 943 5217
208775079 134 770 5218
209431227 136 385 5234
209879107 135 233 5245
212187643 121 925 5305
212231007 128 316 5306
212266393 128 58 5307
212686835 122 998 5317
213231673 126 279 5331
215259805 124 241 5382
215782994 129 179 5395
217891115 120 453 5446
218208503 138 221 5454
218659777 125 603 5466
219112146 139 899 5478
219657724 134 138 5492
221694940 134 762 5544
223522413 133 123 5590
224858015 127 115 5623
226215437 124 841 5658
226574525 129 781 5667
226614873 130 384 5668
226717591 134 364 5671
226880136 133 594 5675
227857971 129 736 5700
228101262 132 55 5706
228269178 131 906 5710
229100055 136 759 5730
229659773 130 954 5745
229893636 131 675 5751
230399639 129 866 5764
231488576 133 985 5791
231564856 129 906 5793
232579606 130 490 5818
232758221 133 344 5822
233625838 121 43 5843
233762095 131 741 5847
234747256 127 348 5872
234897669 120 865 5876
235791959 128 990 5897
235973762 133 286 5902
236009416 134 336 5903
236248002 123 316 5909
236686260 135 584 5920
237013563 134 529 5928
237719877 129 0 5945
241297372 134 951 6033
241410101 122 817 6036
241590189 124 63 6040
241707209 132 289 6043
241794777 125 109 6045
243119429 129 382 6078
243611804 137 910 6091
244364373 122 692 6110
244608340 121 256 6116
244892177 132 825 6124
245388129 139 83 6136
245981238 139 236 6151
246701503 126 791 6169
247402344 137 684 6187
247522526 132 341 6190
247669552 128 575 6194
247965262 131 484 6201
248004208 121 409 6202
248586000 136 748 6216
248621514 138 821 6217
249166629 128 733 6230
249886364 125 764 6247
250950487 131 759 6275
252850055 125 71 6324
253105895 139 297 6330
253596954 127 505 6342
254108613 128 327 6355
254485048 133 733 6364
255933806 126 655 6400
256036547 130 148 6403
256351060 125 595 6411
256466396 134 647 6414
257807276 134 709 6448
258089898 120 31 6455
258151801 136 430 6457
258615992 124 331 6468
258771394 134 899 6472
258966134 123 992 6477
259016134 123 300 6478
259241901 128 232 6484
259863899 132 800 6500
259902859 127 206 6501
260580352 133 188 6518
261016968 139 263 6530
262073270 128 674 6555
263002127 126 657 6578
263316432 121 411 6586
263820877 135 743 6598
264064779 130 812 6604
264381546 129 501 6611
265175264 137 772 6631
265424205 129 918 6637
265508892 139 19 6639
265808275 123 576 6646
265929442 122 665 6649
265964629 131 521 6650
267250002 135 742 6682
268472742 137 766 6712
268940168 131 1 6724
269889888 130 320 6748
271133492 139 934 6779
271521234 130 178 6788
271883124 120 895 6798
273161533 129 471 6830
273497212 133 386 6838
273816067 132 882 6846
274717937 122 741 6869
274913319 128 386 6874
276503715 137 799 6915
276883979 138 703 6925
277928248 127 740 6951
279936530 124 38 7000
280053535 135 345 7003
281427222 121 730 7037
283079959 139 760 7080
284143066 133 793 7107
284344778 132 171 7112
286140347 133 416 7156
286670601 130 798 7169
288116932 136 248 7206
288275645 130 740 7210
289169365 124 86 7232
289306994 127 695 7235
289638413 131 903 7243
289688413 129 288 7244
289821474 124 446 7247
290336098 134 962 7260
291137573 121 369 7281
291576714 121 122 7292
292008451 124 821 7303
292345758 138 16 7312
292431647 121 629 7314
293144089 135 540 7332
294016555 123 247 7353
294317852 126 307 7360
294989825 123 852 7377
295171040 120 875 7382
296352590 133 113 7412
296422631 120 905 7414
296542778 128 886 7417
296669302 130 648 7420
297382660 121 196 7438
297533540 132 13 7442
298524851 123 905 7465
298645062 136 580 7468
299285144 130 457 7485
300433281 138 657 7513
300504476 121 836 7515
301174175 139 571 7532
301741420 128 584 7546
302542480 130 830 7566
303050247 139 799 7579
305889027 138 39 7649
307206038 134 876 7681
309521336 131 894 7739
310280440 139 259 7758
310650791 122 246 7767
311084161 122 968 7778
311778593 138 371 7795
311984398 138 77 7800
312115311 132 429 7803
312158472 136 617 7804
312524568 125 397 7812
314525438 122 696 7862
314927346 135 537 7872
315073918 123 492 7876
315161343 129 345 7878
315327082 127 430 7882
315761678 125 697 7892
316250142 120 504 7904
316329030 131 163 7906
317103106 129 746 7926
317234566 128 338 7929
317655589 120 540 7939
318807854 129 268 7968
319090479 122 610 7975
320391027 129 482 8008
320664721 137 590 8015
321536183 122 720 8037
321621553 128 410 8039
323435080 136 204 8084
323774056 120 192 8092
323956277 120 208 8097
324300979 136 387 8106
324690175 136 180 8115
326149291 130 632 8151
326833421 126 272 8167
326877174 138 642 8168
328190467 131 171 8201
328913015 125 399 8218
329194956 136 601 8225
329660721 126 842 8237
330989655 124 547 8270
332071656 138 642 8297
332433981 137 952 8306
332551396 120 727 8309
333745462 123 492 8339
334329931 136 23 8354
334587648 125 245 8360
336026467 137 619 8396
336915304 121 627 8417
337211040 120 254 8424
337385787 134 539 8428
337475448 131 566 8430
338113114 121 685 8447
338513526 138 14 8457
339352853 131 79 8478
340166002 120 96 8498
340361712 131 752 8503
340768540 124 330 8513
342579823 139 485 8557
342615618 131 27 8558
342893355 121 751 8565
343724332 130 172 8585
344041322 120 694 8593
345338662 136 359 8626
345685262 122 729 8634
345933185 134 305 8640
346647543 125 594 8658
346958808 132 302 8666
347588190 125 883 8682
347815336 135 838 8688
347846281 139 466 8689
348027668 126 296 8694
348141329 135 155 8697
348281313 125 659 8701
348865310 120 699 8716
348913352 137 92 8717
349027641 128 107 8720
349324429 136 62 8727
349557856 127 11 8733
350032625 122 113 8745
350972323 137 710 8768
352290268 123 889 8801
352625911 130 384 8809
353316811 133 844 8826
353837698 133 186 8839
354276840 130 443 8850
355525482 136 993 8882
355667306 124 645 8886
356476102 139 719 8905
357131346 130 66 8921
357880206 134 237 8940
358299410 133 789 8950
358588076 137 656 8957
358860677 137 516 8964
359559482 125 721 8982
359852765 122 586 8989
361361586 123 971 9026
361605808 138 642 9032
362654052 129 198 9059
362887957 126 569 9065
363267966 128 33 9075
363534638 136 534 9082
364105236 124 371 9096
365108715 124 2 9122
365505058 137 252 9132
366124192 134 598 9147
366489593 122 346 9157
366710461 133 440 9163
367009183 136 549 9170
367148603 120 543 9174
367569303 128 142 9184
367966402 126 323 9193
368177359 127 895 9198
368695259 131 949 9210
368868977 129 328 9214
369301017 138 803 9224
369493882 125 134 9229
370427647 129 413 9253
371793245 134 989 9289
371991261 126 15 9294
372392989 134 785 9304
372917638 124 95 9317
373279184 121 366 9326
373317372 121 494 9327
373892591 127 940 9342
375263890 128 824 9378
376023021 127 907 9397
378540060 121 285 9461
379065277 132 767 9474
379528115 133 381 9486
379720762 134 884 9491
379930323 131 626 9496
380573339 127 268 9512
381365949 138 804 9531
381657260 133 796 9539
381893404 125 585 9545
382943432 137 731 9572
383393046 135 294 9584
383430370 134 275 9585
385350158 134 270 9633
385393357 128 322 9634
386423428 139 753 9661
386502933 129 955 9663
386750254 128 562 9669
387659394 123 983 9691
389620584 128 785 9741
389700124 133 919 9743
389819384 126 716 9746
390878944 122 892 9773
391052404 139 427 9777
391127904 124 562 9779
392487093 129 66 9812
392566242 136 341 9814
393171745 126 408 9829
393518517 138 105 9838
393629023 136 695 9841
394312773 132 348 9858
394817484 132 370 9871
395249804 129 517 9882
396696295 136 802 9918
397193006 133 39 9931
397412408 126 728 9936
397846500 128 370 9947
398136078 120 645 9954
398219975 129 401 9956
398484153 127 174 9963
398652160 136 583 9967
398994382 132 125 9976
