17862 47 939 0
1083530 51 1016 52
1573520 57 531 75
1678274 53 1208 80
2772089 42 1773 134
2884826 56 228 140
3038824 43 446 148
3648087 49 71 177
4154843 43 1094 202
4316227 42 91 210
4737026 57 706 231
4783246 48 425 233
5159846 58 1919 252
5303521 53 1205 259
5603278 53 92 274
5749090 54 1508 281
5789420 56 798 283
6518053 44 1255 320
6859617 47 1104 337
7571583 52 1043 374
7595862 48 1785 375
7638260 41 546 377
7697336 41 1964 380
8115020 40 1894 401
8323265 57 1675 411
8528856 45 1384 421
8859863 53 681 438
8880652 55 509 439
9184551 42 1963 455
9277995 42 590 460
9313289 49 1627 462
9338289 49 815 463
9911442 48 1269 492
10119629 51 1486 503
10481447 49 1138 521
10501983 44 737 522
10688059 41 323 531
10731847 59 1866 533
10922757 50 1330 542
11193341 43 1904 556
11440555 46 146 568
11517635 59 1795 572
11662719 44 238 579
12109497 52 539 601
12260305 42 38 609
12299081 43 1218 611
12474237 53 1660 620
12551127 45 1813 624
12624068 47 280 628
13034687 53 311 648
13189160 58 1740 656
13597227 45 1035 677
13619586 46 1653 678
14351564 44 836 715
14882244 45 1344 741
15664443 53 34 781
15750200 48 1870 785
16149679 52 58 806
16194190 45 1435 808
16313073 56 1594 814
16354529 47 1710 816
16498317 44 1122 824
16673800 47 94 833
16769564 50 1547 838
16991832 48 652 849
17127325 47 1223 856
17280063 50 994 864
17514836 44 1421 875
17596173 53 18 879
17867970 51 856 893
17928917 58 1909 896
18465074 44 1031 923
18833872 44 1156 941
19108618 51 42 954
19284774 59 454 963
19326908 51 1910 965
20409362 51 1376 1019
20502454 58 51 1024
21255809 41 1089 1062
21597765 56 317 1079
21656803 47 1580 1082
22344392 40 1725 1117
22385646 48 813 1119
22642318 54 543 1132
22925967 51 1482 1146
22985794 55 1748 1149
23214112 57 1154 1160
23757558 45 613 1186
23850928 41 368 1190
24530642 57 878 1224
24662278 52 1568 1230
24799951 40 644 1236
25068039 59 1961 1250
25784318 51 429 1285
26080711 51 409 1300
26365582 43 1758 1314
26431763 44 342 1317
26452641 47 1901 1318
26595766 58 1277 1325
26799701 47 1280 1336
26991408 56 1818 1346
27265392 58 709 1360
27303517 58 1495 1362
28494270 47 837 1423
28622405 44 1049 1429
28791278 58 317 1438
29011867 43 577 1449
29028091 44 1801 1450
29364317 43 823 1467
29565149 51 1547 1477
29584114 54 1715 1478
29647434 49 1555 1481
30127429 57 839 1504
30377949 49 1549 1516
30669588 48 1373 1531
30692189 40 511 1532
30833478 41 6 1539
30911156 45 271 1543
31054445 44 1340 1550
31069583 45 610 1551
31963774 57 811 1596
32231017 50 1149 1610
32271265 58 991 1612
32732621 52 340 1636
32932665 59 1994 1646
32996250 53 724 1649
33068433 49 446 1653
33605940 52 1217 1680
33666953 44 1808 1683
33781815 50 1547 1689
33987224 42 220 1699
34023323 46 345 1701
34127282 56 1751 1706
34441055 43 965 1722
34702986 56 920 1735
35291546 42 314 1764
35455353 46 90 1772
35840183 51 1641 1791
35863013 54 1948 1792
36413229 54 1165 1820
36512510 58 1095 1825
36619230 56 1778 1831
36791019 41 303 1839
36991321 53 411 1849
37596612 40 794 1881
38693905 49 1547 1937
39083356 43 761 1958
39837410 54 1366 1996
40071577 53 1616 2008
40249466 47 318 2017
41035870 55 1981 2056
41074476 43 1435 2058
41528969 47 1707 2082
42802272 49 1418 2144
42884294 49 112 2148
43147651 59 1161 2161
43371983 56 162 2173
44342656 51 544 2221
44798777 54 1701 2244
44892945 44 742 2249
45861901 42 222 2298
45998962 56 1395 2305
46120602 51 1023 2311
46938062 59 1178 2352
47867381 48 1377 2399
47886787 52 1372 2400
48233232 50 429 2417
48729551 51 1252 2441
49126278 59 217 2461
49183188 40 1448 2464
49208061 47 22 2465
49244078 55 1171 2467
49341018 57 762 2472
49605834 41 1283 2485
50197125 52 409 2516
50439733 51 533 2528
50700756 42 574 2541
50754479 51 1066 2544
50920631 53 1893 2552
50985585 42 44 2555
51246133 46 921 2568
51349683 53 1521 2573
51585764 51 1227 2585
51938701 41 303 2602
51958168 52 1285 2603
52299991 41 1054 2620
52465872 55 1940 2628
52562977 44 1765 2633
53204843 41 1084 2665
53370085 58 1657 2673
53751605 55 1247 2692
53860813 48 1472 2697
53884361 55 608 2698
53980277 51 1052 2703
54156839 47 977 2711
54845450 48 613 2745
55398154 54 612 2772
55666284 52 627 2785
55817407 46 437 2792
55900286 59 1822 2796
56341314 44 524 2818
56695399 54 1222 2835
56857615 54 814 2843
56994105 46 290 2850
57017259 49 764 2851
57038300 59 489 2852
57139169 45 1593 2857
57483393 51 907 2874
58551718 44 498 2928
58686123 54 1660 2935
58782557 40 1445 2940
58803694 49 1718 2941
59056419 54 26 2953
59435030 56 59 2972
59658556 59 872 2984
59679790 52 1039 2985
61173684 53 50 3061
61357348 48 1766 3070
61550795 57 1689 3080
61740395 56 307 3089
61857541 54 63 3095
62223698 49 1952 3114
62289183 59 1721 3117
62773731 46 1946 3141
63202532 40 1998 3162
64127703 47 930 3209
64193692 42 1443 3212
64329603 57 929 3219
64613825 51 237 3233
64633469 51 828 3234
64677741 46 1627 3236
64738611 47 581 3239
65591298 53 1177 3282
65780393 42 401 3291
66270953 43 923 3315
66317584 57 1191 3317
66741914 50 395 3338
67411120 47 1554 3372
68700294 50 600 3434
68739404 55 528 3436
69103553 50 972 3455
69162199 57 1762 3458
69179245 48 1487 3459
69221655 47 1238 3461
69398901 52 929 3470
69519858 42 749 3476
69582468 51 81 3479
69715095 54 189 3486
69774275 45 138 3489
69829254 50 320 3492
70171421 59 272 3508
70471434 44 1698 3523
70532400 43 1852 3526
71014945 49 1315 3549
71537088 42 1710 3575
71878650 50 643 3592
72166456 41 700 3606
72441132 44 171 3619
72684936 59 378 3631
72965347 42 430 3645
73319622 43 1038 3663
73335373 47 339 3664
74552025 41 119 3727
75084310 50 535 3754
75626978 45 1491 3780
75885892 50 1926 3792
75940607 43 1244 3795
76362259 50 854 3816
76781304 52 1774 3836
76963220 46 1043 3845
77485270 41 210 3871
77856408 50 1775 3890
77995601 44 1807 3897
78969051 58 466 3945
79496000 47 284 3971
79719075 45 880 3982
80458279 50 126 4019
80475898 53 1281 4020
80497223 40 1230 4021
80610829 40 169 4027
81174007 48 153 4055
81634148 59 990 4078
81710315 41 427 4082
82257694 54 1965 4109
82976271 57 525 4145
83567744 47 515 4175
83897368 42 1951 4192
83914041 52 255 4193
85292316 49 509 4262
86009156 55 318 4298
86508969 43 1618 4324
86826043 59 531 4340
86885606 52 1448 4343
87082697 43 701 4353
88123830 40 939 4404
88376276 49 1394 4417
88592409 48 411 4428
89439661 40 962 4471
90352196 58 1081 4515
90494434 57 1615 4522
90857111 43 786 4540
91070776 45 1494 4551
91666280 45 1620 4581
91744097 46 1472 4585
91792328 46 1617 4587
91854801 51 1377 4590
91932417 43 1268 4594
92155486 40 928 4604
93690854 55 1224 4680
94238220 52 535 4708
94361273 51 900 4715
94398265 49 382 4717
94516417 55 863 4723
94593135 46 468 4727
94721607 49 969 4733
94839468 45 1280 4739
95022764 56 215 4748
95100433 50 1522 4752
95534569 51 299 4775
96106130 53 1152 4805
96529216 57 1065 4827
96964684 57 1899 4849
96989684 50 1589 4850
97366213 41 479 4868
97447400 49 865 4872
97490522 46 1849 4874
97804263 48 708 4890
98115033 51 734 4906
98893350 46 1537 4944
99135882 51 561 4956
99368436 50 656 4968
99474878 52 1653 4974
99970189 41 373 4999
99990481 45 1721 5000
100099649 56 562 5005
100403547 58 1190 5020
100806731 46 166 5040
101387949 47 188 5069
101422905 47 537 5071
102050420 50 1517 5101
102277212 51 1481 5113
102400338 46 1100 5120
103677068 40 639 5182
103834182 55 1612 5190
104201923 50 536 5208
104221276 40 606 5209
104298142 56 1789 5213
104656127 59 1735 5231
104810097 44 1404 5239
105093360 44 250 5254
105188281 47 171 5259
106671778 42 1170 5334
108245177 59 510 5413
108370228 56 435 5419
108416495 46 1132 5421
109122548 45 838 5455
109219400 46 1533 5460
110627369 43 364 5533
111340421 45 650 5569
111539249 55 922 5579
111823032 45 463 5593
113181538 44 1263 5662
113341674 50 964 5670
113626777 59 1295 5685
113867601 54 781 5697
114687233 43 1274 5737
114739023 49 634 5740
115103202 53 1212 5759
115262801 44 1319 5767
115366624 42 1825 5772
115436792 47 1232 5776
115835101 53 785 5796
116395502 52 254 5823
116794873 52 1290 5842
117034102 49 1023 5855
117187443 55 314 5863
117332769 47 1681 5870
117392284 48 894 5873
118763825 50 255 5940
119173485 44 149 5960
119398895 44 1581 5971
119738476 50 201 5987
119910531 56 601 5996
120053407 54 672 6013
120113127 45 1745 6025
120129522 40 148 6028
120225171 52 1001 6047
120310653 51 1876 6064
120357052 59 1590 6073
120452653 44 916 6093
120527015 47 555 6108
120532656 49 50 6109
120540610 44 312 6111
120597103 42 901 6123
120622474 43 551 6128
120695838 51 1934 6143
120855978 48 1414 6175
120878087 44 20 6180
120909246 52 72 6186
120942543 45 349 6193
120951238 44 1625 6195
121050715 58 1223 6214
121099905 59 1232 6223
121152360 51 1324 6233
121180600 47 1903 6238
121207793 45 414 6243
121266094 46 509 6255
121460147 53 1365 6297
121505014 46 1559 6306
121528097 45 1105 6311
121607449 58 24 6328
121691460 41 926 6344
121717613 48 42 6349
121807899 44 1088 6367
121864929 43 1261 6378
121890377 51 486 6383
122002206 53 567 6406
122073712 55 1704 6421
122108782 57 1776 6428
122152394 50 171 6437
122281738 51 1094 6464
122396832 43 397 6487
122467132 43 1634 6502
122478510 50 337 6505
122523256 57 1323 6513
122536881 44 1812 6516
122630426 59 575 6535
122724545 47 896 6553
122730070 57 1655 6554
122811398 53 822 6571
122834424 53 1184 6575
122870578 45 808 6582
122879687 58 1028 6584
123041822 59 1297 6614
123045604 45 1633 6615
123105272 40 1222 6628
123136676 44 1500 6634
123148247 58 211 6636
123274723 40 743 6661
123293992 52 1726 6665
123351510 45 1118 6676
123505960 58 526 6706
123588167 53 1162 6723
123772511 47 817 6760
123828878 56 1863 6771
124166174 44 788 6839
124177028 46 1726 6841
124374696 45 1852 6883
124565643 50 1280 6924
124646063 59 947 6940
124734733 40 1273 6958
124772530 41 1279 6965
124819018 58 1525 6974
124825205 40 1933 6975
124874909 41 1461 6985
124887139 43 1826 6987
124932894 46 302 6995
125041613 51 146 7018
125085556 54 1479 7026
125135835 48 915 7036
125282803 58 1335 7068
125301026 52 1090 7072
125335763 53 1337 7079
125398881 50 1848 7092
125567371 53 62 7125
125591104 49 1216 7130
125610433 56 817 7134
125614245 40 1666 7135
125626615 54 735 7138
125742582 50 193 7160
125747973 52 1936 7161
125938965 58 1026 7200
126008979 56 430 7214
126039343 42 871 7220
126048104 54 555 7222
126106608 49 1804 7233
126153207 46 1485 7242
126303151 55 191 7272
126457777 41 1276 7304
126524663 40 671 7318
126778451 54 245 7368
126893188 43 1463 7392
126955632 42 1427 7405
127190690 42 1796 7452
127208207 42 1965 7455
127296298 54 990 7472
127332221 42 1971 7480
127381200 51 1779 7490
127514327 52 1224 7516
127616576 57 436 7536
127622358 51 103 7537
127779034 43 910 7570
127841451 41 67 7583
127852529 50 231 7585
127876108 46 411 7590
127992552 47 172 7613
128032677 41 561 7621
128085014 48 532 7631
128146221 41 568 7643
128151882 55 1258 7644
128242508 47 1460 7662
128283216 43 74 7670
128302251 47 499 7673
128323048 58 154 7677
128394102 44 1117 7691
128444990 57 1772 7701
128484486 58 674 7709
128489886 57 1736 7710
128545676 42 992 7721
128615625 50 336 7735
128803448 53 1336 7773
129143256 48 1596 7839
129148661 53 1423 7840
129151977 45 857 7841
129182684 50 771 7848
129508102 48 659 7911
129585705 50 1367 7927
129673257 52 1466 7944
129789109 44 1551 7967
130074444 46 422 8026
130119678 49 1581 8035
130197027 48 1452 8049
130269755 58 1202 8063
130291104 53 808 8068
130299569 59 78 8070
130401070 44 227 8090
130424237 46 868 8095
130428833 42 665 8096
130440206 45 756 8099
130602850 59 1325 8130
130631685 47 1585 8136
130679371 50 1556 8145
130682475 58 455 8146
130831959 54 1880 8175
130899320 43 1584 8188
130904003 49 1668 8189
130942623 51 1973 8197
130983992 58 1487 8205
131038185 42 241 8215
131084740 45 778 8224
131258573 52 664 8259
131327871 58 50 8274
131345018 55 1184 8277
131375927 54 1303 8283
131549030 57 1908 8318
131604849 52 1162 8329
131616660 51 711 8331
131627162 43 1681 8333
131635838 43 500 8335
131721360 52 69 8353
131834204 57 601 8375
131998184 40 535 8407
132014096 48 1420 8410
132072995 50 853 8421
132117977 54 1672 8429
132150380 49 1359 8436
132206697 41 1688 8448
132286505 46 567 8464
132305078 41 1425 8468
132374556 50 1274 8482
132461519 44 158 8499
132603077 52 1346 8527
132681059 41 859 8542
132709265 58 1477 8547
132933616 45 426 8591
132949285 52 213 8594
132978060 54 1725 8600
132993774 49 328 8603
133012034 48 940 8607
133042876 51 397 8613
133260170 57 1718 8656
133293783 49 966 8663
133335593 42 902 8672
133478630 50 427 8703
133518421 52 1452 8712
133614708 56 1306 8731
133705994 51 1662 8749
133942592 42 417 8797
134103113 43 1981 8828
134205972 50 1008 8849
134235652 53 147 8855
134405485 56 1253 8890
134415388 45 37 8892
134432542 52 96 8895
134441579 58 1150 8897
134451557 57 349 8899
134695991 51 137 8947
134738488 55 756 8955
134787613 44 1020 8965
134812142 54 20 8970
134922852 42 1979 8992
134947326 49 1071 8997
134984011 58 77 9004
135010125 40 1889 9009
135014497 49 62 9010
135099911 42 701 9027
135154721 48 1749 9038
135268364 43 899 9062
135300283 52 1470 9069
135342310 42 1449 9078
135400212 59 1569 9090
135566535 53 33 9125
135638177 54 543 9139
135644328 40 233 9140
135685260 42 611 9148
135710442 51 887 9154
135730727 40 322 9158
135793840 58 1016 9171
135915452 58 223 9194
136241511 55 447 9258
136250456 47 308 9260
136256235 50 1408 9261
136332146 48 105 9278
136364769 55 1634 9285
136370697 41 1595 9287
136375903 43 1330 9288
136423975 50 1833 9297
136585132 58 133 9330
136715788 49 172 9357
136732836 51 1159 9361
136836333 54 292 9383
136869926 50 1906 9390
136898653 45 1132 9396
137078941 49 1839 9433
137181319 54 925 9454
137431321 57 1581 9505
137442620 47 21 9507
137536513 48 1090 9525
137774623 46 1723 9575
137787029 49 1395 9578
137827448 50 52 9587
137862438 45 1730 9594
137977144 42 592 9618
137982411 56 29 9619
138035751 43 443 9629
138070279 45 1614 9636
138097965 48 770 9642
138113124 57 1657 9646
138194253 47 250 9662
138235967 56 586 9670
138339340 49 1014 9690
138405586 50 1303 9704
138410195 41 1037 9705
138496949 47 1348 9723
138577455 41 299 9739
138645609 43 1282 9753
138830726 46 1403 9790
138882600 48 1218 9800
138904630 57 411 9804
138914877 41 1900 9806
138920143 54 38 9807
138966094 48 1299 9816
139102355 45 1948 9844
139115430 47 1623 9847
139214721 57 1451 9867
139263674 55 735 9877
139325218 55 707 9891
139371860 52 1551 9900
139376916 55 1992 9901
139387564 42 119 9903
139427758 49 119 9910
139604452 56 518 9946
139668942 49 100 9959
139680389 40 1003 9962
139781292 53 1494 9983
139791229 40 1593 9985
139849019 56 1945 9997
140083934 45 47 10045
140104847 48 1592 10049
140167182 50 1834 10063
140215439 54 731 10072
140221939 49 75 10073
140252776 40 878 10079
140299063 47 858 10088
140347788 46 1242 10098
140419664 58 1695 10113
140480510 55 170 10126
140698822 58 1102 10169
140787583 56 1419 10186
140902869 52 1308 10209
140988925 59 1641 10225
141080564 57 925 10244
141120972 57 1673 10252
141313170 48 21 10291
141451662 46 1914 10319
141472702 59 1663 10323
141544229 49 213 10337
141673017 58 146 10363
141784054 50 528 10386
141913679 44 170 10413
142158764 43 1483 10462
142237402 46 508 10477
142263058 49 1453 10482
142327249 45 51 10495
142342936 53 52 10498
142351138 56 1894 10500
142587503 40 1817 10548
142649906 46 282 10560
142686368 48 729 10568
142696554 41 1242 10570
142733393 55 103 10577
142805920 45 1262 10591
142828718 52 468 10596
142841389 56 960 10598
142856011 55 1492 10601
142861473 50 843 10602
142882740 45 612 10606
143018648 51 1775 10632
143068784 52 766 10642
143142230 47 668 10655
143224408 46 1520 10672
143300615 53 330 10687
143306911 51 449 10689
143317954 56 870 10691
143357670 59 792 10699
143409559 46 636 10710
143426578 44 648 10714
143443650 42 1460 10717
143552582 50 648 10739
143684378 40 269 10766
143727651 45 1169 10774
143775739 51 1769 10784
143897309 46 47 10808
144000460 46 270 10828
144017991 48 1708 10832
144234616 46 1639 10876
144384993 47 1875 10905
144389933 57 402 10906
144487296 42 839 10925
144554609 45 692 10938
144573438 44 173 10942
144693469 43 1741 10967
144782120 42 1369 10985
144817453 58 528 10993
144967888 56 417 11023
144974388 48 560 11024
144979671 57 328 11025
145304781 42 574 11088
145370259 45 370 11102
145376330 44 839 11103
145387805 41 1324 11106
145392013 51 945 11107
145546264 43 606 11140
145562203 48 1626 11143
145566831 58 1865 11144
145588201 41 499 11148
145632669 44 1872 11157
145758604 53 1076 11184
145849484 46 1420 11203
145863883 52 551 11206
145962696 45 845 11227
146130539 41 1828 11260
146143195 45 337 11262
146241168 55 419 11281
146438856 59 437 11319
146490226 53 1258 11330
146522181 47 1703 11337
146552006 51 1633 11343
146604460 46 1176 11354
146608223 46 169 11355
146641651 58 724 11361
146839240 45 1884 11401
146880219 53 1562 11410
146900137 51 685 11414
146923713 49 1089 11419
146939245 48 1258 11422
146981056 49 501 11431
147102655 58 1110 11457
147148521 52 1356 11466
147203022 58 1445 11477
147226042 54 584 11481
147257268 48 1671 11487
147285806 58 1252 11493
147319394 57 1724 11500
147390069 49 627 11514
147476757 44 1302 11531
147615930 45 906 11559
147764557 44 1401 11588
147790233 48 354 11593
147872344 45 150 11609
147970343 43 649 11630
148040901 46 1352 11645
148193933 53 1050 11676
148268914 58 1432 11691
148313005 53 0 11700
148409900 46 374 11718
148438248 42 284 11724
148446850 56 488 11726
148488285 55 1501 11734
148624331 52 158 11761
148627690 53 1680 11762
148649378 46 1623 11766
148819672 40 1422 11800
148948706 48 100 11828
148962461 53 1712 11831
149018385 53 779 11842
149062238 51 1714 11852
149140303 50 393 11868
149168091 56 497 11873
149294488 41 1498 11898
149310486 59 1486 11901
149395185 41 101 11918
149568080 46 422 11954
149584550 55 1807 11958
149680186 48 1108 11978
149724794 52 944 11987
149730787 40 539 11988
150003940 45 1735 12042
150022488 41 122 12046
150048336 40 1515 12051
150171690 41 469 12076
150256928 49 78 12092
150326387 59 430 12107
150345978 43 393 12111
150464727 53 1173 12136
150590731 44 1983 12161
150650667 50 1452 12173
150656643 57 975 12174
150719611 42 1635 12187
150728443 40 1634 12189
150770464 42 1358 12197
150780094 52 828 12199
150809959 54 1311 12205
150840610 40 1089 12211
150859166 55 1404 12215
151280011 51 1380 12302
151291183 42 868 12304
151354148 50 1728 12317
151399461 53 133 12327
151409857 48 757 12329
151427143 54 1668 12333
151447234 42 1813 12337
151480152 41 1809 12344
151556168 49 851 12360
151721453 48 1522 12393
151814891 44 1906 12413
151881919 44 856 12427
151893447 49 1516 12429
151966492 57 1349 12443
152155925 58 1066 12481
152176316 58 1308 12485
152237166 43 136 12496
152277354 40 1910 12504
152418516 53 1201 12533
152623014 45 1876 12573
152699467 56 190 12588
153086269 42 1605 12663
153090770 45 1680 12664
153096363 44 1192 12665
153132037 55 1434 12672
153156188 54 68 12677
153210302 44 226 12687
153296299 58 1938 12706
153364199 58 1506 12718
153471007 40 978 12741
153514078 56 1527 12749
153523382 46 974 12751
153598043 42 1543 12766
153642251 41 113 12775
153681862 49 1758 12783
153747713 46 1943 12797
153783100 55 1203 12804
153805142 59 1654 12809
153869003 50 1484 12821
153873032 43 1836 12822
153922231 56 1248 12833
154060163 44 722 12860
154133305 42 1532 12875
154143774 40 112 12877
154279265 44 48 12904
154287601 46 1432 12906
154411807 49 102 12930
154504178 53 746 12949
154832477 40 1387 13013
154836531 55 927 13014
154935804 48 765 13033
154945839 53 246 13035
155101182 49 675 13066
155258116 54 312 13098
155267880 50 685 13100
155391028 59 1752 13124
155396557 58 958 13126
155443242 53 734 13136
155527802 42 1255 13154
155771114 50 615 13203
155813265 46 885 13213
155837873 43 122 13218
155841205 52 886 13219
155949277 45 991 13241
156017313 43 1432 13254
156046458 53 1952 13261
156164854 48 1622 13284
156261435 52 541 13303
156311151 48 831 13312
156375973 49 1891 13325
156384692 40 279 13327
156395663 58 682 13329
156514178 42 1626 13353
156519878 55 1794 13354
156544937 59 585 13359
156641045 58 1103 13379
156650352 45 806 13381
156779575 42 610 13407
156970205 49 995 13446
156974846 43 1357 13447
157255175 54 746 13504
157265137 58 6 13506
157270826 46 1217 13507
157276327 51 1614 13508
157299100 40 525 13512
157334730 52 144 13520
157429249 41 513 13538
157448501 54 641 13542
157480571 55 1100 13548
157544301 48 225 13561
157565822 43 1141 13565
157599806 51 638 13572
157769771 56 1696 13606
157812174 43 1747 13615
157926811 54 1699 13637
157941600 46 601 13640
158036272 50 905 13659
158163542 56 517 13683
158171792 50 1224 13685
158231836 56 1743 13697
158242268 42 502 13699
158342770 52 714 13721
158354214 53 654 13723
158393664 55 1184 13731
158492079 51 268 13750
158831575 55 1887 13818
158879083 56 349 13828
159163021 41 991 13884
159293256 41 639 13910
159381473 56 204 13928
159387537 46 827 13929
159402424 54 1798 13932
159497878 42 322 13950
159546416 51 100 13959
159816142 57 1986 14013
159901403 40 333 14029
159916496 56 1699 14032
159946589 51 1102 14038
160077074 59 126 14063
160193655 59 1518 14087
160226084 57 296 14094
160374088 51 945 14123
160379853 54 1968 14124
160384589 58 444 14125
160420066 40 72 14132
160634427 48 27 14176
160646427 50 460 14179
160655382 52 645 14181
160670681 49 1828 14184
160697808 43 1117 14189
160739830 47 208 14197
160801134 44 603 14210
160913022 42 954 14231
160922896 42 205 14233
160945127 50 1418 14237
161143887 44 711 14278
161166116 59 1267 14282
161307925 46 629 14309
161518474 49 34 14353
161524732 46 890 14354
161587185 50 82 14365
161670901 48 1930 14382
161746557 44 684 14396
161809787 54 914 14410
161854081 58 980 14419
162160315 55 1412 14482
162199112 47 1395 14490
162379763 44 758 14526
162521654 47 1738 14555
162591351 45 207 14570
162830454 48 563 14619
162839086 45 839 14621
162956406 41 1192 14644
162999596 41 287 14652
163069792 48 337 14667
163139798 49 910 14681
163186673 46 254 14690
163283370 52 33 14710
163346179 49 1279 14724
163422649 46 277 14739
163427795 47 1066 14740
163575558 50 112 14769
163775991 54 1280 14809
163872235 51 346 14829
163877189 45 867 14830
163882692 40 746 14831
163904838 58 357 14836
164027373 43 16 14861
164087025 54 1040 14873
164175880 47 1446 14892
164256996 43 784 14908
164311388 58 183 14919
164409419 51 1610 14939
164673086 43 1753 14993
164755167 46 917 15009
164829936 50 417 15025
164942262 47 970 15048
165049659 54 116 15069
165079184 43 1477 15075
165189773 51 1761 15096
165226970 59 112 15103
165231307 49 549 15104
165265909 52 852 15111
165330289 46 78 15124
165484524 53 1633 15154
165500936 54 391 15158
165527236 47 716 15165
165589952 45 1185 15177
165743142 45 1677 15206
165812973 45 1901 15218
165945581 48 22 15245
166037425 42 1015 15263
166059539 45 1458 15267
166093980 43 1120 15274
166104236 58 1545 15276
166144418 55 1286 15283
166199225 43 826 15294
166297762 56 901 15313
166693203 49 1951 15395
166702221 45 1576 15397
166706780 58 329 15398
166776602 49 1891 15412
166781225 52 1887 15413
166858112 43 1887 15428
166894282 46 1410 15436
166961587 48 149 15449
166971120 40 565 15451
167005737 57 640 15459
167113694 59 17 15481
167125223 40 1068 15483
167134658 40 133 15485
167242470 46 524 15507
167398283 57 518 15540
167428317 52 1710 15546
167431133 57 1944 15547
167555634 59 1746 15572
167622417 40 381 15585
167641500 53 60 15589
167824376 51 1519 15626
168005061 40 990 15663
168037240 53 1078 15670
168138798 51 104 15691
168242852 53 1952 15712
168370669 58 529 15738
168382868 54 1331 15741
168439846 50 41 15752
168492862 54 1523 15762
168719550 55 31 15808
168742478 40 1232 15813
168759797 47 11 15817
168769556 57 759 15819
168920932 53 749 15850
168976467 45 737 15861
169040446 48 1986 15874
169051189 56 349 15876
169192171 40 250 15904
169269824 49 903 15919
169448113 55 208 15958
169513750 56 471 15971
169578128 54 1079 15984
169619170 40 1934 15992
169704827 44 986 16009
169772668 57 318 16022
169807885 57 224 16029
169897066 52 503 16047
169918173 53 1429 16051
169924083 53 1809 16052
170077622 48 36 16082
170146552 48 201 16096
170277422 52 56 16124
170286456 44 33 16126
170339213 59 1391 16136
170352678 56 1181 16139
170389035 48 147 16147
170432488 48 930 16156
170496381 44 248 16169
170548118 53 1417 16179
170820205 56 1588 16235
170852122 58 409 16241
170856770 50 1783 16242
170949444 52 517 16261
170982665 52 181 16268
171089638 59 1330 16290
171159859 42 1773 16303
171178188 47 149 16306
171270993 58 1117 16324
171335938 43 1607 16339
171419208 42 1696 16355
171429806 56 1543 16357
171437584 58 1199 16359
171585871 53 1061 16389
171644697 58 1808 16402
171654796 55 1303 16404
171740318 54 734 16421
171799685 44 1512 16433
171805804 53 920 16434
171922193 45 1824 16458
172078741 54 1159 16490
172246363 43 314 16524
172279714 55 161 16530
172416207 55 408 16558
172424960 42 628 16560
172506064 46 539 16576
172557552 50 1301 16586
172567810 52 820 16588
172577804 48 1800 16590
172785005 41 1 16632
172914268 45 1084 16659
172968016 46 738 16670
173001295 48 1946 16677
173147337 54 66 16706
173168831 42 895 16710
173233513 54 1237 16723
173254329 54 1611 16727
173313437 45 1811 16738
173325147 50 1229 16740
173431410 49 1457 16761
173536153 40 1862 16783
173743601 45 1268 16823
173835149 50 1861 16843
173901801 48 651 16856
173964907 52 647 16869
174016051 43 1059 16879
174056366 44 1334 16888
174146006 43 1163 16906
174172096 45 679 16912
174244808 59 165 16926
174637468 47 267 17006
174705331 48 917 17021
174772255 41 1827 17034
174875876 56 457 17055
174890940 56 964 17058
175101452 46 551 17103
175136227 43 176 17111
175147873 50 425 17113
175165675 52 1187 17117
175240738 55 1310 17132
175320897 45 1231 17148
175331326 43 1000 17151
175341993 41 13 17153
175422875 59 839 17169
175552041 42 1428 17194
175558214 51 321 17195
175748402 40 210 17234
175914428 43 9 17269
175935102 49 1766 17273
175982828 59 1890 17282
176010723 45 419 17287
176076330 43 1699 17300
176116619 41 840 17309
176338159 41 1008 17353
176615482 55 1829 17409
176624598 40 1232 17411
176639377 45 1361 17414
176647190 52 502 17416
176760392 53 1900 17440
176768085 43 38 17442
176782284 48 81 17445
177074156 43 1095 17503
177113398 46 65 17511
177151427 51 937 17518
177167572 45 1155 17521
177183227 46 1302 17524
177204475 54 1187 17528
177219126 56 199 17531
177425447 59 1717 17573
177441108 45 670 17576
177460846 54 1298 17580
177545645 50 201 17598
177581746 42 596 17605
177648741 41 954 17617
177664182 56 1274 17620
177674728 49 132 17622
177854644 59 437 17659
178009064 43 1783 17689
178135050 48 1631 17717
178210759 55 1752 17732
178244251 47 106 17740
178325240 52 728 17757
178537972 45 1568 17800
178684763 45 1257 17829
178689658 48 910 17830
178784160 59 1505 17849
178799704 48 1711 17852
178823179 50 1443 17857
178898344 45 1178 17872
179154442 55 451 17922
179167865 55 987 17925
179245610 57 1048 17941
179380550 50 1670 17968
179390331 56 1696 17970
179514336 51 125 17995
179540362 48 1089 18000
179719898 55 1765 18036
179839229 51 1989 18060
179896177 59 1309 18072
179904353 59 530 18074
179908835 46 1885 18075
180194241 57 256 18133
180208971 41 263 18136
180247629 43 531 18144
180361743 40 1861 18168
180368238 59 785 18169
180433025 53 1838 18181
180605718 56 993 18215
180625143 43 1778 18219
180824335 54 1983 18261
180864264 47 1608 18269
180880504 44 1294 18272
180939922 54 1354 18284
180955676 45 1348 18287
181156388 58 1299 18328
181282685 41 977 18355
181309336 58 1431 18360
181329487 41 1284 18364
181413183 58 1100 18381
181544903 49 1031 18408
181657049 45 1580 18430
181700683 51 1436 18438
181818929 42 710 18463
182063183 57 1652 18511
182098294 46 381 18519
182152975 59 198 18531
182195661 52 1180 18540
182252048 52 520 18551
182311212 51 1916 18563
182373232 42 126 18575
182424138 52 1343 18585
182477650 41 467 18596
182583655 58 1302 18616
182631934 54 1980 18626
182646098 54 1426 18629
182657040 51 438 18631
182685624 40 1220 18637
182828268 42 1800 18666
182864650 57 517 18674
182913579 54 1365 18685
182932561 42 78 18689
182943446 49 1522 18691
182959186 44 1393 18694
182973743 51 1408 18697
183031603 53 1793 18709
183154780 48 1367 18735
183273207 59 1576 18758
183687660 54 1608 18842
183884527 53 1412 18880
183927939 56 1015 18888
184009263 57 1063 18904
184039741 50 639 18910
184219056 41 1609 18945
184236581 40 1654 18949
184283242 50 1488 18959
184605539 49 1738 19025
184681514 47 1376 19040
184696566 48 256 19043
184838745 50 58 19072
184853207 43 212 19075
184856379 59 150 19076
184903484 58 1557 19085
184940832 59 1205 19092
184952599 42 61 19095
184957312 59 1378 19096
185004911 56 703 19106
185020848 56 139 19109
185033631 45 1333 19112
185066007 53 1351 19118
185116065 53 486 19128
185133222 47 1458 19131
185205951 51 1112 19145
185219667 59 1529 19148
185256910 51 351 19155
185297804 58 156 19164
185335603 47 1057 19172
185382826 53 1670 19181
185490223 44 939 19203
185504617 54 846 19206
185591750 50 835 19223
185666899 56 158 19237
185702622 52 115 19244
185739947 59 278 19251
185788813 43 1971 19261
185820392 53 850 19267
185892543 58 1290 19282
185925830 46 1853 19289
185936029 57 685 19291
186025374 51 917 19309
186068620 45 90 19318
186348076 55 567 19374
186472694 56 506 19398
186492989 52 1689 19402
186557468 49 915 19415
186592635 53 419 19422
186772767 59 1763 19459
186861174 42 1510 19477
186871574 51 1589 19479
186934088 45 1082 19491
186966219 43 1406 19498
187119989 46 77 19528
187167221 42 907 19537
187253199 53 1935 19555
187258544 58 1417 19556
187399989 40 537 19585
187599927 52 1185 19625
187757354 43 293 19658
187873439 48 966 19682
187899191 48 1942 19688
187949455 46 1533 19698
188070464 53 1621 19722
188100480 59 957 19728
188205073 48 607 19749
188230982 49 1106 19754
188246408 54 1240 19757
188266992 41 129 19761
188334928 50 882 19774
188523787 56 431 19813
188556030 41 135 19819
188600906 42 1955 19828
188605690 43 1365 19829
188716525 53 1707 19851
188864456 57 1222 19880
188915697 53 1219 19890
188936780 59 14 19894
188952877 56 748 19897
189027563 50 70 19912
189148733 53 1306 19935
189248353 49 1746 19954
189415416 57 1598 19989
189457164 57 1118 19997
