38174 219 3 1
354891 202 173 17
396081 201 580 19
857767 204 839 41
982673 209 1858 47
1125846 219 249 54
2204561 210 464 106
2255953 201 882 109
2337087 201 1688 113
2426037 212 251 117
2468937 214 1704 119
2724487 200 1218 131
2756396 214 1301 133
2840795 205 1076 138
3318895 206 150 161
3415859 217 1839 166
3453841 203 1349 168
3540815 214 1857 172
3687913 205 453 179
4101764 202 1812 199
4121668 212 504 200
4136668 217 1573 201
5120612 206 1135 250
5220006 218 583 255
5475988 214 521 268
5872362 206 119 287
6011991 209 1308 294
6406378 213 513 314
6801666 202 1001 334
7437804 218 981 367
7458410 204 1741 368
7478166 219 84 369
7760090 206 1444 383
8178377 200 1143 404
8214862 211 1066 406
8233787 202 1112 407
9292995 209 625 461
9531612 216 1326 473
9989554 208 49 496
10158239 211 519 505
10232462 215 408 509
10879315 210 234 540
11151864 211 835 554
11597874 206 1982 576
11701946 201 1181 581
11743804 202 1845 583
12222642 210 442 607
12282704 218 1218 610
12514752 207 302 622
12585372 200 1375 626
12641096 210 1367 629
12706127 218 698 632
12745088 205 853 634
12953173 201 492 644
13221137 201 268 658
13416824 209 1531 668
13504157 201 1721 672
13640303 218 570 679
13739560 208 16 684
13779380 202 734 686
13960608 214 48 695
14097389 216 900 702
14196976 219 278 707
14326564 213 1920 714
14498265 201 1519 722
15223549 215 1860 759
15967347 200 1508 796
16258624 219 1822 811
16397755 218 324 818
16458092 219 425 822
16577701 206 1077 828
16690982 218 1536 834
16914242 212 1225 845
16954198 201 584 847
17144234 218 775 857
17236818 218 828 862
18213348 203 983 911
18669777 203 505 933
18773246 203 157 938
19613585 203 1742 979
20040506 205 1350 1000
20375566 216 809 1017
20471694 218 1468 1022
20623593 205 1213 1030
20806866 214 1824 1039
21949016 210 1059 1098
22013994 214 1850 1101
22725307 213 871 1136
22967330 210 836 1148
23830287 209 1872 1189
24471260 206 519 1221
24489046 204 1084 1222
25247784 205 862 1259
25662452 202 270 1279
25729489 215 138 1282
25923103 203 346 1292
26045941 210 314 1298
26258113 203 1291 1309
26324027 218 1430 1312
26819901 211 637 1337
27165287 210 625 1355
27621211 202 181 1378
27642412 219 216 1379
27867836 210 1311 1391
27999815 204 277 1398
28164482 213 803 1406
29504084 212 495 1474
31147448 214 899 1555
31166108 213 898 1556
31352197 210 880 1566
31439141 204 354 1570
31746583 210 40 1585
32115794 211 1795 1604
32403318 210 378 1619
32797945 216 1847 1639
33527873 211 444 1676
33950083 219 979 1697
34478269 207 241 1724
34648698 208 56 1732
35533442 206 1259 1776
35670825 205 1299 1783
35906961 207 912 1794
35974219 218 1062 1797
36152305 211 1197 1806
36375446 216 928 1818
36887269 208 1176 1844
37064274 214 1961 1853
37163078 217 473 1858
37614013 214 618 1882
37658433 215 662 1884
38288270 213 1461 1916
38853465 201 327 1946
39062824 217 1688 1957
39289191 218 1782 1968
40147220 219 393 2012
40189106 204 510 2014
40415499 209 293 2025
40574035 208 242 2033
40613284 217 1990 2035
40712830 204 756 2040
40850672 208 532 2047
40875672 204 631 2048
40992853 217 1624 2054
41151313 210 464 2062
41316580 200 1437 2071
41845257 200 1284 2098
42084017 212 164 2110
42127666 207 1009 2112
42149092 209 1255 2113
42526677 218 147 2131
43046860 212 1924 2156
43305178 203 1618 2169
43736323 213 789 2191
43935967 205 230 2201
44003096 215 1114 2204
44321562 206 258 2220
44465793 212 122 2227
44599264 217 764 2234
44705343 200 155 2239
44764786 200 1173 2242
45127046 212 1489 2261
45376489 201 1417 2273
45525558 202 1331 2281
46532979 203 1934 2332
46575847 202 1595 2334
47292508 200 1991 2370
48108696 209 613 2411
48273562 217 952 2419
48352427 201 1894 2423
48586128 205 1107 2434
48781832 209 1457 2444
49082857 212 286 2459
49284402 209 1849 2469
50117218 217 1657 2512
50138992 206 1064 2513
51081617 212 317 2560
51528736 209 1203 2582
52282358 218 826 2619
52789915 200 1220 2644
53324567 213 20 2671
53682382 209 589 2688
54351065 212 1579 2721
54703823 214 189 2738
54826988 213 640 2744
54885709 218 1811 2747
55073228 219 919 2757
55592524 213 102 2781
56123930 207 1699 2807
56252497 218 1035 2814
56316314 209 1195 2817
56784606 202 1765 2840
57059691 208 1901 2853
57768772 215 542 2888
58037113 207 145 2902
58099198 208 352 2905
58258879 215 1647 2913
58331627 204 1684 2917
58451129 206 1797 2923
58627469 201 972 2932
58842392 216 1811 2943
59507351 208 266 2976
59722656 217 1428 2987
59809686 211 1250 2991
59906619 205 606 2996
59944396 212 1508 2998
60226123 204 1012 3012
60643020 218 1400 3034
60739540 211 541 3039
60756561 212 61 3040
61471004 203 692 3076
62007570 207 1077 3103
62245332 206 626 3115
62476649 214 260 3126
62522053 201 655 3128
62543305 215 59 3129
63152176 210 1599 3159
63470677 213 399 3175
64010086 207 309 3203
64045938 215 25 3205
64492167 219 1729 3227
64511148 203 1927 3228
64971782 207 823 3251
65457579 211 1087 3275
66211935 214 881 3312
66419424 206 830 3322
66460760 217 1763 3324
66969058 200 1788 3349
67469741 217 1859 3375
67678023 207 1829 3385
68298476 211 196 3415
68987933 202 1715 3449
69418277 209 1300 3471
69848701 213 1888 3493
70194909 210 1217 3509
71071520 205 1482 3552
71838579 205 1461 3590
71859205 206 149 3591
72031734 217 133 3599
72232162 219 1756 3609
72268090 204 733 3611
72499335 212 1993 3622
72728397 206 188 3633
72987976 214 1472 3646
73136527 207 1204 3654
73596503 202 983 3678
73688669 213 693 3683
73728669 211 1779 3685
73781551 208 560 3688
73937204 213 1048 3696
74075919 216 920 3703
74274677 209 450 3713
74431738 212 208 3721
75611978 203 412 3779
75840007 200 1067 3790
76192855 218 1239 3808
76407264 206 840 3818
76923031 213 80 3843
77299461 216 803 3862
77565136 208 1653 3875
77933883 212 2 3894
78012136 207 630 3898
78057227 205 981 3900
78167305 202 1202 3905
78486318 201 1512 3921
80189419 209 249 4005
80515357 210 891 4022
80760704 211 1994 4034
81657302 207 1859 4079
81674801 202 1777 4080
82000448 204 451 4096
82023421 204 41 4097
82957068 208 1122 4144
83063528 204 675 4149
83414169 218 1655 4167
83599388 211 1611 4177
83785703 211 650 4186
83838919 207 1002 4189
84375584 212 805 4215
84478827 206 470 4220
85051646 215 1499 4249
85484006 203 1853 4272
85525404 200 658 4274
85648103 209 1883 4280
86439217 201 1798 4320
86593494 214 7 4328
86626061 200 1036 4330
86644879 217 505 4331
87119391 201 1021 4355
87215478 202 1781 4360
87384550 202 505 4368
87600117 207 377 4378
88084183 217 201 4402
88103107 214 218 4403
88412673 209 1983 4419
88613239 218 1478 4429
88903879 202 1393 4444
89260922 214 98 4462
89460749 217 1745 4472
89804917 216 700 4489
89865504 207 864 4492
89990576 219 341 4498
90132142 203 590 4505
90586474 209 1661 4527
90774283 215 1620 4536
90976475 218 482 4546
91039040 218 900 4549
91219685 210 1322 4558
91244637 212 378 4559
91450087 204 611 4570
91615553 207 1033 4578
91894792 208 794 4592
92191473 210 1203 4606
92453301 219 1320 4619
92560891 202 156 4624
92748775 206 1503 4633
93068976 213 1951 4648
93712126 219 1714 4681
94286443 214 1029 4711
94343574 212 886 4714
94575239 210 934 4726
94657391 214 1559 4730
94862006 211 544 4740
94941207 216 601 4744
95043871 201 189 4749
95278465 210 912 4761
95356452 205 1968 4765
95493306 219 1402 4773
96697023 212 1744 4835
96825593 201 1469 4842
97068396 200 1923 4854
97316933 219 211 4866
97707395 214 798 4885
97860137 217 952 4893
98383220 214 502 4919
98429354 214 601 4921
98736131 202 883 4936
99061282 200 110 4952
99188270 207 920 4959
100074649 206 1384 5004
100178404 213 1188 5009
100200765 206 258 5010
100340695 214 565 5017
100424493 205 629 5021
100460036 212 457 5023
101244777 203 1214 5062
101550052 204 343 5077
101788572 208 558 5088
101827834 206 356 5090
101849078 208 723 5091
101992057 203 831 5098
102382366 208 1556 5119
102510789 212 1833 5126
102700754 207 47 5135
102844559 204 1374 5142
102868963 219 1377 5143
102987909 207 1976 5149
103008564 214 1937 5150
103216265 216 1965 5160
103371191 200 1044 5167
103416508 212 509 5169
104634780 215 1293 5230
104854958 201 1942 5241
105358569 208 1690 5267
105997827 201 1539 5300
106017840 212 1464 5301
106054701 200 1102 5303
106435741 209 489 5322
106541972 208 1399 5327
106756594 212 1373 5339
107323027 207 340 5367
108012844 212 69 5401
108208700 218 1910 5411
108613399 210 934 5431
108726123 210 169 5436
108984106 216 1687 5448
109579125 213 1376 5479
109735297 212 66 5487
110088074 200 1955 5505
110385229 204 267 5520
111213124 213 743 5563
111439594 206 1631 5574
111481570 202 797 5576
111578330 208 1315 5581
111808032 217 877 5592
111848032 205 1167 5594
112081417 205 1493 5606
112296792 206 1341 5616
112407472 206 773 5622
113529416 217 162 5680
113571679 204 308 5682
113850492 216 1921 5696
114299267 200 1817 5719
114369833 211 44 5722
114792225 211 1998 5743
115023716 200 560 5755
115636002 211 409 5786
116131247 204 1455 5810
116249888 208 699 5816
117208953 218 934 5864
117226805 212 313 5865
117465462 210 1472 5877
117537188 210 10 5880
117776996 208 1462 5891
118082778 207 139 5907
118465007 213 1956 5926
118591463 201 1920 5932
119442637 211 1575 5973
119992300 217 946 6000
120014137 216 1624 6005
120088769 209 236 6020
120139749 205 451 6030
120174949 219 1561 6037
120326478 210 1253 6067
120412453 212 1619 6084
120573934 205 1646 6118
120678026 209 3 6139
120787275 200 310 6161
120859995 211 1051 6176
120874868 218 572 6179
120918769 218 668 6188
120937719 218 273 6192
121019571 210 276 6208
121087901 203 563 6221
121157421 204 282 6234
121191270 217 1266 6240
121340772 202 1997 6272
121370051 216 1292 6278
121519231 207 1066 6309
121573212 211 963 6321
121871361 208 27 6379
121947847 208 1738 6395
122103486 200 1562 6427
122276834 215 1225 6463
122316026 207 299 6470
122338560 218 234 6475
122387259 206 1678 6485
122403276 213 1605 6488
122439982 218 1396 6496
122450843 207 1556 6498
122579928 218 1157 6525
122625591 207 1531 6534
122679821 207 1845 6544
122744367 215 1235 6557
122781083 218 1228 6564
122855691 202 1970 6579
122920930 204 551 6592
123029059 208 1793 6612
123088616 206 1211 6624
123169069 208 115 6640
123212454 205 1361 6648
123307728 218 812 6668
123511232 219 1930 6707
123610084 207 1083 6728
123734894 215 742 6753
123908507 211 1519 6787
124028034 207 1713 6812
124033143 202 1535 6813
124370886 219 1018 6882
124378499 202 1241 6884
124399747 209 488 6889
124491350 204 815 6908
124616753 209 1954 6934
124635126 205 1150 6938
124652111 217 1903 6941
124751469 211 124 6961
124798440 216 930 6970
124866753 208 152 6983
124937478 205 694 6996
125063020 210 1024 7022
125102224 217 793 7029
125195574 206 516 7049
125208846 219 857 7052
125235503 204 416 7058
125516862 206 106 7116
125586112 203 1279 7129
125618519 213 1271 7136
125672471 217 511 7147
126043691 216 1329 7221
126065557 217 175 7225
126136969 209 1841 7239
126256186 204 1144 7262
126791648 209 1916 7371
126849441 203 1949 7383
126904991 210 1625 7395
126973405 203 1661 7408
127049633 217 1690 7424
127239757 211 1474 7461
127291503 202 948 7471
127313373 217 559 7476
127385504 209 1377 7491
127551645 216 1905 7524
127673331 209 184 7548
127718589 205 888 7557
127722907 208 1325 7558
127792207 215 1703 7573
127802648 207 1657 7575
127832858 213 265 7581
127861176 212 769 7587
127987337 218 1038 7612
128273075 202 585 7668
128277252 206 539 7669
128353533 201 1672 7683
128375083 206 1419 7687
128385267 215 1288 7689
128415061 216 1033 7695
128566536 205 409 7725
128592713 214 1226 7730
128605634 205 1564 7733
128646118 213 1577 7742
128838916 202 1319 7780
128924014 202 1612 7797
128951248 214 45 7802
128985003 201 650 7808
129065829 210 1076 7823
129130905 215 569 7836
129138269 206 572 7838
129166262 201 356 7844
129220487 212 436 7855
129278379 204 1291 7866
129297138 219 1807 7870
129302109 200 1080 7871
129367171 216 1773 7884
129378645 203 1378 7886
129456658 206 1514 7901
129704951 203 87 7950
129744920 208 1100 7958
129873963 217 1383 7984
129893869 209 378 7988
129928600 219 1456 7995
130007840 217 1504 8012
130065962 201 1073 8024
130107344 218 1933 8033
130175096 201 38 8045
130184843 215 1290 8047
130226875 204 1088 8055
130264185 211 53 8062
130282128 218 333 8066
130337074 218 721 8078
130374251 218 672 8085
130492210 215 1686 8109
130502798 202 512 8111
130590287 201 146 8128
130620438 202 38 8134
130652913 211 247 8140
130693683 208 1023 8148
130786990 208 1128 8166
130950802 215 1673 8199
131042981 203 1351 8216
131150592 215 1744 8238
131224432 205 1238 8252
131316285 216 962 8271
131414833 213 1128 8291
131497456 205 942 8307
131564161 219 569 8321
131587921 213 264 8326
131706407 218 1544 8350
131716345 213 1463 8352
131824833 209 633 8373
131955501 200 351 8399
131961537 207 1581 8400
131971686 210 1953 8402
132047478 202 1080 8416
132292204 202 1767 8465
132297111 215 1470 8466
132444526 211 1420 8495
132587206 216 1070 8524
132613734 200 1840 8529
132655418 211 582 8537
132821260 216 536 8569
132953976 219 1348 8595
132998159 212 880 8604
133113734 207 0 8628
133130939 206 458 8631
133289168 215 823 8662
133339056 218 1451 8673
133649461 209 1826 8738
133767713 201 689 8761
133854134 207 1757 8780
133894361 202 1846 8787
133985895 216 240 8805
134076267 214 848 8822
134085097 204 1568 8824
134192636 213 1692 8846
134274614 200 1159 8863
134393853 200 532 8888
134447649 214 1483 8898
134596273 205 851 8927
134626977 204 646 8933
134640117 209 890 8936
134701364 210 86 8948
134850028 200 1789 8978
134874281 217 44 8983
134988430 201 585 9005
135061731 209 1001 9019
135172815 210 137 9042
135182053 212 1585 9044
135291881 213 1464 9067
135522558 212 140 9115
135535246 210 1532 9118
135584381 216 138 9128
135659305 203 208 9143
135830778 215 1713 9179
135843109 218 1184 9181
135892571 204 334 9190
136030720 212 796 9215
136145215 205 603 9238
136189398 213 272 9248
136232413 213 607 9256
136301473 218 1237 9271
136461511 219 350 9305
136472163 200 912 9307
136608807 212 1134 9335
136625789 206 1049 9338
136684669 211 1938 9351
136705017 204 340 9355
136752887 208 297 9365
136848952 218 1647 9386
136853045 206 712 9387
137065267 211 1735 9430
137083332 216 986 9434
137101296 217 1635 9438
137211795 206 501 9460
137310716 207 1235 9480
137448458 200 313 9508
137505243 204 1967 9519
137577283 203 285 9533
137624405 218 1442 9543
137674388 213 255 9554
137865856 212 768 9595
137877323 202 1442 9598
137929255 210 1657 9609
138075339 210 1793 9637
138093629 204 614 9641
138327183 212 1465 9688
138366708 213 1598 9696
138483128 209 644 9720
138545115 212 1802 9732
138568326 204 1761 9737
138573226 209 910 9738
138601286 205 535 9744
138697137 203 1437 9763
138793979 213 1717 9783
138933593 219 1871 9810
138975611 207 720 9818
139034919 201 468 9830
139078488 210 887 9839
139155804 219 1705 9855
139237504 210 167 9872
139271424 201 1405 9879
139290733 213 736 9883
139367565 219 579 9899
139398177 209 182 9905
139433629 211 1330 9911
139489775 203 970 9923
139537099 217 1517 9933
139595161 208 1077 9944
139628304 207 1815 9951
139690698 208 1664 9964
139754381 209 1584 9977
139936876 209 1889 10016
140019971 213 303 10033
140073169 217 463 10043
140240943 211 269 10077
140357423 211 332 10100
140393022 200 645 10107
140473947 208 317 10124
140495890 203 858 10129
140652861 205 783 10160
140827855 201 1655 10193
140869721 217 304 10202
140977522 210 1624 10223
140995425 202 1732 10226
141178873 200 1077 10264
141210230 213 1949 10270
141228467 201 1071 10274
141233176 204 1431 10275
141260319 200 829 10280
141300182 207 472 10288
141556416 203 1331 10339
141644574 211 1399 10357
141649036 208 1152 10358
141743217 203 1415 10378
141939386 217 1636 10418
142032771 208 1981 10436
142129064 214 152 10456
142273018 205 915 10484
142312089 200 316 10491
142487765 218 1700 10528
142660100 218 627 10562
142705852 215 903 10572
142763849 200 1317 10583
142975301 217 1150 10624
143113799 202 1566 10650
143228636 216 1709 10673
143359871 202 399 10700
143694950 213 475 10768
143791568 206 1266 10787
143835852 209 1351 10796
143923648 209 268 10813
143930148 206 910 10814
144005517 200 245 10829
144045812 217 1792 10837
144167289 219 203 10862
144425705 215 1025 10913
144476321 204 252 10923
144534617 201 621 10934
144549099 203 394 10937
144557455 211 1759 10939
144583844 217 1727 10944
144588645 214 416 10945
144592627 218 834 10946
144617534 201 579 10951
144623125 217 1498 10952
144660040 217 1609 10959
144739159 200 1499 10976
144885751 216 377 11007
144943983 213 422 11019
145037658 201 1779 11036
145070080 218 1088 11042
145225638 208 735 11072
145348502 214 417 11097
145438917 219 456 11118
145481314 208 144 11126
145653171 215 813 11162
145659671 208 1154 11163
145670786 204 1458 11165
145748874 204 1933 11182
145817413 204 199 11197
145833604 210 139 11200
145877882 212 614 11209
145888064 209 1981 11211
145921950 213 1992 11218
146148476 205 956 11263
146170864 211 1362 11267
146268562 204 111 11286
146504885 202 1295 11334
146535853 215 496 11340
146630558 214 263 11359
146771929 219 1646 11387
146852003 212 920 11404
146943075 208 1224 11423
147009560 210 82 11438
147039131 201 1938 11444
147117269 200 1651 11460
147132899 201 598 11463
147153777 207 1890 11467
147278497 219 379 11491
147422101 204 352 11520
147579129 209 1186 11552
147652352 215 1197 11566
147862190 205 317 11607
147866958 208 943 11608
147982030 219 589 11632
148103854 209 1366 11658
148119411 215 115 11661
148259397 218 689 11689
148265897 209 916 11690
148299046 209 748 11697
148343551 215 1721 11706
148514777 203 93 11739
148542453 200 1331 11745
148580312 212 966 11752
148740716 218 814 11785
148751265 217 1970 11787
148803911 201 271 11797
148896961 201 391 11816
148978269 202 1777 11834
149106948 206 1700 11861
149227332 205 1416 11885
149258648 208 469 11891
149283656 207 260 11896
149386002 216 1282 11916
149410339 201 998 11921
149420928 203 160 11923
149451521 205 516 11930
149533963 201 763 11947
149579630 216 279 11957
149600201 218 922 11961
149669851 201 1408 11976
149735171 207 878 11989
149766353 201 1270 11995
149771492 206 1817 11996
149796778 202 1725 12001
149861605 213 1780 12015
149865517 205 1192 12016
149892997 211 1805 12021
149950619 212 351 12032
149976463 209 545 12037
149982963 217 210 12038
149993247 201 44 12040
150082339 213 1710 12058
150162639 207 447 12074
150288378 213 1506 12099
150402427 210 847 12123
150450358 205 1402 12133
150627670 214 1399 12168
150641296 214 1456 12171
150790339 208 72 12201
150816420 204 415 12206
150938384 210 1087 12232
150976977 205 1403 12240
151008530 212 1997 12247
151128131 207 262 12271
151195397 211 114 12285
151210561 215 546 12288
151231334 204 1224 12292
151274767 216 1846 12301
151368710 218 890 12320
151500052 210 282 12348
151532225 206 1824 12355
151597741 208 140 12368
151657898 210 604 12380
151712755 217 1717 12391
151920125 208 453 12434
151979644 219 54 12446
151994216 217 1574 12449
152020211 207 1409 12454
152104499 217 1823 12471
152181496 214 60 12486
152289248 214 1344 12506
152412728 216 448 12532
152422853 207 1573 12534
152469709 200 59 12542
152478759 202 394 12544
152523274 208 315 12553
152641212 209 320 12577
152646178 211 1459 12578
152737010 213 839 12595
152752255 206 1527 12598
152778462 203 1441 12603
152953444 212 1102 12636
153075063 210 1112 12660
153194197 202 287 12684
153316834 203 1022 12710
153369411 200 1914 12719
153380605 211 887 12722
153607731 215 452 12768
153618734 202 1764 12770
153719857 216 705 12791
153800237 216 1390 12808
153827999 208 1409 12813
153842430 212 908 12816
153900612 206 496 12828
153932044 203 168 12835
154075080 205 1212 12863
154121682 219 683 12873
154176175 203 324 12883
154208476 211 271 12890
154245681 204 1074 12897
154292413 200 1118 12907
154507997 204 686 12950
154519199 205 268 12952
154567573 200 1845 12962
154727412 203 976 12992
154732594 204 1665 12993
155049676 210 1973 13056
155054793 215 57 13057
155140244 212 423 13074
155181788 213 1508 13082
155186536 203 947 13083
155219831 214 1787 13090
155234065 200 691 13093
155253341 219 295 13097
155279070 202 96 13102
155332966 217 361 13113
155394377 215 412 13125
155508555 207 935 13150
155522128 208 807 13153
155711096 219 1289 13191
155760672 207 437 13201
155779804 201 1580 13205
156004900 218 1040 13252
156051539 205 209 13262
156070467 201 1517 13266
156132437 216 1857 13278
156153496 200 1642 13282
156192575 207 950 13290
156197693 208 728 13291
156483943 213 312 13347
156604398 200 116 13371
156707917 216 1117 13393
156717716 214 774 13395
156741410 219 681 13400
156773347 218 1948 13406
156808947 219 1269 13414
156882392 207 933 13428
156901186 203 1522 13432
156923529 205 187 13437
156984810 219 20 13449
156991310 202 243 13450
156996714 208 98 13451
157001308 200 991 13452
157111977 209 267 13475
157139895 202 535 13481
157225247 217 102 13498
157360476 213 807 13525
157444295 214 30 13541
157538815 215 854 13560
157570726 215 257 13566
157605290 210 1848 13573
157618706 212 288 13576
157681892 202 949 13588
157793336 202 333 13611
157902010 200 353 13632
158030775 215 1301 13658
158047138 214 461 13661
158059488 219 1289 13663
158099249 201 1400 13671
158109020 217 1467 13673
158293348 211 708 13710
158430721 212 1155 13738
158465222 219 259 13745
158546697 213 74 13760
158635015 210 648 13778
158680338 213 1761 13787
158893684 218 1718 13831
158971828 217 1178 13846
159097192 216 845 13872
159112569 216 999 13875
159129610 212 121 13878
159180199 214 1875 13888
159196584 213 791 13891
159201653 219 1317 13892
159252735 208 775 13902
159259014 203 1490 13903
159299756 209 1212 13911
159540368 200 192 13958
159551671 206 369 13960
159577038 209 163 13965
159632393 211 1722 13976
159674133 210 1966 13984
159708306 206 1801 13991
159729709 211 1475 13995
159757234 215 1019 14001
159832226 206 242 14016
159932699 213 196 14035
160022999 217 1199 14052
160046147 217 1392 14057
160066579 204 786 14061
160102752 210 1875 14068
160199760 210 798 14088
160208488 217 504 14090
160219538 208 948 14092
160231878 208 1296 14096
160487514 202 1978 14145
160585621 201 190 14165
160650617 203 719 14180
160686656 205 1892 14187
160747339 216 101 14199
160850316 211 1303 14219
160876449 208 823 14224
161112879 206 806 14272
161149461 214 9 14279
161160707 218 1303 14281
161177363 211 950 14284
161241279 202 1708 14296
161326590 208 175 14313
161407122 214 1641 14330
161502124 205 946 14350
161605795 213 1660 14369
161696551 217 48 14387
162174472 209 383 14485
162222356 200 1966 14495
162245476 218 337 14499
162271208 203 1589 14504
162292022 200 861 14508
162349515 208 189 14519
162371812 209 453 14524
162417852 204 1171 14534
162431829 203 758 14537
162444166 215 408 14540
162565242 218 741 14565
162618162 204 692 14575
162621928 208 1220 14576
162749476 207 677 14602
162784339 216 406 14609
162821839 202 174 14617
162857935 218 406 14625
162884665 210 1995 14630
163134951 200 45 14680
163219520 213 188 14697
163298240 217 184 14714
163390867 208 1616 14733
163411120 202 708 14737
163458573 201 96 14746
163488454 212 1362 14752
163596227 203 939 14773
163702178 218 470 14793
163716064 202 197 14796
163896816 203 1348 14834
163913721 214 133 14838
163950173 213 647 14846
163971679 200 1423 14850
163984721 209 1825 14853
164071797 202 1546 14870
164135224 213 1040 14883
164155597 213 1585 14887
164203942 205 1721 14898
164233646 219 551 14903
164247118 202 1870 14906
164316054 202 1388 14920
164332392 219 319 14923
164371639 217 436 14931
164427139 204 1530 14943
164531123 204 648 14964
164569686 213 1791 14971
164800208 205 1898 15018
164871516 211 1456 15033
165094042 204 18 15078
165143614 204 833 15087
165252601 215 1825 15108
165257485 213 356 15109
165421437 201 1705 15142
165440847 203 1808 15146
165551071 208 1288 15170
165563001 212 692 15172
165622186 217 911 15183
165681220 203 1348 15194
165725165 205 1045 15202
165788012 208 1057 15214
165794474 204 331 15215
165842413 203 1668 15224
165852273 212 489 15226
165924991 201 962 15241
166116496 216 1854 15278
166261145 217 748 15306
166315024 216 1021 15317
166330766 214 605 15320
166418948 203 472 15338
166473865 217 1858 15349
166500136 209 1434 15355
166508905 210 1563 15357
166515405 212 657 15358
166577327 209 820 15371
166731081 203 1874 15402
166746137 216 1319 15405
166759757 211 592 15408
166786605 207 595 15414
166791856 214 1352 15415
166897981 203 1854 15437
167071823 219 1590 15472
167080771 207 1494 15474
167108430 208 1283 15480
167147541 215 123 15487
167181028 209 184 15494
167192275 206 1509 15496
167252647 202 422 15509
167286395 209 492 15517
167292749 207 1540 15518
167314313 219 1192 15523
167319520 203 1397 15524
167339800 218 913 15528
167408906 211 1803 15542
167424674 210 1089 15545
167546694 207 308 15570
167720172 205 286 15605
167987680 207 1035 15660
168141898 203 1951 15692
168215424 218 1353 15707
168379218 204 500 15740
168448834 204 612 15754
168487068 207 1482 15761
168527186 214 814 15769
168693234 210 152 15802
168698068 204 36 15803
168878844 208 1156 15841
169085325 210 1395 15883
169131435 207 28 15892
169136371 209 633 15893
169164922 209 4 15898
169284285 208 1853 15922
169628987 207 1503 15994
169723685 215 1058 16013
169728674 202 1662 16014
169760441 216 574 16020
169821092 202 744 16032
169879408 212 1312 16044
169885908 204 452 16045
169891317 203 1856 16046
169987452 211 541 16065
170092747 204 1642 16085
170228288 218 1165 16113
170383996 219 498 16146
170404975 212 619 16150
170418838 207 1029 16153
170569271 215 1531 16183
170577781 201 597 16185
170612262 212 212 16192
170672941 210 852 16205
170746182 205 861 16220
170847884 216 36 16240
170870777 216 1788 16245
171024505 212 1439 16277
171098626 209 639 16292
171113835 213 1110 16295
171209613 218 1650 16312
171244719 214 1643 16319
171556490 215 1202 16383
171577890 216 1080 16387
171598172 217 517 16392
171663473 212 1854 16406
171703202 202 949 16414
171714863 205 748 16416
171791620 210 102 16431
171926208 207 1541 16459
172013585 205 1845 16477
172035750 212 152 16482
172095136 217 1054 16493
172268258 207 770 16528
172387711 218 204 16552
172445410 213 1613 16564
172470511 201 567 16569
172490767 219 101 16573
172502558 215 1911 16575
172608309 218 1063 16596
172744059 219 585 16624
172752500 203 1775 16626
172759000 210 610 16627
172833706 203 42 16642
172859710 202 1722 16647
172877750 202 1823 16651
172896118 200 1801 16655
172958341 212 291 16668
172973274 210 208 16671
172988428 208 553 16674
173035124 218 1774 16684
173404094 203 1165 16756
173452954 217 1551 16766
173471949 209 522 16770
173500001 209 1991 16776
173639317 216 1159 16803
173704725 204 677 16816
173747946 201 237 16824
173804037 210 1947 16836
173881474 207 1378 16852
173913724 214 523 16858
174001434 215 1153 16876
174065860 212 723 16890
174088489 203 905 16894
174094885 219 1743 16895
174130369 204 1528 16903
174135279 219 329 16904
174258887 209 1870 16929
174262512 215 516 16930
174275611 212 137 16933
174416945 215 1473 16961
174607081 217 1401 17000
174679433 210 621 17016
174912848 210 478 17063
174927016 208 1500 17066
175012099 211 36 17084
175036187 208 1131 17089
175065988 203 1025 17096
175105343 207 1752 17104
175107863 207 1404 17105
175141883 204 142 17112
175291274 219 1003 17142
175308552 216 179 17146
175325676 218 1896 17149
175504578 206 1094 17185
175585784 217 1559 17201
175630284 212 1209 17210
175656771 205 1659 17215
175842218 213 945 17254
175886986 205 768 17263
175971199 209 153 17280
176044039 212 1284 17294
176213094 200 17 17328
176217784 204 731 17329
176377978 200 1332 17360
176399625 213 641 17365
176546609 211 1322 17395
176574607 203 824 17401
176785669 216 837 17446
176877782 213 1721 17464
176883157 213 1252 17465
176994565 219 555 17488
177000573 208 1352 17489
177020715 219 315 17493
177058818 212 1847 17500
177198623 204 710 17527
177307022 204 688 17550
177446596 204 838 17577
177538932 208 572 17596
177593644 219 1365 17607
177621104 209 350 17612
177780451 205 1800 17645
177794665 216 1665 17648
177801049 204 498 17649
177906695 209 551 17669
177919243 216 1864 17671
177968556 216 1091 17681
177984250 209 919 17684
178074542 209 826 17703
178140344 202 1094 17718
178171437 200 826 17724
178185774 202 1149 17727
178276261 200 1130 17747
178349837 208 1091 17762
178494247 204 543 17791
178548429 210 910 17802
178589316 212 292 17810
178599669 211 1118 17812
178739076 207 310 17840
178749864 205 836 17842
178828067 208 1092 17858
178878778 201 998 17868
178930299 212 1628 17878
179159735 207 1292 17923
179207715 218 1391 17934
179313692 204 434 17954
179340167 212 858 17959
179457514 210 525 17985
179468354 217 659 17987
179507836 202 1848 17994
179655411 208 781 18023
179742993 202 1892 18041
179858820 201 1016 18064
179900089 200 225 18073
179963629 201 697 18086
180120403 216 1129 18117
180158884 204 1605 18125
180161543 210 115 18126
180171346 203 677 18128
180280072 200 1734 18150
180499621 209 124 18193
180560397 219 674 18206
180711229 209 604 18238
180715687 208 473 18239
180797722 209 1472 18255
180839501 214 133 18264
181031681 214 1776 18302
181098330 204 1570 18317
181170171 215 1428 18331
181188774 203 17 18335
181233618 218 66 18344
181241289 208 1278 18346
181402201 203 1294 18379
181449977 205 1339 18389
181459188 203 1383 18391
181497936 204 799 18399
181556458 208 779 18410
181572855 214 1047 18414
181593159 200 655 18418
181614964 209 1088 18422
181758256 214 227 18450
181766813 203 1332 18452
181839971 201 93 18467
181857242 214 89 18470
181893699 202 565 18478
182036609 203 883 18505
182107462 211 852 18521
182119262 215 222 18523
182122870 200 359 18524
182143119 211 1901 18529
182215288 217 1670 18544
182362610 219 496 18573
182448285 204 1571 18590
182451920 201 596 18591
182501491 207 1090 18601
182513999 204 1014 18604
182560538 207 958 18612
182595009 213 719 18618
182651193 205 1056 18630
182783647 214 679 18657
182968864 216 1120 18696
182999133 207 987 18702
183118897 201 1244 18728
183161280 208 57 18736
183294240 210 1141 18762
183365353 210 1325 18776
183415780 210 830 18787
183527410 219 1037 18811
183612747 200 137 18827
183626809 201 141 18830
183736986 219 220 18851
183772275 211 1641 18858
183796957 211 460 18863
183800855 213 16 18864
183854406 212 625 18874
183979039 204 566 18898
183998415 218 1093 18902
184124607 206 248 18926
184288768 219 1847 18960
184385739 219 1655 18979
184404793 203 420 18983
184489174 209 14 19001
184616366 211 774 19027
184632841 202 1285 19030
184720101 203 1280 19049
184842226 218 1109 19073
184930383 207 417 19090
184977883 218 1472 19100
184982677 201 1395 19101
185177084 212 1636 19140
185200821 217 914 19144
185266635 209 306 19157
185271450 217 5 19158
185310338 201 84 19167
185315622 207 1399 19168
185352230 215 1872 19175
185637768 213 40 19231
185713288 216 1898 19246
185724799 213 1633 19248
185755089 219 998 19254
185846047 219 1473 19272
185921827 204 1015 19288
186074662 208 1917 19319
186120568 208 399 19328
186192168 201 1585 19342
186208303 213 1907 19345
186434736 206 1795 19391
186466423 210 1556 19397
186561244 218 1026 19416
186620729 200 1036 19428
186972719 218 719 19499
187017671 213 871 19508
187034953 210 379 19512
187085697 212 1624 19522
187324596 209 1749 19569
187341254 216 1356 19572
187403767 206 1431 19586
187430124 219 172 19591
187434840 211 1482 19592
187559604 218 678 19616
187579507 207 611 19621
187589062 215 581 19623
187619035 202 1016 19629
187639009 216 1579 19633
187679944 215 83 19642
187715684 218 930 19650
187803234 218 468 19668
188003326 206 248 19708
188045042 202 1489 19717
188050057 203 806 19718
188074295 203 591 19723
188111627 200 1110 19730
188127412 209 629 19733
188170932 218 659 19742
188215390 207 1535 19751
188309071 215 217 19769
188399058 207 1815 19787
188461907 212 1454 19800
188520246 207 1013 19812
188590967 211 624 19826
188648069 204 1961 19837
188693049 203 366 19846
188713011 206 1397 19850
188783536 216 1684 19865
188822281 204 779 19872
188870618 208 310 19881
188910634 202 1816 19889
188923801 202 910 19892
188964440 201 143 19899
188970709 205 778 19901
189011948 203 1120 19909
189054244 218 1310 19917
189080164 215 1748 19922
189192282 215 134 19943
189301550 201 1885 19965
