147914 141 1140 7
172914 142 1173 8
252185 158 1187 12
438774 143 1469 21
482402 156 1736 23
1448926 155 824 69
1485656 146 75 71
1732974 150 1146 83
1937857 140 843 93
2240953 156 907 108
2274344 145 1393 110
2548043 143 229 123
2589708 153 1871 125
2656499 159 1111 128
2900742 147 1032 141
3235696 148 1552 157
4251889 140 1080 207
4364281 142 644 212
4840462 152 909 236
4895465 154 1907 239
4997108 153 815 244
5394451 159 801 264
5537953 151 1715 271
6331345 159 1488 310
6369824 155 845 312
6581169 153 1533 323
6641364 142 401 326
6745139 152 294 331
6969127 157 1986 343
7301149 151 1409 360
8544816 150 1695 422
8917874 148 1774 441
9649994 145 691 479
9931657 152 1343 493
9968804 157 579 495
10063870 159 1043 500
10271109 156 455 511
10547760 151 1241 524
10751841 149 1419 534
10978897 143 568 545
11061837 143 1077 549
11172107 147 600 555
11212290 150 1232 557
11396217 146 1355 566
11781755 142 1743 585
11949785 153 1120 593
12015089 151 924 596
12169509 154 451 604
12375092 158 917 615
13110966 148 131 652
13394873 159 369 667
14291705 158 921 712
15104537 145 1156 753
15308631 157 1972 763
15426715 156 760 769
15503183 155 419 773
15592580 156 1564 777
15686675 140 517 782
15704128 145 38 783
15829758 158 635 789
16237457 158 89 810
16279978 158 1442 812
16375630 142 845 817
17160856 141 1526 858
17668524 140 1687 883
17889917 156 251 894
18236658 145 1430 912
18298039 143 1536 915
18340180 157 664 917
19534525 156 1134 975
19657465 141 1546 981
20000764 148 1632 998
20311238 152 1503 1014
21045294 158 1525 1051
21062892 152 1830 1052
21139891 140 735 1056
21179127 146 588 1058
21519284 143 587 1075
21638206 152 1072 1081
21674968 145 166 1083
21689968 144 1729 1084
21707904 155 991 1085
21797151 142 397 1090
21874449 157 776 1094
21891177 157 594 1095
22750307 151 1419 1137
22769173 157 1527 1138
22848401 152 272 1142
23275699 151 865 1163
23402582 147 1782 1169
24316226 141 1531 1213
24975282 145 1631 1245
25619543 153 991 1277
25803260 159 1256 1286
25966340 141 1139 1294
26163510 158 1928 1304
26631380 157 1274 1327
27481995 146 1051 1371
27659645 140 1812 1380
27830280 152 863 1389
28023170 146 655 1399
28118037 158 50 1404
28472383 159 982 1422
28828754 148 1813 1440
28933839 149 1572 1445
28991668 151 865 1448
29105079 147 606 1454
29130079 149 1073 1455
29246020 144 596 1461
29324178 149 27 1465
29603143 156 379 1479
30105743 143 680 1503
30256775 141 577 1510
30955825 142 446 1545
31112654 141 170 1553
32003846 143 233 1598
32697736 149 1136 1634
32974950 153 1658 1648
33102532 155 1483 1655
33244994 141 1592 1662
34007287 159 308 1700
34219633 145 822 1711
34341391 143 178 1717
34503269 155 846 1725
34608935 157 1332 1730
35093838 150 1797 1754
35112631 155 1407 1755
35799123 145 1273 1789
35927402 158 1289 1795
36265625 156 1706 1812
36946040 145 1439 1847
37105589 141 82 1855
37295301 143 715 1865
37385675 142 461 1870
37401875 149 468 1871
37456730 143 1149 1874
38339465 144 1823 1919
38990303 150 333 1953
39265627 151 1754 1967
39390874 143 1731 1973
39759178 143 314 1992
39895996 143 399 1999
40287773 144 775 2019
40531084 154 432 2031
41258796 142 1301 2068
41399296 154 540 2075
41748779 143 1603 2093
41907085 159 771 2101
42213346 157 390 2116
43009772 142 1453 2154
43167821 159 1782 2162
43320978 143 650 2170
43566544 147 250 2183
43714951 141 1860 2190
43781074 154 511 2193
43919329 146 816 2200
43979008 154 647 2203
44041187 154 450 2206
44216751 151 1302 2215
44238024 159 112 2216
45246342 157 1245 2267
45418406 145 433 2275
45563780 148 336 2283
45580033 142 71 2284
45934625 145 1420 2302
46081712 150 564 2309
46199713 154 1165 2315
46553894 142 218 2333
46958683 158 1479 2353
47223575 157 1911 2366
47348873 157 1534 2373
47370414 159 139 2374
48295803 157 43 2420
48395784 148 943 2425
48506312 158 1030 2430
48710610 143 583 2440
48840020 148 1286 2447
49691135 151 1332 2490
49849231 151 168 2498
50012025 148 215 2506
51367886 147 1660 2574
51979719 153 112 2604
52243966 151 1651 2617
52342725 158 175 2622
52541484 157 1302 2632
52727589 150 1856 2641
53283214 158 629 2669
53442406 145 1875 2677
54003383 151 1411 2704
54138211 155 252 2710
54728147 152 276 2739
54806341 142 1518 2743
55312276 149 759 2768
55448073 150 176 2774
55509454 144 1890 2777
55610087 150 1551 2782
55988244 154 1302 2800
56272143 148 25 2815
56548403 148 601 2828
57181677 144 552 2859
57425306 152 356 2871
58059526 156 1926 2903
58370572 141 1989 2919
58882669 144 130 2945
58905566 140 1532 2946
59959396 157 505 2999
60030182 154 1843 3002
60439313 155 1711 3023
60833201 146 653 3044
61060025 155 1449 3055
61101665 144 542 3057
61430875 140 1233 3074
61678873 151 892 3086
61927009 147 1092 3099
62113778 143 1399 3109
62134505 155 1523 3110
62349710 143 1545 3120
62369617 140 885 3121
62457392 140 1985 3125
62709616 144 507 3138
62914330 158 919 3148
63603137 145 348 3182
63864119 155 449 3196
63904184 146 1942 3198
64110585 155 1705 3208
64229626 144 1816 3214
64392097 140 1217 3222
64914001 157 1685 3248
65928634 141 832 3298
66615883 141 1129 3332
66781588 154 562 3340
66800906 145 964 3341
67097159 147 168 3356
67258824 146 1571 3364
67536138 157 1315 3378
68173019 154 907 3409
68464539 149 505 3423
68638763 145 897 3431
68852032 156 489 3442
69457662 155 1348 3473
69560436 144 1988 3478
70067410 141 907 3503
70364346 140 160 3518
70678092 159 640 3533
70721942 150 1471 3535
71518174 154 1294 3574
71758556 140 1348 3586
72096096 144 654 3602
72580127 153 1414 3626
72664947 149 1926 3630
72745264 157 537 3634
73407125 146 620 3668
73560500 152 59 3676
74360594 148 973 3717
74607665 141 74 3730
74645977 144 1177 3732
74705632 158 677 3735
74769141 144 482 3738
75040459 159 640 3752
75336794 143 1301 3766
76250255 145 1121 3811
76535070 154 639 3824
76661108 148 1523 3830
76818483 151 184 3838
76884465 141 1927 3841
77085516 149 1701 3851
77186638 153 377 3856
77259647 151 851 3860
77816828 154 745 3888
78208914 153 1908 3907
78685510 158 365 3931
79169353 140 1784 3955
79210374 157 1126 3957
79656873 157 163 3979
80145233 159 520 4003
80319066 156 1599 4012
80534503 153 1764 4023
80593109 153 264 4026
80889233 142 1474 4041
81032494 143 1917 4048
81208781 142 1295 4057
81263599 150 1931 4060
81733067 159 1583 4083
82060682 150 1490 4099
82320298 144 1763 4112
82607940 144 1138 4126
82905119 158 460 4141
83104512 148 38 4151
83139422 154 1381 4153
83509124 156 230 4172
83742289 141 1401 4184
84032895 149 723 4199
84272125 159 1034 4210
84834166 146 756 4238
84854022 142 301 4239
85335539 146 1252 4264
86419846 151 1200 4319
86525437 142 266 4325
86571888 146 1247 4327
86739859 156 844 4336
87361678 144 967 4367
87407921 151 228 4369
87759374 152 1614 4386
87955059 157 709 4396
88637461 154 301 4430
88884241 155 869 4443
89102651 143 930 4454
89240428 156 1561 4461
89393822 140 1064 4469
90075695 155 573 4502
90249448 159 1578 4510
91055776 145 757 4550
91113848 158 1679 4553
91555945 145 31 4575
91817328 158 947 4588
92111191 151 741 4602
92249582 150 1473 4609
92307448 157 1009 4612
92474775 146 1509 4620
92579817 144 81 4625
92945529 149 461 4642
93734562 151 1892 4682
93831411 144 1027 4687
93850516 152 1549 4688
93885402 158 1404 4690
93923631 143 247 4692
93957546 149 232 4694
94218756 140 896 4707
94271357 144 347 4710
94674832 157 1775 4731
95458685 157 992 4771
95512317 141 600 4774
95555647 152 1049 4776
95756335 152 1311 4787
95821886 149 1275 4790
96617435 154 518 4831
96657285 154 45 4833
96773745 148 1926 4839
97823521 143 1874 4891
97900888 153 1587 4895
98215124 143 1945 4911
98235424 141 92 4912
98277444 147 692 4914
98314412 154 1848 4916
98510706 156 991 4925
99036282 140 115 4951
99224418 152 669 4961
99606235 149 1059 4980
99670817 157 1803 4984
99820605 157 1026 4992
100237354 158 79 5012
100293356 140 136 5015
100318356 144 1218 5016
100753269 155 23 5037
100775699 159 1830 5038
100841690 151 301 5042
100910225 157 1272 5045
101026745 155 1677 5051
101342195 157 1443 5067
102087101 145 1465 5103
102258587 144 545 5112
102594771 146 1227 5130
102782740 144 1738 5139
103239189 145 154 5161
103890917 155 594 5193
104096845 154 834 5203
104279561 153 1167 5212
104401752 145 910 5219
104426752 145 1584 5220
104540479 142 1044 5225
104753274 145 1168 5236
105058484 140 354 5252
105615877 148 1404 5281
105636951 150 279 5282
105779998 149 358 5289
105976794 150 423 5299
106196949 144 1312 5310
106397631 148 20 5320
106632962 153 565 5332
106802784 144 1191 5341
107025881 142 904 5352
107208388 150 393 5361
107419728 149 873 5372
107607779 143 991 5381
107851486 142 51 5393
108533971 152 89 5427
108682316 143 125 5434
108811625 140 1372 5440
109313679 151 473 5465
110009003 141 1968 5501
110321589 142 110 5517
110871242 141 1436 5545
110931752 155 1098 5548
111375953 149 235 5571
112003093 143 139 5602
112096417 145 717 5607
112187104 141 1747 5611
112391406 149 270 5621
112811846 158 1574 5642
113160464 146 516 5661
113453811 155 1997 5676
113691383 140 215 5688
113753106 155 1054 5691
113911826 149 1332 5699
114242950 140 1618 5716
114460516 159 1421 5726
115815100 155 1994 5795
115991589 149 874 5803
116625577 153 269 5834
117016152 152 1528 5854
117874402 140 1834 5896
118022410 152 1735 5904
118609820 140 282 5933
118939097 146 1107 5949
118989097 144 1306 5951
119360331 154 1024 5969
119457637 143 511 5974
119861063 159 203 5993
119891063 151 1437 5995
119996602 144 1087 6001
120036815 148 960 6009
120041076 155 1134 6010
120117673 145 576 6026
120181449 154 1678 6038
120202685 151 1462 6042
120299978 155 1036 6062
120421008 159 388 6086
120471670 154 668 6097
120476220 143 134 6098
120512679 155 811 6105
120557155 143 827 6114
120570490 152 1208 6117
120668119 154 568 6137
120806618 155 1273 6165
120831852 145 373 6170
120841845 153 538 6172
121029691 157 1370 6210
121056555 154 662 6215
121077063 143 694 6219
121232424 144 287 6248
121351465 146 934 6274
121373011 150 223 6279
121423541 145 1659 6289
121797656 148 1656 6365
121840347 158 530 6373
121850456 147 285 6375
121885327 144 1090 6382
121932127 149 278 6391
122098623 159 650 6426
122197099 145 1733 6447
122230332 140 1552 6453
122250646 143 21 6458
122421079 145 533 6492
122436043 144 1036 6495
122453938 150 219 6499
122484239 151 578 6506
122499406 152 128 6509
122555744 156 503 6520
122571013 159 1729 6523
122636628 158 177 6536
122646399 150 861 6538
122775611 143 678 6563
122864595 158 768 6581
122941770 142 1511 6596
123056150 149 1670 6617
123191244 144 1890 6644
123235488 140 1757 6653
123361397 145 1847 6678
123386750 158 1793 6683
123491083 140 1925 6703
123584099 152 853 6722
123720618 147 1503 6750
123728906 151 1598 6752
123824408 152 1377 6770
124070042 158 577 6821
124092234 143 1255 6825
124241530 143 1624 6854
124430085 145 1229 6895
124534835 154 1610 6917
124555560 153 374 6922
124745105 153 669 6960
124829688 140 677 6976
124834490 141 1254 6977
124957364 151 578 7001
124976951 150 321 7005
124980321 145 1849 7006
125120111 158 480 7033
125157629 157 1630 7041
125262042 155 1216 7063
125359152 153 1123 7084
125408334 157 284 7094
125623040 158 1884 7137
125699345 154 484 7152
125753597 146 1549 7162
125794072 155 1970 7170
125904972 147 1379 7193
126170940 157 537 7245
126176717 146 338 7246
126285764 149 1685 7268
126289658 154 112 7269
126348913 154 646 7282
126365122 141 217 7285
126443199 152 493 7301
126472501 143 1277 7307
126536528 143 1041 7320
126684992 157 1336 7350
126690392 155 185 7351
126854548 155 949 7384
126863702 155 1909 7386
126992949 151 116 7413
127041297 145 270 7422
127108893 150 1409 7436
127147831 148 621 7444
127214004 151 1090 7456
127256163 155 321 7464
127328556 142 1387 7479
127371908 155 635 7488
127646178 141 655 7543
127753522 150 640 7564
127918611 159 1879 7598
127950525 140 843 7604
128070288 156 1817 7628
128231886 157 1460 7660
128369797 142 830 7686
128379975 140 1902 7688
128657432 145 330 7744
128716010 150 1921 7756
128782782 152 936 7769
128814457 153 622 7775
128818335 159 644 7776
128859305 151 677 7784
128877634 153 1801 7788
128917747 145 1306 7796
129096144 158 143 7829
129116018 146 1022 7833
129253388 144 299 7861
129462283 154 334 7902
129622126 159 986 7934
129698808 142 583 7949
129778529 144 1628 7965
129818164 150 1378 7973
129920477 146 1882 7993
129938300 147 314 7997
129980385 142 171 8006
130028328 142 106 8016
130080457 143 274 8027
130095085 144 127 8030
130162854 153 1615 8043
130320332 140 1175 8074
130363175 151 393 8083
130613460 147 1382 8132
130722348 144 1373 8154
130735348 159 1059 8156
130892966 148 697 8187
130972375 143 737 8203
131016251 154 1348 8211
131111605 140 1753 8230
131158909 148 149 8240
131191628 144 1316 8246
131254292 140 401 8258
131430005 152 1470 8294
131503092 159 1936 8308
131593283 141 677 8327
131676816 143 13 8344
131838680 158 193 8376
131865004 149 1749 8382
131913714 152 160 8391
132057306 159 1 8418
132084213 157 1938 8423
132266935 142 1128 8460
132364648 150 1550 8480
132402927 158 506 8487
132440477 152 422 8494
132448686 146 187 8496
132607822 152 12 8528
132841971 145 1908 8573
132879739 142 1638 8580
132913782 155 1090 8587
133037389 155 1469 8612
133189742 158 1817 8642
133326965 145 35 8670
133400614 158 625 8686
133424156 148 1997 8691
133502511 140 1096 8708
133554285 153 189 8719
133570340 146 1059 8722
133872143 151 1667 8783
133910962 143 1024 8790
134113492 143 686 8830
134291871 158 795 8867
134421683 155 696 8893
134514800 141 1985 8911
134585594 144 1849 8925
134617142 151 730 8931
135052345 145 413 9017
135212022 144 8 9051
135295464 153 1516 9068
135315554 151 1404 9072
135347922 146 261 9079
135548033 144 952 9121
135589852 156 1477 9129
135618150 142 686 9135
135819855 154 268 9177
135848766 147 1322 9182
135870962 146 35 9186
136061996 156 1649 9221
136211834 153 983 9252
136429265 156 1512 9298
136434040 147 1597 9299
136482773 141 1460 9309
136540840 150 1579 9321
136613703 144 1726 9336
136679238 154 220 9350
136688518 159 283 9352
136698676 146 1850 9354
136747613 159 707 9364
136772386 151 1536 9369
136785047 157 1398 9372
136789078 156 1276 9373
137023350 147 214 9421
137041370 142 1944 9425
137070541 154 1422 9431
137087474 149 1965 9435
137124514 156 1059 9443
137367454 145 861 9492
137495704 143 390 9517
137591919 159 778 9536
137932208 156 1828 9610
137947859 152 654 9613
138004036 145 1980 9623
138109743 142 400 9645
138127020 156 1538 9649
138132383 141 781 9650
138153000 144 23 9654
138249525 149 1602 9673
138275751 157 857 9678
138333683 140 1553 9689
138349094 146 1951 9692
138415885 141 1612 9706
138539964 146 449 9731
138563752 142 1930 9736
138803575 140 645 9785
138844842 146 1469 9793
138878271 156 1309 9799
138899924 154 1505 9803
138950324 140 1001 9813
139193945 157 691 9863
139222238 146 1249 9869
139249856 144 86 9874
139308136 159 1398 9887
139313918 155 988 9888
139345771 152 219 9895
139414758 156 1089 9908
139421258 144 138 9909
139438227 140 1357 9912
139469627 153 1225 9919
139505324 157 25 9926
139509226 156 465 9927
139560081 158 434 9937
139571560 146 877 9939
139676370 149 453 9961
139811532 157 309 9989
139852822 150 233 9998
139868676 153 1335 10001
139941885 155 1924 10017
140130626 159 1181 10055
140141889 152 1832 10058
140194945 154 68 10068
140272420 154 1474 10083
140292563 147 588 10087
140433175 150 1004 10116
140562201 156 623 10142
140679657 148 1796 10165
140686157 151 1646 10166
140713480 153 1727 10172
140730271 157 1193 10175
140761268 147 983 10181
140890087 159 1147 10207
141141511 148 1262 10256
141164932 152 627 10261
141245218 153 502 10277
141353717 142 395 10299
141404675 152 668 10310
141419079 156 109 10313
141435479 142 1908 10316
141446246 146 314 10318
141497661 141 1043 10328
141582632 150 1452 10344
141653828 144 1946 10359
141685372 142 868 10366
141846055 158 1179 10399
141851141 145 1338 10400
142021884 146 376 10434
142037562 146 1831 10437
142072352 146 265 10444
142163529 156 248 10463
142182128 155 532 10467
142198025 154 1356 10470
142473059 150 493 10525
142653600 145 416 10561
142722761 154 443 10575
142898425 145 1847 10609
142908130 143 1565 10611
142939504 145 1225 10617
142949713 150 706 10619
143124615 158 430 10652
143204385 144 443 10668
143220307 151 875 10671
143237616 155 1808 10675
143303478 142 319 10688
143323072 141 807 10692
143394715 154 361 10707
143483954 155 792 10725
143520349 155 1661 10733
143576637 159 179 10744
143631349 155 592 10755
143736110 151 1707 10776
143781445 158 1020 10785
143936468 152 1005 10815
143970374 146 486 10822
144029050 154 967 10834
144119028 150 644 10851
144205889 142 1009 10870
144228416 142 721 10875
144265351 149 875 10882
144281440 151 1323 10885
144416081 144 719 10911
144433117 150 896 10915
144471370 155 1028 10922
144490066 143 1651 10926
144545389 158 1405 10936
144633910 159 148 10954
144638236 158 137 10955
144664961 148 1959 10960
144681923 144 1127 10964
144758507 148 300 10980
144773422 142 493 10983
144796710 144 1172 10989
144902535 144 389 11011
145000288 142 396 11029
145242801 150 1184 11076
145463179 152 1067 11123
145490697 153 1260 11128
145495193 148 1535 11129
145503623 158 1587 11131
145526204 153 701 11136
145665350 141 1649 11164
145838047 142 407 11201
145860407 156 1631 11205
145912854 157 241 11216
146088468 145 157 11252
146153079 140 1014 11264
146273837 144 1180 11287
146525109 154 520 11338
146529915 157 1394 11339
146723715 147 180 11377
146758832 154 1976 11384
146796989 148 835 11392
146848077 147 1495 11403
146869462 151 764 11408
146951934 146 1584 11425
147075724 143 371 11452
147196522 151 385 11476
147219829 141 463 11480
147355309 145 810 11507
147383569 150 1578 11513
147482410 147 377 11532
147661155 141 1607 11568
147691050 145 192 11574
147786015 157 675 11592
147846259 144 1548 11604
147851482 151 490 11605
147950918 143 1520 11626
148073988 141 463 11652
148141156 142 303 11666
148198658 150 1765 11677
148204615 157 1133 11678
148225488 143 181 11682
148250063 159 1382 11687
148485195 152 1658 11733
148553913 145 1198 11747
148679914 147 1909 11772
148717682 155 366 11781
148938694 154 1944 11826
149178751 154 1107 11875
149205172 157 812 11880
149218416 153 1447 11883
149240606 143 587 11888
149271028 153 1082 11893
149333225 157 834 11906
149443108 146 1165 11928
149549151 141 1027 11950
149652171 154 375 11972
149750352 148 1369 11992
149788078 144 986 11999
149792536 145 1188 12000
149805588 157 1672 12003
149842857 156 1853 12011
149875805 153 1552 12018
149928876 154 1222 12028
150009037 143 999 12043
150012483 152 672 12044
150031571 149 1938 12048
150053861 146 639 12052
150120220 158 1686 12065
150165190 151 1281 12075
150232897 141 820 12087
150279320 151 1379 12097
150350786 157 279 12112
150359408 149 1225 12114
150389125 143 1569 12120
150599660 150 1226 12163
150707023 154 14 12184
150733714 149 873 12190
150744436 141 195 12192
150748864 153 661 12193
150836335 157 216 12210
150873519 148 757 12218
150928319 149 1919 12230
150949399 150 1241 12234
150999105 141 1521 12245
151054711 151 511 12256
151103078 150 1519 12266
151117941 142 1649 12269
151200519 150 1001 12286
151263280 149 1506 12299
151340041 158 1767 12314
151461762 151 1142 12340
151485496 141 102 12345
151718235 159 491 12392
151942452 151 1802 12438
152011550 141 1049 12452
152261371 154 531 12501
152315189 143 46 12511
152374189 158 784 12524
152506256 150 919 12550
152511512 140 1203 12551
152528531 153 1242 12554
152591887 158 1403 12567
152670760 156 1700 12583
152677233 151 619 12584
152710467 149 849 12590
152720668 140 225 12592
152771962 146 1700 12602
153010892 150 235 12647
153022932 142 1108 12650
153106877 148 1203 12667
153327779 151 858 12712
153465001 158 1251 12740
153652478 145 1885 12777
153693736 142 875 12786
153810770 142 1434 12810
153909773 153 188 12830
153916561 141 995 12832
153965136 142 689 12841
153995482 143 1974 12847
154105592 150 606 12870
154160635 150 1548 12880
154184755 157 560 12885
154203156 141 1601 12889
154213292 154 765 12891
154358498 151 1237 12919
154452002 159 1476 12938
154615833 143 1051 12971
154722183 158 1970 12991
154750950 148 1988 12997
154755526 158 190 12998
154766311 158 295 13000
154773377 157 1103 13002
154806598 156 703 13008
154929304 151 1608 13032
155001041 148 1806 13046
155014342 150 131 13049
155028342 141 1458 13052
155110934 140 1950 13068
155121686 153 408 13070
155400990 150 22 13127
155491158 141 1889 13146
155628658 147 1181 13175
155660515 144 1147 13181
155714824 151 971 13192
155795842 143 1424 13209
155898658 146 1821 13231
155911923 149 598 13234
156001342 146 954 13251
156039141 149 1824 13259
156245608 145 846 13300
156339686 156 30 13318
156504328 158 1784 13351
156626087 158 639 13376
156747215 156 497 13401
156784366 153 309 13408
156797255 150 1339 13411
156853885 140 335 13422
156929040 146 801 13438
156960201 145 1212 13444
157062500 143 1724 13464
157311677 143 481 13515
157505395 158 1853 13553
157518968 142 1105 13556
157523035 154 1032 13557
157528623 155 1144 13558
157676652 156 543 13587
157746557 154 414 13601
157820972 152 1216 13617
157833858 148 683 13619
157849699 151 5 13622
157890923 142 1851 13630
158014776 140 95 13655
158176156 150 421 13686
158211665 144 1064 13693
158404311 158 1919 13733
158469817 156 1398 13746
158487581 151 1756 13749
158624160 158 1752 13776
158655675 152 1586 13782
158725111 157 278 13796
158912920 159 1710 13835
159124496 148 849 13877
159220296 149 315 13896
159268418 150 175 13905
159423480 157 1828 13936
159446001 154 1573 13941
159481714 142 1362 13947
159509630 144 1008 13952
159566120 153 1780 13963
159690017 149 1231 13987
159692653 157 89 13988
160176281 146 1709 14083
160203498 145 1058 14089
160214988 159 442 14091
160294260 157 694 14108
160321306 152 623 14113
160416251 156 1496 14131
160431171 158 1997 14134
160734927 152 1513 14196
160755933 158 694 14201
160822159 157 422 14214
160845374 140 388 14218
160860394 155 671 14221
160896390 153 1521 14228
160909150 156 908 14230
161017022 145 96 14253
161105684 152 486 14270
161230858 154 1156 14294
161286152 159 94 14305
161317991 151 1848 14311
161334811 158 1183 14315
161373716 153 488 14323
161434710 144 845 14336
161440297 146 229 14337
161557466 147 667 14360
161629170 144 1141 14373
161643554 141 1910 14376
161705703 142 1741 14389
161740057 147 947 14395
161903316 158 1529 14429
162073313 148 149 14463
162153526 144 1672 14480
162262000 150 975 14502
162314250 152 194 14512
162364135 151 1113 14522
162384313 143 131 14527
162407665 154 173 14532
162439877 151 1541 14539
162462469 156 1515 14543
162512421 148 166 14553
162680538 143 1975 14588
162685815 143 583 14589
162699927 152 1207 14592
162779649 140 1145 14608
162803984 146 1722 14613
162848453 142 468 14623
162863859 145 1566 14626
162901136 144 1498 14633
163048168 154 1372 14662
163109925 159 1859 14675
163357943 155 392 14726
163379147 140 1432 14730
163659812 153 999 14785
163711712 153 1785 14795
163801891 147 331 14815
163928827 144 484 14841
163937223 157 281 14843
163966174 153 896 14849
164082233 155 560 14872
164132222 142 891 14882
164185401 148 767 14894
164239119 146 1672 14904
164277487 155 1814 14912
164389653 158 1619 14935
164446181 152 1162 14947
164548806 146 1776 14967
164573525 157 978 14972
164687449 145 700 14996
164704209 157 1271 14999
164808043 158 1824 15020
164845001 143 1079 15028
164849965 144 969 15029
164905027 151 1941 15041
164953198 148 1120 15050
164992350 140 1954 15058
165057913 147 300 15071
165308180 159 978 15119
165349749 141 1393 15128
165469441 152 657 15151
165612304 155 194 15181
165882620 154 1035 15232
165939081 158 1904 15244
166138966 152 425 15282
166243967 154 739 15303
166357645 159 226 15326
166367953 148 1772 15328
166388525 153 1081 15332
166546278 156 119 15365
166902926 141 634 15438
166929516 152 455 15443
167166424 154 711 15491
167222618 153 1110 15502
167239294 141 595 15506
167257105 147 357 15510
167261938 145 1598 15511
167383863 158 147 15537
167392962 155 1691 15539
167487044 141 1096 15558
167527002 140 524 15566
167898040 141 337 15642
167916078 150 1788 15646
167940009 144 1495 15651
168076475 156 1269 15678
168102538 155 600 15683
168116142 141 428 15686
168131212 149 294 15689
168151977 147 578 15694
168211019 156 87 15706
168308094 141 90 15726
168538193 156 564 15771
168601883 155 1712 15783
168679071 140 379 15799
168764872 151 479 15818
168807963 159 349 15826
168942564 146 725 15854
169120948 147 692 15890
169197564 149 1964 15905
169338998 154 1492 15934
169454025 146 1741 15959
169564489 155 447 15981
169583355 156 1591 15985
169644016 158 1034 15997
169849185 149 224 16038
169874271 149 943 16043
170215181 157 611 16110
170240581 152 55 16116
170251373 158 1475 16118
170263234 144 1691 16121
170423250 156 576 16154
170712012 142 1604 16213
170959495 140 1876 16263
170989165 144 605 16269
171033983 155 1706 16279
171078453 140 334 16288
171095381 146 908 16291
171191319 144 173 16309
171249097 150 73 16320
171290316 141 36 16328
171393397 153 1601 16350
171571390 153 1306 16386
171678049 140 15 16409
171841052 147 1645 16441
171984372 145 795 16471
172084761 142 85 16491
172184349 141 936 16512
172262617 158 340 16527
172421466 147 1467 16559
172450505 155 26 16565
172516434 158 1129 16578
172618254 153 566 16598
172644193 144 901 16603
172707358 156 1209 16616
172764770 150 1525 16628
173078261 146 1605 16692
173180134 148 1213 16712
173238166 154 1056 16724
173328412 156 1539 16741
173360959 145 443 16748
173769430 158 680 16828
173783374 140 613 16831
174044624 140 199 16886
174125841 140 946 16902
174299897 150 1825 16938
174371092 157 156 16952
174455148 151 806 16968
174476494 142 233 16973
174485724 141 1912 16975
174575770 156 1435 16994
174807965 158 1206 17041
174817399 154 987 17043
174838975 140 1446 17047
174850739 149 1361 17050
174859475 145 1316 17052
174864659 154 300 17053
174915943 156 1845 17064
174921871 159 742 17065
174934965 156 927 17068
174955313 144 1166 17072
175087079 154 16 17100
175130548 147 1940 17110
175298379 155 50 17144
175350209 158 1998 17155
175520637 153 825 17188
175774714 149 99 17240
175806147 148 1962 17247
175847933 158 722 17255
175909444 148 369 17268
175967288 152 1288 17279
176040188 149 1187 17293
176208340 152 1497 17327
176333010 140 184 17352
176381193 150 1433 17361
176459734 154 704 17378
176570282 150 939 17400
176590491 151 435 17404
176669083 147 232 17420
176789350 158 505 17447
176830149 142 944 17455
177290216 158 730 17547
177343148 157 882 17557
177390992 151 1508 17566
177471744 142 9 17582
177587959 147 270 17606
177697299 145 518 17627
177771553 147 1365 17643
177776899 140 1699 17644
177848285 147 813 17658
177860132 150 217 17660
177899393 155 752 17667
177999513 153 406 17687
178013236 152 1733 17690
178084100 147 647 17705
178309753 140 1506 17754
178370687 157 289 17766
178452915 140 1747 17782
178465094 159 646 17785
178514962 152 784 17795
178624678 143 811 17817
178692764 150 1035 17831
178817252 159 44 17856
178834177 151 1896 17859
178868986 147 978 17866
178921106 149 1463 17876
178947502 145 423 17882
178999020 152 803 17892
179135790 153 1347 17919
179251964 159 648 17942
179309941 142 1248 17953
179319354 141 417 17955
179411041 143 1502 17975
179699354 157 330 18032
179786170 155 922 18049
179803331 149 1560 18053
179938897 157 1084 18081
179980862 148 789 18089
180019452 143 375 18097
180028864 152 1152 18099
180053528 154 50 18104
180059805 155 1034 18105
180126302 144 1219 18118
180190138 154 229 18132
180199480 144 542 18134
180202471 153 572 18135
180229298 151 1313 18140
180330084 143 1004 18161
180452411 144 1314 18185
180487177 156 1325 18191
180635051 150 1972 18221
180653793 140 1164 18225
180671411 151 1319 18229
180707971 148 1885 18237
180853249 156 1809 18267
181067025 151 1876 18310
181150406 148 1488 18327
181356266 143 103 18370
181407769 156 1012 18380
181503172 155 412 18400
181581355 154 698 18416
181741349 148 535 18447
181915846 147 701 18482
181969670 145 674 18492
182018216 148 355 18501
182067970 152 769 18512
182317317 154 1092 18564
182402771 153 1080 18581
182442451 156 154 18589
182511015 148 910 18603
182635749 145 1154 18627
183094678 141 304 18723
183177055 156 434 18739
183185889 149 42 18741
183380724 150 22 18780
183411211 150 1666 18786
183552550 154 525 18816
183632763 148 618 18831
183648188 151 433 18834
183767622 142 1188 18857
183775797 145 78 18859
183878209 150 407 18879
183895431 154 1663 18882
183905929 154 1546 18884
184065788 140 1222 18915
184164236 155 1943 18934
184176535 155 676 18937
184460585 144 90 18995
184479947 144 804 18999
184567338 141 691 19018
184577788 156 945 19020
184586403 157 1893 19022
184627091 159 1845 19029
184643342 152 1960 19032
184948757 141 559 19094
184962083 147 640 19097
185009863 159 1396 19107
185049584 144 1761 19115
185167276 149 1486 19138
185214816 158 1945 19147
185234713 155 446 19151
185239926 157 740 19152
185288894 145 1529 19162
185306416 143 332 19166
185430565 141 1480 19191
185460239 155 1453 19197
185531990 144 1670 19211
185669276 152 804 19238
185719738 148 998 19247
185884061 144 638 19280
185983490 145 1521 19300
185994206 141 582 19302
186008092 148 1519 19305
186016511 148 434 19307
186110052 141 82 19326
186388638 158 1801 19382
186429010 148 258 19390
186439823 157 31 19392
186477330 150 1505 19399
186530798 150 1196 19409
186547668 141 466 19412
186550988 150 954 19413
186610732 149 385 19426
186707264 143 1749 19446
186728603 149 1974 19450
186768238 144 1952 19458
187003149 140 218 19505
187055404 156 1231 19516
187075063 147 285 19520
187266974 153 1748 19558
187348647 149 933 19574
187356040 153 432 19576
187380090 150 1413 19581
187439807 158 1550 19593
187459993 149 33 19597
187487024 150 77 19602
187673073 156 590 19640
187684679 148 702 19643
187820095 145 1530 19671
187961739 149 1400 19700
187987629 142 1032 19705
188055693 155 1578 19719
188510122 151 1752 19810
188668010 141 325 19841
188847409 146 203 19877
189031991 145 21 19913
189197151 149 1295 19944
189253069 152 1901 19955
189346264 150 1399 19974
