53174 288 381 2
229863 284 371 11
641422 288 1903 31
833065 281 763 40
1748850 290 373 84
2679410 295 138 129
3016871 297 1581 147
3391117 287 123 165
3499712 296 1492 170
4016967 291 1559 195
4917013 285 210 240
5137433 290 284 251
5622346 281 342 275
5929414 281 1947 290
6104359 283 774 299
6272098 294 461 307
6311326 290 1449 309
6425845 296 402 315
7550765 292 902 373
8156828 291 1163 403
8400563 288 1398 415
8782915 292 301 434
8843109 289 363 437
8953784 289 736 443
9147159 287 1953 453
9203702 282 1247 456
9438437 291 1021 468
10176096 280 1220 506
10955846 289 418 544
10999877 291 510 546
11229457 289 1727 558
11250209 292 1295 559
11314605 287 335 562
11336217 298 1189 563
11460467 286 1966 569
11846729 295 1655 588
12071460 287 598 599
13574771 282 19 676
13898731 298 1765 692
14036264 296 172 699
14161565 281 1400 705
14553837 295 288 725
15482719 281 995 772
15524384 292 17 774
15568611 289 1648 776
15946276 296 85 795
16413092 287 1180 819
16812793 281 876 840
16879778 280 1449 843
17387253 298 901 869
17429183 288 1989 871
18003610 298 524 900
19125285 281 1699 955
19162477 284 679 957
19712321 281 322 984
19844420 290 243 991
20275332 282 1416 1012
20828689 282 875 1040
20844697 289 1750 1041
20939794 285 1559 1046
21195785 291 851 1059
21440257 283 1138 1071
21728089 285 522 1086
22184672 292 1316 1109
23151286 297 1424 1157
23377968 284 1086 1168
23650191 298 642 1181
23713549 294 1076 1184
24758997 285 1391 1234
24818553 281 968 1237
25167984 297 197 1255
25418766 292 1919 1267
25577533 284 1440 1275
25596265 294 520 1276
26008615 286 677 1296
26891816 293 1037 1341
27407207 297 236 1367
27443771 292 964 1369
27737845 288 1850 1384
27979340 290 628 1397
28202412 286 1613 1408
28279668 289 987 1412
28436272 286 25 1420
28675150 280 658 1432
29383216 297 73 1468
29806379 293 1973 1488
30271775 290 251 1511
30523433 281 1722 1524
30654588 298 474 1530
30761485 287 1445 1535
30853139 294 596 1540
31127940 294 792 1554
31282088 287 937 1562
31300727 295 1066 1563
31644504 295 1950 1580
31662601 281 1997 1581
31767333 284 1185 1586
32061591 286 668 1601
32289944 287 130 1613
32501416 285 1098 1624
32879035 290 1172 1643
32953789 296 1932 1647
33421912 287 1183 1671
33483757 295 565 1674
33505125 285 1912 1675
34883309 295 701 1744
34986577 290 1950 1749
35356956 285 1945 1767
35573380 285 783 1778
35695208 280 413 1784
36316456 280 1889 1815
36434417 283 1073 1821
36701164 296 722 1835
36910656 291 295 1845
36925656 297 30 1846
37237724 280 629 1862
37316000 295 560 1866
37876480 298 1886 1895
37896560 287 1397 1896
38021512 295 422 1902
38305664 292 831 1917
38822755 283 491 1944
39010701 290 1397 1954
39044667 289 1665 1956
39243299 287 208 1966
39820698 291 479 1995
39959209 288 1401 2002
40108971 286 423 2010
40231152 291 1209 2016
40497639 281 609 2029
40952226 284 483 2052
41017310 285 512 2055
41109993 291 464 2060
41168478 285 463 2063
41186354 291 352 2064
41487829 280 1985 2080
42405080 288 1098 2125
42639476 291 494 2136
43224539 290 1394 2165
43474533 282 1781 2178
44201751 294 561 2214
44579331 280 236 2233
44684360 285 1888 2238
45760179 288 89 2293
45895462 280 839 2300
46142106 280 243 2312
46217339 298 1809 2316
46310771 291 313 2321
46832941 289 543 2347
47001787 298 469 2355
48372517 281 839 2424
48433149 294 1068 2427
48565643 287 1101 2433
48649761 292 696 2437
49020888 295 1604 2456
49480761 294 694 2479
49621307 288 1367 2486
49870591 291 356 2499
50327427 291 1743 2522
50676347 293 1260 2540
51099006 290 1954 2561
51208365 294 279 2566
51231133 296 792 2567
51310310 282 1138 2571
51488044 287 845 2580
51601756 290 1198 2586
51667032 293 985 2589
51999123 295 1114 2605
52095013 282 1994 2610
52115033 297 908 2611
52706077 281 1 2640
52769973 285 556 2643
53006403 290 1353 2655
53420468 287 466 2676
53795314 293 70 2694
53902059 298 1705 2699
54577148 292 424 2732
54994314 287 183 2753
55034762 296 1281 2755
56421326 298 1774 2822
56485559 288 1425 2825
56508143 281 305 2826
57163538 293 183 2858
57302115 287 858 2865
57749693 294 1032 2887
58666335 290 1690 2934
58760199 297 1071 2939
58967642 284 1146 2949
59011588 281 180 2951
59194086 294 1402 2960
59216363 285 855 2961
59251411 288 714 2963
59373241 296 0 2969
60165547 284 263 3009
60628020 292 157 3033
61080381 283 1710 3056
62442392 285 1966 3124
63083987 281 933 3156
63186787 292 328 3161
63286751 280 1097 3166
64658469 297 327 3235
65363456 296 986 3270
65384775 284 1683 3271
65736050 296 169 3289
66089933 286 1607 3306
66195486 280 651 3311
66337789 291 65 3318
66865408 282 1292 3344
66925787 282 130 3347
67312731 294 1714 3367
67702154 295 993 3386
67803703 285 1643 3391
67931202 297 1158 3397
68242633 292 1132 3412
68426489 288 853 3421
68817194 295 1987 3440
69808252 298 686 3491
69873701 284 1502 3494
70019227 292 1608 3501
70656456 294 424 3532
70743987 282 1409 3536
70906277 293 1601 3544
71095563 291 819 3553
71224163 286 1772 3560
71697997 283 662 3583
71740932 285 146 3585
71776363 290 1039 3587
72145054 297 185 3605
72421913 289 776 3618
72868441 288 1754 3640
73580235 284 1637 3677
73671969 291 971 3682
73896522 288 610 3694
74092558 290 1233 3704
74784141 284 1015 3739
74920182 281 912 3746
75190345 283 1558 3759
75230847 291 209 3761
75537936 289 881 3775
75978286 284 1609 3797
76984803 298 113 3846
77049086 289 860 3849
77067020 293 1245 3850
77278412 282 1238 3861
77658436 289 510 3880
77795736 295 1152 3887
78329427 295 53 3913
79252592 296 1165 3959
79455940 292 777 3969
79872315 288 926 3989
79950567 289 1151 3993
80399922 296 351 4016
80631786 289 35 4028
80703901 289 873 4031
80866692 297 473 4040
81158397 287 1193 4054
81467926 285 569 4070
81486929 288 900 4071
81528123 286 1484 4073
81797050 287 1679 4086
81818669 295 1098 4087
81848669 298 730 4089
82505213 286 386 4121
82530213 291 812 4122
82689736 280 429 4130
82823764 287 1111 4137
83357165 283 83 4164
83937586 285 788 4194
84099293 283 1297 4202
84201390 281 344 4207
84434650 298 1545 4218
84552011 298 1543 4224
85088349 280 1821 4251
85107213 292 1618 4252
85216293 290 714 4258
85703747 294 79 4283
86166467 293 1890 4306
86865231 290 1387 4342
87620549 297 1028 4379
87677307 287 30 4382
87713220 298 1227 4384
87832995 292 681 4390
87937621 297 393 4395
88476258 283 373 4422
88535570 281 1767 4425
88696129 287 1960 4433
89084392 290 35 4453
89353554 281 1664 4467
89627139 289 219 4480
90451812 284 1145 4520
90533665 290 1878 4524
91159471 297 1267 4555
91307227 297 1641 4562
91429821 288 1754 4569
91512579 288 1618 4573
92288805 285 332 4611
93262971 290 1692 4658
93477471 282 1891 4669
93591174 298 1515 4675
93904749 291 1127 4691
94824468 280 1919 4738
95197416 288 11 4757
95312001 298 1360 4763
95592836 296 930 4778
95624982 283 1553 4780
95862155 293 867 4792
95897738 282 1267 4794
95914905 285 376 4795
95994840 295 1721 4799
97648337 292 802 4882
97666383 283 1783 4883
97990599 284 276 4900
98992976 295 979 4949
99115847 293 1058 4955
100141118 294 43 5007
100382988 293 1343 5019
101049050 287 685 5052
101285860 281 261 5064
101322178 282 1028 5066
101727371 291 1118 5085
102346901 292 865 5117
102764687 281 293 5138
103146371 286 1259 5157
103285631 288 1901 5163
103494881 296 131 5173
103751660 290 105 5186
103976919 291 1171 5197
104016635 298 1477 5199
104242915 282 1195 5210
104560212 294 364 5226
104829958 297 637 5240
105526555 292 1843 5276
106239435 296 17 5312
106704861 291 1748 5336
107251161 281 303 5363
107501591 285 871 5376
107666567 286 1858 5384
107690231 296 1899 5385
107870216 288 1186 5394
108173177 283 1190 5409
108659758 297 1988 5433
108830325 281 281 5441
109003063 297 1524 5449
109458517 293 421 5473
109812648 287 1631 5491
110027461 288 1406 5502
110151643 285 1982 5509
110406912 293 138 5521
110674421 289 600 5535
110717640 283 1150 5537
110779188 280 1894 5540
110813666 282 1784 5542
111099436 289 1646 5557
111949383 283 1246 5599
111966205 282 366 5600
112272839 283 1267 5615
113033940 282 1400 5654
113223203 284 675 5664
113775378 291 1260 5692
113887731 289 1408 5698
114008207 297 71 5704
114202178 282 719 5714
114627331 291 982 5734
115142737 297 282 5761
115179661 288 1682 5763
115403962 283 1738 5774
115419922 280 1422 5775
116665253 292 881 5836
116710272 296 520 5838
116826619 295 236 5844
117430680 291 847 5875
118226155 291 1621 5914
118245669 298 452 5915
118320375 281 121 5919
118419323 282 1289 5924
118696290 289 193 5937
119129180 284 1431 5958
119210599 283 1615 5962
119320285 296 746 5967
119799637 285 1844 5990
120059420 287 177 6014
120065113 287 1811 6015
120145298 289 1906 6031
120150936 285 598 6032
120285356 280 287 6059
120582901 290 869 6120
120966430 296 1207 6198
120999535 288 689 6204
121119479 294 1074 6227
122033430 295 1080 6413
122141069 293 730 6435
122159970 281 1637 6439
122225171 288 1893 6452
122364793 288 1143 6480
122412819 290 1911 6490
122642224 282 1664 6537
122673773 281 643 6543
122716080 289 1552 6551
122859932 282 1848 6580
123173431 282 1993 6641
123312487 294 689 6669
123408792 287 934 6687
123479809 298 370 6701
123539548 280 925 6713
123644142 294 1064 6735
123673596 280 1653 6741
123688379 295 1054 6744
123724584 282 1377 6751
123782762 282 308 6762
123801378 281 1861 6766
123837222 293 1462 6773
123875033 293 1919 6781
123893011 284 83 6784
124003822 296 595 6807
124075701 283 1089 6822
124186646 297 454 6843
124195980 298 10 6845
124295981 289 1802 6866
124365947 286 1183 6881
124381787 298 400 6885
124467894 295 591 6903
124520093 284 1516 6913
124550403 290 1541 6921
124578643 288 1410 6926
124598118 281 1915 6930
124725879 296 565 6956
124843571 282 660 6979
125105437 292 591 7030
125167147 290 765 7043
125178305 293 534 7045
125246180 291 200 7060
125270451 289 101 7065
125306242 294 1134 7073
125310132 298 85 7074
125363361 298 983 7085
125369005 286 1882 7086
125533211 280 1837 7119
125574901 298 1372 7127
125900185 289 258 7192
126002915 286 150 7213
126017360 280 1740 7216
126029360 297 253 7218
126052995 291 1685 7223
126148122 291 961 7241
126224592 286 528 7255
126229453 293 959 7256
126233608 298 988 7257
126261340 291 150 7263
126281637 293 993 7267
126294490 294 303 7270
126370120 297 398 7286
126519129 290 1781 7317
126551186 284 235 7323
126641723 292 239 7342
126733805 294 1544 7359
126883595 286 941 7390
126889020 298 1010 7391
126944316 283 428 7403
127003207 295 971 7415
127054900 285 929 7425
127077519 293 117 7429
127113992 292 1276 7437
127185121 281 1188 7451
127219442 288 650 7457
127245318 282 159 7462
127300193 287 1222 7473
127406146 284 775 7495
127458935 294 1021 7505
127478770 290 792 7509
127585955 283 1636 7531
127611199 287 582 7535
127638205 290 1388 7541
127808644 286 1080 7576
127886710 296 1410 7592
127955349 292 1878 7605
128419814 296 1622 7696
128459487 288 964 7704
128561942 292 1730 7724
128619082 296 1437 7736
128788593 285 1398 7770
128873910 298 1749 7787
128887029 292 544 7790
128892887 289 101 7791
128967644 292 1086 7805
129179588 292 1141 7847
129389364 280 342 7888
129400898 282 974 7890
129432137 297 1572 7896
129693387 284 1470 7948
129730831 298 611 7955
129754629 295 1121 7960
129768704 281 1191 7963
129809166 283 1497 7971
129851413 294 1561 7980
129867978 290 72 7983
129956451 284 586 8001
129961790 280 1803 8002
130033267 285 1160 8017
130151245 294 231 8041
130310824 292 1528 8072
130353255 294 1145 8081
130396811 298 1450 8089
130496298 282 377 8110
130509298 292 764 8112
130728848 281 422 8155
130744286 280 382 8158
130868795 298 1393 8182
131092585 289 1397 8226
131140349 289 1843 8236
131319531 292 1924 8272
131358477 295 132 8280
131531515 290 1372 8314
131544755 294 1583 8317
131572934 293 1116 8323
131578975 295 623 8324
131682994 285 76 8345
131797758 290 1504 8368
131897988 282 1590 8388
131922986 294 1224 8393
132007596 285 754 8409
132189249 289 1187 8444
132211870 296 1889 8449
132426085 290 687 8491
132486241 294 1911 8504
132499795 289 693 8507
132527130 294 777 8512
132557484 285 78 8518
132635331 284 1011 8533
132640951 280 1403 8534
132645943 289 719 8535
132677094 286 1830 8541
132723832 286 1621 8550
132832055 296 927 8571
132863891 283 1588 8577
132921446 287 1615 8589
132927946 298 351 8590
133056511 287 597 8616
133126247 289 1428 8630
133183836 295 705 8641
133255270 280 1730 8655
133574784 293 129 8723
133663987 286 1082 8741
133668685 289 765 8742
133721867 294 1661 8752
133755982 283 1876 8759
133932748 289 1997 8795
133969481 285 1684 8802
133975439 298 793 8803
134081123 281 524 8823
134120963 286 1640 8832
134173719 293 682 8842
134255689 280 848 8859
134361928 280 1872 8881
134496142 294 1214 8907
134573618 282 1730 8922
134757254 291 1060 8959
134825788 298 32 8973
134992735 297 1348 9006
135023843 294 1369 9012
135066155 284 1020 9020
135186348 298 613 9045
135242630 285 120 9057
135356386 289 456 9081
135384006 293 1839 9087
135623374 298 483 9136
135663187 280 1147 9144
135889049 286 1884 9189
135981394 289 985 9206
135997050 292 1475 9209
136013065 290 1780 9212
136156267 290 1448 9240
136322774 293 483 9276
136343170 286 1688 9280
136357258 289 789 9283
136419335 288 1300 9296
136576546 286 711 9328
136891134 293 372 9394
136938130 295 1885 9403
136951816 292 1286 9406
136957198 288 787 9407
136994884 295 58 9415
137000449 286 184 9416
137018228 284 544 9420
137120886 295 1177 9442
137196824 294 1482 9457
137247709 281 443 9467
137328394 283 203 9484
137410926 288 194 9501
137436120 287 1063 9506
137515399 295 717 9521
137525826 291 1463 9523
137542355 285 1181 9526
137555961 282 694 9529
137641416 297 1461 9547
137755136 287 743 9571
137822807 281 984 9586
137909342 282 1860 9605
137971151 291 876 9617
138165554 298 624 9656
138179238 297 33 9659
138185006 291 1861 9660
138205079 282 968 9664
138300418 280 1128 9683
138322782 287 1124 9687
138376993 287 1546 9698
138381415 295 639 9699
138464274 295 362 9716
138735293 285 158 9771
138778559 291 1324 9780
138783700 295 293 9781
138840189 281 1155 9792
138867019 298 1553 9797
138991883 281 874 9821
139198368 296 176 9864
139323158 294 1119 9890
139381356 292 270 9902
139494582 292 1863 9924
139579964 288 411 9941
139718782 298 873 9970
139795690 290 763 9986
139846635 298 339 9996
139863490 294 1288 10000
139985315 292 933 10026
140056242 283 1692 10040
140161833 285 605 10062
140189891 297 376 10067
140315178 284 1473 10091
140382089 291 1471 10105
140490346 283 412 10128
140511585 280 289 10132
140577101 293 1903 10145
140591272 288 1035 10148
140607888 292 1079 10151
140695011 284 16 10168
140832795 286 533 10194
140950389 293 1463 10218
141149404 294 1763 10258
141370503 290 748 10302
141383464 285 1418 10305
141401230 281 516 10309
141698014 284 1000 10369
141731353 295 349 10375
141757600 295 926 10381
141763374 290 1249 10382
141771527 281 1600 10384
141974937 295 1774 10425
142004905 282 52 10431
142026480 288 848 10435
142107377 287 200 10451
142112405 291 498 10452
142168779 298 966 10464
142440722 283 1371 10518
142453157 288 19 10521
142515089 286 1559 10534
142519268 285 56 10535
142635028 281 1794 10557
142867458 294 425 10603
142927592 290 1459 10615
142959770 282 444 10621
143093605 281 481 10646
143166976 282 448 10660
143191331 285 1704 10665
143195928 295 1818 10666
143467894 291 588 10722
143493468 290 110 10727
143653327 293 304 10759
143710360 290 477 10771
143745652 282 888 10778
143891662 294 1471 10807
143987120 293 1093 10825
143996680 287 949 10827
144024349 297 399 10833
144035550 292 798 10835
144124181 280 668 10852
144130681 290 939 10853
144149849 298 1647 10857
144156564 298 1498 10859
144411038 295 310 10910
144523839 297 859 10932
144753541 280 72 10979
144894515 285 349 11009
144911319 296 1641 11013
144989761 285 1722 11027
145076120 290 2 11043
145080876 296 637 11044
145107562 288 1049 11049
145203610 280 1867 11068
145396354 290 1025 11108
145433748 292 545 11117
145550336 295 832 11141
145583153 280 135 11147
145635429 297 840 11158
145690223 283 723 11170
145788096 294 1875 11190
145991512 281 1674 11233
146002358 294 1912 11235
146044547 293 1058 11243
146060665 292 1752 11247
146205775 286 414 11274
146246462 291 225 11282
146410055 286 1022 11313
146414920 281 23 11314
146485858 287 1246 11329
146546080 290 391 11342
146558428 296 1532 11344
146705146 293 445 11373
146788032 291 1715 11390
146820270 286 1325 11397
147080175 288 1711 11453
147108303 285 979 11458
147350600 296 913 11506
147364101 292 1125 11509
147401023 290 1017 11516
147570454 298 1189 11550
147588982 298 623 11554
147671407 289 1232 11570
147807421 289 1063 11596
147956056 283 240 11627
148010242 291 965 11638
148029174 281 1257 11642
148070479 286 680 11651
148098628 295 1513 11657
148235840 291 1239 11684
148398945 294 1222 11716
148441970 286 1526 11725
148520004 296 345 11740
148705144 288 1359 11778
148723168 286 1395 11782
148767751 281 1198 11790
148874378 291 424 11811
148942824 296 647 11827
148951714 283 1917 11829
149100459 287 971 11860
149184794 296 155 11876
149280498 290 1117 11895
149290156 298 1071 11897
149325711 290 961 11904
149359747 290 1955 11911
149406273 296 309 11920
149424867 295 1207 11924
149471625 294 1443 11934
149821059 294 1970 12006
149855105 283 1508 12014
149881544 294 1522 12019
149939527 281 1811 12030
149944119 285 46 12031
150076198 292 1714 12057
150544431 296 1371 12152
150676190 283 1440 12178
150845025 289 1628 12212
150882550 283 1496 12220
150968567 285 1359 12238
150971673 280 248 12239
151163372 291 1383 12278
151631071 295 1197 12374
151645886 281 650 12377
151670898 287 1981 12382
151690233 287 1831 12386
151746415 286 496 12399
151848933 294 1936 12420
151864667 293 1997 12423
151936429 287 554 12437
151989044 282 972 12448
152086160 288 1801 12467
152149425 292 203 12480
152256748 282 962 12500
152345918 283 1044 12518
152358973 286 1901 12521
152427925 297 745 12535
152488215 285 347 12546
152857781 282 1110 12618
152972474 292 1260 12640
153079974 291 384 12661
153322624 298 1526 12711
153357903 284 1443 12717
153384132 284 1834 12723
153418757 289 291 12731
153593253 292 1910 12765
153604180 289 169 12767
153816760 288 1083 12811
153905893 287 372 12829
154222279 293 450 12893
154313420 295 271 12911
154386000 287 229 12924
154461912 282 245 12940
154468412 295 395 12941
154532916 296 378 12955
154553657 293 978 12959
154593663 293 1420 12967
154643413 286 1331 12976
154747388 286 355 12996
154782388 287 920 13004
154901306 285 1501 13027
155006696 290 26 13047
155019133 288 294 13050
155177848 280 4 13081
155243543 297 1119 13095
155309890 296 1252 13108
155354476 287 318 13117
155438006 286 16 13135
155452957 282 554 13138
155555995 285 589 13160
155632676 291 1164 13176
155649632 288 1315 13179
155699395 288 1969 13189
155783122 296 595 13206
155852316 288 212 13221
156100712 298 1247 13272
156561795 281 1491 13362
156581345 288 1328 13366
156681606 293 837 13388
156695796 280 1196 13391
156918934 283 1067 13436
156965164 294 847 13445
157090739 292 275 13470
157208811 285 1720 13495
157218747 280 1091 13497
157293327 297 1152 13511
157339215 297 330 13521
157474160 292 1956 13547
157549311 281 1852 13562
157704424 295 1310 13592
157966850 287 345 13645
158009571 284 107 13654
158086388 290 731 13668
158257570 297 1570 13702
158319645 287 888 13716
158359216 287 540 13724
158379630 295 186 13728
158454881 290 1544 13743
158512271 285 1040 13754
158649890 293 1214 13781
158795337 294 389 13811
158933170 286 1899 13839
159037885 294 882 13860
159150632 284 653 13882
159167430 289 1861 13885
159249245 295 1217 13901
159303441 280 926 13912
159342876 298 735 13920
159370463 285 618 13926
159435787 294 1134 13939
159462642 291 1251 13944
159475214 282 505 13946
159504378 288 110 13951
159610226 291 1640 13972
159647131 293 700 13979
159713145 296 1130 13992
159748017 293 1853 13999
159822642 291 28 14014
159867609 283 1583 14023
159909996 294 826 14031
160017958 297 1659 14051
160107607 295 1877 14069
160115587 286 1299 14071
160130450 292 636 14074
160189129 285 771 14086
160362012 294 353 14121
160396143 288 1598 14127
160399795 281 7 14128
160446560 292 976 14137
160493633 289 97 14146
160541074 286 1071 14156
160569918 280 182 14162
160580500 290 1426 14164
160595214 280 1457 14167
160612997 296 1897 14171
160742639 289 326 14198
160750660 289 1948 14200
160951173 298 1571 14238
160970081 297 284 14242
161013132 284 742 14252
161052313 282 1259 14260
161133590 292 1267 14276
161297469 283 487 14307
161339339 296 1460 14316
161388925 285 1435 14326
161601844 284 729 14368
161623370 284 722 14372
161680927 297 1439 14384
161791918 295 986 14406
161956123 284 884 14440
161978661 284 208 14444
161993342 288 470 14447
162046794 290 94 14458
162227803 284 814 14496
162330674 298 833 14515
162421884 295 544 14535
162450666 288 1731 14541
162506872 281 1259 14552
162671625 286 341 14586
162710602 283 236 14594
162718983 284 1357 14596
162774875 289 816 14607
162797757 294 1219 14612
162853278 282 1735 14624
162894636 294 270 14632
162951931 288 684 14643
163032652 297 909 14659
163089770 297 441 14671
163130497 294 1850 14679
163257149 296 1205 14704
163272818 291 899 14708
163278135 290 1672 14709
163308984 283 965 14716
163447420 294 1555 14744
163514520 293 925 14757
163553519 281 375 14764
163562078 285 920 14766
163671871 290 1206 14787
163790698 286 194 14812
163839634 284 128 14822
163960779 285 1913 14848
163980203 282 1955 14852
164010491 280 898 14858
164043899 297 1599 14864
164123353 292 943 14880
164242885 286 1573 14905
164288925 286 1907 14915
164382113 284 835 14933
164399858 291 102 14937
164424017 281 1279 14942
164441148 289 71 14946
164588086 288 834 14975
164740692 293 30 15006
164881800 297 1796 15036
164988843 285 1552 15057
165013827 289 826 15062
165089843 288 601 15077
165114321 280 70 15082
165118707 292 1978 15083
165173636 280 1246 15093
165200742 282 137 15098
165303202 293 1280 15118
165317754 286 5 15121
165375092 295 298 15133
165398408 298 118 15137
165409284 286 1631 15140
165451861 287 1877 15148
165572953 295 1178 15174
165863670 298 1225 15228
165962465 287 839 15248
165968181 293 387 15249
166006999 297 921 15257
166022412 297 1108 15260
166055231 296 669 15266
166069396 293 1638 15269
166217364 297 1934 15298
166372475 284 1241 15329
166428432 293 1015 15340
166485145 285 632 15352
166534805 296 1076 15362
166644785 288 1321 15385
166650994 296 1531 15386
166686703 298 1178 15394
166735584 287 1772 15403
166808689 289 1930 15418
167032965 293 1723 15464
167104607 288 1799 15479
167129746 287 104 15484
167373454 290 1703 15535
167418973 298 1341 15544
167685421 297 1636 15598
167795326 286 1007 15620
167907879 280 1763 15644
167968082 293 593 15656
168124712 297 628 15688
168172520 293 472 15698
168200870 286 1156 15704
168318945 284 520 15728
168329606 298 942 15730
168416043 296 453 15747
168503407 280 854 15764
168688917 288 1991 15801
168708442 290 792 15805
168728111 283 1593 15810
168802226 284 1250 15825
168953566 292 1788 15856
169061776 289 306 15878
169066939 296 712 15879
169076263 282 1747 15881
169160184 283 723 15897
169255975 291 538 15916
169301328 284 208 15926
169383882 280 108 15944
169547059 284 1011 15978
169567133 284 1843 15982
169588816 297 1101 15986
169718710 281 302 16012
170020317 293 99 16071
170057774 298 705 16078
170061193 289 1754 16079
170101990 290 1668 16087
170156184 280 317 16098
170173257 294 403 16102
170254939 280 412 16119
170306415 291 1883 16130
170371365 298 1667 16143
170464877 281 1627 16163
170501548 284 913 16170
170553428 285 29 16180
170691709 286 1243 16209
170813965 297 1613 16234
171015713 287 632 16275
171197163 293 809 16310
171357762 290 1908 16343
171433829 291 985 16358
171445674 284 253 16361
171488248 290 338 16369
171495843 289 1290 16371
171514362 283 1343 16375
171561855 280 124 16384
171630210 281 898 16399
171937450 285 1388 16462
171990051 297 1277 16472
172026891 297 1590 16480
172098671 281 806 16494
172220394 292 663 16519
172235713 281 891 16522
172307802 287 1683 16536
172361886 295 330 16547
172485173 298 1975 16572
172639816 285 389 16602
172812439 284 1449 16637
172815971 286 1388 16638
172845363 287 609 16644
172869468 291 1959 16649
172924906 280 47 16661
173050457 295 206 16687
173199762 291 765 16716
173356917 280 338 16747
173573211 284 1706 16790
173629224 288 597 16801
173791602 289 755 16833
173884990 292 185 16853
174306397 283 1181 16939
174321665 280 1628 16942
174366613 292 1433 16951
174499737 280 1382 16978
174611699 290 1523 17001
174632661 294 707 17005
174672681 294 840 17014
174711071 294 923 17022
174984491 291 538 17078
174998287 298 687 17081
175006820 282 628 17083
175017615 287 1680 17085
175022714 286 424 17086
175032288 288 209 17088
175091855 287 496 17101
175111714 295 371 17106
175217216 289 381 17127
175262271 283 1975 17136
175282608 290 1027 17140
175345724 285 856 17154
175408965 281 63 17166
175472850 281 434 17178
175491378 287 682 17182
175535799 280 581 17191
175642877 290 1325 17212
175676883 293 1737 17219
175761576 288 355 17237
175881997 298 525 17262
175952212 286 1982 17276
176065782 282 1394 17298
176071260 282 1417 17299
176129851 286 1573 17312
176140874 297 962 17314
176172807 291 377 17320
176235127 282 196 17332
176316670 294 1128 17349
176355510 294 1745 17356
176519748 284 727 17389
176543352 294 1077 17394
176551710 291 812 17396
176601689 294 1763 17406
176629716 290 128 17412
176657762 294 692 17418
176695367 281 58 17426
176704445 282 1751 17428
176836406 287 886 17456
176857373 283 1708 17460
176866773 282 1908 17462
176873143 283 528 17463
176934522 287 673 17475
176945798 280 1918 17477
177323949 286 423 17553
177380340 282 1950 17564
177405755 298 885 17569
177565128 283 47 17602
177609174 282 1046 17610
177669609 293 345 17621
177721146 283 676 17632
177734100 287 490 17635
177758855 297 1319 17640
177962219 280 1530 17680
178115098 297 1143 17713
178240153 287 1263 17739
178272870 280 1454 17746
178335278 295 1252 17759
178345288 296 1743 17761
178604265 291 1398 17813
178679646 281 322 17828
178772546 284 189 17847
178793204 286 1628 17851
178864060 294 531 17865
178909614 295 661 17874
179026318 281 626 17897
179090814 297 1706 17910
179123057 289 355 17917
179172537 288 1209 17926
179177482 282 730 17927
179239634 289 316 17940
179485629 296 184 17990
179646852 293 64 18021
179683260 294 309 18029
179853973 280 1847 18063
180047410 292 1437 18103
180085534 291 1130 18110
180131016 294 1927 18119
180223611 280 1137 18139
180273771 283 1604 18149
180290340 297 1993 18153
180407210 284 190 18176
180463433 292 324 18187
180507626 297 1114 18195
180566011 293 1231 18207
180720924 291 463 18240
180834705 284 913 18263
180870428 289 232 18270
180979758 285 1399 18292
181061923 296 163 18309
181137406 285 1527 18325
181178926 297 415 18333
181261505 287 1399 18351
181273143 295 807 18353
181324277 297 544 18363
181454678 296 695 18390
181470168 294 1164 18393
181508260 297 1526 18401
181534819 295 1228 18406
181540021 294 62 18407
181551151 298 380 18409
181565060 286 1665 18412
181569584 290 819 18413
181579355 295 691 18415
181762864 289 647 18451
181852678 296 1158 18469
181874463 285 1045 18474
181899241 292 301 18479
181910042 282 1937 18481
181928500 281 1407 18484
181996911 296 375 18497
182101831 283 575 18520
182128676 288 406 18525
182147585 285 110 18530
182175743 282 725 18536
182279696 293 1240 18557
182291197 287 1142 18559
182307289 280 1229 18562
182612122 290 1617 18622
182620395 284 668 18624
182708176 283 877 18642
182987299 285 223 18700
183025103 296 1103 18708
183104909 284 666 18725
183259274 282 1624 18755
183344007 286 264 18772
183569768 285 1355 18819
183786565 297 1129 18861
183950680 286 313 18892
183984165 290 245 18899
184050949 281 54 18912
184060829 294 510 18914
184075885 286 1528 18917
184190952 285 1270 18940
184201929 291 998 18942
184278623 296 1281 18958
184366448 281 1520 18975
184400381 281 335 18982
184528706 291 117 19010
184557904 296 560 19016
184599218 288 1205 19024
184730917 282 1166 19051
184785487 283 196 19062
184882254 284 1895 19081
184886909 291 761 19082
185044217 296 690 19114
185060476 286 1864 19117
185122163 297 453 19129
185145054 284 857 19133
185409537 296 638 19186
185426136 297 734 19190
185496445 297 612 19204
185691220 294 593 19242
185760538 280 1261 19255
185784896 291 1481 19260
185838113 282 588 19270
185972892 285 414 19298
186048886 285 958 19314
186082957 284 1679 19321
186141240 286 1662 19332
186220586 292 1215 19347
186236931 289 452 19350
186258759 296 1384 19355
186305400 286 297 19365
186344569 294 405 19373
186368852 281 79 19378
186384201 295 1509 19381
186459964 298 1192 19396
186601114 294 1926 19424
186623764 280 1791 19429
186647064 295 1193 19434
186690755 291 647 19443
186739267 295 941 19452
186799170 287 443 19464
186937789 280 1362 19492
187157248 289 1744 19535
187208833 298 1015 19545
187409747 282 697 19587
187415560 291 668 19588
187454579 287 306 19596
187650684 295 624 19635
187688121 298 308 19644
187693200 285 1142 19645
187726596 297 124 19652
187829901 280 1284 19673
187869693 293 1072 19681
187943333 289 1368 19697
187999934 295 61 19707
188036121 285 31 19715
188241412 298 1159 19756
188340792 282 1820 19775
188541269 282 179 19816
188621903 289 339 19832
188637928 280 1797 19835
188734650 298 535 19855
188800009 290 1048 19868
188830267 280 397 19874
188891147 295 1273 19885
188991872 298 5 19905
189005448 285 585 19908
189176787 297 1374 19940
189236104 298 351 19952
189268930 294 1596 19959
189353077 287 1901 19976
189369654 284 218 19979
189405897 282 1728 19987
189425912 286 350 19991
