78846 207 1557 3
129836 218 822 6
272208 205 1158 13
659438 211 380 32
1055904 201 737 52
2244932 203 27 110
2401360 207 615 118
2459958 205 447 121
2501082 218 199 123
2521958 219 542 124
2988465 215 1669 149
3052897 212 1755 152
3427326 207 1460 171
3471151 207 975 173
3818655 213 171 190
3970756 207 357 198
4344211 213 1973 217
4513304 202 1940 225
4537862 217 696 226
4761456 204 601 237
4945039 201 1927 246
6115376 206 1534 304
6453955 201 1651 320
6518022 217 1459 323
6631964 215 1084 329
6719137 210 29 333
6839213 209 334 339
6972783 212 1216 346
7113419 206 1753 353
7647258 219 1032 380
7962294 200 1578 396
8141659 214 1339 404
8617436 206 1182 428
8890410 206 451 441
9716286 208 487 482
10720037 207 10 530
10759049 218 709 532
11019592 207 1937 545
11358883 217 428 562
11526930 208 1951 570
12577721 210 602 623
12682211 200 888 628
12799848 214 576 634
12903806 207 693 639
13883485 200 336 686
14051655 208 1052 694
14164833 204 858 699
14183784 205 297 700
14206765 208 598 701
14729038 214 1676 727
15270637 213 607 754
15589475 215 1286 770
16085550 215 1439 796
16285365 218 1533 806
16382066 205 680 811
16463089 213 21 815
16545738 214 97 819
17417146 207 1216 862
17497194 216 1856 866
17582754 219 1525 870
18352532 201 1613 909
18409901 204 1998 912
19678048 201 1570 976
19697916 207 106 977
20319210 208 1722 1008
20335943 210 860 1009
20558628 201 1083 1019
20627209 218 878 1022
20823479 214 429 1032
21545076 217 1851 1070
21913918 212 1769 1088
21955083 216 687 1090
22000239 210 947 1092
22444169 203 591 1115
22673098 209 1145 1126
22732113 213 1679 1129
22929780 208 297 1139
22948853 208 1110 1140
23010192 216 1172 1143
23168865 205 838 1151
23268750 215 706 1156
23540925 207 1005 1170
23919079 200 904 1189
24178801 202 45 1202
24654513 210 529 1225
25237241 205 1706 1255
25351421 219 1138 1261
25605490 206 727 1274
25955099 211 1744 1291
25977658 203 576 1292
26170462 213 1990 1302
26293743 209 588 1308
26694123 209 1478 1327
26752449 213 1381 1330
26792859 208 1450 1332
27555290 200 369 1371
28002485 211 1656 1393
28034699 213 909 1395
28481133 207 144 1418
28517202 206 910 1420
28829613 203 811 1435
29280958 205 1903 1457
29499358 203 1954 1467
29519706 206 1085 1468
29715975 217 1355 1478
30075598 216 540 1496
30091725 209 829 1497
30170607 212 737 1501
30697031 202 159 1527
30845398 217 1337 1535
30868775 208 830 1536
31084410 204 1351 1547
31334973 208 219 1560
31604736 203 1356 1573
32049582 216 463 1595
33059847 216 1959 1644
33552544 205 1734 1669
33569080 218 1969 1670
33607820 211 1634 1672
34762564 211 944 1730
35172756 213 1159 1750
35711345 216 146 1777
36437660 218 1140 1813
37403787 207 1505 1862
37421460 216 1931 1863
37687954 218 498 1877
37968907 209 1951 1892
38315080 208 1627 1909
38336393 207 1703 1910
38908893 200 1444 1939
39132952 212 1641 1950
40446360 212 1585 2015
40791230 204 1443 2032
41397054 210 1453 2063
41419514 207 1859 2064
41540949 204 1460 2070
41667645 217 1156 2076
42848130 219 73 2134
43272916 214 243 2156
43293166 200 1446 2157
43636098 203 824 2174
43700903 212 1800 2177
44107344 216 1953 2197
44335344 210 1920 2208
44551505 212 51 2219
44612282 210 1218 2222
45663123 209 594 2273
45892496 204 1429 2285
46204373 216 1877 2300
46243518 209 1100 2302
46711334 219 1410 2325
47355829 205 1926 2357
47441897 206 1989 2361
47665343 212 438 2372
48230804 208 537 2402
48542278 211 659 2418
48737933 201 396 2428
48993101 201 565 2442
49037226 208 299 2444
49376844 204 50 2461
49447290 206 328 2465
50189494 210 458 2502
50281093 214 1491 2506
50639626 209 1025 2524
50863156 215 1377 2535
51332916 209 8 2558
51697716 218 632 2576
51736686 210 1340 2578
51930679 207 98 2588
51945679 209 433 2589
52096975 202 1283 2596
52807410 209 685 2632
52822410 205 1628 2633
53264719 212 268 2655
53654273 213 559 2674
54338621 202 665 2707
54428651 211 1737 2712
54468508 201 1536 2714
54660521 200 1235 2724
54682066 218 1779 2725
55525621 208 1292 2767
55590812 211 1681 2770
55955993 202 1989 2788
56332336 203 1278 2807
56685463 206 1895 2825
57375519 210 1610 2860
57726830 208 583 2878
57800156 216 638 2882
58024881 200 1636 2893
58538467 200 260 2919
58810712 206 875 2933
58859848 209 1724 2935
59259344 205 1286 2955
59275985 217 1394 2956
59853714 200 360 2985
60649323 216 1325 3025
60852455 208 271 3035
60868531 215 1257 3036
60988790 212 1567 3042
61575977 209 985 3070
61652023 217 1510 3074
61880698 213 1901 3086
62434517 205 1422 3114
62756950 204 1742 3131
63316459 204 1643 3159
63732205 211 1928 3180
63867289 209 414 3187
65022503 218 1947 3245
65414820 203 1937 3266
65877880 214 52 3289
65943476 205 1315 3292
65993476 215 1232 3294
66112498 209 598 3300
66236448 216 1319 3306
66405641 204 1880 3314
66463321 210 968 3317
66671288 209 925 3327
67149690 218 1881 3352
67385462 214 1327 3364
68325928 200 1178 3411
68495236 208 1314 3419
69007366 202 1736 3445
69470457 218 253 3469
69569659 202 172 3474
69651599 205 1768 3478
69972774 216 792 3494
69989228 215 1147 3495
70009840 207 861 3496
70229117 202 471 3507
70412547 207 598 3516
70582037 201 120 3524
70708701 207 1614 3530
70979137 202 211 3544
71049337 206 983 3548
71473856 209 69 3569
72048969 206 758 3598
72476068 201 1392 3618
72589338 217 409 3624
72901262 218 58 3639
72934357 205 1822 3641
73261737 211 1449 3658
73699508 215 1964 3679
73761223 206 1468 3682
73924557 202 724 3690
73943597 205 1645 3691
73983740 211 1483 3693
74266778 219 1139 3706
74366518 209 695 3711
74653274 211 1146 3725
74759556 207 53 3730
75560544 212 1570 3769
75600806 200 1090 3771
76211706 211 39 3803
76524089 203 279 3818
77123548 207 1092 3848
77790355 204 1487 3881
78120087 215 1454 3897
78798628 213 1498 3931
78992583 219 1341 3941
79099035 202 1148 3947
79274375 213 519 3956
79567976 216 1541 3971
79582976 218 1154 3972
80800177 202 541 4033
81686114 213 252 4078
81799121 218 169 4084
82197308 201 848 4104
82722812 218 334 4130
83260355 206 1964 4157
84057723 207 145 4197
84098624 207 678 4199
84253583 204 1148 4207
84383014 211 167 4214
84403556 208 1033 4215
84907906 205 1032 4241
85092299 215 1918 4251
85274940 211 1782 4260
85659330 200 1936 4280
85963289 208 1200 4296
86598974 202 1662 4328
87141182 209 854 4355
87421566 211 821 4369
87850846 216 650 4389
87989108 206 452 4396
88052032 213 1371 4399
88197544 211 469 4406
88336858 212 804 4413
88498322 200 77 4421
88675025 212 989 4430
89939173 215 1050 4494
90072036 215 1004 4501
90647413 200 1238 4531
90979195 210 1313 4548
91318661 210 802 4565
91374987 206 1148 4568
92398083 213 787 4618
92564292 219 674 4626
92963588 201 1016 4645
93434454 218 1633 4669
93480912 219 1756 4671
93602605 210 1455 4677
93777474 208 1863 4685
93948664 200 1987 4693
93973084 203 1710 4694
94157020 204 609 4703
94237747 213 1629 4707
94868639 218 343 4738
95009446 201 556 4745
95176197 215 1132 4753
95400925 205 1165 4764
95494372 205 1422 4769
95662815 216 1079 4778
95679392 214 326 4779
95735378 206 1200 4782
96192933 209 1355 4805
96278259 208 367 4809
96568386 211 1405 4824
96749953 201 1044 4833
97009458 215 1968 4846
97667825 210 1451 4879
98536034 215 1499 4923
98580759 208 1395 4925
99801978 202 1704 4985
99824880 201 206 4986
100064426 216 255 4998
100895505 214 12 5040
100940984 207 1377 5042
100996845 216 1728 5045
101015821 216 904 5046
101162675 207 854 5054
101419089 203 1543 5067
101498549 212 792 5071
101537072 209 1488 5073
101635944 216 16 5078
101919152 203 1768 5092
102165192 211 1765 5104
102244630 201 559 5108
102618374 204 482 5127
102889183 211 1239 5140
103979445 203 388 5195
104016688 213 1859 5197
104057231 209 757 5199
104179392 216 1653 5205
104737336 212 1472 5233
105150042 209 460 5254
105254079 207 522 5259
106261542 211 1831 5308
107395312 205 1842 5366
107700191 207 1740 5382
107886229 201 364 5391
108167008 205 825 5405
108229836 209 36 5408
108383839 212 1044 5416
109708869 204 215 5481
109792748 209 1016 5485
110169087 205 854 5503
110465015 204 103 5518
110765513 205 954 5534
111055503 211 1426 5549
111203053 203 1977 5556
111222697 209 1491 5557
111408578 200 1606 5566
111606356 211 1401 5576
112204524 218 701 5606
112313782 210 956 5611
113122287 205 770 5650
113900533 216 1855 5690
113998378 218 1807 5695
114890645 208 446 5739
115157187 217 219 5752
115274571 217 1546 5758
115839305 202 94 5786
116398482 201 1375 5814
116626563 210 1515 5825
116940577 200 1217 5840
117134393 201 43 5849
117390700 218 168 5863
117544508 205 1909 5871
117733630 201 1824 5881
118018219 213 1850 5895
118562507 200 1094 5921
119213471 208 1120 5955
119732493 214 1099 5982
119829813 214 1944 5987
120011802 209 1065 5996
120031535 200 459 5997
120067062 202 77 5999
120229268 219 1230 6028
120237546 217 1511 6030
120396348 214 1692 6061
120497574 215 1605 6080
120500429 219 1618 6081
120712576 203 1033 6121
120858686 208 658 6150
120957714 212 615 6168
120990005 200 1215 6175
121018702 206 860 6181
121047168 208 758 6186
121052529 204 1699 6187
121057128 206 1020 6188
121140764 212 1007 6203
121191495 204 606 6214
121246454 200 776 6225
121325341 205 387 6242
121530149 207 572 6284
121570445 219 287 6292
121649465 211 444 6307
121747841 201 1932 6327
121841901 203 791 6346
121867031 214 634 6351
121870661 213 1061 6352
122027071 208 538 6383
122048785 205 493 6387
122177134 200 1210 6412
122313553 217 1365 6437
122373375 209 1803 6449
122576725 204 1430 6490
122581446 217 1475 6491
122678036 204 1469 6510
122784939 214 1782 6531
122820704 201 1867 6538
122950191 215 1045 6566
123055917 204 89 6587
123172968 209 1252 6610
123378040 211 590 6650
123410555 205 1569 6656
123647095 208 1155 6701
123682528 216 500 6709
123851877 216 1424 6744
124039911 218 1408 6783
124373296 217 635 6848
124410328 209 1638 6856
124447309 219 419 6863
124506551 213 1682 6875
124566217 203 1985 6888
124621258 200 1622 6899
124763173 205 1104 6927
124878010 214 1413 6949
124958310 215 808 6965
124976012 219 1630 6969
125054451 205 1517 6985
125071432 213 4 6988
125217161 200 1515 7018
125346070 213 256 7044
125371845 212 1480 7049
125417824 202 803 7058
125420668 210 415 7059
125469003 206 1698 7068
125660480 214 580 7107
125769796 202 977 7129
125998145 203 346 7174
126038586 216 172 7182
126048620 209 176 7184
126084505 212 1309 7191
126137764 218 1236 7202
126204255 207 267 7215
126222525 214 1410 7218
126280856 200 977 7230
126304268 211 1925 7234
126499638 218 1640 7273
126600550 211 1429 7293
126671206 207 1603 7307
126719359 213 329 7317
126832042 209 1344 7339
127012879 208 658 7373
127051242 217 347 7381
127129381 213 236 7398
127200286 209 1700 7413
127347046 209 667 7443
127391476 211 496 7452
127412737 208 56 7456
127447844 208 1303 7463
127490266 201 260 7471
127522776 202 672 7477
127593014 209 827 7492
127838524 217 1923 7541
127849346 202 1711 7543
127886052 207 123 7550
127992798 211 1351 7573
128048159 212 109 7584
128081653 212 207 7591
128184406 201 386 7611
128251219 216 1780 7625
128279485 208 1657 7631
128300966 209 1662 7635
128378970 211 1702 7650
128435667 204 411 7661
128463706 211 1955 7666
128471744 214 1067 7668
128528484 216 35 7680
128532166 216 687 7681
128547495 202 908 7684
128648920 208 987 7704
128656684 209 1279 7706
128816639 201 1242 7739
128841434 209 616 7744
128857223 210 1150 7747
129017324 214 1497 7778
129028112 200 1396 7780
129109513 218 986 7796
129132752 208 509 7801
129169842 201 125 7808
129216224 201 158 7817
129224588 213 661 7819
129237536 211 1557 7822
129275780 210 257 7830
129292964 212 1672 7834
129317612 217 297 7839
129647714 213 1725 7905
129702064 209 447 7916
129780688 203 988 7931
129930860 215 1477 7961
130021281 217 380 7981
130099676 206 1509 7997
130123441 205 1840 8002
130223965 208 839 8023
130362621 209 237 8052
130394216 206 441 8058
130624410 201 1955 8103
130662460 203 818 8111
130713198 212 524 8121
130729978 219 769 8124
130799420 218 597 8138
130809867 201 996 8140
130863514 201 1936 8153
130919874 204 455 8164
131165926 216 700 8216
131182540 200 158 8219
131188366 218 1855 8220
131257265 211 926 8234
131298965 205 1342 8242
131309563 203 302 8244
131429277 201 1741 8267
131473000 205 1093 8276
131512613 210 1073 8284
131777515 205 951 8338
131957458 212 747 8374
132078800 202 1434 8398
132171957 210 592 8419
132193233 204 1403 8423
132260277 203 882 8437
132270673 212 78 8439
132383319 216 425 8459
132512990 219 1014 8486
132589358 204 1158 8501
132673413 205 1 8518
132797107 217 579 8541
132943917 218 1127 8572
133078503 213 1096 8598
133101195 210 681 8603
133163592 203 744 8615
133247575 214 396 8632
133331086 206 908 8649
133346939 201 671 8652
133373002 208 1723 8658
133443077 215 1710 8671
133591954 215 1212 8700
133922590 205 1064 8768
133980746 207 1538 8780
133995037 202 1997 8783
134019273 207 862 8788
134085357 211 1661 8800
134167254 202 1560 8816
134323115 203 102 8848
134467703 203 760 8876
134563156 213 1392 8895
134571595 206 1788 8897
134609525 207 884 8905
134621243 200 151 8908
134639717 216 1395 8912
134685820 206 941 8922
134821329 215 87 8949
134845099 200 617 8954
134865726 204 1139 8958
134883990 215 365 8961
134950256 216 1573 8974
134972389 219 1351 8978
134983479 204 389 8980
135011424 206 1585 8986
135024688 210 117 8989
135030194 218 1654 8990
135035435 211 1760 8991
135067456 215 1266 8997
135080673 218 943 9000
135124163 213 813 9008
135152183 217 176 9013
135186339 210 633 9019
135357095 213 1946 9053
135367615 209 631 9055
135372000 213 851 9056
135416574 203 1342 9066
135568762 210 1359 9098
135605288 200 847 9105
135629447 206 1562 9110
135632520 202 1134 9111
135671501 217 1325 9119
135701442 210 330 9124
135791255 216 137 9142
135800189 200 232 9144
135849543 211 660 9154
135883470 208 720 9161
135894180 219 681 9163
136101405 200 1107 9204
136191346 219 1202 9222
136291910 219 1590 9243
136375554 215 352 9260
136418766 205 1552 9269
136542351 211 1807 9294
136573489 207 814 9300
136589516 202 1399 9303
136606395 201 693 9306
136660159 219 620 9317
136665306 212 1277 9318
136684739 200 1585 9323
136719443 213 1151 9330
136770882 218 1702 9340
136806606 214 1833 9347
136924267 206 1279 9371
137001059 213 194 9386
137060751 218 1868 9397
137078709 209 1231 9401
137120313 215 1334 9410
137156601 209 937 9417
137302604 207 865 9447
137375290 212 1443 9461
137386953 211 995 9463
137429564 216 273 9472
137481371 212 1367 9482
137506983 215 1747 9487
137575448 207 589 9501
137595525 203 1260 9505
137616619 205 1186 9509
137770276 213 753 9540
137960029 217 1393 9576
137980502 203 92 9580
138085496 214 1216 9600
138151235 201 80 9613
138264830 210 81 9638
138388680 218 1073 9662
138461149 203 1167 9676
138476064 214 441 9679
138543103 219 539 9692
138770364 215 586 9738
138911522 206 1141 9766
138925992 218 1052 9769
138931540 200 522 9770
139143823 217 1936 9813
139161035 212 618 9817
139186221 214 35 9822
139195060 202 132 9824
139204617 217 1359 9826
139223583 212 1227 9830
139240956 215 954 9833
139466368 209 1215 9879
139477307 212 554 9881
139496454 203 757 9885
139524527 214 1693 9891
139670527 216 1302 9920
139785924 216 1279 9944
139796357 201 1371 9946
139866759 205 1314 9961
139942248 209 925 9977
140000816 205 1124 9989
140178863 203 780 10025
140320053 213 824 10054
140427541 209 1939 10074
140459701 205 1488 10081
140701017 215 1707 10130
140716985 200 937 10133
140728908 200 1926 10135
140768046 214 131 10143
140861736 210 263 10163
140981312 217 1205 10187
141019085 201 113 10195
141032908 210 1013 10198
141165969 206 190 10225
141327620 206 216 10257
141377806 205 951 10267
141400471 203 1623 10271
141460245 218 939 10284
141523640 206 125 10297
141542332 207 1618 10301
141559092 202 1827 10304
141621878 200 38 10316
141711923 214 199 10334
141784601 211 1711 10348
141861966 204 1052 10363
141941529 202 465 10379
141963774 218 544 10383
142165371 214 1276 10423
142216935 211 1505 10433
142258909 219 168 10441
142268941 211 1730 10443
142332113 205 454 10457
142352692 215 726 10461
142413258 204 825 10475
142420855 200 365 10477
142463757 205 1809 10486
142539293 204 926 10501
142669410 205 460 10527
142703628 218 441 10534
142711905 206 701 10536
142724028 200 1202 10538
142879382 205 803 10569
142925281 219 762 10578
142987945 210 1242 10590
143126408 202 427 10618
143291867 203 48 10651
143338538 206 8 10661
143371776 211 891 10668
143380267 215 266 10670
143409760 212 639 10676
143442896 214 1138 10683
143615778 214 375 10720
143745806 203 848 10745
143776684 214 1930 10752
143839585 203 1937 10764
143880660 202 1449 10772
144035566 214 1120 10803
144102933 206 1981 10816
144131890 213 1989 10821
144146005 200 640 10824
144195347 204 1390 10834
144228507 208 354 10841
144269454 201 139 10849
144302124 200 1603 10855
144374910 212 651 10870
144467992 209 166 10890
144479021 215 880 10892
144563623 202 8 10909
144616530 210 1194 10920
144666843 219 1326 10930
144798841 206 92 10957
144832058 200 875 10964
144898673 203 860 10980
145006500 213 1761 11001
145066409 218 941 11013
145071264 212 1865 11014
145111089 214 1371 11023
145136055 210 1029 11028
145235457 202 1038 11048
145625054 219 1892 11125
145629044 209 755 11126
145698664 206 40 11138
145759487 219 66 11150
145848599 217 745 11167
145853699 219 1 11168
145911655 202 695 11179
145999604 201 1442 11197
146022484 214 1637 11202
146031116 207 1752 11204
146077071 204 587 11213
146259715 216 1201 11248
146511898 210 815 11295
146545688 215 34 11302
146757886 215 1634 11346
146858500 207 775 11366
146900527 213 663 11375
147072611 214 42 11411
147271707 205 1128 11451
147298157 216 1967 11456
147306369 212 714 11458
147344224 203 542 11466
147522197 204 743 11503
147619680 202 1888 11524
147659615 208 718 11532
147686023 215 1919 11537
147748913 204 926 11549
147864055 201 1037 11572
147920322 210 1095 11583
147937829 202 1432 11586
147952495 215 1327 11589
148011406 200 1578 11602
148384961 213 1499 11678
148431794 217 485 11687
148473438 202 1170 11696
148509479 205 1583 11704
148586733 211 98 11719
148740041 200 431 11748
148870298 218 1338 11775
148918766 201 339 11786
149018028 200 1644 11804
149071561 218 1561 11814
149108446 214 1941 11822
149188494 201 1886 11838
149193656 212 537 11839
149255642 203 1131 11852
149268420 213 617 11855
149282232 202 795 11858
149408404 208 1617 11883
149440687 217 1596 11889
149583881 200 765 11917
149714498 209 623 11944
149802905 205 92 11962
149842195 215 342 11970
149947658 216 1782 11992
149960832 218 791 11995
149987186 210 490 12000
150106642 208 1901 12024
150158032 207 69 12035
150365297 215 1607 12077
150440304 209 926 12092
150668976 214 344 12138
150792216 217 1555 12162
150913026 215 1213 12187
150977984 202 1875 12200
151002835 204 142 12205
151094774 202 412 12225
151330735 203 784 12271
151445858 214 1360 12294
151486095 218 92 12302
151538107 218 1094 12313
151557401 211 525 12317
151631282 214 231 12331
151753832 211 1843 12356
151776057 218 973 12361
151844025 219 572 12375
151849128 213 71 12376
151975116 207 965 12400
152157176 202 277 12435
152268134 213 974 12458
152279388 215 1215 12460
152414031 206 182 12488
152429467 206 1710 12491
152456604 217 126 12496
152478463 205 1979 12500
152508694 215 591 12506
152535238 205 1671 12511
152540583 219 1275 12512
152569431 201 812 12518
152791147 217 1161 12560
152845965 211 1556 12572
152857006 201 1469 12574
152870200 218 521 12577
153040957 210 268 12613
153133684 216 734 12631
153166881 212 1745 12638
153195307 202 237 12644
153296230 218 855 12665
153356244 215 1696 12676
153421809 215 1141 12691
153440588 217 1701 12695
153690197 219 230 12746
153704073 218 1681 12749
153808819 212 947 12771
153828377 208 957 12775
153902068 208 1471 12790
153991119 202 1728 12808
154005708 206 319 12811
154096441 214 1222 12829
154150470 215 1387 12840
154161319 202 1047 12842
154215425 214 385 12853
154332740 216 1233 12876
154462146 208 1994 12903
154715369 211 1906 12956
154754849 201 1910 12963
154771259 202 658 12966
154887668 218 683 12990
154900122 205 781 12993
154943238 211 1073 13002
155073713 216 728 13028
155118613 204 1202 13037
155184012 208 1486 13050
155334366 218 1628 13079
155391157 210 780 13090
155471274 219 602 13106
155628625 201 356 13137
155745784 210 1678 13160
155762019 209 307 13163
155776239 206 168 13166
155812503 215 847 13173
155850375 219 1921 13181
155870009 213 387 13185
156276098 207 118 13268
156344305 209 1693 13282
156387073 209 720 13291
156476211 214 1473 13309
156509652 207 1879 13316
156521450 212 1971 13319
156584720 209 446 13331
156661860 201 802 13347
156667657 202 98 13348
156736740 200 1585 13362
156782067 206 384 13371
156787780 208 866 13372
156804711 214 170 13375
156875021 214 1245 13388
156927973 208 1686 13399
157075185 205 1899 13428
157086135 202 114 13430
157129877 208 558 13439
157208267 217 689 13455
157225409 217 326 13458
157244760 205 1700 13462
157338551 201 1208 13483
157390889 204 529 13494
157423740 213 1593 13502
157471280 219 1183 13511
157583592 219 1813 13534
157597598 209 741 13537
157635845 211 772 13545
157704948 213 948 13561
157740297 216 1337 13568
157841938 207 1567 13588
157866141 211 1019 13594
158058109 206 664 13632
158172896 219 1448 13655
158188488 200 428 13658
158202820 202 1547 13661
158213233 207 1435 13663
158249642 205 1715 13669
158491097 214 790 13717
158502863 201 957 13719
158595749 208 1949 13738
158649256 202 63 13749
158655616 215 1984 13750
158708674 216 1832 13761
158732738 209 1686 13766
158784694 213 195 13777
158871895 214 1405 13795
158878027 204 1355 13796
158893720 208 379 13799
158907018 208 1003 13802
158913518 219 1343 13803
158924769 205 479 13805
158956146 208 1237 13811
158973233 211 1103 13814
158983596 210 367 13816
158995358 205 273 13818
159024697 207 710 13825
159114211 209 957 13843
159148806 208 1880 13850
159275274 219 470 13876
159327544 211 931 13887
159386935 218 741 13898
159493479 200 1847 13920
159540165 216 1345 13930
159582761 219 1778 13938
159595721 208 1156 13941
159732768 211 435 13968
159819019 206 1147 13985
159839959 204 1909 13990
159963985 214 235 14015
160028513 210 503 14028
160047042 214 1276 14032
160054747 201 297 14034
160064882 212 940 14036
160072100 213 1035 14038
160093705 217 1854 14043
160125515 215 288 14050
160153015 216 1389 14055
160228227 204 1207 14071
160234010 211 776 14072
160256403 206 1951 14077
160290488 205 144 14084
160544016 211 1255 14133
160599690 202 1685 14144
160668884 212 115 14158
160719863 207 1117 14168
160730751 210 1161 14170
160812171 205 1573 14187
161322424 206 865 14289
161345100 202 1118 14294
161449350 215 209 14314
161480105 217 1719 14320
161484435 201 955 14321
161608040 213 88 14346
161696098 203 203 14363
161851986 219 650 14394
161936793 217 988 14409
162005152 215 461 14422
162031453 219 1441 14427
162234817 214 646 14467
162469382 219 1619 14516
162494540 202 1727 14521
162584351 202 1014 14540
162601801 206 1251 14543
162613606 204 860 14546
162743512 215 1044 14573
162793856 207 1283 14583
162840636 218 1774 14591
162865056 218 140 14596
162880744 211 513 14599
162917438 201 1191 14607
162934813 205 1914 14610
163025998 219 41 14628
163291402 219 1251 14679
163340644 218 12 14689
163469280 214 1666 14714
163500373 209 670 14721
163539230 208 229 14729
163552918 204 350 14732
163568780 207 1622 14735
163604842 201 1563 14742
163632908 200 1597 14748
163803450 216 103 14783
163827079 200 1450 14788
163890548 211 593 14800
163936265 206 1386 14810
163951340 205 1884 14813
164017284 204 485 14826
164043639 210 1210 14832
164132835 203 1596 14851
164136853 201 1066 14852
164307533 215 1341 14885
164371902 205 1580 14898
164477098 202 436 14919
164540211 214 861 14932
164549137 212 269 14934
164577881 200 497 14940
164781525 210 121 14981
164841100 204 1411 14993
164851214 200 1626 14995
164900023 202 1587 15005
164920303 208 876 15010
164930015 218 1752 15012
164937368 219 1557 15014
165126788 217 142 15051
165212238 201 829 15068
165372405 207 167 15100
165381211 216 1394 15102
165515628 205 1583 15129
165591922 205 1322 15143
165601459 211 246 15145
165665102 203 1270 15158
165720202 208 417 15169
165919230 212 1588 15208
165956961 209 1243 15216
166012313 200 481 15227
166108649 209 1777 15246
166319213 213 920 15291
166713424 206 1551 15369
166769966 219 722 15380
166807761 201 242 15388
166846056 200 1198 15397
166882723 203 559 15405
166902439 205 1001 15409
166983558 216 1196 15427
167001691 218 1612 15431
167014007 214 1907 15434
167047941 213 932 15441
167076098 215 1980 15447
167165461 202 1362 15465
167179391 218 119 15468
167206649 200 1055 15474
167324410 200 476 15496
167372763 212 917 15506
167383935 210 1250 15508
167515355 201 1282 15535
167530840 206 1326 15539
167603433 203 364 15554
167608641 203 1398 15555
167721480 202 194 15577
167726884 205 360 15578
167732147 219 1987 15579
167815321 202 828 15597
167820603 200 70 15598
167951564 203 857 15623
167968178 216 682 15626
167973035 201 32 15627
168023393 210 1582 15638
168156601 203 1636 15665
168223136 202 1436 15678
168246318 202 1827 15682
168250996 212 630 15683
168310172 212 588 15694
168422778 217 476 15717
168467660 203 346 15726
168568617 218 1541 15747
168731870 209 1604 15781
168737336 205 638 15782
168755473 213 1077 15786
168833665 213 1633 15801
168841858 214 1825 15803
168907278 208 208 15815
169058363 206 1312 15846
169063263 203 1922 15847
169218166 202 619 15879
169461446 212 1089 15928
169467708 203 1432 15929
169569813 205 723 15949
169686948 206 1934 15973
169712585 205 1256 15979
169759128 205 625 15988
169768639 215 445 15990
169843709 200 788 16006
169873910 211 1997 16012
169987016 215 470 16036
170004249 210 904 16040
170032987 213 1658 16046
170061136 214 698 16052
170131848 201 560 16066
170209762 216 1019 16082
170340266 211 1250 16109
170346461 218 100 16110
170371953 201 210 16115
170441202 209 1473 16129
170461246 212 273 16133
170542317 202 266 16150
170575266 217 1551 16157
170581384 217 1522 16158
170602832 216 1303 16162
170705826 202 997 16184
170726080 213 236 16189
170730700 209 882 16190
170809404 214 896 16205
170818565 210 1554 16207
170870876 208 1490 16217
170915127 212 1358 16226
170976474 206 209 16238
170990071 219 42 16241
171038983 205 179 16251
171056411 211 189 16254
171091808 217 1756 16261
171130905 213 360 16269
171307042 201 1242 16304
171464294 205 492 16337
171544235 205 749 16353
171549299 214 487 16354
171617924 206 745 16368
171778176 208 1514 16402
171941186 215 1698 16435
172082254 212 523 16462
172096246 208 1455 16465
172194355 214 1775 16485
172353396 211 1821 16519
172397146 214 1053 16528
172438898 204 1083 16536
172640840 201 95 16576
172680955 200 1324 16584
172841111 202 182 16616
172861973 217 1448 16620
172865784 211 1402 16621
172946286 207 1455 16636
172955761 201 1423 16638
173022690 209 1711 16651
173028413 206 1844 16652
173032324 216 1852 16653
173080800 209 871 16664
173109513 208 675 16670
173224153 201 1439 16694
173277985 203 1814 16705
173519317 205 1907 16752
173753548 218 1400 16801
173848693 205 1916 16822
173892295 212 59 16831
173986881 208 1288 16850
174064873 203 1793 16867
174070559 205 1102 16868
174147688 211 482 16884
174156438 204 1895 16886
174355557 216 1512 16926
174432313 206 1457 16941
174458947 215 477 16946
174670880 219 762 16989
174700314 205 1454 16995
174881544 216 1435 17033
174928351 209 1923 17043
174960423 201 289 17049
175175083 214 1010 17092
175220702 214 14 17101
175442878 212 1217 17147
175547465 202 1408 17168
175567549 201 877 17172
175588389 214 1639 17176
175610962 218 1674 17181
175664125 206 1054 17191
175751839 202 1058 17209
175827170 207 451 17224
175862097 219 1534 17231
175880963 202 1384 17235
176002603 215 420 17259
176026037 212 1866 17264
176114691 201 1959 17281
176228984 208 371 17305
176235484 216 1943 17306
176258413 204 812 17311
176276459 218 1289 17314
176403815 219 1967 17339
176440708 200 1937 17347
176520385 205 1679 17364
176538981 202 575 17368
176576734 207 704 17375
176640916 213 1454 17388
176673101 207 1918 17394
176739109 214 1060 17409
176858837 215 1975 17431
176863796 205 842 17432
176877846 214 593 17435
176954969 216 1759 17452
176976798 203 1047 17456
177040762 210 59 17469
177067873 204 1378 17475
177081589 202 845 17478
177121043 215 1270 17486
177172507 209 1386 17496
177652924 205 1516 17596
177705723 217 1570 17606
177905299 209 1431 17645
177920754 208 207 17648
177944645 218 1213 17652
177954317 203 1620 17654
178049752 216 722 17673
178101986 210 969 17684
178226728 202 238 17710
178277530 218 1925 17720
178294940 204 534 17723
178556181 216 667 17774
178622238 218 1006 17787
178718837 210 1740 17806
178742095 203 141 17811
178806715 210 1153 17824
178824644 211 1074 17827
178851642 212 761 17832
178941987 203 73 17851
179110224 208 2 17885
179189026 200 249 17900
179203045 213 44 17903
179340257 211 1694 17932
179360806 208 1508 17937
179442435 208 603 17954
179462892 210 249 17959
179554300 208 1769 17978
179966735 208 1185 18060
180006912 203 1650 18068
180040538 210 1306 18075
180074419 214 779 18082
180105152 210 376 18088
180259636 216 1014 18118
180288704 203 33 18124
180362953 202 1391 18139
180478191 210 1991 18162
180543072 200 1791 18175
180583157 215 1403 18183
180733772 201 499 18213
180787220 212 458 18224
180816206 208 1005 18230
180858893 203 82 18238
180862827 219 1687 18239
180959856 202 282 18257
181033801 215 704 18272
181046477 203 816 18274
181348050 205 1369 18336
181383230 212 449 18342
181442188 210 1737 18353
181499321 207 1541 18364
181504093 212 1831 18365
181666487 211 1031 18399
181779290 216 1946 18422
181864653 208 1285 18438
181983556 203 1076 18462
182067709 209 568 18479
182072137 219 653 18480
182432514 217 446 18553
182473678 213 266 18561
182478237 210 1768 18562
182498304 200 516 18566
182524672 211 1310 18571
182635340 214 563 18593
182649598 201 1049 18596
182706107 215 1919 18608
182711529 204 1718 18609
182805899 201 1351 18629
182857220 219 228 18639
182895463 203 680 18647
182940763 207 1819 18655
183034340 207 213 18674
183051845 207 1680 18678
183173532 217 384 18702
183208431 212 1287 18709
183232550 219 822 18714
183252219 215 966 18718
183263127 213 1847 18720
183296588 216 1323 18727
183323676 211 694 18732
183373953 201 1816 18742
183437715 213 1583 18755
183451925 211 1295 18758
183466458 201 1735 18761
183510137 202 263 18770
183577481 209 1412 18784
183649972 207 1435 18799
183702119 211 1469 18809
183731808 212 1961 18815
183750746 218 900 18819
183821465 201 1742 18834
183932497 211 0 18855
183999256 202 1699 18868
184055684 206 1786 18879
184075515 207 1697 18883
184079008 206 1936 18884
184114402 204 1553 18892
184117927 217 1380 18893
184175536 210 959 18904
184186429 201 1305 18906
184305788 206 1093 18931
184311282 207 554 18932
184483639 207 401 18967
184531727 213 269 18977
184596117 216 184 18990
184627689 214 1239 18996
184632954 205 1860 18997
184638372 209 1997 18998
184786297 200 129 19030
184795268 209 1194 19033
184831621 213 176 19040
184838079 211 1549 19041
184898820 203 1714 19053
185001945 218 35 19074
185247214 208 1553 19124
185376745 206 443 19151
185381258 211 327 19152
185397362 209 247 19155
185550520 216 541 19188
185563915 203 1367 19191
185621101 210 890 19202
185701157 200 502 19217
185717906 201 424 19220
185792226 216 1334 19236
185889702 204 217 19256
185974242 201 133 19273
186068458 206 1208 19291
186174052 213 677 19313
186498473 218 1710 19379
186843466 209 622 19448
186856464 214 1227 19450
186977369 200 689 19475
187085254 217 1814 19497
187188213 213 532 19517
187230937 203 1166 19526
187305146 219 17 19539
187358775 211 1618 19550
187384506 200 1328 19555
187400104 219 93 19558
187511541 213 1544 19581
187659553 202 604 19612
187700906 217 1009 19620
187745844 208 371 19629
187796739 202 519 19639
187842272 219 38 19649
187872529 212 188 19655
187978645 216 916 19675
188062992 215 1159 19692
188070377 202 1807 19694
188216776 201 1526 19723
188344607 214 1995 19747
188369647 216 1825 19752
188518014 219 618 19781
188680622 206 1559 19812
188695158 207 1895 19815
188708069 211 876 19818
188850908 204 383 19846
188937569 216 876 19863
189085175 205 985 19891
189124688 205 1705 19899
189130637 205 99 19900
189178695 206 1973 19909
189272397 219 1095 19928
189442694 217 937 19963
189568209 212 151 19987
