149857 244 1417 7
239613 252 894 11
462451 256 551 23
1224866 243 1889 60
1243341 240 1977 61
2328674 242 1963 114
2426360 251 1557 119
2825438 246 73 140
3322636 243 1971 166
3344120 242 1398 167
4239537 251 711 212
4258644 241 463 213
4491688 259 173 224
5241483 246 322 260
5500790 251 781 273
5989714 247 1405 298
6204760 243 1526 308
6222623 249 1321 309
6430949 242 133 319
6591300 257 47 327
6915421 247 3 343
7372597 247 517 366
7530930 247 955 374
7664342 247 172 381
7769220 250 1493 387
7811404 246 521 389
8051217 251 47 400
8199812 256 1174 407
8422866 244 480 418
8476874 257 98 421
8763878 247 1272 435
8961360 257 1145 444
9470916 255 1560 469
9596398 242 1843 476
9631477 247 243 478
9846604 243 1030 488
10135457 255 267 502
10479292 256 836 518
10556329 242 1299 522
10575350 246 864 523
10598021 257 1226 524
10638708 250 1666 526
10838483 246 237 536
11381846 243 1547 563
11557970 250 1159 572
11783620 257 179 583
11913638 248 1806 590
12262286 242 1012 607
12282119 241 255 608
12739242 245 1495 631
13042691 248 400 646
13407461 246 549 663
13532289 248 1059 669
13842921 248 1891 684
13927063 247 1403 688
13989822 259 1094 691
14328973 246 339 707
14434830 253 763 712
14792129 244 365 730
14813701 257 235 731
14850391 256 1244 733
14901819 241 202 736
15009022 254 1503 741
15135223 250 166 747
15350329 246 1377 758
15762835 251 652 779
15827394 249 19 782
16168191 258 263 800
16402870 257 1713 812
16771063 247 2 830
16899043 255 1647 836
16987199 249 1515 840
17327488 243 764 858
17346912 249 653 859
17516407 255 787 867
17619271 256 641 872
18613664 244 1615 922
18767237 253 1137 929
19441077 254 544 964
20038744 253 1222 994
20164746 252 796 1000
20272871 248 999 1006
20533670 254 419 1018
20581021 256 1951 1020
21029580 250 1566 1043
21350264 247 1981 1060
21591494 255 1755 1072
22053672 248 1092 1095
22612247 256 1598 1123
22970493 256 1930 1141
23028613 258 979 1144
23253750 240 1235 1155
23414909 248 255 1163
23604056 245 1487 1173
24896638 253 614 1237
24968723 250 1565 1241
25203435 257 103 1253
25429355 247 322 1265
25495594 240 571 1268
25590399 243 818 1273
25702354 246 526 1279
25833247 259 778 1285
26208825 241 1083 1304
26472769 254 531 1316
26631991 247 761 1324
26830617 253 1067 1334
27136954 253 1116 1350
27272092 247 104 1357
27338193 243 1827 1360
27359992 251 390 1361
27876631 253 1300 1387
28949062 249 558 1441
29913367 243 322 1488
30107439 247 815 1498
30235421 256 415 1504
30277325 245 1891 1506
30623770 252 1199 1523
31003599 250 392 1543
31522401 253 1231 1569
31970130 258 663 1591
32570136 258 1271 1620
32678275 249 368 1625
33157354 252 594 1649
33234604 242 89 1653
34380735 243 1450 1711
34486581 258 1338 1716
35468274 250 19 1764
35653461 249 1285 1774
35876528 250 1822 1786
36093289 243 1572 1797
36137180 247 397 1799
36265064 259 973 1805
37038214 242 1244 1843
37293313 244 343 1856
37369721 257 70 1860
37569630 241 1415 1871
37624280 241 509 1874
38377754 242 362 1912
38414600 251 813 1914
38661427 245 209 1927
38697970 241 745 1929
39294938 245 1097 1958
39513631 259 1611 1969
39556280 241 1612 1971
39831375 253 1189 1984
39989655 241 1286 1992
40149644 251 359 2000
40490102 249 565 2017
40814507 240 1083 2033
41045923 255 342 2045
41649721 241 1316 2075
41856653 251 893 2085
41941478 254 495 2089
41959441 259 932 2090
42021019 254 95 2093
42064053 245 1532 2095
42121212 256 882 2098
42552652 241 986 2119
42928615 259 860 2138
42970259 246 408 2140
43154467 245 1171 2150
43236483 240 1302 2154
43358932 252 1812 2160
43379983 257 1850 2161
43661098 255 1255 2175
43889771 242 947 2187
44193306 257 897 2201
44256881 241 88 2204
44370729 244 979 2210
44454767 247 730 2214
44706195 245 809 2226
45154575 249 1020 2248
45494196 257 655 2265
45736730 245 1145 2277
46320541 252 1866 2306
46501891 254 128 2315
46646339 242 764 2322
46976290 251 281 2338
47224601 257 1593 2350
47338262 245 1186 2356
48658272 250 1226 2424
49990214 247 1550 2492
50320913 246 1479 2508
50769387 246 480 2531
50814302 245 1995 2533
51070912 251 264 2545
51488327 243 81 2566
52032025 248 152 2593
52151341 246 751 2599
52217730 259 84 2602
52542824 241 484 2618
52624153 258 65 2622
52942659 259 865 2639
53049470 250 586 2644
53245118 241 926 2654
53286275 254 1320 2656
53782787 246 256 2680
54058801 243 986 2693
54099289 244 1986 2695
54221804 244 635 2701
54410869 256 835 2711
54534307 244 369 2717
54705234 250 1545 2726
55544912 242 527 2768
55857781 246 1081 2783
56901304 253 1832 2836
57021746 242 1493 2842
57095942 248 248 2846
57709338 258 1805 2877
58793816 252 683 2932
58914275 249 1275 2938
59098763 258 1873 2947
59496371 244 811 2967
59537271 258 382 2969
59755835 249 66 2980
60219701 252 285 3003
60267172 257 1507 3005
61012638 243 1938 3043
61198747 240 1696 3052
61984924 244 11 3092
62320569 241 863 3109
62773852 253 174 3132
63360891 242 1611 3161
63432674 240 1212 3165
63486394 241 912 3168
63795367 242 1855 3183
64268451 254 1372 3207
64555699 255 904 3222
64783138 259 67 3233
65259345 243 1126 3258
65456415 255 1661 3268
65707337 242 1542 3281
66939599 243 68 3341
67166384 247 644 3353
67206291 240 538 3355
68034987 256 885 3397
68112379 240 589 3401
68453684 254 266 3417
68705478 244 683 3430
69410531 244 1774 3466
69864441 241 515 3489
69912309 247 800 3491
70027465 250 594 3497
70048597 258 640 3498
70063597 249 688 3499
70435064 242 1922 3517
70842604 257 1099 3537
71449419 254 1014 3568
71521118 251 1194 3571
71578284 241 1420 3574
71635105 253 505 3577
71790601 258 321 3585
71992007 242 399 3595
72178134 249 907 3604
72534527 255 1778 3621
73125371 251 1351 3651
73179522 244 1251 3654
73410962 257 703 3665
73475682 252 1973 3668
73777486 242 1649 3683
74161363 251 124 3701
74250470 259 1067 3705
74537631 240 782 3719
74677522 244 1390 3726
75537510 249 708 3768
75880143 252 151 3786
76257238 244 1268 3805
76701483 243 843 3827
76987432 242 134 3841
77321827 259 1610 3858
78258379 243 1748 3904
78276868 253 1113 3905
78620677 254 229 3922
78679389 252 537 3925
78715061 248 991 3927
78817751 249 691 3932
78967583 250 1100 3940
79009184 247 1029 3942
79381008 250 812 3961
79437465 244 1833 3964
79736993 244 443 3980
79779152 248 1142 3982
79867805 253 535 3987
79929019 243 281 3990
80276445 258 1816 4007
80393089 250 87 4013
80456311 250 961 4016
80951835 248 383 4041
81478641 255 774 4068
81499249 247 239 4069
82063939 249 402 4097
82309083 240 141 4110
82660316 251 937 4127
82878945 245 416 4138
83202513 257 627 4154
83454766 252 92 4167
83544579 246 1677 4171
84020288 246 1315 4195
84150991 257 1272 4202
84268583 253 515 4208
84557491 240 812 4223
84594935 244 1806 4225
84825203 253 1290 4237
85425252 242 1621 4268
86034345 242 605 4300
86069920 248 1889 4302
86109959 255 434 4304
86320350 244 520 4315
86345350 257 941 4316
86433083 251 1919 4320
86639581 247 1421 4330
86899962 244 1727 4343
87660728 240 302 4380
87774124 259 961 4385
87952014 258 897 4394
88520595 256 1867 4422
89040365 254 1394 4449
89496019 252 1286 4472
89903214 242 657 4492
89994303 242 1466 4497
90032004 254 692 4499
90087036 256 1448 4502
90129812 242 1337 4504
90181174 245 521 4507
90199837 253 708 4508
90253056 251 575 4511
90782059 244 1350 4538
90922546 242 1420 4545
90997728 241 974 4549
91414271 245 856 4570
91828994 245 1884 4590
92143168 247 805 4605
92634630 255 684 4629
92997344 251 209 4647
93056090 251 1127 4650
93131098 258 1248 4654
93207490 256 73 4658
93399838 252 488 4667
93668927 257 1663 4680
94061830 246 1825 4698
94530905 243 1316 4721
94549800 252 380 4722
94847384 249 1371 4737
95034446 250 1623 4746
95876158 240 807 4789
96771972 253 533 4834
96812409 252 777 4836
96883171 257 438 4840
97241441 243 1413 4857
97323561 255 1671 4861
97871106 255 1917 4889
97932730 252 426 4892
98220696 245 378 4907
98308637 255 11 4911
98480909 245 1067 4920
98642547 243 1488 4928
99242124 255 87 4957
99386717 244 951 4964
99481276 252 1744 4969
99500293 253 50 4970
99761702 244 1005 4983
100267571 250 961 5008
100379563 243 632 5014
100772906 252 1083 5034
101357584 245 952 5064
101659062 241 754 5079
101961548 258 337 5094
101986048 249 0 5095
102502311 244 85 5121
102699867 258 1310 5131
102868064 243 1716 5139
103194443 249 1531 5155
103406317 241 1868 5166
103426985 243 1259 5167
104096029 259 1081 5201
104423244 255 1207 5218
104505118 247 833 5222
104527937 253 1497 5223
105412680 248 277 5267
105535551 252 433 5273
106667950 240 1972 5329
106866563 253 892 5339
107762876 252 1452 5385
107802089 242 1184 5387
108366996 252 1808 5415
108483629 257 1517 5421
108890391 253 415 5441
109460379 251 284 5469
109625103 244 76 5477
109689245 254 704 5480
109811191 241 890 5486
110006890 255 499 5495
110387945 252 713 5514
110631835 256 953 5526
110715187 257 1587 5531
111368088 257 1241 5564
111449330 252 1715 5568
111509188 257 450 5571
111764910 259 1452 5584
112415507 246 895 5616
113637181 249 684 5677
113678153 248 114 5679
114052979 251 981 5698
114087359 255 1216 5700
114688184 248 1684 5729
114794976 256 1175 5734
114959868 257 1713 5742
115670462 253 800 5778
115974187 255 305 5793
115991898 259 661 5794
116108162 244 1639 5800
116482497 256 118 5818
118231494 252 81 5905
118769538 251 1853 5932
118982166 257 371 5943
119077718 254 406 5948
119137842 242 1971 5951
119694782 251 1906 5980
119772136 244 363 5984
120087181 244 664 6000
120103303 244 921 6003
120180752 251 693 6019
120259731 251 349 6034
120265055 248 1933 6035
120329129 250 1310 6047
120377985 242 173 6057
120480740 246 1305 6077
120537624 243 486 6088
120604433 253 1121 6101
120609284 256 1404 6102
120723052 254 48 6123
120748378 246 634 6128
120752551 252 660 6129
120828877 255 1069 6144
120914465 248 1235 6160
121074383 251 242 6191
121094867 248 823 6195
121123320 259 1259 6200
121182979 242 208 6212
121285121 259 152 6233
121371458 240 30 6251
121452060 250 1514 6267
121515587 244 209 6281
121602565 246 1013 6298
121833511 245 907 6344
121875499 256 1818 6353
122290107 251 1881 6433
122463269 244 800 6468
122621685 252 253 6499
122625441 252 1430 6500
122684005 242 1554 6511
122702530 252 1976 6515
122757628 250 114 6526
122853855 256 521 6545
122862740 240 1339 6547
122891429 241 1668 6553
122905350 252 1944 6556
122964155 254 348 6569
123129586 254 1897 6602
123166799 255 194 6609
123177495 243 1627 6611
123220122 258 1987 6619
123284621 255 862 6632
123331595 248 756 6641
123397589 250 965 6654
123451812 255 189 6665
123524274 249 34 6678
123530346 247 1780 6679
123686766 256 1083 6710
123710945 240 1323 6716
123749583 254 1960 6724
123768791 246 6 6728
123861161 243 143 6746
123949068 258 1100 6764
124053696 254 63 6786
124166212 241 1861 6808
124200281 251 1666 6815
124211114 248 16 6817
124286348 245 541 6832
124317116 243 886 6838
124322064 259 1372 6839
124376713 254 1160 6849
124400094 257 189 6854
124415919 258 1183 6857
124456992 242 1486 6865
124538014 241 640 6882
124546624 256 910 6884
124603209 253 1988 6895
124638845 244 6 6903
124705686 258 1386 6916
124872389 251 806 6948
124946624 254 1610 6963
125076345 243 602 6989
125140706 243 1951 7002
125147039 259 1222 7004
125313467 257 797 7037
125340600 251 658 7043
125407885 259 1540 7056
125520674 251 1524 7078
125588168 242 1880 7092
125634488 245 1864 7102
125663939 250 1232 7108
125754134 250 573 7126
126088163 250 940 7192
126133944 250 286 7201
126249510 243 631 7223
126325669 240 787 7238
126364801 245 1338 7246
126392842 257 154 7251
126470714 249 654 7267
126504752 242 1774 7274
126531068 250 28 7279
126596004 248 286 7292
126640079 245 504 7301
126705607 256 1641 7314
126734432 253 357 7320
126759345 256 572 7325
126799696 240 1865 7333
126821062 251 243 7337
127022444 244 1943 7375
127059563 247 1583 7383
127107691 257 408 7393
127293712 245 1846 7432
127312156 249 1151 7436
127320909 259 1135 7438
127479788 246 29 7469
127530501 246 279 7479
127633243 253 1150 7500
127821283 252 1344 7538
127827255 250 923 7539
127871065 247 1405 7547
127877262 240 692 7548
127889161 252 333 7551
128038104 246 1375 7582
128042143 242 1551 7583
128072007 259 1339 7589
128104711 250 1371 7596
128268348 243 1385 7629
128284707 253 1417 7632
128289619 240 770 7633
128385470 258 550 7651
128402024 257 1026 7654
128481695 248 185 7670
128798621 240 1877 7735
128893096 251 1844 7754
129006672 240 1135 7776
129052588 254 1463 7785
129100114 249 1599 7794
129146700 253 920 7804
129151658 251 1033 7805
129283494 251 1100 7832
129376433 241 1292 7851
129429060 243 429 7862
129457527 255 1585 7868
129561745 251 1548 7888
129605954 243 185 7897
129669135 257 788 7909
129805619 245 754 7936
129840677 249 178 7943
129855326 252 433 7946
129925789 244 1557 7960
129959479 253 1187 7968
130030790 253 334 7983
130337921 243 219 8047
130540783 258 1741 8087
130698532 252 909 8118
130764018 252 465 8131
130896034 245 1872 8160
131085202 241 445 8199
131278829 241 730 8238
131303629 252 541 8243
131337024 253 1420 8249
131359328 244 1471 8253
131439301 240 258 8269
131583294 250 1752 8298
131659583 246 98 8314
131713732 259 1964 8325
131761051 255 85 8335
131771304 256 380 8337
131854686 253 1909 8354
131896528 247 301 8363
132002726 247 1902 8383
132037100 259 435 8390
132099479 256 410 8402
132115093 244 1068 8405
132164588 249 1895 8417
132205552 243 398 8425
132326412 242 199 8449
132366473 249 958 8456
132377164 251 865 8458
132460408 247 1481 8474
132492136 246 180 8481
132525162 241 1626 8489
132562188 259 187 8496
132820823 247 1881 8546
133014938 249 1000 8586
133030829 243 546 8589
133129547 241 1494 8608
133244257 255 1091 8631
133320296 249 905 8647
133422569 241 1793 8667
133432580 241 664 8669
133573372 250 355 8696
133662733 244 1398 8714
133698435 250 1056 8722
133848238 242 1520 8752
133867387 244 1301 8756
133875843 255 160 8758
133908918 247 1463 8765
133971995 244 525 8778
134025483 258 1605 8789
134030567 255 1393 8790
134047188 240 245 8793
134075263 259 257 8798
134197383 248 15 8822
134301502 254 1646 8844
134384844 254 730 8860
134548370 254 1623 8892
134644100 246 1985 8913
134647110 256 506 8914
134775582 242 1876 8940
134785541 246 1831 8942
134991641 258 340 8982
135180315 253 1010 9018
135221661 251 967 9026
135270608 247 1849 9036
135361896 259 1103 9054
135378266 251 258 9058
135525819 251 517 9088
135586215 245 1191 9101
135814598 242 929 9147
135889056 242 27 9162
136158508 240 528 9215
136220216 254 1977 9228
136337492 249 1445 9252
136370593 258 948 9259
136525362 242 369 9290
136553023 250 450 9296
136632453 241 833 9311
136730952 248 449 9332
136760654 247 1727 9338
136793845 246 1403 9344
136991623 258 184 9384
137167131 246 1899 9419
137414952 245 624 9469
137490224 252 713 9484
137717095 243 1274 9529
137722653 247 1440 9530
137849520 240 332 9555
137859707 242 451 9557
138016947 240 987 9587
138166213 249 1939 9616
138193599 256 1497 9622
138336383 240 669 9652
138528619 243 501 9689
138553686 244 775 9694
138558412 255 1610 9695
138574679 250 1582 9698
138631282 254 100 9710
138638296 252 133 9712
138647219 258 1456 9714
138766267 257 594 9737
138778778 243 668 9740
138794539 256 417 9743
138868295 258 532 9757
138893869 258 36 9762
138898064 248 1464 9763
139027835 254 1551 9790
139136559 251 104 9811
139171483 251 670 9819
139345547 257 1169 9855
139389806 254 800 9864
139439844 256 981 9874
139481672 249 1990 9882
139574735 248 1816 9901
139624619 252 175 9911
139629882 253 147 9912
139740231 247 1938 9935
139752897 252 1266 9937
139774164 245 1535 9941
139916480 259 1478 9971
139925763 243 1332 9973
140054556 243 853 10000
140058848 247 414 10001
140164555 240 1351 10022
140248879 248 1584 10039
140450631 248 433 10079
140585918 251 137 10106
140604791 252 1340 10110
140712288 243 540 10132
140758712 250 1630 10141
140934507 253 218 10178
140967669 246 1408 10184
141216960 243 217 10235
141289477 249 1063 10249
141293798 249 8 10250
141466531 243 1816 10285
141476929 253 1963 10287
141483022 255 566 10288
141564460 252 516 10305
141643138 252 1850 10320
141663050 256 174 10324
141722751 259 815 10336
141753072 243 899 10342
141769980 245 1224 10345
141843524 248 1593 10359
141894831 242 1244 10370
141923928 242 1195 10375
141994361 244 881 10389
142017270 243 1146 10394
142033924 254 525 10397
142066643 252 193 10404
142104232 248 1306 10412
142154619 242 335 10421
142278289 255 368 10445
142426574 243 991 10478
142512558 259 1879 10496
142570661 242 135 10507
142664142 255 709 10526
142751613 240 492 10544
142848259 259 633 10563
142900583 256 319 10573
143001145 255 1944 10593
143022198 254 26 10597
143114161 253 471 10615
143219147 251 1353 10636
143244619 258 246 10641
143324563 250 1702 10658
143348366 254 993 10663
143418433 248 1686 10678
143516863 247 1683 10699
143535062 243 607 10703
143654778 245 99 10728
143706931 250 1627 10738
143724350 258 911 10741
143810394 244 920 10758
143846991 259 1852 10766
143858074 247 860 10768
143963018 245 1216 10788
144010760 258 1953 10797
144058191 241 1915 10807
144080432 256 96 10811
144177036 252 54 10830
144224051 255 659 10840
144233085 249 682 10842
144242183 259 645 10844
144345974 251 877 10864
144413158 240 1162 10878
144453667 252 86 10887
144607402 252 1261 10918
144640705 248 974 10925
144678085 259 241 10932
144704008 240 936 10937
144851479 247 226 10968
144885588 244 669 10977
145106668 244 221 11022
145191085 256 628 11039
145221407 248 1049 11045
145312833 251 199 11063
145323258 248 784 11065
145391695 257 1727 11078
145491488 249 779 11098
145596125 243 366 11119
145705164 256 1994 11139
145754816 254 699 11149
145960996 251 1738 11189
146089446 241 146 11215
146108555 249 1906 11220
146124523 243 495 11223
146167750 256 1107 11231
146248409 255 396 11246
146323759 249 673 11259
146354071 245 1859 11265
146428541 252 19 11280
146483952 245 1220 11290
146622180 259 1756 11319
146821456 245 95 11359
146947192 251 1703 11385
146997362 244 793 11395
147126289 257 1629 11422
147185111 245 631 11434
147350724 242 300 11467
147405466 254 280 11478
147410366 244 1463 11479
147442495 246 848 11486
147454723 255 754 11489
147540503 244 1117 11507
147573664 246 614 11514
147603692 256 315 11521
147697028 252 1884 11539
147829391 250 815 11565
147947460 243 1675 11588
148037868 257 1743 11607
148104934 247 1732 11621
148177186 244 1859 11636
148591407 246 0 11720
148666177 244 1556 11734
148751077 257 1651 11750
148768609 251 371 11754
148846409 256 1789 11770
149001302 252 1640 11801
149007248 247 1687 11802
149092564 242 428 11819
149102992 259 458 11821
149172131 248 1146 11834
149239811 246 1672 11848
149252213 251 1979 11851
149259920 254 1830 11853
149329817 255 16 11867
149368478 248 386 11875
149478221 250 46 11896
149570881 255 1365 11915
149624566 242 159 11926
149634181 256 21 11928
149645256 249 88 11930
149747110 250 769 11951
149822107 259 574 11966
149885627 257 373 11979
149912610 254 280 11985
150004393 251 588 12003
150010893 246 187 12004
150037824 248 422 12009
150288944 240 1405 12062
150332273 242 391 12071
150342826 247 1640 12073
150385292 243 1757 12081
150461729 243 336 12096
150587828 256 1639 12122
150679377 252 1440 12140
150693507 249 1717 12143
150719362 246 1617 12148
150740111 256 1556 12152
150950726 259 217 12194
150982030 248 1204 12201
150992918 254 1282 12203
151022189 247 1718 12209
151233328 256 709 12252
151245664 249 158 12254
151294726 249 172 12263
151322059 253 332 12269
151548405 255 1415 12315
151626345 247 1570 12330
151662528 259 39 12338
151899264 242 678 12386
152072918 259 303 12419
152111757 249 1326 12426
152294393 250 569 12464
152305493 257 853 12466
152308907 249 1950 12467
152334533 250 1761 12472
152423835 242 299 12490
152701145 259 1617 12542
152737573 242 1606 12549
152767458 258 1204 12555
152771602 259 415 12556
152795286 256 110 12561
152833258 259 753 12569
152904169 252 1188 12585
152941507 249 485 12592
153112361 257 796 12627
153275537 252 877 12661
153280654 259 876 12662
153346638 259 593 12674
153372096 247 1155 12680
153496959 258 444 12707
153637889 242 1598 12735
153652650 246 1518 12738
153776281 247 479 12764
153936626 249 1658 12798
153967444 247 1769 12803
153983029 240 1486 12806
153995345 253 1520 12809
154051083 242 799 12820
154087454 255 1340 12827
154231717 259 124 12856
154287132 254 952 12867
154375335 250 1675 12885
154445481 246 232 12899
154468176 259 1606 12904
154485196 258 1678 12908
154502424 241 1174 12912
154666511 252 575 12946
154677003 247 1427 12948
154884500 240 1187 12989
154983398 244 1566 13010
155093627 240 1680 13032
155177512 251 493 13049
155200293 248 1201 13053
155206529 256 1739 13054
155243596 252 65 13061
155319954 242 1632 13076
155476088 258 1155 13107
155508425 252 1522 13113
155523470 259 840 13116
155716751 250 1296 13154
155751495 259 1989 13161
155766929 251 1254 13164
155825269 252 1390 13176
155865486 252 1292 13184
155910498 246 1506 13194
155922817 241 1755 13197
155959281 253 295 13205
155979615 252 1634 13209
156151161 240 914 13242
156240935 258 681 13261
156286324 257 425 13270
156371785 252 335 13288
156451164 255 896 13303
156544529 255 1755 13323
156762534 258 442 13367
156793677 243 1099 13373
156832391 259 91 13380
156901269 240 539 13394
156939368 250 891 13401
156960606 256 936 13405
156986317 252 707 13411
157271934 242 423 13468
157313470 250 1356 13477
157328210 253 877 13481
157333435 249 677 13482
157396025 249 553 13495
157545334 240 146 13526
157671335 258 1160 13554
157837611 249 1244 13587
157887194 247 1395 13598
157941685 256 425 13609
158102697 244 717 13640
158137984 258 912 13648
158148100 254 576 13650
158271712 243 242 13673
158330301 246 1424 13685
158456681 259 1394 13711
158485605 249 969 13716
158591793 243 1190 13737
158698227 245 246 13759
158769815 253 283 13774
158859845 256 1026 13793
159103305 248 296 13841
159163039 250 1796 13853
159173174 256 1613 13856
159215462 244 1049 13864
159331887 255 923 13888
159347970 244 668 13891
159428827 246 632 13906
159452837 245 1608 13911
159515974 257 1160 13925
159745120 250 1131 13970
159765009 256 1280 13974
159775691 257 198 13976
159784077 254 821 13978
159827156 247 1707 13987
159845095 247 1221 13991
159856197 249 1447 13993
160032046 256 1286 14029
160118170 247 607 14048
160141443 250 113 14053
160219623 245 1300 14069
160260536 259 724 14078
160356598 249 1734 14096
160456447 255 486 14116
160604644 248 335 14145
160704855 252 1967 14165
160846720 248 108 14193
160999881 252 1039 14223
161022985 259 1930 14228
161122431 257 637 14250
161240274 244 1655 14274
161292017 241 87 14283
161364555 254 99 14298
161421346 242 391 14308
161439431 249 1135 14312
161460218 256 13 14316
161507047 241 842 14325
161525629 246 598 14329
161663934 250 629 14357
161957949 259 140 14413
161977113 247 492 14417
162143771 258 1745 14450
162209493 247 39 14462
162282313 240 1511 14477
162293211 250 567 14479
162513009 241 272 14525
162620106 253 38 14547
162703755 255 1261 14565
162849981 242 183 14593
162884928 248 236 14600
163032688 259 1472 14630
163178763 256 465 14657
163211929 248 1657 14663
163256396 249 1209 14672
163301413 240 1509 14681
163385659 241 1786 14698
163549416 253 197 14731
163623396 245 1648 14746
163673795 254 1471 14756
163687245 254 266 14759
163702912 248 554 14762
163713489 249 1145 14764
163894520 245 386 14801
163925006 245 1826 14808
164047352 256 564 14833
164064220 252 1103 14837
164194076 244 722 14863
164214721 245 1895 14867
164238187 243 1746 14872
164259808 259 1640 14876
164264099 254 1621 14877
164353397 254 971 14894
164377658 240 688 14899
164381661 242 760 14900
164396023 257 1303 14903
164411924 248 1208 14906
164416417 247 1770 14907
164517783 259 343 14927
164554126 241 391 14935
164587538 244 1229 14942
164925918 244 1949 15011
165005751 245 1049 15027
165066075 245 1731 15039
165123084 257 1450 15050
165198418 242 1368 15065
165223255 258 1008 15070
165233936 245 1295 15072
165262635 249 1686 15078
165414368 242 472 15108
165489820 256 1862 15123
165596496 249 1249 15144
165606835 259 1441 15146
165803844 257 1127 15185
165864836 251 64 15198
165897225 243 1560 15204
165992422 254 1694 15223
166035989 248 1866 15232
166137565 242 1608 15252
166162163 244 1385 15257
166222341 251 803 15270
166275980 259 268 15281
166297761 258 778 15286
166502591 243 642 15326
166524403 248 687 15331
166638033 258 325 15354
166752343 259 94 15377
166941799 248 143 15417
166957542 248 1848 15421
166997438 244 787 15430
167010916 248 690 15433
167069598 252 1993 15446
167090491 253 1428 15450
167175386 250 1875 15467
167197608 244 330 15472
167237453 257 1254 15480
167342490 245 1912 15500
167366517 243 1580 15505
167432348 243 782 15519
167454475 251 492 15523
167468118 254 1423 15526
167791162 244 922 15592
167811610 244 1396 15596
168304760 248 188 15693
168396109 252 682 15712
168447128 259 1471 15721
168498749 250 1491 15732
168513757 247 1039 15735
168823415 248 1873 15799
168848068 251 1479 15804
168996308 254 1921 15833
169016168 246 67 15838
169118461 245 1430 15860
169376256 251 1356 15911
169407959 256 818 15918
169438165 241 533 15924
169534184 258 104 15942
169800902 251 1006 15997
169864293 249 629 16010
169893399 246 201 16016
169911458 257 81 16020
169991127 241 1481 16037
170028993 253 1260 16045
170097992 254 522 16059
170148106 243 798 16069
170218174 252 113 16084
170329544 242 1754 16107
170431635 243 1734 16127
170504595 247 1830 16142
170586912 242 558 16159
170664171 247 293 16176
170787493 241 1837 16201
170854655 252 1978 16214
170900336 254 1075 16223
170932029 249 803 16229
171107972 253 1647 16264
171121377 258 1036 16267
171238931 250 40 16291
171258084 258 1998 16295
171313542 248 683 16305
171522903 240 1673 16349
171552548 245 550 16355
171572236 258 1703 16359
171645251 256 532 16374
171650511 255 769 16375
171768113 256 650 16400
171829780 258 1933 16412
171877373 245 119 16422
171898453 251 88 16426
171947348 257 1083 16436
171981669 255 1861 16442
172130545 257 1949 16472
172388240 259 1046 16526
172524239 257 51 16552
172529411 258 353 16553
172533547 244 1774 16554
172542565 245 1683 16556
172572965 244 1855 16563
172726427 242 992 16593
172828763 248 472 16613
172831926 259 1784 16614
173060118 255 1345 16659
173161448 249 537 16681
173188572 241 1534 16687
173213704 242 552 16692
173329485 257 971 16715
173383535 246 372 16726
173855317 251 1046 16824
173866197 253 1322 16826
173942795 255 890 16842
173980381 253 955 16849
174100611 256 358 16875
174137539 248 954 16882
174239458 250 511 16903
174442523 248 977 16943
174452591 240 251 16945
174553785 240 527 16965
174656004 251 1144 16986
174815061 242 59 17019
174990667 254 301 17055
175129042 256 1153 17083
175240635 258 224 17105
175563366 247 481 17171
175658983 255 1039 17190
175679652 256 1863 17194
175872477 255 322 17233
176140575 257 1746 17286
176339215 259 720 17326
176416000 247 1991 17342
176617412 241 1360 17383
176680868 251 1675 17396
176684646 257 1549 17397
176714716 255 11 17403
176732362 246 19 17407
176781411 240 288 17417
176890834 246 648 17438
176895506 259 172 17439
176959082 252 335 17453
176992521 257 1103 17459
177084951 249 1007 17479
177130342 243 292 17488
177156395 256 495 17493
177181091 253 1917 17498
177242636 255 1754 17510
177276465 241 1921 17517
177413799 244 249 17546
177440415 246 1977 17552
177470402 252 202 17558
177551840 246 367 17575
177800118 257 1107 17624
177879445 250 1678 17640
177938171 247 752 17651
178139755 249 1527 17692
178186351 248 675 17701
178190900 246 456 17702
178221615 250 1586 17709
178521974 259 813 17767
178547885 258 1340 17772
178612668 258 592 17785
178626181 246 1603 17788
178846900 254 562 17831
178869901 246 1127 17836
178912760 247 111 17845
178924770 259 126 17847
178974739 257 1798 17858
178980301 247 621 17859
179057392 242 1579 17874
179391793 246 1015 17944
179498122 248 1171 17966
179540893 252 619 17975
179590165 247 1292 17985
179610531 258 1541 17989
179683430 256 1766 18003
179772774 257 1866 18021
179789804 252 1682 18024
179851616 249 975 18036
180059639 248 807 18079
180219055 259 172 18110
180352615 240 1291 18137
180388411 243 339 18144
180403703 240 1505 18147
180449343 244 493 18156
180502993 255 1776 18167
180547759 241 1122 18176
180611085 247 1862 18189
180678859 251 1554 18202
180700319 253 73 18206
180825728 243 1121 18232
180876386 245 341 18242
180898496 244 26 18246
180943291 250 1969 18254
181015728 253 151 18268
181055535 251 769 18276
181081719 258 1771 18281
181140957 240 1359 18293
181177465 258 333 18301
181207493 244 1050 18308
181277931 253 569 18321
181308280 257 1322 18327
181409929 250 1067 18347
181479461 258 529 18360
181542453 247 449 18374
181591008 254 619 18383
181700535 247 1417 18406
181713642 241 1254 18409
181794896 258 1779 18425
181912786 248 53 18448
181958922 259 1082 18458
182020332 242 392 18469
182035624 255 731 18472
182093894 242 1804 18484
182136538 240 1300 18493
182179480 250 206 18502
182228981 248 1650 18512
182353181 247 1018 18537
182359538 258 103 18538
182393029 249 118 18545
182453588 255 1783 18557
182539924 253 1949 18574
182576132 246 1071 18581
182676763 253 1457 18602
182952308 258 1159 18657
182976461 245 1939 18662
183099518 249 972 18688
183126634 245 115 18693
183153651 254 1104 18698
183213311 244 1609 18710
183363440 255 1125 18740
183390436 242 1258 18745
183412997 243 64 18750
183470685 247 1036 18762
183478249 253 665 18764
183530378 248 1727 18774
183654177 253 357 18800
183718894 254 287 18812
183746474 252 41 18818
183790077 242 1071 18827
183827480 243 599 18835
183874189 243 1853 18844
183944992 252 983 18857
184010985 246 838 18871
184037647 251 698 18876
184123415 248 1629 18894
184134301 247 944 18896
184208764 247 37 18910
184348663 251 1131 18939
184370200 256 1544 18943
184402476 258 1576 18950
184464354 258 1730 18963
184493537 259 1328 18969
184547291 241 934 18980
184601711 252 1187 18991
184612881 240 1212 18993
184661214 243 538 19002
184700855 252 155 19011
184763504 252 1967 19025
184865081 253 149 19046
185011485 251 1036 19076
185072693 245 828 19087
185110966 255 117 19095
185115627 240 291 19096
185120476 252 269 19097
185126289 242 1688 19098
185509619 241 334 19180
185530386 242 258 19184
185594269 244 614 19197
185658241 241 157 19209
185684119 255 1297 19214
185723896 253 432 19221
185798726 240 228 19237
186109547 248 1038 19299
186198739 247 1710 19318
186224226 243 226 19323
186245900 256 481 19327
186330794 251 1250 19343
186419677 240 294 19363
186526228 259 1877 19384
186817890 250 595 19443
186913997 248 1874 19462
186930009 246 279 19465
186954543 254 1721 19470
187102762 255 1824 19501
187126676 255 1427 19505
187136079 240 770 19507
187217599 244 329 19523
187389013 242 443 19556
187430884 250 419 19564
187493482 243 860 19577
187579162 248 1734 19596
187757365 252 1723 19631
187770525 250 180 19634
187906939 244 667 19661
187935892 240 440 19667
187941430 243 1503 19668
187956703 251 998 19671
188056492 246 795 19691
188085659 251 1841 19697
188116852 241 58 19703
188179575 244 1934 19715
188237768 258 1603 19727
188328405 252 1372 19744
188496034 258 1435 19777
188572732 253 1766 19792
188629698 249 719 19802
188670451 241 1397 19810
188685495 244 912 19813
188720294 251 315 19820
188760301 251 58 19828
188830063 252 1225 19842
188895986 251 1322 19855
189000058 253 316 19875
189026282 256 1477 19880
189066849 253 1305 19888
189105302 249 634 19895
189156013 253 248 19905
189502753 243 1883 19975
189553092 240 1242 19984
