1328940 87 1326 65
1389272 84 996 68
1898766 97 143 93
1955507 94 1923 96
2074887 85 1691 102
2875494 98 250 143
3223310 83 860 161
3301031 95 577 165
3518208 95 1581 175
3598851 97 1131 179
4028034 90 1775 201
4319211 95 1920 216
4646872 84 970 231
5046825 85 635 251
5396953 91 1318 268
5419770 95 328 269
5565033 90 1183 276
5621983 90 199 279
5813107 93 1131 289
6071146 81 711 302
6859990 86 487 340
7156705 90 1964 355
7417129 82 862 368
7920004 82 1323 394
8674203 97 1105 431
8913965 96 1223 442
9021823 91 1340 447
9367573 89 579 464
9653229 80 111 479
9977293 99 1625 494
10984622 90 1391 543
11541930 95 349 571
11698068 81 1570 579
12055745 87 215 597
12300328 87 582 609
12757306 98 99 632
12925492 96 365 640
13552542 87 803 670
13598067 93 982 672
13803610 98 1051 682
14592965 86 1694 720
15159113 96 1533 748
15470082 89 1422 764
15702892 89 699 776
16337193 89 954 809
16787448 90 1043 831
17098836 95 1006 846
17785710 92 602 880
17852846 87 1966 884
17937962 92 88 888
17959322 96 48 889
18720783 81 186 927
18742237 98 1640 928
18906847 86 1640 936
19163076 93 1919 949
19310448 99 297 957
19534942 97 1691 969
19968871 94 345 990
20241179 81 1012 1004
21292695 91 950 1057
21369119 93 33 1061
22651199 91 650 1125
23291079 98 134 1157
23506047 92 477 1168
23698338 82 1250 1178
23900794 94 20 1188
23964908 81 257 1191
24199809 99 1542 1203
24353779 99 279 1210
24394218 86 1166 1212
24429139 92 1568 1214
24615285 86 1848 1223
25087532 96 833 1247
25107725 81 1019 1248
25335355 86 55 1260
25791574 82 922 1283
26537966 92 1682 1319
26895650 88 243 1337
27921948 87 829 1389
27941735 87 877 1390
28420803 93 650 1415
28808443 98 705 1434
29322799 99 858 1459
29454865 84 1049 1465
29561266 95 270 1470
29792202 92 1743 1482
30464934 92 1974 1515
30552204 88 1888 1519
30659942 83 383 1525
31102325 96 443 1548
31160742 94 1671 1551
31249401 89 489 1556
31357978 86 507 1561
31437158 99 100 1565
31563954 85 305 1571
31803989 83 96 1583
32092657 93 224 1597
32357310 97 41 1609
32655155 99 1356 1624
32883192 85 1590 1635
32945179 88 1250 1638
33019405 83 757 1642
33115187 93 1711 1647
33179441 88 1628 1650
33324924 85 1810 1658
33512076 88 713 1667
34342052 96 1809 1709
34956390 91 1936 1740
34981390 87 1483 1741
35091287 88 1960 1746
35922962 94 526 1788
36035624 83 1268 1794
36619661 86 1736 1822
36879606 87 765 1835
37017931 89 1962 1842
37309712 87 1303 1857
37438416 89 302 1864
37667962 80 885 1876
38233402 93 1994 1905
38716694 82 243 1930
38738881 95 454 1931
38799805 91 1472 1934
38972036 91 851 1942
39432440 98 1342 1965
39662532 90 1424 1976
40108636 97 1579 1998
40469758 90 739 2016
40854507 98 34 2035
41144578 94 780 2050
41582975 99 1320 2072
41751945 94 984 2080
41791000 82 1951 2082
41879624 85 693 2086
42426734 99 553 2113
42534111 87 1385 2118
42653400 86 325 2124
42768511 96 1354 2130
43007922 97 232 2142
43041866 81 64 2144
43195103 91 1604 2152
43213142 91 991 2153
43543094 94 466 2169
44066692 93 1563 2195
44350839 94 935 2209
44826859 86 1305 2232
45070590 92 1860 2244
45110590 85 389 2246
45412576 89 1434 2261
45915600 86 460 2286
47483303 80 635 2363
47519874 81 601 2365
47804329 93 1890 2379
47986557 93 677 2388
48033859 98 146 2391
48211301 87 1730 2401
48368294 98 640 2409
48446414 85 457 2413
48462246 98 382 2414
48864454 99 1249 2435
49536917 82 1336 2470
49781639 82 693 2482
50398332 89 725 2512
50523162 82 101 2518
50698427 99 1869 2527
51268066 95 369 2555
51588162 82 1275 2571
52052936 92 815 2594
52419733 88 868 2612
52441945 84 1409 2613
52567824 86 17 2619
52660935 93 1081 2624
53370222 81 66 2660
53573484 91 393 2670
53807057 97 1091 2681
53969291 89 885 2689
54198278 89 1482 2700
54283995 96 1614 2704
54572205 83 1024 2719
54780819 87 1926 2730
55098102 94 255 2746
55157874 86 1961 2749
55326172 93 634 2757
55386933 88 1364 2760
55977980 80 1683 2789
56067027 87 47 2793
56101468 88 1240 2795
56262630 90 1018 2803
56783631 96 437 2830
56860425 87 59 2834
56962614 80 744 2839
57176989 86 1141 2850
57295924 81 6 2856
57351272 90 1932 2859
57923597 89 1044 2888
58121334 92 1572 2898
58260676 96 272 2905
58382235 88 1325 2911
58455879 88 416 2915
58674342 98 1533 2926
59038564 98 139 2944
59162544 81 9 2950
59370566 98 1986 2961
59817706 97 1962 2983
61137470 88 794 3049
61181654 99 1873 3051
61391049 85 1231 3061
61414003 98 1072 3062
61690345 99 363 3076
62015708 91 666 3094
62122203 83 875 3099
62240314 82 1083 3105
62562885 88 826 3121
63139681 82 95 3150
63695262 82 56 3178
63995112 88 1252 3194
64439115 98 124 3216
64500902 95 1131 3219
64723701 99 488 3230
64837614 86 1021 3236
64904098 99 1962 3239
65284284 90 964 3259
65556301 80 1215 3273
66073667 91 377 3298
66363565 82 63 3312
67758183 81 1021 3383
68533866 85 1644 3421
68570600 87 1805 3423
68794480 83 714 3434
68939233 88 605 3441
69026090 85 283 3446
69089070 89 1013 3449
69392756 88 355 3465
69689869 81 1600 3480
70355344 99 840 3513
70922760 86 866 3541
70941436 84 1182 3542
71153350 97 642 3553
71298758 96 575 3560
71414833 91 1683 3566
71688367 98 1825 3580
71914087 91 953 3591
72302833 97 842 3610
72516373 94 505 3620
73087102 83 38 3649
73495737 98 779 3669
74139921 96 1802 3700
74517898 81 756 3718
74861743 96 1320 3735
75243386 93 1193 3754
75633507 90 704 3773
75855143 88 764 3785
75920311 93 1854 3788
76746154 87 1961 3829
76912496 93 715 3837
77189187 92 35 3851
77600579 85 898 3872
77685840 94 184 3876
78381653 86 1899 3910
78662457 90 1422 3924
78758262 91 275 3929
79064885 83 1620 3945
79716026 92 910 3979
80358171 83 1091 4011
80678428 94 210 4027
81305048 93 1755 4059
82144336 89 664 4101
83005128 83 1276 4144
83020128 93 1902 4145
83221534 97 700 4155
83318148 87 1482 4160
83372179 92 1543 4163
83642609 83 1832 4176
84501785 98 1043 4220
84520130 94 1941 4221
84611715 95 1562 4226
84945355 99 1465 4243
85055770 97 1768 4249
85347041 85 196 4264
85465321 83 211 4270
85638314 99 1720 4279
85678425 95 772 4281
86677528 85 1129 4332
86759188 95 528 4336
86944364 90 1218 4345
87006196 92 1397 4348
87636754 98 685 4379
88297110 80 1521 4411
88408205 81 569 4417
88657664 97 303 4429
89151092 80 149 4455
89561493 85 1675 4475
89597438 82 1255 4477
89719026 96 790 4483
89880519 96 413 4491
89959024 99 1988 4495
90471346 90 1259 4522
90532043 96 731 4525
91219530 99 168 4560
91335114 81 32 4566
91591369 81 1574 4578
91672863 87 356 4582
91690524 85 1680 4583
91807284 98 1889 4589
91921025 94 1158 4594
92228013 92 945 4609
92266277 82 1595 4611
92360519 87 92 4616
92439825 97 680 4620
92740214 85 410 4634
92885226 92 548 4641
93150179 93 602 4655
93275443 88 475 4661
93503287 94 1775 4672
93924724 89 1933 4692
94016348 98 12 4696
94279683 98 762 4709
94664768 80 1587 4728
95255621 91 1814 4757
95457507 81 622 4767
95851158 82 540 4788
95895204 88 256 4790
95913330 99 86 4791
96170153 84 3 4804
96238203 95 1148 4807
97064826 93 1037 4849
97130084 86 975 4852
97513076 87 754 4871
98015155 94 1920 4896
98084396 88 196 4900
98360392 92 814 4914
98375392 86 1067 4915
98501175 96 889 4921
98559289 84 281 4924
98683297 99 175 4930
99097845 88 1673 4950
99424716 85 1387 4966
99717038 94 826 4981
99947928 93 180 4992
100358396 92 1830 5013
100790866 91 991 5035
100812644 86 285 5036
101036051 90 440 5047
101854145 94 1996 5089
102340501 92 614 5113
102638992 87 513 5128
102720243 92 1329 5132
103086027 84 1129 5150
103351425 83 1207 5163
103480735 97 1932 5170
103562138 85 962 5174
103577138 99 1056 5175
103779946 86 564 5185
104312393 86 1826 5212
104773373 95 923 5235
105128247 97 760 5253
105317080 99 447 5262
105377621 85 493 5265
105393247 83 501 5266
106123301 89 875 5302
106400721 86 318 5316
106588825 98 70 5325
106808753 96 256 5336
107132814 86 1224 5353
108190531 91 1124 5406
108345567 95 1212 5414
108666634 81 389 5430
109026307 82 1443 5448
109073023 93 108 5450
109244579 83 627 5459
109415681 96 872 5467
110146342 89 89 5502
110430428 81 1192 5516
110565016 82 1748 5523
110896144 95 1343 5541
111346833 82 1893 5563
111488905 98 1868 5570
111848212 84 231 5588
111901368 90 1385 5591
111964081 84 265 5594
112155915 87 1761 5604
112249233 99 839 5608
112899022 95 1329 5639
112918914 95 1948 5640
113000880 90 1203 5644
113227280 98 1858 5656
113375525 98 201 5664
113582672 94 1775 5674
114018790 87 1724 5696
114190019 89 1368 5705
114232229 84 285 5707
114291345 86 1381 5710
114578831 92 1111 5724
115229620 87 1795 5756
115713577 93 523 5780
115895227 88 112 5789
116196906 97 1489 5804
116215181 96 1603 5805
116727113 84 1794 5830
116919528 91 1350 5839
117576631 87 468 5873
117935171 92 584 5891
118309450 82 593 5909
118500004 95 234 5918
118964908 89 605 5942
119496695 85 93 5970
119850137 92 1054 5988
120148023 92 1278 6012
120204079 93 294 6023
120222768 92 1757 6027
120372690 91 1700 6056
120485983 86 1670 6078
120543668 89 597 6089
120942801 97 1882 6165
120947754 96 1306 6166
120975139 80 655 6172
121186571 85 514 6213
121212085 92 702 6218
121298256 80 642 6236
121311413 95 1711 6239
121337319 82 566 6244
121420178 90 740 6260
121437755 98 590 6264
121464376 89 474 6270
121510432 88 1180 6280
121673617 97 1523 6312
121985542 92 1268 6375
122098961 81 35 6397
122183634 83 35 6413
122260008 96 84 6427
122279203 81 384 6431
122330892 80 1788 6440
122346862 80 486 6443
122421399 99 932 6459
122713289 88 1217 6517
122833860 92 1479 6541
122843128 83 693 6543
122998671 96 1359 6576
123120723 94 1870 6600
123151892 99 169 6606
123189288 89 1773 6613
123229345 91 431 6621
123244399 86 1744 6624
123269094 94 32 6629
123374110 99 547 6649
123424472 88 1909 6659
123556165 84 1679 6684
123670086 94 1144 6706
123819579 91 269 6738
123831363 89 330 6740
123837103 98 441 6741
123870314 96 805 6748
123987609 90 1000 6772
124006219 82 1723 6776
124008803 99 1537 6777
124127585 96 324 6801
124206781 89 322 6816
124259520 95 434 6827
124432243 98 1875 6860
124437983 81 1495 6861
124483567 98 1451 6870
124518238 91 1597 6878
124617558 85 1826 6898
124752704 84 1085 6925
124804525 91 1653 6935
124898031 80 93 6953
124925393 99 613 6958
125272173 85 1584 7029
125276063 91 1660 7030
125297703 82 1871 7034
125432332 89 971 7061
125448799 83 833 7064
125462542 82 1996 7067
125897945 93 1909 7154
125915487 87 1387 7158
126076437 93 75 7189
126102809 97 1617 7195
126198697 89 1271 7214
126315877 90 980 7236
126375377 99 999 7248
126408103 87 1781 7254
126514946 84 1171 7276
126542007 86 1504 7281
126679301 89 994 7309
126723979 98 318 7318
126816113 85 1098 7336
127027088 93 1236 7376
127071110 96 769 7385
127096246 80 1848 7391
127212688 85 1764 7416
127298652 89 1158 7433
127432907 91 1229 7460
127539398 80 786 7481
127752959 86 308 7524
127758664 82 594 7525
127769628 95 810 7527
127859153 87 1985 7545
128155460 87 1961 7605
128260775 93 1598 7627
128307080 95 1561 7636
128376624 90 928 7649
128410047 91 664 7656
128450706 86 1844 7664
128536759 84 1970 7682
128684611 88 1513 7712
128732776 80 197 7721
128752396 81 1969 7725
128803071 80 1887 7736
128907002 90 819 7757
128915965 81 1118 7759
129011840 82 14 7777
129058879 89 13 7786
129093614 99 1282 7793
129122185 84 48 7799
129141461 91 1707 7803
129401558 89 89 7856
129414973 97 1596 7859
129434467 95 1844 7863
129525381 98 501 7881
129556215 97 454 7887
129591549 90 882 7894
129611132 90 147 7898
129786161 82 429 7932
129825019 94 1145 7940
129829842 86 705 7941
129878751 93 862 7951
129944350 83 1397 7964
129980005 83 347 7972
130070315 96 1869 7991
130152639 89 483 8008
130296817 96 561 8039
130307799 90 1759 8041
130328729 86 700 8045
130358868 80 1445 8051
130390440 94 1452 8057
130452834 83 288 8070
130461508 83 129 8072
130475192 94 827 8075
130485078 98 1367 8077
130491066 96 471 8078
130521676 80 118 8084
130561113 91 1563 8091
130651964 93 1515 8109
130658464 87 1706 8110
130718399 81 1887 8122
130754853 87 1225 8129
130794077 94 1581 8137
130845945 85 889 8149
131053524 91 1488 8192
131065064 89 895 8195
131141769 96 1040 8211
131193878 87 639 8221
131203756 81 419 8223
131229980 99 1595 8229
131245434 98 537 8232
131267948 97 5 8236
131373868 95 1570 8256
131578103 94 870 8297
131600812 81 1668 8302
131643606 83 1612 8310
131652487 88 324 8312
131694672 87 1604 8321
131795568 97 1469 8342
131813534 93 1187 8346
131886230 95 903 8361
131928744 87 845 8369
131983518 90 452 8379
132041296 82 1211 8391
132054240 90 802 8393
132127010 96 558 8408
132168199 99 1206 8418
132331450 94 766 8450
132372458 89 864 8457
132516594 92 246 8487
132757565 92 1913 8534
132853607 85 494 8553
133063740 94 1117 8595
133282747 80 1329 8640
133458385 96 1406 8674
133477185 85 101 8678
133569413 99 527 8695
133626586 88 741 8707
133646139 82 20 8711
133791497 87 1305 8741
134134090 85 309 8809
134139059 87 1210 8810
134172791 94 1306 8817
134339076 94 108 8851
134410222 86 907 8865
134507482 90 1201 8884
134583547 92 1231 8899
134605036 82 1291 8904
134626796 86 1038 8909
134677465 87 620 8920
134694954 97 1582 8924
134750023 81 1233 8935
134794610 94 762 8944
134825697 81 1438 8950
134891434 86 1624 8963
135093006 82 33 9002
135163159 96 533 9015
135207395 91 630 9023
135251365 98 1514 9032
135266516 85 547 9035
135296820 82 619 9041
135324301 97 1845 9047
135340961 86 1974 9050
135411950 99 934 9065
135430014 81 548 9069
135455181 97 298 9074
135545498 91 783 9093
135683948 81 253 9121
135726989 96 1716 9129
135766019 99 1854 9137
135844319 97 1805 9153
135927077 88 1165 9169
135969597 96 1990 9178
136025710 80 986 9189
136053835 81 654 9195
136114800 89 1081 9207
136141155 89 1676 9212
136163028 89 1428 9216
136345476 91 392 9254
136414424 93 843 9268
136432218 81 806 9272
136474016 92 67 9280
136538874 81 1781 9293
136547361 82 801 9295
136583776 89 1579 9302
136596016 93 88 9304
136618128 97 629 9308
136635888 95 1868 9312
136689662 98 560 9324
136695782 91 392 9325
136798766 87 423 9345
137051431 86 1066 9395
137227056 87 1666 9431
137289994 82 1677 9445
137363984 80 905 9459
137495554 89 1591 9485
137528261 80 1007 9491
137585558 86 593 9503
137600124 81 221 9506
137631009 98 418 9512
137731635 89 425 9532
137755427 94 1378 9537
137985663 99 1187 9581
138053133 84 467 9594
138109203 87 345 9605
138204777 84 1036 9624
138257398 92 849 9636
138292601 98 304 9643
138362336 98 1892 9657
138522868 98 823 9688
138864536 92 57 9756
138907341 96 1484 9765
138920460 80 438 9768
138940277 85 1054 9772
138955238 90 240 9775
138964590 94 769 9777
139044269 80 1522 9793
139064607 98 1818 9797
139110040 88 269 9806
139118721 80 95 9808
139268848 91 1021 9839
139341832 89 584 9854
139349237 89 1485 9856
139364140 94 183 9859
139385236 94 566 9863
139455370 88 1988 9877
139506312 94 421 9887
139510673 89 1619 9888
139538311 84 1179 9894
139589846 92 654 9904
139650680 93 1517 9916
139678355 80 151 9922
139707934 90 1124 9928
139767664 92 1965 9940
139805247 98 1289 9948
139829802 85 1649 9953
139863323 92 502 9960
139930565 90 1744 9974
140140731 87 1679 10017
140168782 92 134 10023
140191926 85 164 10028
140329881 93 706 10056
140481261 93 452 10085
140513575 81 585 10092
140528149 82 325 10095
140609624 97 1512 10111
140619527 97 173 10113
140623924 95 1961 10114
140669733 93 1619 10124
140707037 89 145 10131
140841197 93 1186 10159
140930546 98 1655 10177
141038490 94 39 10199
141095600 82 1547 10210
141181347 98 530 10228
141231742 82 1826 10238
141274912 93 1331 10246
141382618 84 954 10268
141412789 89 190 10274
141510349 96 1463 10294
141553612 84 340 10303
141569526 88 1200 10306
141615378 86 1292 10315
141680604 87 516 10328
141728038 95 528 10337
141748881 97 883 10341
141763785 86 387 10344
141775669 81 1459 10346
141790266 86 1397 10349
141849093 83 714 10360
141886640 87 599 10368
141901331 92 1357 10371
141935629 92 1018 10378
142028833 88 1809 10396
142071013 90 896 10405
142133209 96 763 10417
142148467 84 1227 10420
142197036 94 1987 10429
142233147 84 1655 10436
142377066 99 996 10466
142452946 82 1150 10484
142529009 81 1351 10499
142532793 86 505 10500
142634979 83 1317 10520
142851307 91 1990 10564
142949263 82 497 10583
143104998 84 1097 10613
143153979 86 1119 10623
143426136 83 673 10680
143431196 85 1858 10681
143502686 80 621 10696
143521816 88 595 10700
143576599 96 57 10712
143762087 86 19 10749
143766793 97 689 10750
143870979 85 1735 10770
143916326 99 1979 10779
143930648 85 1230 10782
143973544 99 607 10790
143984520 98 569 10792
144000788 95 523 10795
144014501 99 375 10798
144041860 90 1742 10804
144052466 82 1130 10806
144185311 95 466 10832
144247098 81 826 10845
144518040 86 771 10900
144554643 86 1164 10907
144587200 97 1860 10914
144627052 92 1620 10922
144709519 86 1679 10938
144718152 86 1119 10940
144767612 89 1314 10950
144811703 82 715 10960
144847329 81 1430 10967
145195923 91 424 11040
145266575 94 345 11054
145353202 85 1794 11071
145429722 81 871 11086
145445638 80 648 11089
145450690 90 714 11090
145460253 88 429 11092
145475335 83 264 11095
145530607 90 1861 11106
145773808 82 385 11153
145859090 98 228 11169
145970768 95 1699 11191
146017143 91 1309 11201
146068019 83 1226 11211
146184698 96 978 11234
146196094 90 1421 11236
146327983 84 774 11260
146450674 98 1639 11284
146540632 86 1959 11301
146593988 82 334 11313
146612398 98 1806 11317
146683225 99 197 11331
146706853 86 1279 11336
146739508 94 231 11342
146801468 85 1467 11355
146836381 84 600 11362
147022532 96 1225 11400
147050585 97 1993 11406
147057391 85 52 11408
147066628 89 1495 11410
147096511 82 593 11416
147165539 96 582 11430
147202280 98 1208 11437
147220775 84 359 11441
147277892 87 872 11452
147485119 99 219 11495
147631005 90 150 11526
147770697 95 853 11553
147788105 96 1030 11556
147821390 82 1036 11563
147839177 98 1560 11567
147869849 99 890 11573
147977072 93 425 11594
147984278 91 1923 11596
148069557 80 276 11613
148072364 95 1976 11614
148135113 82 496 11627
148164358 99 589 11633
148166358 82 1347 11634
148208806 93 1918 11642
148308203 92 1018 11662
148368954 90 1510 11674
148531020 98 289 11708
148545112 80 1664 11711
148601270 99 356 11722
148628288 88 1622 11727
148699653 87 1404 11741
148716473 96 1899 11744
148790754 95 1697 11758
148810120 87 591 11762
148815827 96 872 11763
148883265 90 534 11778
149027664 97 298 11806
149084427 84 420 11817
149242836 81 7 11849
149350415 82 1939 11871
149354681 86 1876 11872
149402935 86 794 11882
149650337 89 433 11931
149764191 84 474 11955
149810892 95 1067 11964
149893727 89 415 11981
149898357 86 961 11982
149937308 81 783 11990
150026074 90 1166 12007
150150078 83 276 12033
150154996 85 1312 12034
150238517 92 391 12052
150258608 87 933 12056
150337706 94 1536 12072
150405377 84 1302 12085
150481409 83 1350 12100
150560333 90 815 12116
150662500 98 1991 12137
150774005 91 1367 12158
150811534 88 553 12166
150854490 90 883 12175
150894848 96 1815 12183
151007710 98 211 12206
151076094 95 469 12221
151118563 84 1913 12230
151171329 86 1083 12240
151317909 97 1717 12268
151414222 81 891 12288
151462333 96 1710 12297
151481288 94 1817 12301
151562140 81 1489 12318
151749552 83 1260 12355
151811266 97 1459 12368
151905015 91 1479 12387
151942986 99 1446 12394
151996361 80 317 12404
152006345 84 1172 12406
152025326 88 471 12409
152062318 94 378 12417
152068818 83 1237 12418
152131001 88 40 12430
152227966 84 101 12450
152329018 98 194 12471
152670494 80 1424 12537
152805313 98 1528 12563
152977749 96 467 12600
152993394 87 1870 12603
153013780 83 1566 12607
153046193 85 528 12614
153074395 88 1822 12620
153080240 83 1250 12621
153251685 85 261 12656
153330010 95 1670 12671
153351650 99 1882 12675
153382306 81 1001 12682
153386400 84 737 12683
153679197 96 1638 12744
153692690 92 1342 12747
153735592 81 117 12755
153914687 92 1521 12793
153930126 85 1644 12797
153943110 88 133 12799
153954612 97 1668 12801
154252226 81 1852 12860
154434675 86 1253 12897
154441175 97 1391 12898
154489409 96 265 12909
154557878 85 1399 12925
154634138 90 258 12939
154646756 99 1815 12942
154700139 92 1395 12952
154742844 91 1382 12961
154989937 89 1813 13012
155055328 98 1527 13025
155088406 91 530 13031
155223929 86 428 13057
155273042 95 822 13067
155283916 93 1263 13069
155304787 97 122 13073
155428977 98 1887 13097
155447840 85 1209 13101
155513277 90 1504 13114
155614417 91 685 13134
155623847 82 883 13136
155803405 98 1111 13171
155817497 98 277 13174
155830830 81 975 13177
155949169 99 175 13203
155984477 97 959 13210
156018624 84 1411 13217
156023471 95 1771 13218
156119925 84 609 13236
156138999 95 1171 13240
156145244 87 1711 13241
156188549 84 747 13250
156246121 81 1125 13262
156291274 93 409 13271
156434280 83 1409 13299
156482711 97 567 13310
156578671 93 1755 13330
156917109 94 1402 13397
156964916 89 1310 13406
157006652 91 406 13415
157115773 85 1816 13436
157180485 98 205 13450
157186985 96 1461 13451
157230701 99 1471 13459
157281463 92 208 13470
157507969 97 912 13519
157531341 96 932 13523
157578426 81 1247 13533
157593583 89 574 13536
157667612 93 383 13553
157693291 87 1505 13558
157816173 95 1396 13583
157825875 86 15 13585
157851421 83 1868 13591
157896598 97 1585 13600
157936210 93 1276 13608
157946811 96 455 13610
158021104 86 1545 13625
158031882 92 982 13627
158063000 85 1380 13633
158277437 96 601 13674
158297823 82 667 13678
158307808 84 519 13680
158522416 87 1968 13723
158587661 88 1373 13736
158601074 99 1059 13739
158624176 83 1150 13744
158681059 99 109 13756
158779543 82 164 13776
158802290 95 473 13781
158817824 82 1980 13784
158822465 82 1298 13785
158950907 96 1149 13810
159097281 90 229 13840
159283096 99 1758 13878
159293554 97 205 13880
159489236 94 1878 13919
159572926 93 1045 13936
159698074 84 492 13962
159945857 89 1266 14012
160050020 82 144 14033
160080677 85 1053 14040
160243631 95 578 14074
160271774 86 1784 14080
160421891 85 993 14109
160432200 88 821 14111
160485891 84 223 14121
160540658 88 1277 14132
160562152 94 308 14137
160573156 86 1748 14139
160776343 91 1369 14180
160918471 89 467 14206
160964225 82 198 14216
161004581 88 1111 14224
161174337 99 231 14261
161326352 88 463 14290
161539875 92 1420 14332
161750278 81 1769 14374
161813323 83 1841 14386
161823935 80 1403 14388
161949006 80 1989 14411
161953987 91 958 14412
162026384 89 1891 14426
162036529 82 1811 14428
162215547 80 1468 14463
162255082 98 126 14471
162298191 94 1368 14480
162303163 92 320 14481
162316712 96 1440 14484
162327870 85 1881 14486
162387340 97 1445 14499
162405435 89 176 14503
162534696 91 53 14530
162553032 80 238 14534
162610920 82 919 14545
162659774 84 187 14555
162870175 92 740 14597
162994176 89 1293 14622
163038869 88 433 14631
163157672 89 708 14653
163191313 82 573 14659
163220488 94 1421 14665
163245411 99 1611 14670
163297196 82 1654 14680
163485690 84 1337 14718
163559418 83 417 14733
163738649 86 492 14770
163774971 83 1821 14777
163930073 84 361 14809
164170389 85 1392 14859
164175381 96 158 14860
164198250 98 1615 14864
164276936 83 819 14879
164438374 90 1827 14911
164452738 93 1395 14914
164525708 80 1279 14929
164564262 89 328 14937
164623600 86 1036 14949
164693468 89 362 14963
164698064 89 1014 14964
164941987 82 1926 15015
165024505 86 1673 15031
165055238 94 477 15037
165112669 92 1845 15048
165180271 91 1172 15061
165238822 90 584 15073
165344167 96 328 15094
165528418 99 1784 15131
165675923 87 1403 15160
165747478 88 1432 15174
165787068 99 1975 15182
165944508 91 298 15213
166022221 94 1815 15229
166175163 93 1713 15259
166178165 82 863 15260
166213150 92 1922 15268
166253290 93 1620 15276
166283075 87 143 15283
166309722 83 660 15289
166313223 96 1950 15290
166348494 91 1419 15297
166449913 83 153 15316
166475799 90 740 15321
166496402 87 1750 15325
166580282 88 1831 15343
166649147 95 1377 15357
166747772 84 1343 15376
166841556 88 375 15396
166865391 81 1643 15401
166955021 80 978 15420
166979814 92 319 15426
166991671 96 1856 15429
167125194 89 1935 15457
167154921 97 351 15463
167211547 86 1871 15475
167286891 94 872 15489
167302315 90 1938 15492
167329000 80 1026 15497
167333897 97 1766 15498
167414372 87 947 15515
167575499 82 360 15548
167646264 80 62 15562
167831354 90 387 15600
167990736 94 1383 15630
168049419 87 648 15643
168143575 81 1861 15662
168218631 91 547 15677
168276248 96 530 15688
168428716 97 488 15718
168508848 91 1285 15734
168521255 83 1205 15737
168573169 97 1553 15748
168588938 96 1492 15751
168605173 89 1213 15754
168611673 83 1691 15755
168626372 92 660 15758
168763095 99 1279 15788
168964835 96 1371 15827
168978544 93 1789 15830
169002882 95 368 15835
169077416 91 24 15850
169213844 93 327 15878
169305460 88 1615 15896
169310281 84 551 15897
169523912 85 1086 15940
169586733 83 775 15953
169658538 93 15 15967
169785801 93 1002 15994
169794559 97 1753 15996
169951357 94 1875 16029
170025091 90 1965 16044
170154606 92 1868 16070
170190695 95 1082 16078
170537093 84 1010 16149
170615770 82 769 16165
170624081 81 830 16167
170685657 81 1197 16180
170746114 89 200 16193
170771976 94 1906 16198
170797648 86 680 16203
170920982 91 1840 16227
170965970 89 1359 16236
171085787 83 71 16260
171189393 91 1138 16281
171197499 80 349 16283
171292999 85 1049 16301
171321742 88 1588 16307
171415281 94 1256 16326
171457127 99 1836 16335
171488942 91 806 16342
171557518 84 1030 16356
171597544 91 1453 16364
171773820 80 840 16401
171847212 95 438 16416
171862084 89 948 16419
171894336 94 1950 16425
171918587 94 403 16430
171937528 92 1464 16434
171959599 83 1904 16438
171991453 82 1087 16444
172043031 93 1445 16454
172079992 86 1268 16461
172251086 95 1820 16497
172255019 97 949 16498
172292268 93 1657 16506
172304437 82 714 16509
172333121 81 1571 16515
172434896 95 1890 16535
172445054 93 350 16537
172481406 96 557 16544
172538214 85 770 16555
172604670 95 1465 16569
172646437 95 1200 16577
172698069 91 894 16587
172747894 83 432 16597
172819627 86 767 16611
172915137 85 236 16630
172941706 97 494 16635
172965014 91 771 16640
173165503 91 953 16682
173202589 97 998 16690
173247780 90 1206 16699
173288942 92 666 16707
173323617 84 1955 16714
173334150 90 245 16716
173348887 92 670 16719
173364051 85 1516 16722
173377878 90 1960 16725
173490096 88 1293 16747
173523727 91 1224 16753
173676621 93 16 16785
173682895 86 1022 16786
173778288 91 1991 16807
173819550 90 1183 16816
173825259 87 1229 16817
173896038 92 1337 16832
173968428 84 708 16847
174032161 89 1475 16860
174183461 89 1871 16892
174219600 90 1695 16899
174230886 99 983 16901
174251698 82 360 16905
174327317 82 1532 16920
174511732 97 554 16956
174530981 80 1427 16960
174534860 88 340 16961
174544981 87 1152 16963
174576761 96 1536 16969
174689875 84 1856 16993
174840213 81 841 17024
174852470 93 136 17027
174913434 84 205 17040
174974458 99 1441 17052
174997167 97 1579 17056
175012104 98 852 17059
175021467 87 424 17061
175124182 93 516 17082
175135542 90 159 17084
175198879 82 1188 17097
175214734 88 1157 17100
175270557 80 324 17111
175290567 86 1685 17115
175314190 95 1480 17120
175365522 94 424 17131
175381657 94 1132 17134
175408287 97 460 17139
175439373 84 1190 17146
175509660 85 697 17160
175542266 91 1395 17167
175617462 98 1119 17182
175674064 98 1573 17193
175693799 94 1964 17197
175713519 87 1732 17201
175721654 92 279 17203
175773926 95 153 17213
175793661 83 229 17217
175920759 85 21 17243
175940005 92 1116 17247
176015523 95 931 17262
176049263 95 1163 17268
176088236 87 995 17276
176093977 94 51 17277
176169994 81 1576 17292
176183674 85 703 17295
176194637 81 1715 17297
176332715 86 1140 17325
176344280 90 1658 17327
176393786 98 133 17337
176565400 80 1725 17373
176590741 81 759 17378
176676210 96 339 17395
176798649 81 1748 17420
176911234 94 1892 17443
176982695 99 977 17457
177015016 95 727 17464
177030554 87 1503 17467
177088262 80 537 17480
177186547 94 1588 17499
177369623 98 242 17536
177431315 90 1475 17550
177669021 81 842 17599
177699975 94 1472 17605
177733339 94 1081 17611
177743796 91 926 17613
177766997 88 1237 17617
177824171 80 587 17629
177901567 87 1904 17644
178061526 96 1258 17676
178134809 93 705 17691
178172010 91 1301 17698
178284030 82 1373 17721
178322994 95 1004 17729
178416397 86 720 17747
178431472 87 1703 17750
178479176 80 202 17759
178552137 86 1434 17773
178617883 93 1962 17786
178746708 90 1076 17812
179030173 91 31 17869
179051190 98 1593 17873
179085660 82 1374 17880
179153239 93 1881 17894
179235533 98 793 17910
179279969 93 587 17919
179335172 89 712 17931
179372990 88 908 17940
179387538 82 457 17943
179455520 84 1507 17957
179473268 94 577 17961
179525535 82 1751 17972
179721098 96 791 18010
179824706 90 1541 18031
179831206 81 920 18032
179863266 91 613 18039
179938221 94 1633 18054
180063193 99 823 18080
180094220 88 206 18086
180154649 87 1399 18098
180164827 94 265 18100
180318718 84 1638 18130
180412709 86 1134 18149
180440282 80 950 18154
180464808 93 1625 18159
180538338 91 957 18174
180565711 87 1402 18179
180620650 80 225 18191
180719008 98 1669 18210
180796295 98 252 18226
180930886 81 878 18252
181137486 91 786 18292
181186210 83 1105 18303
181213310 96 1082 18309
181343894 81 839 18335
181397816 88 203 18345
181416429 82 1204 18348
181567375 88 602 18379
181601026 80 828 18385
181624312 87 1554 18390
181774641 85 210 18421
181785694 88 1840 18423
181853378 96 98 18436
181888973 91 985 18443
181919286 81 229 18449
181955534 95 1153 18457
181993117 91 1077 18464
182098442 97 1744 18485
182118989 91 471 18489
182133194 84 1860 18492
182255650 82 1023 18517
182487996 89 530 18564
182503763 95 1051 18567
182529398 95 780 18572
182569862 86 1911 18580
182629808 82 516 18592
182748512 98 1101 18616
182815547 95 622 18631
182826183 80 558 18633
182841422 94 788 18636
182987106 90 37 18664
183083139 96 7 18684
183286991 98 589 18725
183318296 81 1343 18731
183329060 98 1692 18733
183368694 86 1067 18741
183676011 81 211 18804
183777139 80 842 18824
183902999 84 61 18849
184003788 81 1040 18869
184007908 98 793 18870
184021970 83 1741 18873
184158788 99 1785 18901
184272313 91 1507 18924
184292275 94 546 18928
184327058 83 1932 18935
184338705 98 1528 18937
184407336 96 992 18951
184577093 97 414 18986
184655288 86 1196 19001
184719894 80 1787 19015
185039414 84 469 19081
185045564 81 1482 19082
185097485 94 1314 19092
185102317 80 1016 19093
185136812 82 1535 19100
185152906 91 975 19104
185171463 81 1673 19108
185186343 95 1300 19111
185315592 98 678 19138
185334245 98 1157 19142
185354588 89 1012 19146
185359696 95 234 19147
185513153 94 1303 19181
185524555 91 509 19183
185542164 82 1587 19186
185605105 88 274 19199
185677619 84 1367 19213
185750647 83 1845 19227
185761203 82 146 19229
185776676 85 926 19232
185899565 83 818 19258
185991393 99 1279 19276
186022371 85 866 19282
186130183 82 1151 19303
186242351 84 67 19326
186263660 93 643 19330
186362687 91 1248 19350
186377124 98 187 19353
186393224 93 1440 19357
186434671 91 95 19366
186461223 96 533 19371
186481289 90 299 19375
186520328 81 1903 19383
186662976 94 1715 19411
186666950 81 1499 19412
186691539 83 302 19417
187071116 93 4 19494
187213080 89 1470 19522
187476656 95 980 19574
187532971 84 644 19586
187604805 94 1296 19601
187713268 94 1069 19622
188006100 98 861 19681
188046543 86 656 19689
188205658 80 521 19721
188472113 87 1809 19772
188502534 80 1796 19778
188524514 89 788 19782
188560078 85 1994 19789
188577956 81 544 19793
188644296 89 1622 19805
188820975 81 681 19840
188866994 80 1981 19849
189088580 89 340 19892
189094620 92 700 19893
189152283 84 1055 19904
189191972 93 1109 19912
189197970 83 334 19913
189211133 80 1537 19916
189293742 82 729 19932
189320567 92 277 19937
189344368 89 1838 19942
189404839 97 976 19955
189489326 92 1950 19972
189605566 80 918 19994
