303902 134 14 15
509634 125 517 25
597752 128 1133 29
618174 129 707 30
642169 124 380 31
1201358 135 1951 59
1308648 126 1595 64
1425759 128 852 70
1491596 127 1626 73
1514549 136 1184 74
1771706 134 1867 87
1853281 127 1052 91
2223153 121 1311 109
2259932 127 251 111
2801957 127 157 139
2948405 130 1874 147
3088613 135 817 154
3281952 129 1989 164
3950728 131 1877 197
3987751 135 1603 199
4180711 123 240 209
4404520 130 698 220
4744827 134 1819 236
4781087 123 1936 238
5331584 139 1133 265
5702810 124 1615 283
6310913 127 1521 313
6330915 125 1750 314
6367754 139 207 316
6820202 121 544 338
7255199 120 362 360
7352957 129 1733 365
8027344 122 1396 399
8518841 123 1763 423
9080067 122 979 450
9150265 122 170 453
9169930 128 300 454
9229150 121 336 457
9348608 125 115 463
9762971 120 339 484
10434500 125 800 516
10534737 137 1430 521
10684697 127 1401 528
11074926 121 473 548
11148653 135 1212 552
11422341 129 1161 565
12100311 138 1437 599
12120525 134 1599 600
12321136 134 97 610
12441424 127 948 616
12540826 130 685 621
12777630 133 1230 633
14072443 130 829 695
14273592 126 905 704
14373164 120 15 709
14471688 122 1838 714
14512144 139 664 716
14666545 129 1289 724
14835391 126 1554 732
15744506 124 880 778
15989292 139 88 791
16527513 132 152 818
17079900 133 106 845
17133382 137 1941 848
17210288 125 1901 852
17454545 137 1505 864
17635723 132 1785 873
18003889 136 628 891
18128146 121 668 897
18391508 132 1759 911
19025111 127 1953 942
19422619 131 408 963
19511510 129 467 968
19805413 133 758 982
20221441 124 801 1003
20256918 126 552 1005
20486983 136 905 1016
20764088 121 178 1029
20846780 136 1472 1033
20901899 139 1445 1036
21391178 120 960 1062
21486037 131 1220 1067
21732164 130 848 1079
22074106 132 1395 1096
22631569 121 1328 1124
23311214 121 156 1158
24081780 125 976 1197
24224809 135 844 1204
24412925 120 1952 1213
24448224 134 1560 1215
24512641 139 14 1218
25066927 120 176 1246
25125938 129 456 1249
25168145 131 997 1251
25472275 123 1416 1267
25768411 131 243 1282
26135526 126 302 1300
26809486 138 1896 1333
27102881 126 210 1348
27195938 132 594 1353
27316397 134 710 1359
27396234 123 240 1363
27799576 128 454 1383
27836899 123 1218 1385
27900261 139 300 1388
27958192 124 951 1391
29066425 124 729 1447
29258940 132 1720 1456
30965185 132 698 1541
31118438 126 53 1549
31377423 132 812 1562
31500105 125 899 1568
31847748 136 1769 1585
31912965 137 645 1588
32181331 138 1875 1601
32714191 136 764 1627
32960179 134 1857 1639
33731064 122 355 1678
33905709 126 361 1687
34232628 137 814 1703
34545993 133 1713 1719
34833686 122 1337 1734
34897729 138 857 1737
35448669 133 700 1763
35837565 131 1260 1784
36222669 139 268 1803
36392129 138 660 1811
36478580 138 1444 1815
36518243 122 1902 1817
36678961 134 672 1825
36723310 125 1401 1827
36798167 133 1279 1831
37261372 121 417 1854
37603458 125 652 1873
37763270 129 1919 1881
37780517 120 187 1882
38131146 126 207 1900
39014504 132 1029 1944
39353474 122 122 1961
39373011 132 1322 1962
39678448 128 1426 1977
39737730 120 458 1980
40010790 139 1759 1993
40584289 138 1802 2022
40604041 129 683 2023
40650048 122 1529 2025
40766708 136 297 2031
41026751 127 723 2044
41241930 122 111 2055
41262383 136 1831 2056
41278880 121 1416 2057
41378714 138 512 2062
41518384 128 550 2069
41627093 125 1809 2074
41726945 127 909 2079
41812112 136 1884 2083
41919310 137 976 2088
42138227 122 1722 2099
42237060 124 1478 2104
42448246 127 588 2114
43502895 128 494 2167
43560926 132 1948 2170
43740817 127 1268 2179
44132344 125 463 2198
44681195 122 1918 2225
45264901 122 1485 2254
45537163 137 449 2267
45614803 121 17 2271
45776866 132 1928 2279
46262226 136 796 2303
46563103 137 18 2318
46694793 125 1499 2324
46775931 126 957 2328
46853422 132 293 2332
46893307 129 793 2334
47177879 129 1526 2348
47829329 121 979 2380
47961557 138 857 2387
48158261 129 1601 2398
49013596 124 1621 2443
49464271 127 1924 2466
49559918 137 665 2471
50904989 126 1669 2537
50929989 126 550 2538
51188126 139 225 2551
51809193 126 100 2582
51829466 127 403 2583
51849334 132 1894 2584
52248816 125 1002 2604
52587230 124 1840 2620
53200097 124 1254 2652
53307893 135 1100 2657
53469794 120 1026 2665
53670778 135 228 2675
54174871 139 257 2699
54510217 132 307 2716
54589949 138 322 2720
54608603 128 1213 2721
54805210 124 1343 2731
55222544 137 1282 2752
55720262 138 664 2776
55891157 136 823 2785
56084077 123 1275 2794
56139235 126 848 2797
56158406 129 8 2798
56240526 120 1099 2802
56456043 132 1204 2814
56825017 133 975 2832
57006727 135 1982 2841
57062714 139 813 2844
57157370 129 1915 2849
57516412 139 1185 2867
58364263 129 238 2910
59187544 122 737 2951
59777112 126 938 2981
60049433 134 1009 2995
60201558 134 451 3002
60532134 126 1350 3019
60714456 120 343 3028
60734648 128 1411 3029
60754764 132 1652 3030
61895698 123 827 3087
61964531 133 1595 3091
62222014 138 419 3104
62467392 131 1066 3116
62581781 134 562 3122
65339818 130 1067 3262
65519769 135 364 3271
65650688 129 1175 3278
65813102 137 1093 3286
65855774 122 1931 3288
66424776 128 253 3315
67369028 132 1390 3363
68132609 135 241 3402
68852786 135 1169 3437
68899154 124 491 3439
69158777 120 1462 3453
70602380 136 690 3525
70728977 128 1092 3531
71750558 121 1719 3583
71811743 136 1103 3586
72239893 122 1652 3607
72264893 127 1568 3608
72736055 130 1154 3631
72857654 120 63 3637
73320370 139 1653 3661
73362516 129 1265 3663
73455519 133 1813 3667
73742987 129 1386 3681
74287673 128 1923 3707
74405639 138 899 3713
74903489 126 1593 3737
74943578 126 1459 3739
75034426 126 1358 3744
75818350 127 1500 3783
76044960 134 1115 3795
76678948 125 63 3826
77144085 127 43 3849
77302268 121 1275 3857
77340408 138 274 3859
77976960 135 1741 3890
78057666 137 733 3894
78208150 123 513 3901
78910729 138 1254 3937
79213999 120 1426 3953
80314271 135 37 4009
80582278 132 1080 4022
80899860 121 1507 4038
81424847 137 1881 4065
81704992 136 97 4079
81723830 129 1704 4080
82784467 123 471 4133
82801258 139 774 4134
83300962 138 346 4159
83698231 135 768 4179
83999514 120 1924 4194
84212856 133 1698 4205
84850115 121 341 4238
84997130 131 943 4246
85130936 138 319 4253
85293187 126 217 4261
86193642 128 543 4308
86283719 133 378 4313
86881794 139 686 4342
87186299 135 572 4357
87211299 122 1610 4358
87555656 133 1456 4375
87594563 135 452 4377
87618393 139 684 4378
88740122 139 456 4434
88897491 123 1386 4441
88946862 137 496 4444
89094550 128 299 4452
89131424 123 26 4454
89754132 131 91 4485
90797326 135 1855 4539
90960303 123 1019 4547
91261107 120 1762 4562
91459007 121 17 4572
91480199 135 175 4573
91524921 134 1358 4575
92042833 136 1274 4600
92098214 139 661 4603
92866690 134 32 4640
93077511 123 171 4651
93189987 122 1106 4657
93736704 137 302 4683
93874724 128 1930 4690
93899724 123 1783 4691
94180599 126 1784 4704
94198681 130 493 4705
94355652 135 296 4713
94564800 124 1551 4723
94910431 132 268 4740
94928459 128 1337 4741
94988565 135 523 4744
95078205 131 841 4748
95094257 136 231 4749
95582959 132 6 4774
96589894 131 1681 4825
96731927 138 760 4832
96922819 135 626 4842
96987936 131 1304 4845
97303168 132 1143 4860
97476099 136 1648 4869
97688844 138 645 4880
97726070 134 1601 4882
97910747 131 1524 4891
97976710 131 1559 4894
98105883 125 1080 4901
98197775 138 805 4906
98285684 137 488 4910
98705322 123 853 4931
98892808 132 230 4940
100105361 125 1529 5000
100147586 139 642 5002
100328032 135 846 5011
100343396 125 1083 5012
100879443 130 1706 5039
101223136 122 574 5057
101243628 124 448 5058
101314497 134 380 5062
101334767 136 949 5063
101437345 122 886 5068
101513637 120 1229 5072
101578229 133 1006 5075
101618469 130 141 5077
101834035 131 1046 5088
102219630 125 513 5107
102321123 137 100 5112
102910914 125 61 5141
103236617 124 1116 5157
103522138 126 737 5172
103537138 130 293 5173
103639879 137 1002 5178
103882218 135 22 5190
104215846 139 1313 5207
104297393 134 1162 5211
104344807 128 1375 5214
104635607 139 49 5228
104753164 134 392 5234
104913920 125 753 5242
104938423 134 1937 5243
104953423 131 812 5244
104972468 121 414 5245
105031363 129 254 5248
105070483 125 1208 5250
105775505 125 494 5285
105794731 137 203 5286
106745396 126 1906 5333
107012169 128 1132 5347
107112924 122 963 5352
107194860 130 395 5356
107456698 128 1430 5369
107584304 126 1889 5376
107625457 131 892 5378
107929934 127 995 5393
108049971 125 1922 5399
108264396 130 1441 5410
108868072 135 455 5440
108930727 134 1342 5443
109108325 134 1244 5452
109646371 134 37 5478
109916876 126 872 5491
110243334 138 530 5507
110446966 127 284 5517
110584195 120 1917 5524
111246594 127 427 5558
111880994 125 1338 5590
112119684 137 1535 5602
112334487 133 1639 5612
113260705 130 1049 5658
113283229 134 1442 5659
113298862 124 1751 5660
113333433 125 1111 5662
113457644 120 1425 5668
113658102 132 729 5678
113980171 136 1220 5694
114165930 131 1925 5704
114495816 139 1731 5720
114555146 139 193 5723
115195734 134 1886 5754
115394066 132 1560 5764
115856170 125 1510 5787
115874162 122 952 5788
116296014 120 1173 5809
116318205 120 700 5810
116524322 124 649 5820
116566256 130 5 5822
117007428 138 862 5843
117173700 136 1380 5851
117752078 128 1435 5882
119058115 126 281 5947
119517462 131 1707 5971
120154313 130 1501 6013
120168438 132 1654 6016
120213682 125 168 6025
120324114 135 1257 6046
120335055 139 1498 6048
120351950 135 460 6052
120475369 122 164 6076
120520641 120 1963 6085
120563448 130 250 6093
120634973 135 1954 6107
120679784 136 118 6115
120701119 129 1319 6119
120771602 120 1468 6133
120892946 134 1512 6156
120925759 133 307 6162
120971871 135 163 6171
120979018 126 1601 6173
121006566 126 124 6179
121079467 137 1123 6192
121106519 128 107 6197
121341406 127 1324 6245
121556043 137 1372 6289
121561596 139 1045 6290
121575846 120 83 6293
121585948 122 558 6295
121718935 125 1653 6321
121766175 125 242 6330
121797397 129 1039 6336
121894948 134 305 6357
121906435 123 1650 6359
121914775 127 375 6361
121991442 125 1424 6376
122017234 124 1704 6381
122058323 125 383 6389
122088011 138 979 6395
122171870 138 1184 6411
122302261 133 86 6435
122336641 130 1331 6441
122512765 137 96 6478
122517805 133 1136 6479
122634605 129 94 6502
122773309 137 1201 6529
122848761 135 1094 6544
123004710 130 1869 6577
123014845 133 750 6579
123023786 120 126 6581
123092035 137 1167 6594
123224444 130 217 6620
123274762 123 1263 6630
123404055 128 1323 6655
123415493 131 120 6657
123429579 135 72 6660
123458249 133 960 6666
123604953 131 1130 6693
123611453 138 1892 6694
123616124 138 967 6695
123659491 138 1818 6704
123690398 139 1519 6711
123698152 133 933 6713
123720320 136 18 6718
123992307 135 1339 6773
124075927 124 1327 6790
124081443 121 1713 6791
124097380 127 1391 6794
124190449 135 428 6813
124214830 139 1417 6818
124254096 122 118 6826
124277185 134 1071 6830
124297489 122 947 6834
124311172 124 947 6837
124327918 132 211 6840
124426955 137 938 6859
124491774 131 1941 6872
124580804 139 807 6891
124773976 130 564 6929
124809690 138 582 6936
124936319 127 381 6961
125038571 127 405 6982
125130968 129 234 7000
125227621 130 593 7020
125376703 125 1111 7050
125498781 129 1923 7074
125670379 128 965 7109
125712994 135 1954 7117
125730365 122 366 7121
125740453 128 1428 7123
125749639 129 160 7125
125862154 128 603 7147
125883563 127 1338 7151
126034293 137 1434 7181
126143756 131 955 7203
126149725 122 1098 7204
126164507 123 313 7207
126291644 134 1672 7232
126339830 138 349 7241
126437515 139 1431 7260
126547176 129 1897 7282
126553676 135 1318 7283
126561821 134 1199 7285
126577516 129 938 7289
126584016 130 1900 7290
126605159 138 613 7294
126610496 120 394 7295
126694760 120 1337 7312
126804780 121 1891 7334
126886133 137 684 7349
127111823 126 91 7394
127240609 128 334 7421
127303452 128 1975 7434
127356569 134 309 7445
127495406 135 1771 7472
127560861 138 1484 7485
127658509 137 614 7505
127662909 123 1226 7506
127691402 139 1193 7511
127740446 125 810 7521
127765075 139 926 7526
127791305 128 489 7532
127845024 120 801 7542
128010722 120 75 7576
128057329 121 1425 7586
128065711 131 663 7588
128095865 122 1409 7594
128172756 132 1496 7609
128318950 133 1659 7638
128336195 123 738 7642
128353498 124 1160 7645
128495700 125 997 7673
128570503 122 1113 7689
128586145 122 1466 7692
128637415 139 1565 7702
128716239 121 55 7718
128737899 137 1428 7722
128830800 132 454 7742
128944605 136 350 7764
129002908 121 1900 7775
129062178 122 589 7787
129083472 132 827 7791
129180390 136 1616 7810
129229229 138 1419 7820
129419228 121 1221 7860
129598049 122 1020 7895
129630377 121 290 7902
129635854 125 1915 7903
129734105 124 313 7922
129885237 120 1580 7952
130217612 120 1883 8022
130302185 120 1091 8040
130373373 121 1765 8054
130455708 137 565 8071
130467340 126 1147 8073
130586856 135 1963 8096
130667565 123 1366 8112
130748999 136 793 8128
130821994 136 1214 8143
130968621 129 1447 8174
130981917 125 1126 8177
131002718 128 621 8181
131036322 133 1582 8188
131444533 129 7 8270
131633418 128 561 8308
131638227 132 1993 8309
131742116 125 1171 8331
131817557 133 1870 8347
131918150 126 1448 8367
131977391 123 284 8378
132063135 138 1907 8395
132105217 127 818 8403
132396952 135 1086 8462
132450869 131 552 8472
132539257 133 1558 8492
132593970 133 1609 8502
132911709 124 1515 8565
132937417 125 1716 8571
132985247 129 323 8580
133036330 129 1445 8590
133112449 123 605 8605
133170092 125 1319 8616
133192553 127 273 8620
133267731 138 1591 8636
133310903 131 1876 8645
133325534 126 1726 8648
133537259 138 631 8689
133602015 122 1980 8702
133650803 132 807 8712
133985200 138 1693 8781
133990054 131 1554 8782
134188555 132 677 8820
134222473 130 380 8828
134380049 138 1984 8859
134389592 131 955 8861
134428342 139 263 8869
134568145 132 410 8896
134661606 137 1762 8917
134735802 131 1308 8932
134754173 132 1241 8936
135099246 134 1605 9003
135224952 134 1082 9027
135246782 131 1647 9031
135260033 137 63 9034
135328498 138 145 9048
135427091 131 1563 9068
135473736 137 741 9078
135564396 121 929 9097
135614307 132 1566 9107
135620665 126 1172 9108
135737739 137 877 9131
135757135 121 357 9135
135762426 130 1044 9136
135838950 120 81 9152
135872330 138 367 9159
135910507 129 864 9166
135958422 122 478 9176
135981489 130 1969 9180
136000985 120 56 9184
136011823 130 1335 9186
136137022 121 1973 9211
136176161 132 1718 9219
136223866 122 1367 9229
136250215 136 1324 9235
136255851 135 1493 9236
136281736 128 1632 9241
136426211 126 265 9271
136534811 136 1051 9292
136628145 122 1841 9310
136674546 135 1643 9321
136704606 127 324 9327
136811679 129 1303 9348
137011768 138 827 9388
137022613 135 1019 9390
137082347 124 158 9402
137130152 133 1274 9412
137246365 133 1028 9435
137253488 126 644 9437
137259061 136 1096 9438
137262784 125 1663 9439
137308432 120 1949 9448
137328031 124 715 9452
137353373 122 1599 9457
137359184 131 1149 9458
137466760 127 116 9479
137605971 120 606 9507
137621772 126 244 9510
137679317 131 1516 9521
137726577 133 1358 9531
137761244 132 606 9538
137883439 135 1359 9562
137887722 129 561 9563
137891526 129 830 9564
137908456 122 1856 9567
137913272 137 328 9568
137953529 136 1207 9575
138036935 129 49 9591
138135388 120 1094 9610
138178057 135 1025 9619
138241515 128 1078 9632
138280409 134 1634 9641
138318479 133 312 9648
138356743 131 986 9656
138690500 126 722 9722
138815819 135 1160 9747
138949674 124 1995 9774
139003180 124 144 9785
139076434 136 1618 9799
139086914 121 1199 9801
139461870 135 681 9878
139472516 128 989 9880
139721729 137 981 9931
139731016 123 471 9933
139819539 128 970 9951
139933703 129 543 9975
139938919 136 1282 9976
140034662 126 12 9996
140084532 135 791 10006
140120235 131 211 10013
140263320 121 1462 10042
140369123 123 1171 10063
140398409 122 241 10068
140421528 120 689 10073
140437325 124 571 10076
140454164 136 336 10080
140660933 128 1088 10122
140696000 137 1988 10129
140722539 131 1279 10134
140749529 131 614 10139
140785554 129 1595 10147
140971260 128 96 10185
141055686 129 1361 10202
141091911 126 1934 10209
141104584 137 542 10212
141108478 126 381 10213
141248818 120 1869 10241
141343784 129 29 10260
141449104 126 899 10282
142055942 121 238 10402
142075186 125 767 10406
142174526 123 800 10425
142207638 128 950 10431
142263749 124 1472 10442
142367079 132 879 10464
142396048 129 1121 10471
142747651 128 353 10543
142772454 120 1137 10548
142778269 130 1260 10549
142819055 133 1235 10557
142891571 133 788 10571
142976810 138 1147 10588
142983310 134 1494 10589
143006718 127 1312 10594
143018525 135 710 10596
143037618 139 952 10600
143083291 130 614 10609
143092798 131 1665 10611
143119390 131 525 10616
143162194 120 1800 10625
143271168 126 1544 10647
143296640 135 1593 10652
143319811 138 88 10657
143401232 130 1830 10674
143499386 133 436 10695
143547012 136 1674 10706
143573060 134 1130 10711
143648278 130 1746 10727
143713124 131 1008 10739
143740813 139 1933 10744
143793372 133 313 10755
143813504 128 1235 10759
144084521 121 1944 10812
144108609 134 1330 10817
144218252 122 1604 10839
144359712 125 132 10867
144443264 120 1425 10885
144448834 137 445 10886
144548482 131 390 10906
144567054 130 135 10910
144781618 137 1679 10953
144791285 123 1252 10955
144870937 132 70 10973
144879224 128 1228 10975
144892173 137 1264 10979
144943702 122 464 10989
144990466 128 694 10998
145035858 128 1906 11007
145073667 129 1992 11015
145127994 120 1133 11026
145302988 126 1327 11061
145328342 138 1612 11066
145337483 135 155 11068
145347367 135 1333 11070
145456243 134 1512 11091
145598805 130 793 11120
145646889 131 313 11129
145651798 124 1720 11130
145750879 130 218 11148
145812671 131 933 11160
145936256 127 1907 11184
146283988 128 1867 11252
146308426 127 688 11256
146344353 128 1794 11263
146861369 128 556 11367
146884320 139 1190 11372
147002193 121 640 11396
147130992 120 842 11423
147155365 130 341 11428
147160185 128 1493 11429
147181267 120 768 11433
147318471 131 1299 11460
147327663 127 310 11462
147332932 128 1282 11463
147415534 122 1052 11480
147430384 139 1432 11483
147555670 127 56 11510
147568590 129 1917 11513
147586878 136 1367 11517
147720524 133 408 11543
147782052 120 39 11555
147801507 130 943 11559
147806562 127 116 11560
147848673 138 305 11569
147858684 135 709 11571
147892747 134 1618 11578
148076894 121 271 11615
148108638 129 1845 11622
148463735 129 1223 11694
148485919 132 309 11699
148615974 134 1933 11725
148622039 127 339 11726
148674525 126 792 11736
148823568 130 1887 11765
148850848 122 1277 11771
148874396 133 1001 11776
148959009 138 1230 11793
149080994 129 651 11816
149120465 139 1792 11824
149246789 132 1623 11850
149358861 135 492 11873
149446977 130 534 11890
149558808 121 783 11912
149618705 121 1417 11925
149669499 126 865 11935
149694705 123 1787 11940
149724456 130 1103 11946
149781801 129 1325 11958
149806576 137 1736 11963
149850636 128 217 11972
149924011 133 1821 11987
150049843 120 1909 12012
150182548 124 903 12040
150244603 127 545 12053
150316515 121 542 12068
150426181 121 1753 12089
150446413 132 620 12093
150501618 127 1278 12104
150574081 135 137 12119
150642901 139 691 12133
150735908 129 960 12151
150782620 137 295 12160
150816184 122 807 12167
150879367 139 1112 12180
150902737 120 1839 12185
150939589 128 1369 12192
150986418 124 913 12202
151036949 121 1413 12212
151067239 131 1575 12219
151112830 137 466 12229
151285019 133 1389 12261
151387136 129 977 12283
151436214 129 1838 12292
151491355 127 1211 12303
151542609 123 1845 12314
151621477 135 257 12329
151644503 136 1862 12334
151653426 124 639 12336
151691894 139 270 12344
151732279 137 1727 12352
151921322 128 348 12390
151964144 132 1440 12398
152019002 137 933 12408
152047298 125 1265 12414
152051944 135 91 12415
152099217 138 1719 12424
152168519 138 1256 12437
152186212 120 37 12441
152236644 122 1989 12452
152354050 128 797 12476
152379491 130 1871 12481
152395785 126 115 12484
152614102 139 1015 12526
152722989 121 370 12546
152777326 138 1383 12557
152818692 127 1386 12566
152881363 127 430 12580
152908449 133 446 12586
152964720 137 1067 12597
152973430 131 1343 12599
153007280 138 118 12606
153019342 125 1491 12608
153123127 127 1254 12629
153156995 122 1139 12636
153246569 123 1233 12655
153286405 136 395 12663
153307004 133 1971 12667
153341160 123 1426 12673
153431017 136 1283 12693
153583194 135 1060 12725
153633021 120 773 12734
153683697 139 1352 12745
153838119 132 1403 12777
153843593 131 1107 12778
153864318 121 1427 12783
153870818 138 1450 12784
153892993 122 654 12788
154048369 133 416 12819
154093429 129 749 12828
154176831 136 1621 12845
154247296 124 917 12859
154425182 129 1731 12895
154450923 129 1299 12900
154541062 139 1355 12921
154579522 130 632 12929
154687139 131 1636 12950
154708469 121 1205 12954
154726110 128 652 12958
154922518 139 1745 12998
154933183 127 603 13000
155018318 124 344 13018
155060808 125 443 13026
155239628 137 1049 13060
155377343 132 663 13087
155413611 139 1653 13094
155425171 127 395 13096
155585953 130 282 13128
155600008 127 1053 13131
155735019 134 1146 13158
155899141 134 1430 13192
155914383 124 372 13195
156006484 123 1801 13215
156044749 124 1418 13222
156086385 123 415 13230
156115145 131 1113 13235
156125027 131 1324 13237
156164446 135 1807 13245
156205247 134 1535 13253
156222375 139 499 13257
156235732 128 184 13260
156369066 131 1836 13287
156376689 129 236 13289
156398107 135 151 13293
156440149 131 1933 13301
156624489 122 1519 13339
156672680 127 1588 13349
156700424 134 1276 13354
156851828 124 1593 13384
157026632 123 978 13419
157064564 134 473 13426
157146624 125 1032 13443
157162056 136 1646 13446
157175673 125 1761 13449
157286711 137 1957 13471
157415679 127 1437 13500
157499244 120 903 13517
157502414 131 1245 13518
157514469 129 1061 13520
157655722 132 831 13550
157729676 124 1481 13566
157778004 120 889 13575
157787535 137 1539 13577
157875500 127 1387 13596
157919302 130 1939 13605
157924448 125 1220 13606
158048517 126 1479 13630
158069473 123 1879 13634
158134024 136 1969 13647
158428967 131 512 13705
158433060 126 931 13706
158451729 125 648 13710
158537557 123 904 13726
158582518 130 1981 13735
158604526 123 1212 13740
158638145 129 811 13747
158643495 136 453 13748
158741172 133 1619 13768
158813099 121 1665 13783
158930332 137 209 13806
158989224 125 1476 13817
159031197 130 1001 13826
159080119 133 1594 13836
159108004 128 1800 13842
159183121 122 1453 13858
159204816 130 1206 13862
159317820 131 76 13885
159337851 131 1484 13889
159353464 130 829 13892
159503232 136 159 13922
159618245 122 1454 13946
159704574 126 600 13963
159789381 137 86 13979
159878182 122 583 13997
159942600 137 330 14011
160103711 123 505 14045
160121135 132 1918 14049
160237952 126 979 14073
160332401 138 1943 14091
160336943 124 438 14092
160340988 136 965 14093
160462424 122 513 14117
160590093 128 1608 14142
160689178 121 82 14162
160757324 129 75 14176
160791738 128 129 14183
160795619 131 955 14184
160824711 136 1621 14189
160877935 132 1924 14199
160961501 137 901 14215
160968850 134 506 14217
161073099 120 1284 14239
161286391 132 1802 14282
161298278 125 256 14284
161379695 125 1536 14301
161391162 125 1861 14303
161470104 127 226 14318
161678707 128 849 14360
161716890 125 1822 14367
161756778 139 20 14375
161779373 130 1605 14379
161926383 127 1467 14407
162009685 131 1839 14423
162015361 130 1030 14424
162078009 133 1995 14436
162239557 121 1511 14468
162244550 131 836 14469
162266062 123 1618 14473
162366695 122 152 14495
162373195 120 569 14496
162650831 136 1956 14553
162768519 134 1282 14578
162875348 122 1506 14598
162989677 122 1166 14621
163043576 132 1615 14632
163047936 136 1934 14633
163051552 122 1783 14634
163120074 133 495 14646
163202043 136 779 14661
163276697 134 400 14676
163433473 138 500 14707
163522336 122 1560 14725
163647489 122 1183 14751
163760793 122 1002 14774
163763532 132 168 14775
163837693 134 409 14790
163874658 138 729 14797
164005669 137 85 14824
164068384 133 457 14838
164073422 126 1784 14839
164119496 133 120 14848
164323227 124 1257 14888
164534197 130 1059 14931
164634584 127 1171 14951
164659528 131 1399 14956
164723707 126 251 14969
164797131 120 1100 14984
164865380 130 1434 14998
164916513 131 1181 15009
165001965 134 1723 15026
165076685 129 1603 15041
165108289 133 977 15047
165117737 134 1844 15049
165193670 132 1468 15064
165307470 132 574 15087
165409141 122 969 15107
165506927 125 758 15127
165522128 127 737 15130
165651883 130 1036 15155
165703718 136 280 15166
165736110 127 220 15172
165821755 136 326 15189
165857230 120 933 15196
165870021 124 1306 15199
165930104 135 946 15210
165934750 135 63 15211
166049869 130 576 15235
166071996 135 910 15239
166091797 137 1913 15243
166217476 123 948 15269
166266469 124 470 15279
166403183 131 1164 15307
166465588 132 1419 15319
166553104 132 1530 15337
166574665 135 407 15342
166763745 121 1320 15379
166786299 136 23 15384
166907785 123 1100 15410
166950025 129 1669 15419
167038004 120 926 15439
167217251 132 889 15476
167232868 139 1118 15479
167254772 137 169 15483
167377734 127 337 15507
167408472 127 1124 15514
167519113 130 1475 15536
167554126 120 1266 15544
167619418 137 85 15557
167703744 134 1719 15573
167978412 136 1555 15628
168052458 133 1630 15644
168118854 123 598 15657
168132199 138 1768 15660
168192912 121 1169 15672
168335456 130 65 15699
168357933 124 1428 15704
168401382 124 1168 15713
168441136 132 510 15720
168455953 122 1088 15723
168472247 120 644 15727
168525229 124 111 15738
168557198 130 569 15745
168671299 129 899 15768
168690280 138 1713 15772
168891595 127 1932 15812
168901042 122 127 15814
168991406 130 1018 15832
169103481 136 1369 15856
169209127 134 626 15877
169256404 132 1954 15886
169268459 127 1750 15888
169360760 139 851 15908
169380943 123 632 15912
169384450 128 1173 15913
169508140 135 1673 15937
169518428 126 226 15939
169634431 136 1760 15962
169639318 122 6 15963
169705424 139 596 15977
169709135 125 1878 15978
169833227 135 1411 16004
169848080 138 1500 16007
169877966 126 241 16013
169971808 135 1778 16033
170042413 136 1794 16048
170107871 123 333 16061
170213647 133 1115 16083
170247769 132 1198 16090
170361286 120 1024 16113
170408966 127 1232 16123
170415129 133 698 16124
170480524 138 1601 16137
170570707 135 1784 16156
170635997 139 1712 16170
170647544 121 1481 16172
170653580 135 1083 16173
170661373 121 1604 16175
170717776 123 1436 16187
170879041 137 1504 16219
171010787 139 10 16245
171112458 137 25 16265
171193533 131 1665 16282
171253392 125 1219 16294
171268891 125 1095 16297
171302203 124 1501 16303
171316232 128 226 16306
171394948 120 1037 16322
171430057 121 559 16329
171435923 125 62 16330
171450614 130 47 16333
171538483 135 710 16352
171577111 121 1459 16360
171611424 139 98 16367
171799628 139 618 16407
171971417 126 1460 16440
172012164 128 1384 16448
172166167 134 1833 16479
172180133 123 551 16482
172259061 131 1958 16499
172368775 124 549 16522
172475594 125 1987 16543
172546088 136 208 16557
172551373 125 230 16558
172579263 124 1384 16564
172616308 135 908 16571
172654654 120 734 16579
172717594 137 1851 16591
172871131 139 16 16622
172931893 127 1408 16633
173064530 120 1466 16660
173218930 128 1813 16693
173253102 137 1437 16700
173368005 134 306 16723
173438913 134 147 16737
173580247 130 515 16765
173593406 126 1606 16768
173880608 125 516 16829
173901160 133 131 16833
174037581 138 424 16861
174079679 136 1561 16870
174210764 133 1784 16897
174268313 124 820 16908
174496807 129 1462 16953
174650753 130 105 16985
174660811 136 190 16987
174802546 132 1680 17017
174871814 138 374 17031
174902150 120 1058 17038
174908650 134 213 17039
175027345 131 1374 17062
175204997 132 197 17098
175436389 123 1699 17145
175472313 137 1599 17153
175476605 128 828 17154
175689979 139 1469 17196
175812352 126 592 17221
175876728 139 1325 17234
175953859 131 1659 17250
176249502 137 406 17309
176284899 128 1053 17316
176321126 138 124 17323
176355624 136 904 17329
176515489 121 64 17363
176543102 127 238 17369
176581553 132 843 17376
176645348 136 918 17389
176650659 130 1006 17390
176760090 130 346 17413
176844983 139 835 17428
176868762 135 1802 17433
177063898 125 1714 17474
177192055 132 1126 17500
177202939 120 1405 17502
177255278 137 370 17513
177261778 128 1079 17514
177393003 120 976 17541
177531132 137 380 17571
177543038 134 29 17573
177590097 121 556 17582
177622044 126 1030 17589
177820341 138 1383 17628
177994487 138 1407 17662
178009373 127 1409 17665
178072670 120 1293 17678
178310214 136 770 17726
178358034 126 1538 17736
178421862 123 451 17748
178427194 123 159 17749
178452167 127 211 17754
178561853 131 648 17775
178575170 131 458 17778
178581613 125 1961 17779
178657024 122 1404 17794
178728027 137 586 17808
178772245 132 1604 17817
179115216 133 1978 17886
179327756 135 563 17929
179482737 120 1994 17963
179535067 128 1777 17974
179580857 131 87 17983
179605120 121 44 17988
179624701 136 1462 17992
179796000 120 784 18025
179900157 130 1695 18046
179917906 138 1003 18050
179971691 128 1805 18061
180297664 126 1210 18126
180333647 129 974 18133
180378586 120 1904 18142
180384102 122 1793 18143
180422823 136 1155 18151
180497257 134 57 18166
180507801 130 302 18168
180511853 139 244 18169
180559211 135 899 18178
180688976 131 1512 18204
180835334 124 1990 18234
180913575 138 1396 18249
181091671 122 1627 18283
181159988 122 457 18297
181218635 125 90 18310
181231043 127 1403 18312
181421937 135 762 18349
181452384 125 141 18355
181457697 122 1693 18356
181475357 133 1551 18359
181518739 131 1405 18368
181546807 135 907 18375
181605715 126 1488 18386
181744676 123 942 18415
182113234 134 769 18488
182251684 126 191 18516
182307811 128 1066 18528
182347279 123 347 18536
182410942 136 1107 18549
182493563 132 817 18565
182659349 126 428 18598
182838674 135 508 18635
183002677 136 281 18668
183057044 129 157 18679
183086217 123 1844 18685
183104848 132 1779 18689
183177852 134 1698 18703
183183908 132 178 18704
183338288 138 618 18735
183423011 138 1767 18752
183547660 124 302 18778
183614768 131 1329 18792
183697190 135 1422 18808
183865122 124 116 18842
183965028 130 631 18861
184016820 133 676 18872
184060678 124 797 18880
184226272 121 988 18914
184239631 136 1208 18917
184249552 139 1326 18919
184444611 139 1631 18959
184455373 120 1450 18961
184581003 122 1390 18987
184607531 136 1807 18992
184664266 132 1277 19003
184690736 136 477 19009
184715137 136 263 19014
184780143 137 1734 19029
184883929 124 630 19050
184889269 133 595 19051
184931616 124 1939 19059
184974866 126 993 19068
184998075 126 1774 19073
185016980 123 105 19077
185082780 125 1488 19089
185305674 130 372 19136
185437133 139 1945 19164
185475880 126 1114 19172
185491876 139 781 19176
185500316 122 1881 19178
185652539 125 1896 19208
185816387 129 1228 19241
185875650 136 1010 19253
185959387 136 1717 19270
186031244 136 429 19284
186057501 133 493 19289
186133081 128 1061 19304
186184035 126 1052 19315
186204738 127 440 19319
186300831 136 616 19337
186373836 124 1336 19352
186509923 131 1460 19381
186543509 132 893 19387
186549623 124 462 19388
186557767 127 66 19390
186744598 128 627 19428
186849966 136 573 19449
186884524 138 1606 19456
186907881 136 541 19461
186949014 138 982 19469
187132241 139 843 19506
187141199 134 1777 19508
187265248 120 1449 19532
187271503 138 1693 19533
187288846 123 550 19536
187362672 130 1073 19551
187411171 127 1470 19560
187571304 131 1995 19594
187649018 124 606 19610
187736359 135 1996 19627
187828801 120 49 19646
187895664 136 1878 19659
187916511 129 1113 19663
187946412 129 633 19669
187961379 135 784 19672
187966721 129 1329 19673
187972145 124 744 19674
188112185 138 427 19702
188138035 125 197 19707
188183478 134 1317 19716
188210491 123 1090 19722
188281867 136 1025 19735
188360596 121 867 19750
188422009 123 1089 19762
188462116 130 396 19770
188506533 130 1932 19779
188660257 125 609 19808
188769432 130 1373 19830
188901198 125 489 19856
189051637 134 1390 19885
189262082 139 351 19926
189299738 120 8 19933
189467329 136 908 19968
189564542 128 671 19986
