2698577 97 405 66
2742121 96 28 67
2866294 81 819 70
3166298 89 454 78
3565182 96 841 88
3654360 91 217 90
4485468 85 590 111
5463843 97 288 135
5513843 90 67 136
5704485 91 858 140
6643649 89 221 163
7800548 82 653 192
7967871 95 498 196
8009799 88 473 197
8391394 93 129 207
10087770 81 700 250
10547912 93 38 261
11524714 94 106 286
12256490 95 290 305
12295765 81 512 306
12799186 91 594 319
13380828 96 680 334
14185662 84 645 354
14259566 87 842 356
16223414 96 432 404
16261932 89 705 405
17164459 94 37 427
17580466 96 739 438
17917190 85 176 446
18405369 80 420 458
21418667 90 542 534
21527315 91 336 537
22337496 93 80 557
22769586 93 206 568
22840213 90 160 570
24219581 87 40 604
24404097 90 709 609
24687730 91 385 616
25505417 85 393 636
25799068 95 839 643
27524390 92 37 686
27730538 80 217 691
28812324 94 696 718
28852555 97 647 719
29262186 89 60 729
29444323 86 360 733
31414690 82 412 781
31786776 96 274 790
31882115 96 216 792
32051883 80 166 796
32131797 96 639 798
32956916 93 756 819
33485716 92 171 833
34264382 81 946 852
34513507 84 850 858
35000963 92 163 870
36638538 92 650 910
37331386 86 376 927
37976101 92 248 943
39059040 90 602 970
39837111 85 685 989
40689707 92 588 1010
40778312 90 228 1012
41368447 80 800 1027
41813955 88 30 1038
42254037 88 70 1049
42354811 94 271 1052
43498371 97 566 1081
44009802 95 30 1094
44464016 81 873 1105
44698381 91 464 1111
44924127 91 634 1117
45755398 88 135 1136
47210549 83 273 1171
47468831 83 405 1178
47624126 99 372 1182
47851618 93 182 1188
48326000 88 34 1200
48367459 86 296 1201
49177348 91 839 1222
49398003 93 961 1228
50373938 96 264 1254
50589366 82 954 1259
51750950 85 871 1287
52472668 98 641 1305
52711267 88 369 1311
52988390 99 535 1318
53029666 93 22 1319
53434571 89 268 1329
53682629 98 53 1335
53936867 93 493 1341
54463750 89 233 1354
54573440 81 416 1357
55883455 92 174 1390
56581723 93 35 1408
59043336 89 50 1470
59218305 96 463 1475
60367092 88 450 1503
61502338 87 391 1532
62170621 91 233 1548
63190042 99 745 1573
63283135 97 294 1575
63752280 99 676 1587
63953219 89 170 1592
64168134 97 42 1598
65309042 82 126 1628
65510111 93 29 1633
66203241 95 792 1651
67566114 95 139 1686
67692226 83 847 1689
68216484 87 319 1703
68969821 96 425 1722
69194308 99 359 1728
74383507 88 1 1859
74415889 97 351 1860
75620163 98 106 1891
76275990 91 768 1907
78700383 86 492 1967
78915794 98 372 1973
79234249 96 955 1981
79995948 92 232 2000
80208927 87 480 2005
80811426 84 52 2020
80955096 95 428 2024
82486154 91 118 2062
83254498 82 971 2081
83432282 94 557 2085
83824472 87 2 2095
83858309 97 239 2096
84186636 93 953 2104
84222726 86 902 2105
84346096 96 76 2108
85531418 87 624 2138
85739806 82 495 2143
85774858 85 866 2144
85984415 85 948 2149
86552697 80 306 2163
87168704 97 920 2178
88278617 90 57 2206
88594974 83 840 2214
88930159 93 160 2223
89806619 91 688 2246
90352025 97 340 2260
90544832 95 446 2265
91118212 89 80 2279
91677660 86 500 2294
92002798 80 809 2302
92958703 91 217 2326
93008703 86 99 2327
93301790 97 846 2334
93571641 98 476 2341
94244438 94 74 2358
95045254 82 147 2378
95385983 98 254 2386
96700433 88 12 2420
96830221 87 811 2423
98809223 96 379 2472
100003967 91 290 2501
100493442 95 475 2513
101152160 89 345 2530
101448753 98 862 2537
101934484 98 112 2549
103761510 80 712 2597
105087516 81 923 2630
105423837 91 778 2639
106655759 92 959 2669
108764523 89 618 2721
108930485 83 633 2725
109193161 80 149 2732
110499213 80 689 2762
111159792 96 804 2779
111273730 85 586 2782
111777231 90 549 2795
111970169 99 614 2800
112087142 93 632 2803
112646640 90 775 2817
113268253 86 979 2833
113402758 81 576 2836
114272085 96 556 2857
114829659 82 669 2871
114916179 97 717 2873
115725196 87 449 2894
116438805 91 806 2912
116681873 97 665 2918
117175258 98 434 2930
117561761 82 932 2940
118678710 86 669 2968
119844722 92 266 2997
119970886 84 962 3000
119993650 91 692 3002
120363051 84 751 3039
120578921 94 386 3060
120649324 98 454 3068
121171219 92 506 3121
121181055 86 530 3122
121484913 88 326 3152
121611718 80 846 3165
121855392 90 799 3190
121903207 83 369 3195
121960954 93 472 3201
122013412 99 848 3206
122061287 85 732 3211
122109792 83 886 3216
122292366 98 491 3234
122301851 88 906 3235
122340409 92 309 3239
122649053 86 342 3270
122729275 96 145 3278
122763399 89 825 3281
122905171 85 742 3297
122982937 89 601 3305
123080968 93 881 3315
123101156 99 538 3317
123508623 87 53 3357
123682740 91 868 3373
123704155 83 523 3375
123818268 93 308 3386
123943587 99 330 3398
124196373 88 677 3423
124296867 80 525 3433
124791399 83 340 3482
124989796 98 727 3502
125532766 86 975 3556
125803265 96 982 3582
126018887 80 74 3604
126385154 89 953 3642
126592243 88 265 3663
126672929 84 130 3672
126752552 96 249 3679
126827097 90 318 3687
126882102 81 274 3692
126938327 85 271 3697
127173531 97 592 3720
127248096 82 323 3728
127284208 83 758 3732
127561895 97 23 3760
127831136 81 780 3788
128090705 87 646 3814
128113896 93 243 3816
128171738 95 304 3822
128323657 91 392 3838
128820821 95 740 3888
128841859 86 385 3890
129053286 94 512 3911
129108899 96 938 3916
129321831 93 425 3937
129376167 86 397 3942
129471428 80 997 3952
129925793 88 893 3995
130223099 89 43 4026
130230671 84 208 4027
130313437 97 227 4035
130330613 88 590 4037
130826156 92 872 4087
130979516 87 666 4104
131033627 99 244 4109
131087390 93 456 4115
131671597 94 140 4173
131910725 86 666 4198
132186441 85 489 4226
132246807 91 963 4232
132304569 90 168 4238
132504438 91 210 4257
132820268 80 159 4288
132877483 82 190 4294
132927667 96 72 4299
133072126 97 59 4314
133217372 84 554 4328
133264229 95 968 4334
133507247 87 848 4359
133821336 84 224 4390
134153484 89 658 4422
134190721 94 962 4426
134324550 84 605 4440
134550979 94 69 4463
134669387 98 230 4475
134739236 91 117 4482
134829830 90 188 4491
134885546 82 17 4497
135550124 84 561 4563
135830366 86 702 4592
135885102 82 954 4598
135913782 99 232 4601
136140419 90 868 4625
136159692 85 808 4627
136276046 94 67 4638
136443416 98 204 4656
136745081 99 610 4687
137200610 96 196 4732
137444193 85 942 4757
137453647 99 460 4758
137818646 96 896 4794
138284102 97 224 4840
138657385 90 289 4877
138943049 94 322 4906
138978240 93 476 4909
139513187 98 919 4964
139566049 80 40 4970
139699322 95 25 4984
139993215 97 372 5014
140026849 99 234 5017
140116345 81 74 5026
140226718 86 56 5037
140361904 80 766 5050
140441246 84 397 5058
140620312 82 469 5077
140663866 85 883 5081
141101743 94 763 5125
141260025 95 319 5140
141565403 92 994 5169
141827604 93 687 5195
141906954 83 569 5203
142324190 81 944 5246
142368108 84 845 5250
142472382 89 718 5260
142488523 87 902 5262
142785390 96 571 5291
143096629 82 493 5323
143116192 87 402 5325
143249077 92 821 5339
143519164 81 110 5366
143595285 97 925 5374
143838513 86 477 5397
143968010 97 183 5410
144075428 91 903 5421
144449019 80 518 5458
144485960 87 801 5462
144639940 95 91 5477
145129364 89 689 5526
145563255 87 509 5568
145619758 88 794 5574
145681563 96 381 5580
145788038 86 514 5591
145814852 95 894 5594
145827318 86 719 5595
145879288 84 746 5600
145900761 97 309 5602
146180798 94 339 5630
146192721 92 585 5631
146483654 86 665 5660
146603797 80 982 5672
146611464 99 761 5673
146747545 99 11 5687
147172723 93 375 5729
147219242 97 339 5733
147444814 95 261 5756
147508325 92 212 5762
147568502 89 495 5768
148159091 80 980 5827
148440348 83 409 5854
148529056 98 608 5862
148592025 97 509 5869
148627641 80 986 5872
148786674 94 475 5888
149076875 99 333 5918
149400771 93 121 5951
149461150 88 49 5958
149481671 85 291 5960
149519327 88 291 5964
149665628 98 473 5979
149931418 89 145 6005
149939513 80 66 6006
150131377 81 526 6025
150241190 93 32 6035
150262926 93 615 6037
150346395 91 28 6046
150396047 93 942 6052
150406159 94 322 6053
150570191 83 583 6070
150638044 89 470 6076
150691333 88 619 6081
150735991 93 313 6085
150827867 96 620 6094
151134045 95 190 6126
151223555 92 551 6135
151301584 91 308 6143
151337728 95 835 6147
151813860 91 125 6195
151853452 97 287 6199
152643400 97 314 6278
152717708 92 217 6286
152840370 82 343 6298
152983876 97 919 6311
153062703 89 434 6319
153152330 98 697 6327
153215400 99 873 6333
153418535 81 370 6353
153478321 82 538 6359
153694032 83 17 6379
153857890 83 110 6395
153908923 80 152 6400
154483084 88 497 6459
154609326 86 296 6472
154859476 89 634 6497
155136960 98 733 6526
155326132 82 289 6545
155359472 88 736 6548
155382032 92 462 6550
155541329 95 228 6566
155590009 87 877 6571
155621743 81 711 6574
155691566 97 332 6581
155753546 82 171 6587
155993527 89 27 6612
156015155 81 489 6614
156027138 83 177 6615
156151494 83 158 6628
156175856 86 327 6630
156419097 85 946 6654
156515654 85 785 6663
156793364 87 922 6691
156829470 94 195 6695
157145112 86 228 6728
157280432 85 152 6742
157331253 89 319 6747
157397078 80 419 6754
157507259 97 630 6765
157610554 98 275 6775
157647430 93 467 6779
157746849 92 631 6789
158151614 84 802 6830
158245165 94 136 6839
158447459 80 21 6859
158622566 96 35 6877
158681107 90 440 6882
158860395 91 706 6901
158981331 90 772 6913
159196015 80 648 6936
159285844 94 283 6945
159389184 84 551 6956
159509422 82 571 6968
159590495 81 158 6975
159792117 93 100 6995
159823752 91 768 6998
159986109 96 952 7015
160495465 93 703 7065
160558888 86 910 7071
160675038 85 866 7083
160831409 90 460 7098
161186329 97 62 7134
161492088 90 373 7164
161786500 90 407 7193
162181877 94 771 7233
162403883 90 634 7255
162535428 90 625 7267
162689967 87 883 7284
162725653 84 422 7288
162765479 82 522 7292
162898744 90 543 7306
163322803 97 822 7347
163419529 84 708 7356
163468789 97 490 7361
163616157 85 27 7376
163754761 80 142 7390
164007061 80 920 7414
164122197 97 868 7426
164133620 94 291 7427
164305918 92 884 7443
164468413 92 340 7460
164650881 95 429 7476
164797640 95 460 7491
164828013 81 704 7494
165348550 89 488 7546
165655041 80 578 7577
165732160 91 398 7585
165977067 80 384 7610
166063754 83 703 7619
166443781 94 116 7657
166592854 89 124 7673
166665266 89 541 7680
166855705 82 326 7700
166917639 94 374 7707
166927506 96 626 7708
167409928 80 27 7755
167465527 86 130 7760
167509540 83 121 7764
167674584 96 77 7781
167712561 97 154 7786
167909052 90 532 7805
168514152 89 894 7866
169020469 80 251 7917
169137754 90 56 7929
169354558 86 100 7950
169538256 83 423 7968
169604072 95 216 7975
170085227 85 482 8023
170109646 93 846 8026
170118218 85 670 8027
170271809 89 809 8044
170341496 94 359 8051
170703457 84 601 8088
170779767 83 27 8095
170793911 80 180 8097
170909488 90 516 8108
171513752 92 349 8170
171904824 83 168 8210
172248901 84 752 8244
172429718 96 281 8263
172474750 81 701 8267
172531282 97 955 8273
172599156 97 480 8280
172753986 95 886 8295
172941911 95 105 8314
172977198 94 299 8318
173138774 99 124 8335
173317440 90 446 8352
173362840 89 215 8356
173420920 94 368 8363
173438887 99 296 8365
173517149 98 722 8373
173619268 99 673 8383
173638195 96 151 8385
173654469 90 633 8387
173719957 98 381 8393
174036019 82 545 8425
174220007 81 671 8443
174366670 83 572 8458
174640749 84 725 8487
174974865 91 422 8520
175573849 81 604 8579
175685909 84 653 8591
175745297 80 681 8599
175933843 86 831 8616
176012237 83 100 8624
176117006 95 438 8634
176137219 88 472 8636
176308741 96 605 8654
176642626 90 503 8688
176884282 82 265 8713
177007106 85 589 8725
177016072 86 157 8726
177933306 90 623 8819
178026195 81 72 8828
178266337 95 77 8851
178277140 98 719 8852
179051256 95 227 8929
179263100 92 371 8950
179532218 88 68 8978
179547251 91 466 8980
179635560 93 323 8989
179732760 91 460 9000
180192873 94 823 9047
180217127 97 541 9050
180278141 84 323 9056
180647520 96 964 9092
180702956 89 48 9098
180739245 90 10 9102
181077903 93 957 9135
181847389 87 1 9214
181869647 85 63 9216
181942682 97 160 9223
182390143 82 60 9266
182547318 88 577 9281
182665752 95 872 9293
182713166 99 214 9298
182802650 83 89 9307
182911981 89 458 9318
182932877 99 952 9320
182976626 80 779 9324
183169257 81 73 9344
183259456 86 452 9354
183342638 86 984 9362
183351876 89 546 9363
183473245 89 749 9375
184077906 94 829 9434
184129090 87 258 9439
184303590 91 562 9456
184321206 85 731 9458
184361077 94 870 9462
184566303 96 773 9483
184746113 99 560 9501
184754262 99 880 9502
184850296 85 157 9511
185035654 81 158 9529
185347026 96 969 9560
185550863 86 794 9580
185666772 88 341 9591
185862061 90 19 9610
185954394 90 772 9619
185963633 98 363 9620
186176510 83 57 9641
186762541 85 58 9698
186787164 98 494 9700
187098816 84 564 9733
187229741 93 348 9746
187258669 85 691 9749
187278492 93 995 9751
187424232 84 459 9766
187681754 90 393 9792
187882460 86 146 9812
188275792 90 288 9851
188622187 86 305 9885
188772600 82 389 9900
188853501 90 434 9908
188942530 83 935 9917
188958297 89 429 9919
189081612 97 641 9930
189097670 83 482 9932
189297187 98 243 9952
189343518 94 417 9958
189509417 93 152 9974
189529118 90 847 9976
189587120 86 29 9982
