615269 208 495 15
862527 218 631 21
1770500 201 617 43
2083841 213 62 51
3281366 201 198 81
3445276 205 573 85
4131871 215 747 102
5658458 214 213 139
6376120 215 801 157
6556179 200 513 161
7065110 214 196 173
7220676 206 133 177
7691085 209 392 189
8755682 215 367 216
9229013 203 18 229
9808436 205 328 243
10002282 201 161 248
10051080 207 399 249
10127249 208 508 251
10785132 212 913 267
10823863 214 786 268
11292394 208 54 280
11489132 215 99 285
12010338 206 794 299
12580499 216 184 313
12834837 210 501 320
12897872 205 590 322
12945929 211 603 323
14105149 204 222 352
14727244 202 908 368
14971883 206 353 374
15196544 206 674 379
15238347 210 620 380
15736299 211 739 392
16138822 217 663 402
17285944 200 101 430
17505127 214 935 436
17621400 211 59 439
18029601 203 496 449
18154143 219 589 452
18984465 208 453 472
19208688 213 816 478
19674009 216 657 490
19744320 212 520 492
19830655 209 141 494
20186784 209 525 503
20867273 213 726 520
21244983 211 508 530
22053156 212 471 550
22178607 203 281 553
22296940 200 257 556
23598136 206 937 589
24606513 213 678 614
24814744 210 972 619
25765615 201 912 642
25849054 210 116 644
25999628 202 277 648
26887410 210 507 671
26986059 205 413 673
27401186 214 263 683
27696448 211 239 690
28267349 209 408 705
30985478 200 971 771
31026731 215 187 772
31063330 214 753 773
32393773 218 52 805
33039604 203 466 821
33104892 218 332 823
33740288 207 981 839
34070690 215 933 847
34102711 208 208 848
34849355 208 135 866
37167614 207 99 923
37699549 218 113 936
37776120 211 897 938
37894654 204 587 941
39024459 210 889 969
40398040 209 192 1003
40646485 217 708 1009
41106856 209 271 1021
41595631 203 230 1033
42474375 216 252 1055
42633147 214 472 1059
43631815 202 16 1084
43821134 206 31 1089
44094705 206 512 1096
44256787 200 504 1100
44301900 205 642 1101
44496583 217 565 1106
46522092 209 575 1155
46642509 210 365 1158
46681862 217 374 1159
47252149 216 941 1172
47889304 203 172 1189
49623441 200 667 1234
49848983 214 856 1240
50131596 207 388 1247
50962376 212 729 1268
51328445 205 594 1277
51533548 210 869 1282
51903956 218 539 1291
51984670 217 960 1293
52265970 217 392 1300
52436981 219 223 1304
53141601 208 868 1322
53632858 202 373 1334
54811664 211 870 1363
55103243 209 45 1370
55376876 215 555 1377
56040093 204 167 1394
56285762 213 889 1401
56507827 213 890 1406
57171796 202 707 1423
57202997 213 457 1424
58419506 215 682 1455
58745614 219 225 1463
60088405 216 422 1496
60845053 217 746 1516
62413916 211 515 1554
62490652 203 573 1556
62832044 204 995 1564
62867541 213 713 1565
62946289 207 235 1567
63315164 207 49 1576
63798953 204 643 1588
65161661 216 802 1624
65752698 202 268 1639
66360777 211 27 1655
68568446 210 168 1712
68609056 202 288 1713
69535165 204 94 1737
69702856 204 92 1741
71127654 206 58 1777
72066036 214 538 1801
72422017 218 952 1810
72569003 204 857 1814
72993057 217 35 1825
73488529 213 733 1837
73818026 205 325 1845
74794820 200 343 1869
75911334 216 17 1898
76002029 218 711 1900
76638787 211 190 1916
76757917 219 227 1919
78525535 212 720 1963
79190409 205 15 1980
79315261 210 763 1983
79508028 213 460 1988
79790700 200 639 1995
79905968 206 160 1998
80772272 205 795 2019
81973756 211 599 2050
82608387 209 24 2065
84717238 211 397 2117
85327803 213 24 2133
85403733 206 368 2135
85616624 200 294 2140
86633350 207 216 2165
87685706 205 526 2191
87960422 200 829 2198
88322275 204 109 2207
88975410 207 685 2224
89188951 212 53 2230
90047189 219 403 2252
90315268 218 672 2259
91154540 212 659 2280
91721039 211 729 2295
91768931 217 782 2296
92720752 205 880 2320
93870474 200 378 2349
94195750 215 909 2357
94274438 201 835 2359
95635678 210 210 2392
95873298 200 832 2398
96207926 218 245 2407
96496224 217 15 2415
96627375 214 131 2418
97444651 216 421 2438
97562285 210 221 2441
98324624 214 785 2460
102008218 214 90 2551
102399510 209 770 2561
103446384 207 739 2588
103477667 208 856 2589
103507667 217 824 2590
103899712 219 806 2600
104869804 208 178 2624
105236991 213 62 2634
107002497 216 549 2677
107162625 211 630 2681
107824141 213 64 2698
107865944 219 888 2699
108846743 217 205 2723
109372283 215 232 2736
109509441 205 351 2739
110241270 202 504 2756
110769232 210 656 2769
111311079 200 487 2783
111708940 206 515 2793
112605061 216 635 2816
113152677 202 168 2830
113875225 218 126 2848
114470760 212 475 2862
115372611 201 60 2885
115647030 211 400 2892
116764500 211 735 2920
117241360 215 315 2932
117756720 212 709 2945
118509626 211 966 2964
119116432 200 444 2979
119162267 209 661 2980
119239201 210 438 2982
119627615 204 633 2992
119754745 215 860 2995
119794722 218 54 2996
120086548 200 515 3011
120486833 217 489 3051
120513775 213 896 3054
120532394 206 991 3056
120565921 214 859 3059
120988427 216 945 3102
120996944 219 890 3103
121224178 204 420 3127
121354706 217 837 3139
121501520 206 555 3154
121508077 215 166 3155
121566846 205 224 3161
121640749 207 83 3168
121653066 212 148 3170
122020622 206 323 3207
122464844 216 895 3251
122484074 212 662 3253
122567359 205 867 3262
122814396 214 548 3288
122853727 203 183 3292
123112874 213 454 3318
123200570 210 677 3327
123313062 203 529 3338
123362888 217 190 3343
123671248 201 446 3372
123736241 204 773 3378
123758496 215 231 3380
123766005 206 451 3381
124004462 202 777 3404
124159843 207 835 3419
124255505 215 809 3429
124274545 219 236 3431
124759946 207 326 3479
124782627 203 881 3481
125020541 206 44 3506
125175151 205 772 3521
125184108 219 588 3522
125331515 203 293 3537
125375961 215 233 3541
125899017 200 444 3592
126055291 212 1 3608
126246685 218 307 3627
126283301 205 798 3631
126539210 214 604 3657
126614459 212 353 3665
126759381 210 668 3680
126820678 206 430 3686
126845137 217 445 3689
126892047 207 750 3693
126981636 207 997 3701
126999955 215 52 3703
127052681 206 712 3708
127124330 205 767 3715
127135640 205 871 3716
127209451 200 511 3724
127374548 201 500 3741
127476299 204 940 3751
127602311 207 901 3764
128200638 200 774 3825
128232041 212 238 3828
128244151 216 159 3829
128252290 200 263 3830
128256748 217 466 3831
128336046 203 350 3839
128385936 214 209 3844
128396746 204 882 3845
128703984 203 272 3875
128717329 217 897 3877
129184122 215 842 3924
129334831 206 97 3938
129495349 210 95 3954
129865692 212 902 3989
130353958 209 724 4039
130445806 200 464 4049
130687907 215 860 4074
130697776 206 961 4075
130854515 215 778 4090
131358007 209 227 4141
131368922 219 334 4142
131444849 211 995 4149
131534534 202 251 4158
131617223 203 557 4168
131779807 217 982 4184
131876248 212 771 4194
132029093 204 958 4210
132128053 204 488 4220
132135430 203 428 4221
132316724 219 13 4239
132515543 216 338 4258
132592715 209 164 4266
132640077 209 509 4271
132770709 215 136 4283
132829555 206 457 4289
133005213 201 296 4307
133140578 205 711 4320
133177589 217 719 4324
133225640 213 690 4329
133781035 205 682 4386
134072818 218 77 4414
134181202 210 49 4425
134228871 206 209 4431
134259117 217 927 4434
134641432 212 479 4472
135174844 210 595 4525
135187096 219 900 4526
135208240 212 547 4528
135278861 206 377 4535
135390711 202 926 4546
135617344 210 869 4569
135770666 203 756 4586
135820212 213 59 4591
136045976 217 841 4615
136057045 209 365 4616
136149799 218 215 4626
136172692 216 801 4628
136515910 207 760 4664
136796517 204 250 4692
136894793 216 281 4702
136980218 204 53 4711
137113661 205 250 4724
137189659 214 972 4731
137422961 214 841 4755
137490220 213 120 4762
137768882 201 33 4789
137777152 203 693 4790
137884432 202 608 4801
137894389 215 207 4802
138125980 208 104 4825
138135684 212 931 4826
138146900 202 42 4827
138220131 209 977 4834
138451474 218 160 4857
138463637 200 51 4858
139379478 200 817 4950
139431543 211 821 4956
139444543 204 788 4957
139462527 215 645 4959
139921602 200 578 5006
140015229 207 603 5016
140129085 203 503 5027
140211454 209 365 5035
140247276 210 783 5039
140350722 200 950 5049
140368610 209 605 5051
140379592 204 537 5052
140490336 213 250 5063
140591341 200 629 5074
140730211 217 669 5088
140816088 205 698 5097
140827144 207 687 5098
141037571 219 354 5119
141079136 219 924 5123
141183768 201 971 5133
141247925 200 847 5139
141394902 207 643 5153
142344910 217 978 5248
142696456 201 886 5282
142845795 215 573 5297
142928315 217 347 5306
142958988 217 700 5309
142998267 217 532 5313
143058537 213 416 5319
143270441 210 524 5341
143299792 207 69 5344
143551964 218 208 5369
143913518 203 178 5404
144017998 206 38 5415
144059369 207 814 5419
144175615 201 193 5430
144234169 204 835 5436
144291595 205 982 5442
144505955 217 71 5464
144811891 218 465 5493
144999989 208 865 5512
145044901 203 5 5517
145072373 218 445 5520
145088557 205 241 5522
145230712 205 5 5535
145425444 213 593 5554
145527081 209 341 5564
145546413 205 569 5566
145636059 205 63 5576
145750662 200 677 5587
145795148 207 261 5592
145945447 214 319 5606
145953539 218 427 5607
146069057 215 558 5619
146161140 208 121 5628
146234681 212 354 5635
146251220 218 994 5637
146395278 202 164 5651
146621748 216 760 5674
146670596 201 130 5679
146680099 218 418 5680
146706030 218 508 5683
146713774 201 600 5684
146999859 215 266 5712
147031481 204 293 5715
147161683 203 497 5728
148130553 212 607 5824
148168813 216 832 5828
148411259 215 648 5851
148430153 207 522 5853
148656897 212 885 5875
148676256 205 298 5877
148832578 219 869 5893
148969623 210 246 5907
149028114 213 78 5913
149418596 203 372 5953
149443028 206 135 5956
149488398 204 105 5961
149780734 218 916 5990
150000456 219 447 6012
150200760 203 292 6031
150372200 218 69 6049
150432218 214 723 6056
150459576 200 917 6059
150777857 212 551 6089
151054006 216 604 6118
151061474 204 506 6119
151437256 207 366 6157
151804214 214 516 6194
152179784 210 220 6231
152347146 203 981 6248
152403047 200 635 6254
152427278 205 137 6256
152632841 211 904 6277
152682169 216 631 6282
152850359 201 29 6299
153018553 203 79 6315
153395765 210 563 6351
153430841 208 853 6354
153567480 208 691 6367
153866948 215 774 6396
153890232 211 965 6398
154048710 204 109 6414
154205413 202 851 6431
154214744 212 627 6432
154471002 217 729 6457
154547562 215 362 6466
154557940 200 240 6467
154598765 203 752 6471
154803767 217 439 6491
155097639 210 696 6522
155313209 207 880 6544
155488417 215 290 6560
155633279 202 790 6575
155645431 218 786 6576
155762720 202 841 6588
155840281 202 630 6596
156255599 206 554 6638
156369649 202 988 6649
156408864 202 141 6653
156723406 208 796 6684
156775026 201 305 6689
156836992 216 407 6696
156907197 217 593 6703
157154575 200 235 6729
157310902 216 689 6745
157496181 204 353 6764
157556920 207 669 6770
157711047 204 349 6785
157719257 210 500 6786
157923824 212 493 6806
157942829 210 715 6808
157949319 209 409 6809
158021822 206 585 6817
158378110 204 134 6852
158581813 207 665 6873
158604421 214 434 6875
158824308 206 540 6897
159089531 202 365 6925
159127921 208 158 6929
159487019 211 665 6966
159813404 203 207 6997
159890827 205 413 7005
159977362 210 607 7014
160724333 210 812 7088
160858516 208 288 7101
160950397 218 931 7110
161304420 214 904 7147
161415276 217 838 7157
161560620 210 623 7171
161726758 216 285 7188
161735092 208 525 7189
162223344 214 676 7237
162595398 213 403 7274
162606338 217 905 7275
162709588 219 155 7286
162961782 202 507 7312
162974028 212 428 7313
162983402 211 350 7314
163033442 216 710 7319
163223920 204 988 7337
163406529 214 616 7355
163918512 215 355 7406
164030928 213 825 7416
164197192 213 433 7433
164230438 216 668 7436
164314386 202 42 7444
164437666 206 686 7457
164722387 213 958 7483
164847278 219 372 7496
164987861 210 610 7510
165038173 212 941 7515
165319541 219 975 7543
165404090 210 698 7552
165523156 208 871 7564
165593697 218 729 7571
166181265 205 314 7630
166190604 203 65 7631
166199349 215 987 7632
166727175 202 633 7686
166876443 205 897 7702
166893920 207 90 7704
167104059 202 642 7725
167212140 214 477 7736
167222921 219 988 7737
167383678 210 605 7752
167824600 218 127 7797
167855286 213 199 7800
168018045 214 305 7816
168113485 219 291 7825
168216290 201 252 7836
168391156 218 828 7853
168713929 202 343 7887
168831038 210 537 7899
168978355 200 38 7913
169260938 202 247 7941
169367027 211 672 7951
169465632 202 87 7961
169749665 217 454 7989
169768820 208 613 7991
169987831 211 218 8013
170017232 209 418 8016
170375777 219 362 8054
170548724 202 936 8072
170737080 206 827 8091
171013399 212 55 8118
171064929 210 64 8123
171176675 206 725 8135
171186652 210 517 8136
171525210 204 909 8171
171592711 207 707 8178
171666866 210 745 8185
171686214 217 213 8187
171732707 211 956 8192
171790610 215 855 8198
171856851 208 59 8205
172056665 218 191 8225
172069051 212 833 8226
172225254 201 773 8242
172267160 215 280 8246
172348839 210 170 8255
172566874 202 318 8277
172588620 205 285 8279
172606600 202 360 8281
172679668 201 163 8288
172931306 206 363 8313
173287469 205 179 8349
173341398 212 393 8354
173611008 216 709 8382
173785629 214 786 8399
173864574 215 618 8407
173874956 208 966 8408
174065862 214 167 8428
174194998 218 500 8441
174279562 202 533 8449
174493911 212 491 8471
174660382 210 99 8489
174714121 215 210 8494
174733884 213 252 8496
174776885 206 268 8500
174850039 212 248 8507
174870842 207 422 8509
175019282 206 714 8524
175041491 217 328 8526
175049772 206 558 8527
175514038 209 924 8573
176005373 210 949 8623
176345900 214 758 8658
176379315 212 112 8662
176479846 202 498 8672
176540436 202 542 8678
176673216 208 783 8691
176691789 218 401 8693
176766895 202 853 8701
176948493 208 991 8719
177129875 200 26 8739
177187034 209 270 8745
177253090 207 595 8751
177269138 203 944 8753
177287375 218 89 8755
177312344 206 52 8757
177478908 206 875 8774
177566879 204 145 8782
177576257 204 501 8783
177853341 202 660 8811
177865942 219 840 8812
177896131 213 9 8815
177953263 208 736 8821
178159639 201 131 8841
178535478 211 206 8879
178601765 217 388 8886
178668349 206 386 8892
178733227 205 621 8898
178765207 200 996 8901
178880783 211 405 8913
178947172 218 697 8919
178955138 218 237 8920
179307294 207 672 8955
179642190 205 255 8990
179918995 219 236 9019
179953053 200 684 9023
180209253 200 6 9049
180260072 215 160 9054
180353627 206 208 9063
180378119 211 572 9065
180559327 217 350 9083
180711913 216 478 9099
180752033 206 913 9103
180808166 219 621 9108
180973204 214 101 9125
181116487 219 315 9139
181127413 204 190 9140
181515314 204 770 9180
181602133 205 410 9189
181680906 202 192 9197
181689163 214 262 9198
181726220 207 0 9202
181905816 219 772 9220
182071208 202 597 9235
182107851 203 428 9239
182458373 219 385 9273
182706152 212 730 9297
183294250 211 126 9357
183516691 218 768 9379
183566396 203 744 9384
183589895 219 940 9386
183754619 212 322 9402
183861560 212 102 9413
183993632 206 38 9425
184069604 203 433 9433
184172918 200 721 9443
184261210 205 347 9451
184575163 209 574 9484
184736213 203 763 9500
184934173 212 879 9519
184941538 201 177 9520
184992034 211 409 9525
185094716 205 652 9535
185216057 200 798 9547
185285625 210 897 9554
185486868 219 23 9573
185523683 208 232 9577
185581942 207 795 9583
185615089 209 640 9586
186147528 210 327 9638
186213835 214 667 9645
186248396 218 787 9648
186325504 213 259 9656
186341676 200 366 9658
186384858 201 41 9662
186479672 206 950 9671
186598784 202 132 9682
186696625 201 381 9692
186930343 214 762 9715
187061197 203 736 9729
187268231 217 423 9750
187515287 214 114 9776
187592281 212 691 9783
187649544 215 269 9789
187812569 202 367 9805
188069583 205 851 9831
188341482 213 363 9857
188393353 214 55 9862
188486911 206 480 9871
188595596 218 513 9882
188613882 208 136 9884
188979506 204 319 9921
189107494 200 18 9933
189150830 206 432 9937
189210108 207 597 9943
189260938 209 758 9948
189287624 213 490 9951
189317224 204 989 9955
189469731 205 304 9970
189756421 205 2 9999
