34384 55 443 0
1001273 55 682 24
1319008 56 20 32
3028525 41 283 74
3132579 47 213 77
3489052 41 703 86
3756654 48 203 93
4677679 47 673 116
5041712 56 75 125
5120232 51 710 127
5169927 47 517 128
5206908 55 600 129
6059821 41 177 149
7298603 43 173 179
7722235 47 578 190
10212537 42 907 253
10710258 57 279 265
11053416 43 604 274
14524097 50 206 363
14892111 40 350 372
15019978 40 614 375
15064992 48 861 376
15106015 49 984 377
15350927 44 850 383
16677658 49 586 415
17045381 59 735 424
17753850 44 684 442
18737781 54 220 466
19251528 41 637 479
19327031 44 760 481
20786264 48 958 518
20905611 57 862 521
20975090 42 637 523
21381718 52 644 533
22727074 44 94 567
22881776 49 412 571
22991659 49 285 574
24153198 41 22 602
24528776 58 593 612
24904215 45 855 621
25310855 56 99 631
26291445 45 756 656
26409492 51 139 659
26609049 52 71 664
27484872 43 422 685
28156611 47 412 702
28342098 41 589 707
28521727 45 924 711
29047732 59 192 724
29483503 41 657 734
29800018 48 947 742
30867265 54 129 768
31186575 51 412 776
32010926 47 900 795
32245534 57 875 801
32843860 46 364 816
32918203 51 304 818
33141665 44 808 824
33301116 47 132 828
33336111 56 636 829
33566677 59 543 835
33986423 43 63 845
34672826 52 313 862
35048853 46 610 871
36676374 53 933 911
36720380 51 707 912
37737825 42 19 937
39218306 46 561 974
39705566 52 156 986
40362271 51 285 1002
41076856 43 902 1020
41327644 45 634 1026
41889397 52 74 1040
42097669 42 774 1045
43070038 52 434 1070
43120038 59 234 1071
43196293 43 970 1073
43779402 42 962 1088
44774851 55 722 1113
45632264 40 171 1133
45712264 57 598 1135
45925608 59 739 1140
46398830 51 109 1152
48255557 46 38 1198
48789828 57 329 1212
49019032 57 108 1218
49898148 42 803 1241
50551476 43 414 1258
50747089 41 609 1263
52756813 59 545 1312
52956281 48 523 1317
53108716 47 406 1321
53221670 48 874 1324
53260368 56 872 1325
53774583 41 388 1337
53893352 54 834 1340
54172486 55 93 1347
55678358 48 298 1385
55914456 47 239 1391
56545410 59 821 1407
56934314 43 477 1417
57515955 41 721 1432
57732914 59 356 1438
58671785 40 615 1461
59085380 43 676 1471
59458777 43 927 1481
60472529 57 917 1506
61272105 54 191 1527
61408750 46 23 1530
62706482 59 75 1561
63879455 52 929 1590
64243213 48 5 1600
64644902 48 399 1610
64719133 55 294 1612
64960737 46 350 1619
65198258 46 448 1625
65902165 41 235 1643
66245990 46 273 1652
66586412 44 601 1661
66904397 40 984 1669
67775965 59 5 1691
68371842 59 450 1707
68415722 47 9 1708
69619112 48 304 1739
70306600 51 791 1756
70559456 42 675 1762
70718899 51 818 1766
71172622 59 1 1778
72180342 54 55 1804
72460675 47 795 1811
72608506 47 793 1815
72652368 46 392 1816
72778810 58 417 1819
73035035 58 901 1826
73198571 47 280 1830
73291684 46 161 1832
74015477 44 135 1850
74940753 40 542 1873
75055152 42 434 1876
75094668 56 754 1877
75428114 45 902 1886
76109146 56 816 1903
76307713 50 79 1908
76389676 45 927 1910
76512382 42 827 1913
77002600 46 495 1925
77169787 59 60 1929
77547562 47 115 1939
79955968 52 770 1999
80925096 59 661 2023
81073576 52 196 2027
81461370 56 888 2037
81888597 50 360 2048
83596959 52 676 2089
86198399 57 350 2154
86242293 40 300 2155
87721475 43 953 2192
87768119 41 962 2193
88856906 51 11 2221
89020042 56 426 2225
89058135 59 275 2226
89119245 54 749 2228
89470844 45 896 2237
89508956 46 840 2238
89625173 58 194 2241
90794983 40 207 2271
91891235 49 659 2299
92162014 51 538 2306
92920561 46 555 2325
93267660 40 796 2333
93982894 52 653 2352
94153512 47 407 2356
95091241 58 450 2379
95302258 47 608 2384
95465656 49 198 2388
96164475 48 209 2406
96459214 47 163 2414
97076937 53 519 2429
97166817 52 180 2431
97843091 57 614 2448
99281814 56 174 2483
99964038 41 905 2500
100261005 40 296 2507
100390290 46 260 2510
100768675 46 953 2520
101078740 45 570 2528
103319842 45 662 2585
105166782 56 135 2632
106534371 58 85 2666
106952497 56 743 2676
107989360 45 637 2702
108530277 54 824 2715
108620242 59 505 2717
113185314 46 871 2831
114636795 55 358 2866
114676312 44 907 2867
115077965 40 525 2877
115583116 51 195 2890
115850965 50 20 2897
115892221 59 974 2898
116078212 58 153 2903
116475193 47 472 2913
117022868 58 905 2926
117602576 42 838 2941
120013725 43 861 3004
120119581 55 667 3014
120129193 56 844 3015
120148910 55 95 3017
120263295 40 251 3029
120323700 58 249 3035
120682132 44 415 3071
120733211 46 261 3077
120799241 59 604 3083
121159321 54 996 3120
121411953 56 197 3145
121526483 41 455 3157
121785867 48 94 3183
122003925 44 137 3205
122126575 47 571 3218
122191234 51 146 3224
122707811 41 756 3276
122718364 46 165 3277
123020930 57 39 3309
123054640 50 533 3312
123499281 48 534 3356
123587674 42 533 3364
123649303 55 22 3370
123965729 50 173 3400
124018444 59 741 3406
124088305 45 81 3412
124213829 59 627 3425
124555624 42 50 3458
124647225 50 83 3468
124709328 44 44 3474
124888579 41 189 3492
124897613 46 12 3493
124922144 57 924 3495
125203023 42 685 3524
125396408 40 941 3543
125755821 55 678 3577
125922054 59 712 3594
125940473 50 190 3596
126079526 53 998 3611
126114282 44 983 3615
126158398 59 381 3619
126203906 48 916 3623
126339373 57 946 3637
126355703 47 305 3639
126740165 52 82 3678
127296852 53 585 3733
127404512 50 673 3744
127410593 55 905 3745
127508808 51 785 3755
127744213 57 703 3779
127791709 50 296 3784
128040388 41 109 3809
128153345 52 844 3820
128165482 52 688 3821
128212569 47 874 3826
128292680 49 500 3835
128489650 56 589 3854
128534911 56 391 3858
128543948 58 464 3859
128693788 41 274 3874
128728948 53 378 3878
128758158 53 541 3881
128861697 41 181 3892
129040508 52 127 3909
129268079 42 851 3931
129294036 56 332 3934
129482622 45 730 3953
129591528 50 103 3963
129656940 41 649 3969
129679142 42 428 3971
129882425 57 637 3991
130116322 52 288 4014
130194011 57 486 4023
130428820 40 85 4047
130549347 50 13 4059
130607030 44 238 4065
130794882 46 912 4084
130969168 47 770 4103
131042841 52 562 4110
131050224 52 984 4111
131610552 48 639 4167
131704117 46 245 4176
131833678 58 277 4190
131884631 46 854 4195
132039529 50 877 4211
132088338 58 745 4216
132380351 58 322 4245
132388651 46 785 4246
132580014 54 699 4264
132704143 45 240 4277
132801821 58 991 4286
132960909 49 288 4303
133233413 56 350 4330
133303342 49 519 4338
133411161 42 467 4349
133585055 51 920 4366
133666281 51 745 4374
133715049 55 369 4379
133875012 51 523 4395
133883307 59 590 4396
133901061 59 82 4398
133914061 41 50 4399
133976477 48 172 4405
134017907 58 9 4409
134214423 59 628 4429
134253692 40 122 4433
134311550 53 47 4439
134354010 55 851 4443
134382405 54 412 4446
134405417 55 906 4448
134424405 57 369 4450
134484450 45 675 4456
134538010 59 695 4461
134702177 49 880 4478
134818564 43 929 4490
134998262 41 523 4508
135049156 43 344 4513
135624792 58 288 4570
135995175 55 711 4610
136033750 56 34 4614
136103404 48 343 4621
136205743 48 340 4631
136222398 57 866 4633
136434516 41 289 4655
136471567 47 356 4659
136554315 52 956 4668
136708858 47 731 4683
137014110 55 778 4714
137144169 47 912 4727
137463730 58 759 4759
137512100 44 10 4764
137563889 45 680 4769
137805646 49 668 4793
137981166 48 435 4811
138308017 53 19 4842
138371325 48 781 4849
138474797 59 549 4859
138584522 51 762 4870
138738636 54 537 4885
138769226 44 849 4888
138793333 48 491 4890
138897128 42 774 4901
139015469 51 472 4913
139278046 52 890 4939
139495800 42 178 4962
139656952 50 415 4980
139678666 54 562 4982
139810984 43 232 4994
139844624 54 914 4998
139863393 56 502 5000
140287707 47 965 5043
140300707 55 822 5044
140312932 40 377 5045
140342299 51 298 5048
140529871 44 180 5068
140541103 44 311 5069
140798585 54 22 5095
141192961 51 992 5134
141381902 53 168 5152
141429067 56 169 5156
141441219 55 300 5157
141521106 56 18 5165
141608562 48 595 5174
141615998 45 233 5175
141628998 48 555 5176
141735162 56 217 5186
141763901 55 597 5189
141787906 45 612 5191
141806652 41 858 5193
142058668 49 883 5218
142138827 51 482 5226
142517531 43 933 5265
142562551 58 979 5269
142609729 40 64 5273
143038519 47 227 5317
143212306 45 825 5335
143361120 42 645 5350
143430634 43 956 5357
143463384 48 415 5360
143721627 47 479 5386
143956452 50 239 5409
144137271 48 237 5427
144301135 53 768 5443
144541154 44 703 5467
144685259 49 884 5481
144718702 46 409 5484
145172998 54 152 5530
145197373 50 724 5532
145326799 54 321 5544
145595090 54 936 5571
145624743 49 953 5575
145804866 52 914 5593
146131251 55 201 5625
146243319 51 201 5636
146363541 45 554 5648
147362864 56 431 5748
147377695 50 541 5750
147485866 50 844 5760
147680095 47 624 5780
147978249 40 528 5809
148458760 46 120 5856
148683292 45 254 5878
148702504 45 229 5880
148910051 50 724 5901
149126966 43 382 5923
149980994 59 809 6010
150020538 59 71 6014
151032640 46 542 6116
151110939 45 663 6124
151189577 59 768 6131
151197819 45 338 6132
151272099 41 287 6140
151381432 49 798 6151
151408164 46 41 6154
151488112 46 281 6162
151641084 51 721 6177
151935342 43 394 6207
152101010 54 974 6223
152158005 58 262 6229
152257557 52 468 6239
152281540 46 23 6241
152331658 46 28 6246
152415901 59 581 6255
152456175 50 856 6259
152475170 41 136 6261
152572396 52 576 6271
152700506 57 346 6284
152992926 50 733 6312
153029127 45 107 6316
153236151 53 786 6335
153334681 53 164 6345
153622807 42 427 6372
153682607 40 613 6378
153780327 59 672 6387
153816258 43 468 6391
153826656 40 717 6392
153963252 52 619 6405
153981682 44 558 6407
154021997 50 890 6411
154223947 45 600 6433
154232971 44 992 6434
154671885 57 510 6478
154891888 49 455 6500
154991917 49 851 6512
155011452 58 337 6514
155348498 58 530 6547
155822328 51 652 6594
155867950 45 995 6599
156100942 45 692 6623
156141941 52 457 6627
156204877 42 577 6633
156528654 51 28 6664
156541496 55 673 6665
156611369 43 407 6672
156783063 50 575 6690
156855698 48 126 6698
156933531 46 22 6706
156945595 59 913 6707
157270732 40 869 6741
157438043 41 928 6758
157458381 56 623 6760
157676419 44 331 6782
157686482 45 317 6783
157755850 59 79 6790
157885638 49 803 6802
157994887 41 848 6814
158082459 52 450 6823
158284023 42 664 6843
158468094 42 689 6861
158718277 55 815 6886
158727603 41 801 6887
158803982 50 860 6895
159039758 58 738 6920
159118698 40 374 6928
159255638 48 399 6942
159610753 52 99 6977
159663416 59 882 6983
160027479 58 185 7019
160210056 59 403 7037
160307126 50 18 7046
160383641 59 498 7054
160445958 51 608 7060
160590817 41 328 7074
160613950 54 118 7077
161345935 41 499 7151
162069570 53 580 7221
162353757 43 36 7250
162433529 52 597 7258
162525709 52 621 7266
162839891 46 759 7300
162865946 40 802 7303
163006490 56 74 7316
163024551 48 500 7318
163095414 55 34 7325
163648975 57 356 7380
163850211 41 211 7400
163892546 43 732 7404
163974822 45 584 7411
164293727 48 971 7442
164584499 42 552 7470
164701219 55 228 7481
165252996 49 653 7536
165273578 47 816 7538
165300512 45 105 7541
165385882 58 841 7550
165393882 58 367 7551
165484048 56 149 7560
165584122 40 603 7570
165845978 56 291 7596
166011115 50 430 7613
166257438 55 258 7638
166274445 52 19 7640
166306683 43 422 7643
166775622 54 317 7691
166837654 58 667 7698
166866379 58 755 7701
166940225 54 625 7709
166992700 51 107 7714
167144082 55 539 7729
167206103 46 372 7735
167371766 51 594 7751
167478527 58 618 7761
167500017 46 568 7763
167571571 42 160 7770
167590540 52 341 7772
167608562 41 268 7774
167996967 43 375 7814
168006606 59 997 7815
168059153 57 816 7820
168079187 44 195 7822
168131289 46 123 7827
168205335 42 924 7835
168430391 50 183 7857
168474950 41 118 7862
168555165 40 872 7871
168891487 58 227 7905
168913779 47 141 7907
168959626 51 108 7911
169065182 48 87 7922
169407857 59 818 7955
169507192 42 276 7965
169849746 55 100 7999
169966152 46 377 8011
170416480 43 822 8058
170485585 50 607 8065
170513940 55 122 8068
170541899 43 130 8071
170619106 46 157 8079
170654005 57 373 8083
170922488 41 200 8109
171034638 58 605 8120
171057119 47 454 8122
171118954 55 344 8129
171359557 53 632 8154
171366781 43 811 8155
171397534 43 133 8158
171445582 53 820 8163
171716104 48 478 8190
171992206 57 97 8218
172000520 57 751 8219
172912208 56 742 8311
172947758 41 699 8315
173066159 52 902 8327
173541475 56 196 8376
173806693 46 976 8401
173896205 40 708 8411
174001408 44 516 8422
174270462 41 82 8448
174345610 41 197 8456
174399417 55 467 8461
174433903 44 432 8465
174463049 49 330 8468
174473343 48 706 8469
174807029 56 56 8503
174888711 58 772 8511
174967761 52 97 8519
175129832 54 569 8535
175240106 45 428 8546
175399957 56 958 8561
175456693 45 701 8567
175692045 47 22 8592
175808449 44 302 8605
175983270 55 261 8621
176251747 41 708 8647
176276839 51 600 8650
176530041 40 778 8677
176825473 41 570 8707
177147845 48 603 8741
177169694 40 455 8743
177336827 58 911 8759
177385738 46 838 8764
177502161 48 92 8776
178336112 52 984 8858
178432031 45 43 8868
178530386 48 662 8878
178743812 51 719 8899
178862933 58 815 8911
179118361 44 744 8936
179487827 40 78 8974
179506977 43 541 8976
179620827 49 869 8987
179651049 42 830 8991
179784489 53 117 9005
179799976 55 230 9007
179811713 45 692 9008
179945832 42 519 9022
179973786 52 692 9025
180076327 58 16 9035
180135219 59 54 9042
180455305 52 844 9073
180600585 48 494 9087
180867752 42 635 9114
181069647 44 91 9134
181154495 46 608 9143
181361899 59 116 9164
181563745 56 936 9185
181699377 56 996 9199
181768379 57 525 9206
181929682 44 292 9222
182779694 59 424 9305
182873020 41 399 9314
183091573 54 492 9336
183240731 41 601 9352
183483508 46 598 9376
183645149 51 388 9391
183675679 48 971 9394
184414198 47 397 9467
184423681 41 667 9468
184485957 46 495 9475
184533959 40 28 9480
184544424 59 821 9481
184649985 53 709 9492
185066114 58 0 9532
185085546 52 889 9534
185303868 44 696 9556
185325727 58 980 9558
185420328 42 60 9567
185431358 44 760 9568
185642242 56 384 9589
185709929 57 695 9595
185802350 58 672 9604
186028189 49 152 9626
186102890 51 617 9633
186196522 41 790 9643
186205276 50 183 9644
186254874 52 924 9649
186842154 59 443 9706
186906224 45 683 9712
187121261 46 740 9735
187171726 55 977 9740
187182087 44 942 9741
187199654 55 942 9743
187355949 45 245 9759
187630005 55 706 9787
188140193 59 845 9838
188163898 51 856 9840
188183837 54 369 9842
188555783 42 546 9878
188661744 44 7 9889
188732169 43 96 9896
188871301 52 710 9910
189035119 57 602 9926
189377711 51 580 9961
189520682 41 558 9975
189596019 52 408 9983
