68824 76 199 1
1039735 79 517 25
1674166 76 316 41
2018269 70 974 49
2579418 75 158 63
3330600 70 687 82
3609844 72 536 89
3919906 62 762 97
3965389 77 717 98
4930432 71 38 122
6606179 75 341 162
7419864 71 71 182
8039898 77 301 198
8944910 61 122 221
9027472 79 811 223
9425872 62 432 234
10593689 64 894 262
11745478 74 980 292
11818993 63 304 294
12401753 72 212 309
12661316 70 95 315
13253922 78 194 331
13509121 75 722 337
13870875 76 258 346
13908525 62 474 347
16057239 74 399 400
16719798 66 729 416
17254140 63 431 429
17461244 62 875 435
17947844 74 38 447
18275255 68 207 455
18824950 63 630 468
20144756 65 812 502
20357682 77 435 507
21340194 70 18 532
24113770 69 401 601
25355435 77 110 632
25475417 77 891 635
26042395 76 865 649
26449175 64 235 660
26566962 75 30 663
26776719 63 829 668
26851161 62 238 670
27033739 71 61 674
27319389 78 136 681
27574239 64 453 687
27780538 77 497 692
28423449 75 658 709
29013587 74 656 723
29572841 61 528 736
30247952 62 510 753
30563259 62 798 761
31498538 62 590 783
31650533 71 761 787
32429393 65 367 806
32505290 68 740 808
33855253 74 881 842
35664471 76 706 886
35827962 70 928 890
35910794 66 729 892
36788079 61 22 914
36919472 72 401 917
37091482 61 674 921
37534482 67 102 932
37576776 64 829 933
38098071 70 997 946
38648724 64 350 959
38714921 79 565 961
38789746 61 519 963
39350778 68 290 977
40091086 74 973 995
40137356 63 203 996
40818932 75 402 1013
41007659 74 961 1018
41237038 67 241 1024
41448874 78 721 1029
41480791 65 507 1030
42009715 71 514 1043
42047669 77 812 1044
42789949 79 785 1063
43237043 71 557 1074
43452593 68 583 1080
43541252 61 176 1082
44129528 62 941 1097
44343439 74 391 1102
44582769 75 409 1108
45236227 73 989 1124
45336227 79 427 1126
45378883 68 674 1127
45832065 61 302 1138
46089329 71 595 1144
46307209 63 474 1150
46780385 63 857 1161
47344020 79 47 1175
49474665 67 563 1230
50830283 63 228 1265
50880283 71 231 1266
51010672 60 102 1269
52069160 77 127 1295
52149147 78 481 1297
52226717 73 711 1299
52352811 66 647 1302
52396442 74 249 1303
53068862 69 44 1320
53969041 71 171 1342
54053107 76 940 1344
54420042 67 715 1353
55148634 60 319 1371
55195270 72 45 1372
55228374 61 549 1373
55307042 61 426 1375
55454630 60 532 1379
55484630 76 382 1380
56187574 61 163 1398
56888433 71 835 1416
57443671 79 458 1430
58306107 63 847 1452
59256020 61 975 1476
59546297 71 848 1483
60130459 69 152 1497
60255139 77 798 1500
60915306 66 690 1518
61108770 73 906 1523
62457727 67 412 1555
62536894 79 657 1557
62664687 72 506 1560
63112737 69 633 1571
64680467 78 145 1611
65114683 79 519 1623
65829657 71 513 1641
66275990 60 663 1653
66310777 76 662 1654
67449212 68 839 1683
67606811 71 587 1687
67958182 69 970 1696
68487258 76 932 1710
70391318 65 48 1758
70791644 67 734 1768
71331872 72 363 1782
71748998 61 410 1793
72382745 64 401 1809
72954483 62 8 1824
73895435 75 941 1847
77513470 67 780 1938
78402241 64 947 1960
78801834 72 948 1970
79108891 66 377 1978
80258927 67 58 2006
80627072 76 545 2015
81376262 78 626 2035
81581290 76 231 2040
81923756 75 266 2049
82021912 60 818 2051
82794526 68 103 2070
83302428 78 959 2082
84264703 60 182 2106
85117374 79 346 2128
85665909 61 609 2141
86332361 68 300 2157
86402065 72 479 2159
86887101 65 134 2171
87415596 79 408 2184
87891165 66 779 2196
87928985 70 682 2197
88119512 70 260 2202
88437305 79 327 2210
89966653 63 764 2250
91461529 61 884 2288
91931360 63 303 2300
91971734 63 139 2301
92085435 79 345 2304
92321628 79 650 2310
92801408 62 113 2322
94424741 68 450 2363
95752014 62 58 2395
96544918 64 853 2416
96581244 78 861 2417
96985308 67 283 2427
97207990 65 337 2432
98055881 65 332 2453
98485331 78 916 2464
98734364 63 180 2470
99245017 63 102 2482
99324052 78 104 2484
100227356 62 35 2506
100997966 67 104 2526
101241641 73 863 2532
101738165 72 402 2544
102780918 61 488 2571
103608414 73 846 2593
105712879 69 681 2646
105919233 68 452 2651
106002603 71 254 2653
106052603 75 580 2654
106815044 69 670 2673
108453141 66 567 2713
109666374 77 919 2743
109800733 70 628 2746
110280789 69 945 2757
110326075 62 552 2758
111190523 70 559 2780
111560698 62 258 2789
111599024 60 745 2790
111937398 61 318 2799
112249134 68 543 2807
115041979 70 918 2876
115228253 61 882 2881
115546969 62 942 2889
116888948 74 477 2923
117096253 69 245 2928
117720029 66 897 2944
117871739 73 717 2948
117946796 70 71 2950
117989721 74 634 2951
118341475 60 889 2960
118628710 75 49 2967
119566431 69 629 2990
120002216 74 286 3003
120285052 63 354 3031
120475330 66 746 3050
120603545 70 667 3063
120671215 61 627 3070
120715302 61 762 3075
120809314 64 594 3084
120907895 62 190 3094
121244256 70 554 3129
121670875 70 781 3172
122084514 72 996 3213
122556671 74 268 3261
122677397 69 628 3273
122688301 69 647 3274
123144002 70 379 3321
123280545 68 783 3335
123521484 78 265 3358
123783974 66 413 3383
123805433 67 470 3385
123860158 78 788 3390
124151021 70 520 3418
124244508 79 873 3428
124267830 78 425 3430
124362122 69 731 3439
124401603 69 854 3443
124412314 68 736 3444
124593152 61 112 3462
124749978 60 706 3478
124808507 67 183 3484
124828105 70 141 3486
124998730 62 347 3503
125216023 74 437 3525
125344515 64 248 3538
125600887 66 617 3563
125824207 70 631 3584
125853715 79 919 3587
125861169 67 830 3588
125877336 79 9 3590
126309441 67 881 3634
126527619 77 492 3656
126577521 67 498 3661
126869102 67 911 3691
126913026 63 379 3695
127011254 62 474 3704
127042078 63 995 3707
127678229 60 367 3772
127708114 63 720 3775
127762331 77 421 3781
127984241 62 780 3803
128183524 79 998 3823
128950766 71 685 3900
129153392 61 206 3920
129161777 64 150 3921
129302462 77 502 3935
129452385 69 819 3950
129600770 61 885 3964
129822575 73 564 3985
129854628 77 206 3988
130271607 79 580 4031
130456359 79 529 4050
130632988 65 102 4068
130672563 71 821 4072
130784002 74 68 4083
131012754 63 741 4107
131241761 70 58 4130
131402063 77 552 4145
131550815 68 581 4160
131577428 71 810 4163
131760937 75 756 4182
131996748 66 511 4206
132117703 60 115 4219
132166343 72 104 4224
132175277 79 662 4225
132259807 65 788 4233
132372874 63 742 4244
132612857 70 728 4268
132674026 69 382 4274
132683359 67 755 4275
132904034 65 59 4297
132917034 69 649 4298
132936320 70 65 4300
133033587 78 61 4310
133196540 70 549 4326
133464922 64 749 4354
133499362 67 37 4358
133520247 74 818 4360
133542346 71 147 4362
133644904 60 187 4372
134335143 68 526 4441
134363448 64 168 4444
134662758 66 489 4474
134718554 74 578 4480
135086026 70 692 4517
135099026 72 111 4518
135110206 71 738 4519
135492035 73 668 4556
135538508 78 633 4561
135606697 79 654 4568
135634305 78 582 4571
135689227 66 280 4576
135874930 78 990 4597
136026731 69 816 4613
136240911 73 188 4635
136285296 70 348 4639
136342403 69 820 4645
136479740 78 807 4660
136498905 64 568 4662
136678652 73 731 4680
137001657 75 792 4713
137213610 79 537 4733
137343243 60 535 4747
137503220 65 835 4763
137657132 65 442 4778
137701167 60 558 4782
137839755 75 746 4796
138056395 63 716 4818
138178236 73 862 4830
138430612 76 299 4855
138613400 79 182 4873
138676316 63 543 4879
138926369 61 337 4904
138988252 64 668 4910
139040611 75 496 4915
139362453 66 489 4948
139421309 74 907 4955
139542739 65 970 4967
139582975 62 273 4972
139980215 77 310 5013
140159273 60 6 5030
140471816 71 370 5061
140496591 60 855 5064
140638991 64 903 5079
140873401 63 888 5103
141048507 74 591 5120
141291666 68 585 5143
141572744 70 434 5170
141850182 73 249 5197
141857804 60 228 5198
141952620 72 279 5207
142157219 62 960 5228
142276257 78 429 5241
142396771 71 781 5253
142870227 69 213 5300
143006351 73 840 5314
143139945 69 683 5327
143166897 64 156 5330
143471280 77 557 5361
143863423 77 657 5400
144118055 73 925 5425
144243948 71 43 5437
144320633 67 94 5445
144594158 77 387 5473
144676045 71 524 5480
144800819 74 255 5492
145017064 64 667 5514
145293058 70 529 5541
145335679 75 969 5545
145575201 64 19 5569
145733430 61 327 5585
146151462 64 399 5627
146296246 79 204 5642
146538744 73 343 5666
146661662 72 125 5678
146736102 76 539 5686
146804691 61 238 5693
146828070 74 492 5695
146920604 62 583 5704
147020374 65 68 5714
147096480 77 168 5722
147183806 66 614 5730
147257653 78 250 5737
147476164 79 299 5759
147786251 60 556 5790
147815520 75 527 5793
147826922 72 554 5794
147957484 66 752 5807
148285480 74 561 5839
148358428 64 779 5846
148538458 62 743 5863
148546502 77 210 5864
148637614 74 238 5873
148794173 64 180 5889
148824620 62 627 5892
148919640 70 313 5902
149228569 64 182 5933
149556137 66 686 5968
149760696 72 173 5988
149772015 74 141 5989
149890651 71 822 6001
149948153 63 981 6007
150061234 76 901 6018
150211234 75 365 6032
150625648 72 975 6075
151206435 61 982 6133
151479198 63 175 6161
151544387 63 855 6167
151679503 75 119 6181
151785474 77 55 6192
151796123 70 86 6193
151892571 77 569 6203
151916870 77 161 6205
151924963 79 632 6206
151958834 60 832 6210
152109446 67 500 6224
152483935 72 405 6262
152612331 72 549 6275
152692837 69 12 6283
152747705 71 69 6289
153206529 65 151 6332
153245694 79 25 6336
153354974 79 880 6347
153604890 70 467 6370
153736770 74 641 6383
153809708 65 634 6390
153938767 61 372 6403
153950252 67 974 6404
154114392 73 433 6421
154142698 66 179 6424
154172107 79 671 6427
154320496 72 255 6442
154378967 66 193 6448
154449105 71 88 6455
154713198 69 939 6482
154842365 74 22 6495
155034473 61 741 6516
155085668 77 774 6521
155337014 65 728 6546
155494453 62 953 6561
155831510 72 417 6595
155984914 70 908 6611
156133115 78 91 6626
156288913 61 669 6641
156379774 69 917 6650
156569926 76 760 6668
156885766 79 336 6701
157034315 75 395 6716
157175492 60 170 6731
157349725 70 120 6749
157407601 60 768 6755
157446837 60 386 6759
158131108 60 472 6828
158548095 65 5 6869
158709266 68 164 6885
158877053 72 567 6903
159077795 76 966 6924
159164634 73 646 6933
159306530 61 289 6947
159412271 70 754 6958
159496793 75 267 6967
159639733 72 398 6980
159769069 64 396 6993
160007768 77 712 7017
160063610 77 753 7022
160147003 63 12 7031
160174758 68 755 7034
160223056 74 133 7038
160236056 62 762 7039
160266310 74 167 7042
160324763 73 708 7048
160527497 64 727 7068
160749110 65 629 7090
160810817 66 764 7096
160848028 68 50 7100
160928597 68 229 7108
160999759 76 541 7115
161021330 78 373 7117
161570094 70 956 7172
161928455 72 461 7207
162019938 73 899 7216
162100674 77 369 7224
162255758 76 905 7240
162341883 78 266 7249
162889584 65 356 7305
162930709 70 40 7309
162940078 74 310 7310
163065048 77 633 7322
163352243 64 873 7350
163429193 73 310 7357
163507402 74 834 7365
163559404 78 943 7370
163587620 79 521 7373
163703849 61 101 7385
163715010 66 77 7386
163767761 71 435 7391
163859323 62 881 7401
163986516 66 892 7412
164058264 76 486 7419
164478115 74 802 7461
164561122 73 159 7468
164574122 73 671 7469
164780586 74 334 7489
164892210 70 269 7500
164998140 69 984 7511
165028766 68 174 7514
165154313 60 31 7527
165197616 60 335 7531
165242535 69 565 7535
165697449 60 513 7581
165762737 70 705 7588
165792754 66 394 7591
166488312 64 509 7662
166796137 75 656 7693
166951402 66 419 7710
167193624 62 234 7734
167335760 76 238 7747
167347467 64 701 7748
167560514 72 612 7769
167616367 60 851 7775
167724251 75 0 7787
168029003 64 688 7817
168148531 72 900 7829
168195302 68 601 7834
168455983 68 224 7860
168602769 63 950 7876
168615769 77 434 7877
168663260 71 824 7882
168802778 61 463 7896
168902140 64 55 7906
168970118 63 671 7912
169039167 75 161 7919
169104922 73 160 7926
169180178 74 681 7933
169207362 77 509 7936
169497491 78 880 7964
169799792 67 164 7994
170029238 67 48 8017
170255399 76 40 8042
170610785 63 433 8078
170758738 72 673 8093
170785185 71 198 8096
170853752 79 128 8103
171215926 70 433 8139
171349958 60 107 8153
171493514 72 139 8168
171545284 61 255 8173
171573850 63 356 8176
171738311 69 959 8193
171938521 72 246 8213
171979623 76 717 8217
172099210 78 319 8229
172297172 73 387 8249
172308568 63 708 8251
172320028 75 174 8252
172866965 62 836 8306
173130815 77 640 8334
173177970 60 867 8339
173401715 65 65 8361
173455386 65 40 8367
174086754 79 935 8430
174098118 76 394 8431
174570305 63 401 8479
174609322 75 989 8484
174789885 78 362 8501
175174350 66 959 8540
175216421 66 632 8544
175250927 71 616 8547
175467372 60 688 8568
175504660 63 466 8572
175546241 76 458 8576
175592948 70 368 8581
175709135 79 300 8594
175887898 73 213 8612
176223882 77 333 8644
176395517 61 832 8664
176553341 62 782 8679
176626414 67 799 8686
176737756 68 171 8698
176832654 74 345 8708
176875563 66 252 8712
176895037 68 793 8714
176913993 74 304 8716
176925606 72 349 8717
177033122 64 349 8728
177110742 62 406 8737
177408166 74 817 8766
177515137 60 974 8777
177659580 65 0 8792
177746573 67 822 8800
177924462 77 558 8818
177944316 77 592 8820
178382789 63 609 8863
178522722 76 809 8877
178912747 76 764 8916
178935244 65 759 8918
179059104 66 842 8930
179197361 67 50 8944
179208961 65 883 8945
179243776 66 184 8948
179255557 60 389 8949
179344511 63 868 8959
179875634 76 567 9015
179937093 67 933 9021
180148219 78 467 9043
180158203 72 56 9044
180228493 74 239 9051
180417905 79 971 9069
180435684 73 578 9071
180839148 60 383 9111
180922593 64 831 9120
181135599 70 945 9141
181142873 66 9 9142
181330853 71 589 9161
181456442 61 209 9174
181716400 64 80 9201
181829975 79 7 9212
181860389 61 984 9215
181899143 78 478 9219
181975978 63 62 9226
181995826 74 204 9228
182120326 79 165 9240
182219090 63 59 9249
182242718 76 845 9252
182283886 65 630 9256
182370444 64 460 9264
182613487 70 29 9288
182773903 63 732 9304
182968537 76 173 9323
182994077 63 775 9326
183080303 72 666 9335
183415458 71 758 9369
183555208 67 305 9383
184049520 78 31 9431
184195586 74 910 9445
184293222 67 943 9455
184460803 66 473 9472
184704733 78 63 9497
184816412 65 91 9508
184951757 66 216 9521
185055335 71 853 9531
185117693 65 947 9537
185126241 65 483 9538
185201551 76 476 9545
185503945 73 276 9575
185512037 74 23 9576
186708322 68 654 9693
186807336 72 786 9702
187018485 60 326 9724
187052232 71 26 9728
187336837 66 15 9757
187580847 74 188 9782
187694594 67 161 9793
187783035 71 602 9802
187872691 62 617 9811
188048670 72 959 9829
188408739 72 333 9864
188464906 76 688 9869
188499911 62 521 9872
188527740 68 678 9875
188653834 65 454 9888
188704294 71 771 9893
188863965 72 18 9909
189090627 72 967 9931
189119838 79 520 9934
189166757 69 242 9939
189309256 70 444 9954
189388956 66 658 9962
189422244 70 187 9965
189624188 72 645 9986
189718106 71 541 9995
189727723 63 923 9996
