148274 226 27 3
261584 226 214 6
384814 224 469 9
578519 223 89 14
2222185 236 25 54
2341990 228 178 57
2512526 226 686 61
2898589 223 352 71
3091542 231 768 76
3869906 239 19 96
4000748 220 193 99
4893217 221 752 121
5418567 238 626 134
5868630 231 31 144
6284231 233 967 155
6522271 228 123 160
6764621 231 368 166
7015110 221 24 172
9264916 227 362 230
9916489 234 529 246
10162537 231 582 252
10331797 220 585 256
10629938 221 500 263
10856505 226 446 269
10897779 224 424 270
13065336 226 548 326
13132892 233 419 328
13299030 238 405 332
13427999 231 216 335
13948777 224 88 348
16887761 233 351 420
20228473 224 856 504
21577315 239 309 538
21618814 234 588 539
23230658 221 455 580
23684772 237 626 591
24031184 226 653 599
24189581 223 749 603
25111674 221 958 626
25640709 227 3 639
28892138 236 703 720
29688054 231 821 739
29718054 222 486 740
30077832 235 57 749
30768441 233 166 766
30947814 227 514 770
31454420 220 934 782
32088211 221 648 797
32886745 225 61 817
33523813 220 61 834
34593572 235 417 860
34713472 220 839 863
36219427 229 297 899
36252632 220 596 900
36349687 225 900 903
36480541 239 295 906
36525113 230 603 907
36608538 229 96 909
37814231 230 896 939
38016823 239 156 944
38050247 233 861 945
38272768 232 904 950
38751796 238 645 962
38962410 223 494 967
39467225 231 378 980
39795226 222 894 988
40967143 238 431 1017
41149875 232 352 1022
41558805 228 594 1032
42146715 224 509 1046
44376134 229 453 1103
44737283 233 466 1112
45142474 227 534 1122
45880760 239 150 1139
47587502 232 403 1181
47693958 233 199 1184
47809796 221 612 1187
48101937 231 413 1194
48578299 226 318 1207
48862910 232 755 1214
49243605 230 97 1224
49800614 232 464 1239
50164879 224 821 1248
50623608 231 154 1260
52609083 226 777 1308
54249406 239 111 1349
55559736 235 991 1382
56666255 236 495 1410
56740610 236 961 1412
57133103 223 508 1422
58185272 232 34 1449
58576233 231 874 1459
59876681 228 588 1491
59997385 228 944 1494
60397092 235 855 1504
61729120 228 23 1538
61819758 228 76 1540
62340455 237 316 1552
62790382 221 845 1563
63920256 226 184 1591
64749133 232 323 1613
65789224 220 201 1640
66129214 222 770 1649
66399004 227 734 1656
66438727 234 968 1657
66672584 235 653 1663
66748152 236 740 1665
67214337 229 498 1677
67526508 238 618 1685
67736452 227 811 1690
67846377 239 391 1693
68321958 222 703 1706
68815116 229 953 1718
69048845 225 958 1724
69147589 221 210 1727
71015523 229 155 1774
71250653 225 322 1780
71402013 231 658 1784
71836312 230 82 1795
72106497 233 727 1802
72312164 236 690 1807
73121421 235 64 1828
73154998 232 949 1829
73857378 222 932 1846
74585899 230 852 1864
75211522 232 721 1880
75824849 224 582 1896
76154607 224 46 1904
77350860 229 653 1934
79276336 229 492 1982
79712668 229 929 1993
79869776 229 635 1997
80658906 221 891 2016
81424576 222 419 2036
82182328 220 338 2055
82309314 239 241 2058
83038717 225 672 2076
83714611 233 92 2092
85366196 232 797 2134
86439742 222 801 2160
86759210 227 421 2168
87017005 224 189 2174
87841165 235 306 2195
88782529 233 552 2219
89234575 230 883 2231
89385306 231 735 2235
90009317 238 952 2251
90248360 238 619 2257
91423484 224 62 2287
91858373 233 86 2298
92206823 230 717 2307
92432152 224 715 2313
93641734 234 271 2343
93833246 228 282 2348
96097206 228 141 2404
97116817 229 946 2430
97245011 236 787 2433
98092262 224 669 2454
98134742 232 293 2455
98658991 226 694 2468
98936837 234 624 2475
99687705 233 920 2493
99892387 230 536 2498
100086389 236 111 2503
100923385 233 503 2524
101120845 239 41 2529
101200659 225 58 2531
101356675 228 466 2535
101623295 236 348 2541
101657612 239 941 2542
101853812 220 489 2547
102049751 223 354 2552
102165359 237 672 2555
102195359 238 220 2556
102299893 232 866 2559
102437365 227 191 2562
102486312 232 439 2563
102596543 224 512 2566
104129140 232 824 2606
104614486 234 824 2618
105038387 235 686 2629
105958195 239 245 2652
106094263 232 963 2655
106258181 231 705 2659
106781319 229 909 2672
106903002 228 368 2675
107084053 228 200 2679
107245534 222 165 2683
107410017 237 525 2687
107484957 235 12 2689
107607902 233 114 2692
107748175 231 620 2696
108415872 233 791 2712
108572607 232 737 2716
110111009 230 420 2753
110199484 235 487 2755
111038673 225 323 2776
111747231 239 891 2794
112484734 232 552 2813
112570064 224 874 2815
112817560 222 229 2821
114094954 228 877 2853
114185334 225 536 2855
116353402 234 430 2910
117136705 221 36 2929
117277171 225 793 2933
118467761 234 314 2963
119039193 228 789 2977
119075744 233 104 2978
120138972 236 409 3016
120403444 233 308 3043
120541599 224 87 3057
120553281 234 653 3058
120631305 233 374 3066
120791604 235 681 3082
120947716 222 828 3098
121021990 227 628 3106
121051711 231 563 3109
121059846 233 771 3110
121087256 232 85 3113
121365610 229 793 3140
121374554 225 224 3141
121547233 223 94 3159
121648589 235 389 3169
121712790 231 167 3176
121921772 221 238 3197
121952665 220 279 3200
121972045 235 942 3202
121984781 228 607 3203
122118781 236 252 3217
122146766 221 223 3220
122244992 229 307 3229
122477321 231 589 3252
122636053 223 619 3269
122775658 229 44 3283
122871705 237 332 3294
122926479 229 843 3299
122956002 231 451 3302
122973398 235 175 3304
123242184 228 4 3331
123444625 232 678 3351
123882330 221 865 3392
124127438 221 255 3416
124166361 226 493 3420
124184803 237 980 3422
124339243 237 979 3437
124352243 233 621 3438
124492568 239 646 3452
124603587 235 700 3463
124638002 230 148 3467
124835858 237 105 3487
124871010 232 434 3490
125301330 224 40 3534
125589887 230 56 3562
125609900 236 741 3564
125619737 231 397 3565
125736848 225 6 3575
125990619 225 851 3601
126046762 223 35 3607
126123273 232 771 3616
126215006 239 938 3624
126328856 235 904 3636
126393210 223 92 3643
126425943 237 526 3646
127021562 232 899 3705
127185365 225 619 3721
127203013 231 255 3723
127384183 238 814 3742
127455696 236 104 3749
127543143 231 396 3758
127699581 229 969 3774
127914404 224 725 3796
128103418 238 239 3815
128274716 222 388 3833
128301393 236 836 3836
128313214 236 498 3837
128408756 227 395 3846
128418455 238 701 3847
128478382 228 965 3853
128499492 239 185 3855
128555507 232 192 3860
128811086 232 418 3887
128989421 235 178 3904
129015989 233 893 3907
129176713 222 773 3923
129229079 239 184 3928
129311165 237 856 3936
129802931 227 578 3983
129843317 222 210 3987
129874173 224 616 3990
129937216 233 416 3996
130035223 236 923 4006
130204783 225 532 4024
130518420 236 586 4056
130617729 229 731 4066
130643621 227 466 4069
130710347 224 568 4076
130833381 226 552 4088
131266476 222 929 4132
131273702 224 756 4133
131316030 236 620 4137
131986029 228 735 4205
132066681 227 873 4214
132461515 228 131 4253
132491440 220 784 4256
132664766 221 312 4273
132809568 229 283 4287
133206360 230 756 4327
133347696 235 265 4342
133375873 237 665 4345
133397195 228 900 4347
133673575 236 31 4375
133889955 222 491 4397
133986447 234 211 4406
133995583 221 90 4407
134495015 229 297 4457
134800119 238 113 4488
134929566 236 326 4501
134946624 225 975 4503
135027168 220 694 4511
135219382 226 79 4529
135307497 236 436 4538
135320497 228 940 4539
135427480 233 336 4550
135462431 233 375 4553
135570229 239 112 4565
135581630 230 456 4566
135676894 237 180 4575
135924150 227 517 4602
136304546 236 190 4641
136316053 225 884 4642
136657380 226 61 4678
136867303 224 617 4699
136884265 223 53 4701
137041617 231 307 4717
137156056 226 692 4728
137298202 223 975 4742
137433810 238 836 4756
137610894 232 92 4773
137747190 228 263 4787
137923653 228 781 4805
138295107 236 504 4841
138329722 230 407 4844
138518100 228 857 4863
138545562 220 73 4866
139028438 229 371 4914
139232978 230 304 4934
139314804 231 328 4943
139396553 225 367 4952
139559175 237 411 4969
139607528 230 504 4975
140005866 223 109 5015
140107578 227 125 5025
140171341 233 230 5031
140268872 235 392 5041
140480780 221 250 5062
140862081 226 344 5102
140994967 234 122 5115
141017083 231 811 5117
141027985 228 6 5118
141503283 228 679 5163
141670636 228 504 5180
141718277 238 352 5184
141867974 228 195 5199
141919875 231 395 5204
142041641 222 503 5216
142070804 226 906 5219
142288340 235 200 5242
142651808 234 961 5277
142668565 238 229 5279
143338001 229 298 5348
143369295 228 484 5351
143453482 220 115 5359
143606903 235 710 5375
143733450 231 644 5387
143775175 230 553 5391
143782908 238 700 5392
143846960 228 110 5398
143856969 220 442 5399
143942274 238 566 5407
144048878 220 121 5418
144083258 224 31 5422
144163122 222 396 5429
144195496 239 125 5432
144497646 237 48 5463
144663829 229 247 5479
144768902 232 904 5489
144777400 238 930 5490
144950843 238 437 5507
145012989 220 265 5513
145474418 220 582 5559
145910854 225 736 5603
146005364 239 829 5613
146170068 236 781 5629
146316828 220 632 5644
146860375 233 173 5698
146909017 232 119 5703
146959298 235 211 5708
146970288 234 454 5709
147227301 228 993 5734
147313426 220 769 5743
147518341 237 541 5763
147535423 236 701 5765
147597992 231 300 5771
147926864 221 764 5804
147948652 222 303 5806
148066570 231 102 5818
148136152 238 611 5825
148273617 237 403 5838
148615978 234 823 5871
149037552 235 233 5914
149048226 227 425 5915
149136206 220 92 5924
149180191 231 558 5928
149600922 235 256 5972
149641969 235 844 5976
149677742 221 692 5980
149791170 226 955 5991
149803907 238 763 5992
149853343 230 940 5997
149902609 239 387 6002
150142000 221 69 6026
150165677 228 589 6028
150415518 227 281 6054
150443020 225 424 6057
150481957 223 425 6061
150817787 238 982 6093
150880615 239 684 6099
150973713 230 77 6109
151010619 222 137 6113
151090199 234 104 6122
151121045 234 345 6125
151146355 223 64 6127
151234814 222 933 6136
151511878 231 764 6164
151655260 220 716 6179
151720556 227 209 6186
152218683 224 382 6235
152226847 239 69 6236
152291941 235 152 6242
152438358 223 227 6257
152465755 234 251 6260
152553294 223 85 6269
153141189 230 455 6326
153344965 229 765 6346
153362719 235 176 6348
153792927 236 476 6388
154538612 229 656 6465
154704113 223 18 6481
154755581 228 199 6486
154813854 239 850 6492
154900058 231 492 6501
155001923 234 306 6513
155117021 236 109 6524
155153163 220 591 6528
155183746 231 331 6531
155191331 228 792 6532
155259947 224 512 6539
155467134 238 670 6558
155558124 238 84 6568
155609499 223 666 6573
155654391 224 995 6577
155672136 229 792 6579
155926048 237 583 6605
156037548 239 468 6616
156049028 231 556 6617
156121507 228 922 6625
156336718 225 67 6646
156470246 232 481 6659
156480429 221 328 6660
156716515 234 226 6683
156764335 229 718 6688
157069657 238 752 6720
157213898 233 596 6734
157242438 238 386 6737
157618435 235 693 6776
157736839 220 525 6788
157768850 225 693 6791
157818713 235 879 6796
157852900 220 175 6799
157969029 223 707 6811
158102700 235 694 6825
158990645 226 348 6914
158997288 220 233 6915
159207185 224 343 6937
159366636 231 295 6954
159418799 224 473 6959
159760463 237 880 6992
159863000 231 100 7002
159931915 239 248 7009
160363245 239 705 7052
160415427 229 515 7057
160517675 229 606 7067
160685130 229 35 7084
161145590 232 963 7130
161221525 228 865 7138
161379473 239 298 7154
161438320 227 434 7159
161522034 239 901 7167
161590818 229 183 7174
161612499 237 761 7176
161696666 239 379 7184
161748092 231 653 7190
161773750 235 663 7192
161828943 236 113 7197
161955857 238 992 7210
162171962 230 26 7232
162245468 233 395 7239
162423123 220 91 7257
162482000 236 354 7262
162504814 227 822 7264
162545780 237 931 7268
162718408 238 680 7287
162793580 233 817 7295
163076654 235 859 7323
163239650 236 615 7339
163283549 228 546 7343
163437444 221 238 7358
163546404 228 385 7369
163825192 221 933 7397
163872323 235 517 7402
163939560 236 360 7408
164053379 238 266 7418
164092993 231 623 7423
164169155 231 48 7430
164210192 225 279 7434
164261214 221 772 7439
164283319 223 123 7441
164537396 223 624 7466
164732077 221 10 7484
164952688 233 511 7506
165074890 229 373 7519
165082778 224 23 7520
165328251 235 6 7544
165472431 228 926 7559
165542398 232 845 7566
165621452 229 442 7574
165784903 224 634 7590
165836117 226 256 7595
165865913 233 739 7598
165911102 229 203 7603
165968320 232 451 7609
166126512 228 312 7625
166137318 227 691 7626
166247962 228 753 7637
166293683 231 287 7642
166372889 225 870 7650
166400187 220 989 7653
166412790 224 930 7654
166529218 231 198 7666
166815703 233 643 7695
167053921 227 485 7720
167540614 221 778 7767
167663966 238 139 7780
167878941 238 377 7802
168357108 235 224 7849
168366354 235 648 7850
168402414 221 207 7854
168880125 221 204 7904
169273938 238 812 7942
169517071 227 36 7966
169556269 236 301 7970
169834037 232 737 7997
169861649 220 0 8000
169878045 222 838 8002
170004701 227 816 8015
170039253 231 132 8018
170126024 228 791 8028
170229479 225 826 8039
170445797 235 135 8061
170457150 221 942 8062
170521476 224 422 8069
170714913 227 266 8089
170897639 235 278 8107
171164159 225 512 8134
171340030 231 322 8152
171389541 223 415 8157
171406934 239 394 8159
171696004 239 235 8188
172182302 238 905 8237
172284570 235 448 8248
172407916 231 727 8261
172512137 221 609 8271
172641749 229 671 8284
172823522 229 516 8302
173079159 225 200 8328
173156515 221 534 8337
173241662 230 604 8345
173253491 234 589 8346
173330440 236 717 8353
173507498 227 767 8372
173565259 222 354 8378
173589811 238 22 8380
173602811 234 858 8381
173854446 220 191 8406
173908431 220 615 8412
173993074 229 995 8421
174619992 228 82 8485
174673356 235 58 8490
174858491 223 497 8508
174904629 236 977 8513
175198400 235 854 8542
175261556 223 533 8548
175295720 237 321 8551
175328123 226 499 8554
175351384 232 529 8556
175561840 225 471 8578
175610899 233 833 8583
175728474 231 506 8597
175899284 221 47 8613
176028292 230 532 8626
176202400 221 362 8642
176242236 232 416 8646
176372551 235 440 8661
176448955 235 489 8669
176509442 225 250 8675
176561466 221 996 8680
176602804 239 872 8684
176966420 220 648 8721
177198876 225 38 8746
177260553 231 878 8752
177526955 230 819 8778
177545917 225 492 8780
177587240 238 953 8784
177622029 233 480 8788
177669765 220 103 8793
177830671 238 371 8809
178122361 236 214 8837
178138570 232 932 8839
178176885 239 115 8843
178220014 226 505 8847
178421167 231 261 8867
178501437 225 665 8875
178778133 226 581 8902
178986866 221 384 8923
179277920 233 928 8952
179335423 234 488 8958
179689972 222 534 8995
179704847 226 223 8997
179827492 224 201 9010
180118960 232 581 9040
180286195 220 570 9057
180669632 229 681 9094
180763374 237 427 9104
180827940 236 1 9110
181038133 228 324 9131
181094988 228 194 9137
181199178 229 197 9147
181401076 226 725 9168
181469056 238 688 9175
182089610 224 795 9237
182177716 238 201 9245
182419071 229 659 9269
182501096 235 855 9277
182572565 230 409 9284
182605358 239 547 9287
182752028 221 974 9302
182764438 225 903 9303
182858928 232 874 9312
182893967 236 534 9316
183148492 227 48 9342
183209343 225 167 9348
183281568 237 602 9356
183361497 221 291 9364
183394453 225 279 9367
183425389 223 332 9370
183696018 234 328 9396
183776479 224 714 9404
183806656 224 116 9407
184160876 224 356 9442
184185149 229 872 9444
184333062 238 552 9459
184342575 223 216 9460
184394559 221 442 9465
184431079 228 688 9469
184554486 224 752 9482
184594236 227 256 9486
184612969 234 569 9488
184715342 224 329 9498
185077048 228 156 9533
185464901 222 401 9571
185822305 236 360 9606
186072025 234 389 9630
186394197 232 863 9663
186577165 231 560 9680
186618738 227 422 9684
186717044 226 913 9694
186986884 223 661 9721
187078564 232 868 9731
187147174 222 750 9738
187190705 235 158 9742
187249628 231 84 9748
187468214 239 941 9771
187527512 236 954 9777
187829450 220 449 9807
187899748 230 912 9814
187949136 237 404 9819
188131548 230 702 9837
188222069 225 244 9845
188248828 236 878 9848
188567655 227 60 9879
188583796 227 489 9881
189232871 230 337 9945
189565761 221 729 9980
189574120 234 690 9981
189644439 225 310 9988
