63358 114 1193 2
357536 113 548 17
444205 101 849 21
627147 115 55 30
1408521 110 1107 70
1563292 101 309 77
1854263 100 1645 91
1964403 106 657 97
2504466 115 957 124
2922532 115 764 144
3015054 116 1830 149
3221724 108 816 159
3440904 107 1211 170
3465272 101 1392 171
4358134 100 599 217
5158613 110 890 258
5467268 106 15 274
5603919 116 1439 281
5851959 118 1726 293
5873877 115 965 294
6235963 109 36 312
6397873 102 515 320
6682028 100 154 334
6790184 102 1867 339
6945835 115 586 347
7006052 104 1313 350
7368034 106 742 369
7502666 111 247 375
7548360 118 753 377
7611722 113 299 380
7670327 102 1786 383
7724491 110 1225 386
7743056 101 1514 387
7818523 115 1281 391
8197457 103 1370 409
8427094 103 1771 421
8733608 111 81 436
8987171 114 1762 449
9395197 103 549 470
9524244 103 1311 476
9644444 118 999 482
10079209 108 500 504
10101309 115 1465 505
10204599 119 1771 510
10441620 111 1380 521
10897281 118 1574 543
11315694 111 728 563
11657845 118 1668 580
12036058 106 1110 600
12534180 100 1498 626
12723164 102 544 636
12816671 110 1778 641
12988191 106 188 649
13159734 102 1474 657
13935348 115 565 695
14191724 104 1214 708
14680731 102 112 732
15505637 119 1399 773
15596132 107 868 778
15709510 107 877 784
15998701 115 1109 798
17195884 114 1077 858
17662003 112 43 881
17784276 118 1805 887
17994718 102 1362 898
18213113 105 931 909
18722885 103 300 934
18836943 118 1754 940
18915630 117 1684 944
18949838 107 906 946
19107746 102 635 954
19342901 108 710 967
19740564 107 1089 986
20731026 107 727 1034
20826508 117 101 1039
21386331 118 1031 1067
22948638 101 1569 1146
23467952 107 535 1172
23580799 112 125 1178
24271381 106 1737 1213
25041575 103 1969 1251
25110317 115 812 1255
25152067 116 1082 1257
25327489 111 209 1266
25740355 117 1947 1286
26016050 108 1850 1300
26160888 105 181 1307
26366150 101 244 1317
26420217 110 1215 1320
26561076 117 1356 1327
26614350 117 1485 1330
26685430 117 1446 1334
26727204 109 45 1336
26789999 101 1048 1339
27279964 118 829 1364
27533737 113 1255 1377
28172651 108 1444 1409
28595196 107 601 1429
28650869 104 689 1432
29135760 112 1108 1458
29177917 112 980 1460
29400937 116 471 1471
29958040 112 842 1499
30297153 110 944 1515
31070954 110 1587 1552
31292064 111 1716 1563
31463511 103 1989 1572
31586077 101 462 1578
31990071 111 1559 1598
32637631 106 1971 1629
32691233 105 1527 1632
32765461 102 566 1636
32848576 113 672 1640
33400181 116 934 1669
33525554 115 1189 1675
33568245 106 1213 1677
33696781 101 125 1683
34531071 107 1246 1724
34570926 118 1856 1726
34871585 115 1543 1742
34896585 103 1860 1743
35112165 113 1625 1754
35311647 108 536 1764
36323588 103 761 1814
36498895 105 1268 1823
37323904 116 1270 1863
37379322 118 1718 1866
37788527 109 1794 1886
38146980 109 117 1903
40611304 110 140 2025
40816170 111 1603 2035
40987470 109 829 2043
41004070 119 1898 2044
41048978 111 454 2046
41370036 102 68 2063
41582813 109 650 2074
41627601 118 352 2076
41767566 104 1285 2083
42583357 109 828 2123
42742589 108 1323 2131
42885269 114 1950 2138
44198991 108 1148 2204
44347622 106 1867 2212
44386354 118 451 2214
44405277 103 995 2215
45744228 119 1239 2280
45805708 112 386 2283
46069946 103 698 2296
46206360 107 1619 2303
46362773 100 952 2312
46469473 110 1089 2318
46508825 117 1266 2320
46996645 119 1937 2344
47192567 115 697 2354
47253339 114 354 2357
48986427 103 1821 2444
49230125 105 569 2456
49252343 115 1396 2457
50553640 119 445 2521
50735652 119 1850 2530
51100215 114 621 2548
51231975 117 1416 2555
51527030 117 1383 2570
51586461 104 1060 2573
53055323 100 1603 2647
53200950 105 480 2654
53408843 102 1869 2664
53767543 105 54 2682
53925682 108 1508 2690
54224618 117 1467 2705
54569127 106 1045 2722
54659517 107 494 2726
55115960 119 243 2749
55242226 111 1192 2755
55258658 117 850 2756
55280162 112 1682 2757
55490358 114 628 2767
55510054 107 649 2768
55778456 104 271 2781
55854652 104 1607 2785
56260814 104 1670 2805
56468076 105 707 2815
56574016 111 169 2821
57091534 106 1559 2847
57195783 112 1488 2852
57327568 104 591 2859
57581684 104 920 2872
58074751 112 1369 2897
58871003 110 9 2937
59953357 118 1962 2991
60220856 110 634 3004
60245856 108 1131 3005
60767425 103 341 3031
60919582 104 778 3039
61030178 105 153 3045
61194468 106 1841 3053
61397787 117 131 3063
61434564 119 1640 3065
61855702 107 524 3086
61893008 110 317 3088
61913454 118 1458 3089
62333667 103 854 3111
62662191 116 1473 3128
63491501 104 597 3168
63576478 108 368 3172
63813564 104 1495 3184
63828816 104 1165 3185
64171537 111 1883 3202
64213750 102 1359 3204
64568200 102 937 3222
64591299 116 1001 3223
64887289 112 1449 3238
65054187 102 1320 3246
65455456 104 1321 3267
65670238 117 160 3278
65690147 109 913 3279
66128312 111 1910 3301
66187500 100 1736 3304
66207827 106 248 3305
66352315 110 546 3312
66368826 101 177 3313
66408689 114 1589 3315
66826506 101 1475 3335
67091857 111 586 3348
67395774 117 1989 3363
67848480 106 295 3386
68010565 100 1544 3394
69724131 103 1021 3480
69821048 103 887 3485
69946304 104 429 3491
70004356 109 1366 3494
70164122 105 1938 3502
70914904 112 341 3539
71515132 113 418 3569
71805667 114 1931 3584
72031822 116 1368 3595
72118179 103 611 3599
72401691 108 7 3613
73051938 113 840 3645
73090164 108 811 3647
73282053 102 1407 3656
74389124 101 1840 3711
75243894 110 728 3754
75670318 109 1980 3776
76724951 101 1635 3829
77018285 106 982 3843
77039702 106 118 3844
77194837 118 1484 3852
77365718 100 415 3860
77489305 115 692 3866
77737198 102 1778 3878
78115027 102 414 3897
78422216 109 27 3912
78575469 110 976 3920
78987639 113 1743 3940
79509922 106 604 3967
79631615 111 1763 3973
80553791 115 1047 4020
80837952 103 760 4034
81512621 111 1790 4067
81551464 105 1654 4069
81802699 113 706 4082
83710264 102 1519 4177
84100283 108 1035 4196
84805449 106 1198 4232
85286238 119 1202 4257
85446947 109 1816 4265
85494581 117 132 4267
85690325 101 1313 4277
86194534 104 83 4303
86751091 102 14 4330
87106290 113 47 4348
87641050 107 1237 4374
87900946 115 1394 4387
87976894 111 42 4391
88078688 111 1607 4396
88455422 114 856 4414
88885263 102 942 4436
89299659 114 563 4456
89458545 115 1425 4465
89673562 111 1442 4476
90076849 106 1075 4496
90152956 117 429 4500
90423115 116 1908 4514
90893773 115 620 4537
91219381 106 1090 4553
91240444 105 554 4554
91825699 100 1741 4584
92102313 112 7 4598
92480703 114 789 4617
92540225 112 1306 4620
92750404 115 826 4631
93281898 116 1518 4658
93546247 119 1068 4671
94275303 117 439 4708
94797823 117 591 4735
95497512 108 925 4770
95729271 101 352 4782
96272138 102 1386 4810
96507017 111 1456 4821
96797318 110 925 4835
97172226 119 1564 4853
97361180 117 1294 4863
97382867 111 546 4864
97402305 106 1553 4865
97834082 107 65 4886
98040871 103 123 4896
98144748 111 1488 4901
98215639 108 679 4905
98417348 100 949 4915
98471643 119 1556 4918
98539002 118 1935 4922
98561960 114 1895 4923
98761714 104 1279 4933
99093899 108 54 4950
99709795 114 112 4982
101030143 108 520 5048
101290949 101 377 5060
101561328 110 976 5074
101805943 112 5 5087
101941206 117 444 5094
101959469 114 447 5095
102680326 114 127 5131
102889622 103 1435 5141
103008203 102 996 5147
103341696 112 1069 5164
103641309 102 331 5180
103911182 100 962 5194
104310354 112 1398 5215
104652015 118 1702 5232
105296618 102 469 5264
105950206 111 75 5296
106379933 104 1957 5318
106440596 104 1004 5321
106623111 113 1365 5330
107166576 105 1918 5357
107551147 101 454 5377
107903674 100 915 5395
107957564 118 1515 5398
108035890 104 1857 5402
108996879 116 1024 5450
109507842 109 683 5476
110551358 102 81 5528
111070198 103 1053 5554
111433685 111 195 5572
111449234 116 384 5573
111465727 119 207 5574
112597173 111 1071 5631
112615999 109 1751 5632
112820200 117 258 5642
112838019 105 1361 5643
112875335 106 970 5645
112986187 113 1904 5650
113101703 112 1590 5656
114224472 108 175 5712
114528748 116 1786 5727
114764151 108 89 5738
115047129 109 1214 5753
115476532 102 1190 5775
115498125 112 797 5776
116477174 101 1363 5827
116719357 104 929 5839
117005075 116 242 5854
117025394 118 342 5855
117136833 108 1962 5861
117607342 107 1849 5884
118134790 102 1800 5910
118190030 101 1620 5913
119143301 101 385 5960
119179629 117 1740 5962
119337513 110 296 5970
119433072 103 1162 5975
119449119 116 1774 5976
119870488 112 433 5997
119978388 107 1942 6010
120076756 117 1392 6030
120096099 103 802 6034
120107713 101 629 6037
120268552 104 885 6071
120724305 102 758 6161
120774478 106 798 6171
120795088 118 1047 6175
120814237 108 1041 6179
120863862 103 1425 6189
120907061 116 798 6197
120944269 114 1256 6204
121112078 100 1304 6238
121126580 113 323 6241
121150631 113 1190 6247
121156567 104 482 6248
121235594 113 1366 6264
121241769 113 935 6265
121265943 113 1881 6269
121305591 107 871 6277
121315623 101 295 6279
121438176 106 1068 6303
121493990 114 984 6314
121548033 113 575 6325
121748681 117 141 6366
121814605 101 123 6379
121830814 103 677 6382
121874467 119 1527 6390
121938530 111 96 6404
121984772 107 1114 6414
122000812 103 1614 6418
122046890 104 1197 6427
122082706 109 1257 6434
122121754 117 1417 6441
122137335 113 1382 6444
122414366 100 1954 6499
122489867 116 1571 6514
122504145 102 513 6517
122525857 118 138 6521
122544961 108 1153 6525
122555075 111 1292 6527
122631356 100 952 6542
122656601 111 1558 6548
122679377 103 646 6552
122705243 119 462 6557
122712163 117 1049 6559
122733573 106 892 6563
122844633 100 164 6586
122971663 111 986 6611
123018288 102 757 6620
123055967 107 1429 6627
123105013 106 1644 6637
123195219 100 153 6656
123347202 105 1301 6686
123362798 116 61 6689
123373869 104 945 6691
123486571 102 1804 6713
123568085 108 1160 6729
123592492 103 1312 6734
123653384 113 1201 6746
123743526 116 1754 6764
123792144 117 581 6773
123879695 105 454 6791
123918769 113 1943 6800
123980752 112 194 6812
124086055 103 358 6833
124193712 110 1392 6855
124261542 110 444 6868
124268012 112 563 6869
124312790 115 1804 6878
124489068 104 16 6914
124645639 103 1493 6946
124667516 101 225 6951
124674016 114 1190 6952
124779279 100 251 6974
124852090 118 713 6991
124966101 112 1078 7016
125024429 111 865 7028
125162940 103 5 7055
125304189 101 617 7083
125316442 105 827 7085
125466692 102 239 7114
125476260 116 1773 7116
125521883 101 1269 7125
125754602 110 1548 7173
125784518 114 59 7179
125850030 112 1394 7193
125905813 102 337 7205
126188309 115 1261 7264
126212593 118 269 7269
126222561 115 969 7271
126284421 113 869 7284
126354183 105 1947 7298
126429210 115 159 7313
126440934 110 1897 7316
126477951 113 1570 7324
126509687 106 453 7330
126602505 113 1857 7349
126716695 104 1352 7371
126800368 110 433 7388
126902902 119 244 7409
126973809 104 431 7422
127236379 111 1749 7474
127303121 117 498 7488
127349331 114 1877 7496
127375780 104 647 7501
127481725 118 1301 7523
127488074 105 1363 7524
127531996 101 732 7533
127558091 104 1313 7538
127562254 115 155 7539
127677023 110 118 7562
127686561 103 946 7564
127701177 117 1837 7567
127745056 116 755 7575
127835807 106 1921 7593
127866041 104 772 7599
128001827 104 236 7626
128037881 100 532 7634
128088527 113 124 7645
128136750 112 1922 7655
128271438 118 1791 7683
128384805 100 1759 7704
128494389 108 1546 7726
128523300 103 160 7732
128540562 105 1855 7735
128591069 104 1863 7745
128601292 114 55 7747
128686376 116 34 7764
128710745 113 976 7769
128748579 119 595 7776
128782867 107 861 7783
128870514 101 1832 7800
129106019 107 470 7847
129193874 119 635 7865
129217003 106 1126 7871
129342590 115 1150 7897
129408271 104 1296 7910
129433904 109 768 7915
129545429 101 199 7938
129550904 105 1347 7939
129678715 114 147 7965
129712059 102 356 7971
129815625 101 1897 7992
129914301 108 223 8011
130074690 100 1066 8044
130177364 116 1059 8066
130226811 117 1679 8075
130248682 113 1235 8079
130531746 113 598 8135
130662417 102 1806 8162
130682658 112 1622 8166
130724919 117 1435 8174
130735179 108 507 8176
130834340 119 344 8195
130930553 106 1726 8214
130951086 104 1634 8218
130971754 115 1470 8222
131058499 112 1163 8240
131067387 108 522 8242
131110829 106 1963 8251
131114886 105 1694 8252
131223992 113 390 8275
131272061 108 592 8285
131300516 105 1502 8291
131328471 116 1738 8297
131353613 108 767 8302
131385526 103 1645 8308
131392657 116 1841 8310
131593004 114 750 8348
131606654 112 1401 8351
131612374 111 404 8352
131685296 101 848 8366
131972301 113 27 8423
131988953 111 1361 8427
132003518 112 48 8430
132073003 100 1777 8444
132277978 115 702 8485
132582537 119 605 8548
132726563 115 1483 8579
132755310 115 56 8585
133066112 100 926 8647
133178140 112 209 8670
133226303 102 545 8680
133305046 104 1238 8696
133372081 101 241 8710
133385662 109 738 8713
133400544 104 1928 8716
133535917 119 124 8743
133720011 118 1671 8781
134026952 102 689 8842
134189933 117 822 8875
134203564 117 1442 8878
134268851 113 1190 8890
134309240 104 1700 8899
134318641 110 1898 8901
134548957 106 1695 8948
134589359 100 238 8955
134653621 116 457 8968
134894128 111 209 9015
134914522 103 519 9019
134939669 115 1977 9024
135180822 103 791 9071
135190153 103 929 9073
135212472 104 1892 9078
135233538 102 799 9082
135335832 116 318 9102
135346893 103 1888 9104
135431874 103 1587 9121
135472461 112 668 9129
135770805 119 539 9190
135871645 116 1369 9212
135912137 111 338 9221
135997874 119 515 9239
136085397 111 476 9257
136143080 117 1641 9268
136441848 107 1399 9327
136455586 115 429 9330
136485697 106 1144 9336
136491215 106 91 9337
136661944 109 813 9370
136670953 107 1844 9372
136729030 110 334 9383
136860809 114 768 9407
137097493 112 1272 9454
137141620 104 574 9464
137264509 118 334 9488
137300036 114 344 9495
137385759 109 944 9511
137394862 115 1462 9513
137463274 112 348 9526
137594990 117 472 9552
137627051 118 1527 9558
137750887 117 1963 9585
137828333 102 771 9600
138000433 104 139 9635
138103948 114 567 9655
138123638 119 52 9659
138204279 118 1702 9676
138214769 102 330 9678
138260623 117 75 9688
138286423 100 914 9693
138399131 103 1246 9715
138430767 114 1710 9721
138638789 117 522 9762
138666788 119 1518 9767
138717919 113 1299 9778
138830602 107 1728 9801
138854717 102 1752 9806
138862247 100 66 9808
138881660 108 1558 9812
138968827 113 883 9829
138985110 100 289 9833
139155139 106 93 9865
139187282 102 863 9871
139240244 101 540 9882
139246744 104 1875 9883
139266427 100 340 9887
139272128 116 894 9888
139384477 100 584 9910
139441151 111 599 9922
139485697 103 292 9931
139748058 113 1101 9984
139884159 108 1279 10012
139895165 115 629 10014
139901601 110 1060 10015
139918516 111 1074 10018
139998114 109 284 10034
140060837 117 691 10047
140204638 100 555 10075
140313041 102 162 10097
140341457 106 1849 10103
140422548 118 1416 10119
140462953 117 328 10127
140510479 106 1274 10136
140530594 104 778 10140
140556517 119 791 10145
140644501 114 1064 10163
140850122 118 1189 10205
140888534 107 1589 10212
140941923 100 1012 10223
140957505 110 1910 10226
141020958 116 1047 10240
141195862 110 1768 10274
141224320 119 193 10280
141318604 105 256 10299
141495271 107 1168 10334
141526706 104 509 10341
141667549 112 369 10369
141851229 100 864 10407
141856836 104 168 10408
141940969 101 844 10425
141983160 100 1014 10434
142025982 101 1278 10443
142108121 100 1338 10459
142396940 103 1528 10518
142480760 107 1439 10534
142564943 102 265 10551
142595697 109 489 10557
142693307 104 2 10576
143030084 113 273 10644
143093292 111 1695 10656
143149373 119 1120 10667
143294812 106 115 10694
143438037 102 1535 10722
143545841 113 1753 10744
143591810 108 410 10753
143601550 103 1336 10755
143618257 109 876 10758
143655861 114 315 10764
143691280 116 914 10771
143697643 100 1696 10772
143856308 114 754 10805
144076411 111 498 10850
144145726 116 1043 10863
144149386 101 1029 10864
144195827 103 486 10874
144205630 117 67 10876
144322230 116 66 10900
144365731 119 666 10909
144393636 110 967 10915
144548701 110 19 10944
144568316 105 395 10948
144572852 103 243 10949
144900064 111 1514 11014
145143147 117 654 11065
145221174 110 1959 11080
145265525 110 1649 11089
145279201 115 162 11092
145313570 102 304 11100
145325350 117 1798 11102
145537300 114 517 11144
145688735 119 1558 11174
145774139 107 1464 11191
145806213 109 269 11197
145830057 104 1404 11202
145863767 104 1118 11209
145944472 103 1189 11226
146091565 105 639 11256
146294567 112 1671 11298
146365041 109 1656 11313
146427019 109 1177 11326
146574052 106 1000 11355
146579468 109 898 11356
146669154 106 1758 11374
146741889 102 700 11390
146794210 111 205 11402
146925266 112 983 11427
146978570 109 1435 11438
147031352 113 1495 11448
147079711 104 239 11458
147204198 116 485 11483
147252157 105 1403 11493
147323472 105 270 11508
147376143 113 1887 11518
147387570 117 1171 11520
147442997 110 1022 11531
147644475 109 1151 11570
147807008 109 1326 11604
147856179 107 317 11613
147865395 116 406 11615
147891472 111 113 11620
148070274 119 1399 11655
148270421 114 965 11695
148298509 117 1967 11700
148324863 102 396 11705
148364497 119 963 11714
148477565 115 382 11736
148485684 109 399 11738
148507586 106 1063 11742
148558411 100 440 11752
148573783 105 1414 11755
148653282 113 736 11771
148689322 115 80 11779
148771026 108 928 11796
148881548 109 745 11818
148916494 101 1031 11825
149020222 117 140 11846
149104463 102 605 11862
149234230 104 1881 11890
149291508 106 761 11901
149343727 119 695 11912
149377593 102 1233 11918
149497776 100 577 11942
149515793 103 1159 11946
149761917 104 114 11995
149803766 103 167 12003
149840466 100 1128 12011
149856710 114 900 12014
150035440 103 634 12050
150133163 115 314 12069
150172662 115 299 12077
150224782 110 112 12088
150313815 106 563 12106
150448361 105 1932 12133
150478688 113 140 12139
150528997 101 118 12149
150638613 115 1994 12171
150730707 108 1711 12190
150780553 104 801 12201
150801930 111 1611 12205
150850229 104 1001 12216
150872205 103 734 12221
151006319 105 927 12249
151025888 119 1403 12253
151034715 103 1218 12255
151208850 107 1607 12290
151513501 102 1545 12349
151552483 112 1759 12357
151784599 116 701 12404
151810571 101 89 12409
151869366 107 939 12421
151948946 100 95 12437
152006202 105 1118 12449
152147013 108 447 12476
152192599 118 11 12486
152251286 105 1409 12497
152407310 109 1327 12527
152436523 101 1920 12533
152450379 116 1809 12536
152667528 112 1510 12578
152704191 119 1264 12586
152760129 103 1170 12598
152904603 110 1946 12627
152910062 117 1222 12628
152968001 117 1903 12640
153009576 107 626 12648
153077259 118 1122 12661
153364980 111 501 12720
153373464 110 625 12722
153384581 108 1406 12724
153424575 108 1657 12732
153751599 104 443 12799
153799129 100 1449 12809
153848903 117 867 12819
153925984 113 380 12834
153936902 110 1340 12836
153975593 110 1257 12845
154006188 102 968 12851
154010527 108 1817 12852
154032333 102 1661 12857
154264429 102 1733 12904
154290770 112 731 12909
154311069 113 76 12913
154319692 108 1601 12915
154469242 105 95 12946
154549858 118 1738 12962
154630819 115 847 12978
154651346 113 1266 12982
154718564 104 943 12996
154787105 103 1412 13010
154923651 115 881 13038
154975923 100 1107 13048
154984561 105 1647 13050
155010148 103 1791 13055
155015647 104 1301 13056
155113285 100 752 13075
155206317 103 417 13094
155281130 107 1324 13109
155311732 108 1952 13115
155480559 100 1994 13151
155559885 110 443 13167
155564390 101 1459 13168
155580500 101 877 13171
155601337 104 1652 13175
155632774 103 1294 13181
155725255 111 1239 13199
155821360 104 1403 13218
156051509 102 1434 13264
156082504 112 144 13270
156188111 112 646 13292
156323035 105 741 13318
156462201 101 383 13346
156528091 106 1215 13358
156618288 108 121 13377
156793559 118 1910 13414
156855663 112 1810 13426
156865608 102 1325 13428
157186589 118 1647 13493
157189853 103 1014 13494
157226741 107 932 13501
157317643 105 1687 13519
157366852 112 1552 13529
157374124 114 1089 13531
157401058 106 1476 13536
157420142 102 1331 13540
157555737 107 1736 13566
157581416 108 452 13572
157729712 110 1595 13603
157782856 114 1981 13614
157909315 102 1743 13639
157982064 101 841 13653
158033404 116 1624 13664
158090186 112 1289 13675
158106085 102 577 13678
158195050 119 1225 13695
158227619 110 235 13701
158245926 116 414 13704
158286103 117 48 13713
158461620 102 1557 13749
158491108 106 1288 13755
158518185 117 273 13760
158567870 111 208 13771
158724628 114 1870 13805
158794066 102 1140 13818
158826706 116 772 13824
158882245 116 872 13836
158948233 115 1386 13848
159011561 113 1890 13861
159074948 113 1498 13874
159128587 109 1191 13884
159138306 119 1575 13886
159269229 105 250 13913
159274465 108 1160 13914
159290103 114 30 13917
159337927 101 277 13926
159455839 114 722 13951
159631078 105 1203 13988
159666462 119 1090 13995
159769998 108 573 14015
159847338 119 829 14030
159904823 106 1022 14041
159930442 118 631 14047
159969495 112 344 14055
159975995 114 1262 14056
160099846 115 1849 14079
160131990 119 1490 14085
160219857 105 1046 14103
160304873 116 106 14119
160313770 100 1262 14121
160384001 111 1417 14137
160401018 100 835 14140
160508540 103 654 14162
160516686 119 823 14164
160542372 101 1139 14169
160614144 105 1436 14184
160741544 108 1646 14211
160782061 103 114 14219
160819886 113 732 14227
160916396 116 1524 14245
160966485 105 1185 14256
161018455 118 368 14266
161088766 116 1493 14280
161180021 110 711 14299
161306862 114 1464 14325
161379739 113 842 14339
161444152 119 1593 14352
161652973 113 1895 14394
161662369 106 153 14396
161743406 104 422 14412
161837559 114 1461 14430
161943664 110 1487 14450
161951283 103 1106 14452
162021385 114 569 14466
162042883 115 1339 14471
162047870 105 891 14472
162056359 109 438 14474
162100612 109 808 14483
162283138 117 1289 14519
162297750 112 1314 14522
162493494 119 1156 14562
162529466 111 963 14569
162654803 104 1327 14593
162671658 114 865 14596
162710522 112 1702 14604
162718172 106 1702 14606
162862387 117 469 14634
162886386 111 711 14639
162926283 106 1672 14647
162967525 107 1538 14655
162978706 118 266 14657
162983889 107 1302 14658
162995952 102 1444 14661
163021634 119 1442 14666
163103915 106 643 14682
163133557 101 1442 14688
163142061 100 1941 14690
163322381 107 772 14726
163442690 109 373 14749
163482748 102 973 14757
163531876 102 763 14766
163626627 113 969 14785
163704294 106 1135 14799
163742482 116 606 14807
163856760 106 1502 14830
163986083 115 1003 14855
163996060 113 1774 14858
164273531 115 1661 14914
164328413 101 934 14925
164459485 114 1265 14951
164485038 111 573 14956
164505311 119 342 14960
164533166 109 652 14966
164554559 108 1700 14970
164587169 106 482 14977
164643848 119 763 14989
164734283 105 836 15007
164748157 101 1734 15010
164818302 114 1767 15023
164978936 111 879 15057
164998241 112 1605 15061
165058203 116 119 15072
165272899 101 120 15115
165275264 109 1483 15116
165297166 115 1149 15121
165369698 116 943 15135
165453142 103 242 15151
165473926 107 819 15155
165498496 117 1009 15159
165596609 103 914 15179
165601938 106 949 15180
165619581 104 624 15184
165655785 107 574 15192
165667241 107 151 15194
166007904 113 1026 15259
166028915 102 1760 15263
166033323 108 313 15264
166058279 114 836 15269
166093996 119 1366 15276
166128884 102 1724 15283
166374634 115 746 15333
166447427 103 1979 15348
166501184 106 37 15359
166510527 109 615 15361
166572801 102 1106 15374
166577376 105 843 15375
166769327 102 1466 15414
166913605 118 942 15442
166959883 104 590 15451
167139764 109 773 15487
167180346 104 1465 15495
167203856 113 360 15500
167235864 110 808 15506
167337296 118 1953 15526
167406047 112 1952 15541
167479843 115 1506 15556
167682530 103 1742 15598
167694173 117 1881 15600
167698696 101 315 15601
167792493 118 835 15620
167816876 106 603 15625
167850578 114 203 15632
167866933 107 930 15635
167953073 117 1753 15652
167994765 115 1187 15661
168011401 103 1497 15664
168219534 103 1284 15709
168356052 106 1583 15737
168374250 104 1828 15740
168451604 108 123 15755
168461420 108 287 15757
168527045 107 1578 15771
168572894 118 1807 15781
168578999 105 1382 15782
168732172 116 1145 15812
168813035 104 555 15830
168842868 118 17 15836
168880461 110 875 15844
168910728 103 39 15850
169012631 109 1231 15871
169054464 114 366 15881
169063038 110 424 15883
169097801 115 1517 15890
169107255 118 1356 15892
169320406 111 1959 15935
169346971 116 820 15941
169387413 117 37 15949
169428373 109 205 15956
169434306 108 1023 15957
169458467 111 59 15962
169469208 113 1083 15964
169552839 103 1286 15981
169572139 116 408 15985
169607904 113 1946 15992
169677167 115 555 16006
169687235 112 829 16008
169817524 104 852 16032
169944109 100 1557 16057
170043310 115 428 16077
170121040 102 1586 16092
170171447 100 139 16102
170176113 113 771 16103
170258208 111 818 16119
170329185 104 1339 16134
170396867 103 1170 16148
170434076 116 1934 16157
170440576 106 1986 16158
170495067 114 1978 16169
170500276 103 1141 16170
170511232 116 1384 16172
170521165 112 1969 16174
170548107 118 1000 16179
170572939 111 1709 16184
170582441 117 68 16186
170693083 118 1419 16209
170816464 100 1352 16235
170825396 116 94 16237
170878322 119 1325 16247
170908470 106 1959 16253
170920122 115 836 16255
171112071 117 1274 16294
171120958 114 36 16296
171142814 116 1868 16301
171231912 112 808 16319
171272819 100 1946 16327
171386936 105 706 16350
171390857 111 156 16351
171616931 113 1985 16394
171622548 108 957 16395
171732061 106 211 16416
171774008 119 1804 16425
171847627 111 1414 16440
171874669 108 98 16446
171898694 104 1214 16451
172027983 104 328 16476
172032706 107 1521 16477
172169049 111 134 16505
172196386 114 1981 16510
172394332 105 129 16550
172397803 106 1821 16551
172412469 110 131 16554
172484105 110 652 16568
172492790 119 170 16570
172583262 114 2 16588
172592130 112 1899 16590
172711029 112 429 16613
172766452 113 484 16624
172808593 114 876 16632
172855663 101 1122 16642
172981562 103 413 16667
172986784 102 337 16668
172991660 104 1782 16669
173010450 114 1998 16673
173155106 111 1175 16701
173222490 102 759 16714
173369352 103 1434 16743
173390739 106 1006 16747
173397145 115 570 16748
173554515 116 61 16780
173561015 116 887 16781
173710883 116 1433 16810
173741186 114 353 16816
173764132 103 256 16821
173835903 113 1174 16836
173853887 108 1329 16840
174021474 100 1955 16872
174166260 107 668 16903
174193969 101 1805 16909
174204400 113 320 16911
174236685 110 519 16917
174271755 113 1102 16925
174345853 109 1383 16939
174356175 104 936 16941
174566203 102 708 16983
174757551 104 432 17023
174848568 111 1327 17041
174889126 100 540 17049
175035486 105 1557 17078
175107809 105 979 17092
175151905 108 1789 17101
175195220 114 245 17110
175413543 101 913 17155
175519057 117 665 17177
175735683 109 930 17220
175780388 103 604 17230
175871838 104 1072 17249
175904575 112 1352 17256
175941277 107 1059 17263
175946100 109 411 17264
176003094 112 715 17275
176092366 116 482 17293
176149593 110 995 17305
176155403 102 322 17306
176159836 104 1132 17307
176239889 117 115 17323
176284741 105 1689 17332
176356437 106 1585 17346
176361160 102 1161 17347
176400192 114 1244 17355
176409287 117 38 17357
176444493 102 1215 17364
176450078 100 1315 17365
176511358 112 1495 17377
176616395 115 1354 17399
176703104 103 657 17415
176751998 111 1685 17426
176807851 100 1481 17438
176904004 102 1162 17457
177037763 116 1120 17484
177132825 106 470 17503
177562890 111 977 17588
177568642 117 1094 17589
177586174 110 707 17592
177700534 108 576 17615
177732692 114 1946 17622
177771620 110 87 17630
177831510 108 1071 17641
177871648 112 1544 17649
177900544 113 68 17655
177917004 102 1052 17658
177960494 106 1362 17667
177979108 110 559 17671
177984430 103 1524 17672
177989782 114 257 17673
178090799 104 980 17692
178132271 101 385 17701
178151241 101 399 17705
178185231 103 935 17713
178244811 113 71 17724
178250128 109 991 17725
178280187 107 378 17732
178287621 103 1694 17734
178307033 110 1052 17738
178322494 101 1478 17741
178326583 105 560 17742
178357047 109 327 17748
178392289 117 19 17756
178581632 112 566 17794
178614871 102 247 17800
178653906 100 518 17808
178697496 102 1046 17816
178710687 103 641 17819
178949081 105 1006 17866
179040127 102 1229 17885
179045883 107 953 17886
179049913 110 1121 17887
179085615 119 1205 17894
179132329 105 1460 17904
179166860 107 537 17912
179182113 103 1643 17915
179251593 116 587 17930
179308505 107 1457 17942
179436187 110 560 17970
179489722 114 423 17982
179500040 114 80 17984
179535879 108 1278 17992
179599707 116 915 18005
179652117 104 884 18016
179779973 118 1916 18043
179807680 117 1445 18048
179858226 102 1445 18059
179867703 101 20 18061
179881194 103 460 18064
180007446 118 742 18090
180024603 111 803 18093
180027391 107 652 18094
180054394 113 1180 18100
180064415 101 406 18102
180108539 103 606 18110
180138846 112 1610 18116
180166610 110 361 18122
180172631 105 1158 18123
180230421 114 698 18135
180239552 115 590 18137
180292472 100 1017 18148
180325243 103 159 18154
180350283 119 278 18159
180480276 111 1038 18184
180550690 111 680 18198
180632058 105 690 18213
180637059 116 870 18214
180664663 108 1447 18219
180712945 116 1663 18229
180761955 116 1704 18239
180794573 119 1617 18246
180816416 118 106 18251
180899777 115 1967 18268
180975403 115 474 18283
181098028 113 1782 18307
181165332 100 1648 18319
181383668 119 1147 18364
181426426 114 1566 18372
181472028 111 213 18381
181509798 105 268 18389
181573729 111 281 18405
181611356 115 165 18413
181614646 114 1356 18414
181658597 108 1050 18423
181664988 118 1718 18424
181709321 114 1636 18434
181759213 102 751 18444
181773470 105 1169 18447
181784400 113 342 18449
181813616 101 1536 18455
181868046 103 107 18466
181939314 110 1179 18481
181958242 117 187 18485
181974616 109 1684 18488
181980219 115 1524 18489
182079643 115 1054 18510
182246625 117 156 18542
182408187 111 22 18575
182491134 105 584 18592
182554291 102 1453 18606
182609151 112 157 18618
182863425 102 1487 18667
182868126 103 1645 18668
182916520 117 1454 18679
183057133 118 76 18709
183121849 117 154 18723
183142345 110 639 18727
183202943 113 1604 18740
183224225 114 924 18744
183399573 119 828 18780
183403858 107 409 18781
183409063 111 1937 18782
183430320 113 35 18786
183433885 101 973 18787
183453685 104 1764 18791
183487252 119 572 18798
183508580 102 424 18802
183655988 116 883 18831
183676871 105 1736 18836
183696285 104 1861 18840
183771823 106 401 18856
183938342 110 174 18889
183948314 119 240 18891
183969570 108 1693 18895
184215194 104 1587 18943
184220009 109 1465 18944
184292316 103 1918 18958
184318190 111 1155 18963
184347086 100 1950 18969
184353586 109 615 18970
184393336 102 1190 18979
184432063 113 1007 18986
184709675 112 1452 19043
184731677 114 411 19048
184771725 106 944 19057
185022611 111 136 19106
185035813 105 1978 19109
185046373 103 1079 19111
185050041 118 834 19112
185076128 103 407 19117
185142173 109 1155 19131
185162952 101 171 19135
185186211 108 529 19140
185270793 107 1166 19158
185303413 118 284 19165
185352830 103 35 19174
185427217 116 1186 19189
185469598 103 120 19197
185513629 106 1289 19206
185561074 115 1792 19216
185603668 105 525 19224
185633943 115 967 19230
185659684 101 1398 19235
185848804 119 1241 19274
185920540 101 1222 19289
185925348 107 1192 19290
185949366 111 618 19295
186117490 104 161 19328
186167477 107 1815 19339
186409185 103 1148 19385
186457100 118 1432 19395
186626881 110 829 19429
186709944 100 1653 19445
186800552 103 1043 19464
187107088 109 420 19526
187453521 111 892 19597
187548808 116 132 19616
187580603 105 278 19622
187639971 117 672 19633
187669201 109 1205 19639
187718470 106 1664 19649
187723238 104 46 19650
187847177 119 359 19675
187917576 102 1766 19689
187939328 104 92 19693
187958684 115 596 19697
187964423 102 1518 19698
187988761 119 459 19703
188016122 113 106 19709
188062473 104 137 19719
188080051 109 649 19723
188140348 107 1122 19735
188154376 101 769 19738
188302591 108 1841 19768
188368610 109 456 19781
188372188 109 1268 19782
188432279 102 204 19794
188606141 117 1045 19830
188667079 119 1219 19843
188881750 112 236 19885
188902893 108 1016 19889
188946056 110 857 19897
188975575 105 1940 19904
189027305 101 1877 19914
189067579 107 744 19921
189094776 109 1320 19926
189218513 117 651 19951
189229854 110 444 19953
189263965 100 1475 19959
189312038 112 798 19968
189344558 105 1622 19975
