422025 170 1487 20
785905 176 463 39
1433521 173 117 71
1719141 179 1304 85
2547491 165 274 126
2568902 177 623 127
2593292 165 1670 128
2879405 162 1434 142
3377495 162 1507 167
3420558 164 1463 169
3762112 160 1254 186
3784762 174 1114 187
3953813 178 1547 196
4026777 175 1496 200
4242091 175 1695 211
4260781 165 1368 212
4460731 174 1534 222
4538807 178 1299 226
4712659 179 1656 235
5273562 177 829 264
5620908 160 849 282
6056501 162 1556 303
7187241 170 1381 359
7884267 179 722 394
7951199 173 1411 397
8220426 165 1266 410
8869730 170 1058 443
9207336 163 1022 460
9706030 163 1110 485
9808839 169 1093 490
9866388 176 1643 493
9925517 166 1595 496
10186182 164 881 509
10634241 161 1986 530
11257974 165 1153 560
11601654 164 1426 577
11935010 168 72 595
11979572 177 537 597
12000119 165 1261 598
12144312 169 945 606
12331678 179 953 616
12478344 167 888 623
13363850 173 1315 667
13423586 177 1277 670
13951984 174 974 696
14052488 171 1051 701
14238988 170 1686 710
14773982 161 247 737
15009882 161 37 749
15080032 174 653 753
15748221 178 478 786
15767851 167 656 787
15850848 175 1845 791
16013701 160 911 799
16031476 177 1086 800
16131608 163 128 805
16227261 174 1818 810
16368702 172 890 817
16824564 160 1658 840
16883981 169 421 843
17103240 173 851 853
17607698 179 627 878
18078647 179 1574 902
18263762 171 1981 912
18326826 169 1463 915
18554821 161 429 926
18577611 175 142 927
18637688 177 1290 930
18895088 176 1943 943
18991695 164 494 948
19051536 173 1279 951
19070036 167 1515 952
19181975 178 1499 958
20022034 177 773 1000
20090388 166 1326 1003
20397934 177 873 1017
20926157 163 364 1044
20985603 163 1955 1047
21173404 160 52 1056
21224454 168 918 1059
21800736 172 1359 1089
22148039 165 995 1106
22248347 162 601 1111
23289320 172 69 1163
23599213 169 1905 1179
23948892 163 1554 1197
23987783 163 1102 1199
24287253 161 1138 1214
24471661 172 1470 1223
24673595 166 716 1233
24789460 174 133 1239
25006688 164 471 1249
25189172 175 384 1259
25393465 162 978 1269
25643425 172 1693 1281
25862556 174 1481 1292
26118488 169 1940 1305
27175583 179 528 1359
27768404 164 1556 1389
27925672 169 243 1397
27948614 174 1257 1398
28197568 167 361 1410
28260433 164 1138 1413
28756907 174 671 1438
28853157 175 384 1443
29559107 161 946 1479
29793587 173 74 1491
29911899 166 1477 1497
30113520 178 1689 1506
30317230 168 1407 1516
31047635 177 1939 1551
31253145 171 605 1561
31329604 163 948 1565
32123151 169 647 1604
32206303 165 350 1608
32574912 177 144 1626
33006847 176 1619 1648
33138462 160 194 1655
33284620 160 830 1663
33367168 172 766 1667
33793007 170 478 1688
34371992 173 1331 1716
35075556 173 1979 1752
35152889 160 561 1756
35279657 174 922 1762
35569782 170 305 1777
35623351 165 1501 1780
35663802 171 343 1782
36114966 163 1833 1804
36218278 169 1151 1809
37041146 165 1245 1849
37622479 176 1156 1878
38005546 165 1926 1896
38227222 179 799 1907
38354477 171 377 1913
39023262 167 1933 1946
39562246 176 1565 1972
39597093 163 1389 1974
39673457 160 639 1978
39851641 164 433 1987
39959776 163 1542 1992
40120509 167 1235 2000
40160494 171 1794 2002
40180799 179 314 2003
41023978 170 511 2045
41258714 171 693 2057
41314121 163 1645 2060
42601238 174 1761 2124
42665516 163 1141 2127
42760412 175 678 2132
42802147 179 1397 2134
42821596 177 479 2135
43120219 167 1000 2150
43600471 170 764 2174
43642207 178 982 2176
43858626 161 1493 2187
43879153 178 1034 2188
44160483 178 64 2202
44271020 171 1899 2208
44707083 175 513 2230
45250548 178 689 2257
45467777 179 56 2267
46221360 174 1804 2304
46305474 173 1404 2309
46818937 161 393 2335
46871653 160 844 2338
46978102 167 1532 2343
47208721 169 949 2355
48340457 177 1261 2412
48497057 164 1954 2420
48611583 170 1937 2426
48765017 167 253 2433
48872626 165 1184 2438
48945286 173 1619 2442
49499086 166 1856 2470
50627638 178 796 2525
50860727 176 1387 2536
50961081 163 548 2541
51176479 170 1181 2552
51292374 164 1731 2558
51335039 179 911 2560
51435379 169 660 2565
51507436 172 717 2569
52095405 170 1132 2599
52599673 162 331 2624
52721419 174 936 2630
52901289 175 294 2639
52957653 166 1411 2642
53097712 160 1814 2649
53462091 179 360 2667
53605246 161 1829 2674
53964941 172 1156 2692
54105954 163 617 2699
54164593 166 1395 2702
54362654 172 538 2712
54719385 166 1911 2729
55305162 174 1350 2758
55467785 161 722 2766
56607504 166 1164 2823
57019262 160 235 2843
57346363 174 1844 2860
57617258 164 993 2874
57666049 178 1502 2877
57775780 162 628 2882
57819162 172 1944 2884
58015714 178 109 2894
58035369 175 1155 2895
59033622 179 1606 2945
59115575 172 1902 2949
59313067 177 1100 2958
60501672 168 1030 3018
60994207 165 1627 3043
61773515 165 1324 3082
62010650 168 1894 3094
62084576 178 1425 3098
62117733 177 1024 3100
62427635 174 536 3116
62483673 165 62 3119
62725140 165 1513 3131
63094745 178 126 3149
63235810 162 922 3156
64005929 174 409 3194
64737731 178 1026 3231
65356782 177 772 3262
65974993 177 306 3293
66267787 173 1187 3308
66453972 171 255 3317
66714755 161 1209 3330
68320204 170 708 3410
68571691 165 1065 3422
69118971 175 186 3449
69364198 160 649 3461
69487509 164 621 3468
70221335 170 1359 3505
70295216 177 777 3509
70393294 169 183 3514
70605909 172 482 3524
70895550 166 1447 3538
71936575 166 233 3590
72592309 160 1278 3622
72732298 176 1364 3629
72751057 179 895 3630
72844481 160 483 3635
74309060 173 1928 3707
74445450 179 868 3714
74683140 175 725 3726
74980264 166 780 3741
75458593 161 468 3765
75489879 163 16 3767
75606506 167 109 3773
75844570 178 1426 3785
76295667 177 1855 3808
76337242 178 176 3810
76410484 163 1460 3814
76596686 163 401 3823
77057130 171 160 3845
77651658 174 1780 3874
77861109 178 1531 3884
77941196 171 1306 3888
78173594 164 1996 3900
79157518 169 1230 3949
79279045 176 840 3955
79712245 172 180 3977
80015273 169 613 3993
80156578 161 1111 4000
80213727 172 1648 4003
80942197 177 248 4039
81102058 166 764 4047
81182224 174 1503 4051
81820120 170 859 4083
81878708 178 1784 4086
82008146 160 781 4092
82085806 171 523 4096
82211637 173 396 4102
82514509 177 1091 4117
82549512 160 1460 4119
83143547 176 546 4149
83205871 172 1749 4152
83887802 166 1018 4186
84057168 178 1662 4194
84208022 166 1288 4201
84270848 162 88 4204
84515212 173 1078 4217
84830394 175 345 4233
84903056 166 53 4237
84926359 175 1502 4238
85713197 177 1072 4278
85787925 172 836 4282
86138301 162 1624 4300
86358485 165 105 4311
86694597 160 245 4327
87262899 172 1014 4356
87535960 176 1292 4369
88284642 173 1310 4406
88346450 169 1066 4409
88433048 172 1687 4413
88635243 165 1476 4423
88811102 174 1950 4432
88850517 165 483 4434
89277748 160 675 4455
90116314 176 924 4498
90192391 165 228 4502
90345539 164 729 4510
90776648 171 239 4531
91074261 172 1498 4546
91111988 174 1463 4548
91715699 167 826 4578
92459897 163 1684 4616
92562580 172 669 4621
92636659 167 1159 4625
92881361 168 918 4638
93362004 172 1002 4662
93915788 169 1432 4689
94133330 166 1178 4700
94816308 171 74 4736
94945085 167 1684 4743
95787839 166 474 4785
95936261 179 1604 4793
96527766 177 1291 4822
96551827 166 784 4823
97190562 166 689 4854
97441821 162 664 4867
97517072 174 821 4871
97596432 174 1262 4875
97661966 161 568 4878
97917418 174 173 4890
97939563 163 934 4891
98023207 165 981 4895
98062242 162 1052 4897
98177715 169 1065 4903
98256650 162 345 4907
98397724 162 637 4914
98435491 174 1278 4916
98598803 168 1176 4925
99903642 172 1554 4992
100369859 179 1795 5015
100890740 174 1977 5041
100971046 164 1755 5045
101242265 168 952 5058
101598189 169 1911 5076
101710278 173 1551 5082
101749947 167 1300 5084
101923816 173 804 5093
102003077 162 1036 5097
102018527 177 235 5098
102201885 167 66 5107
102501027 173 654 5122
102848340 168 1847 5139
103183399 160 117 5156
103200984 172 314 5157
103261099 174 1485 5160
104086728 166 1009 5203
104446291 160 1170 5222
105397711 163 1305 5269
105709990 165 909 5284
105861271 174 1146 5292
106129570 161 719 5305
106519229 178 777 5325
106779132 172 538 5338
106986859 174 1913 5348
107411187 172 878 5370
108002205 173 1793 5400
108169367 169 1932 5409
108284876 164 1915 5415
108896570 177 1085 5445
109178711 162 1724 5459
109929544 173 1558 5497
110120971 160 1653 5506
110446463 175 1170 5522
110511607 167 1611 5526
110615601 167 936 5531
111091633 173 924 5555
111568518 179 781 5580
111588203 175 1577 5581
111665690 173 547 5585
111784479 176 1928 5591
111848053 172 1962 5594
112152373 178 1609 5609
112962562 165 995 5649
113272412 174 1726 5664
113476242 177 1361 5674
113638810 162 1822 5682
114170112 162 1401 5709
114428975 172 1454 5722
114552483 161 1565 5728
114572655 161 594 5729
115538221 166 482 5778
116008520 167 343 5802
116182561 176 1317 5812
116498311 160 1501 5828
116738842 172 718 5840
116984014 162 879 5853
117732949 176 1628 5890
117870185 179 1646 5897
117947970 172 1897 5901
118884222 164 1339 5947
119005098 173 1614 5953
119107820 167 484 5958
119484974 179 1270 5978
119933636 179 707 6001
120253059 160 730 6068
120285308 173 471 6074
120363780 162 163 6090
120370274 168 1123 6091
120404625 165 809 6098
120458943 165 1770 6108
120477996 165 1815 6112
120562210 163 1804 6129
120634212 166 924 6143
120748401 172 1790 6166
120869434 166 1488 6190
120890036 162 1040 6194
121027925 176 91 6221
121060235 166 216 6227
121069192 179 1493 6229
121089766 167 536 6233
121161324 178 1035 6249
121167783 176 358 6250
121327053 163 197 6281
121463622 178 1575 6308
121517108 167 597 6319
121552793 164 809 6326
121581866 174 20 6332
121669988 173 1677 6350
121741516 161 565 6364
121909575 172 754 6398
121970773 162 1689 6411
122057018 173 1798 6429
122062356 166 1094 6430
122087610 175 1583 6435
122111119 163 957 6439
122168807 174 620 6450
122172074 172 1545 6451
122191537 176 34 6455
122375584 171 471 6491
122450729 174 300 6506
122486265 175 1092 6513
122494573 175 958 6515
122633834 175 200 6543
122647152 163 676 6546
122652721 167 490 6547
122765490 167 178 6570
122882998 177 47 6594
122976699 166 960 6612
123030351 177 1331 6622
123092767 167 116 6635
123266469 165 1902 6670
123424903 169 163 6700
123457902 162 1791 6707
123475631 174 1574 6711
123481159 165 215 6712
123620535 173 497 6740
123709057 162 1786 6757
123847720 172 143 6784
123970499 178 947 6810
124052096 161 410 6826
124132131 161 833 6843
124189169 167 1871 6854
124240578 179 438 6864
124292949 172 302 6874
124298886 160 1978 6875
124336885 160 1543 6883
124342928 168 1532 6884
124375554 171 1468 6891
124392178 167 1648 6894
124449548 175 1731 6905
124514229 164 1840 6919
124690239 167 590 6955
124694890 179 937 6956
124734676 163 493 6964
124774476 174 1157 6973
124937572 160 662 7010
125000865 175 1220 7023
125201896 179 498 7063
125266505 178 928 7075
125497509 175 1477 7120
125533281 173 1191 7128
125573358 163 1568 7136
125619976 166 841 7146
125653785 165 423 7153
125744071 163 127 7171
125765535 162 1936 7175
125898723 176 1480 7203
125902483 166 1301 7204
125930875 170 1297 7210
126028571 170 1380 7231
126072016 178 1561 7240
126086480 165 732 7243
126130020 160 578 7252
126154461 161 1991 7257
126178471 165 850 7262
126231851 162 689 7273
126269305 164 95 7281
126314253 175 306 7290
126923088 175 791 7413
126968620 173 643 7421
127050741 172 1159 7438
127057241 163 1292 7439
127081989 168 520 7444
127107137 162 38 7449
127164731 169 334 7460
127354189 168 902 7497
127443302 171 1463 7515
127448344 179 198 7516
127454042 161 1391 7517
127782865 179 1459 7582
127856936 167 839 7597
127986417 174 938 7623
128031425 175 1964 7633
128124876 160 1601 7652
128152432 168 1247 7658
128181588 178 2 7664
128186614 163 135 7665
128246275 171 1405 7677
128296379 172 925 7688
128420772 165 248 7711
128473970 162 52 7722
128656892 178 475 7758
128816783 165 480 7790
128844132 164 1218 7795
128876440 169 649 7801
128938638 177 1117 7814
128943545 166 1045 7815
129220107 169 238 7872
129226607 170 552 7873
129232589 165 870 7874
129305468 164 434 7890
129448957 177 296 7918
129454144 175 1868 7919
129484879 175 1383 7925
129560630 175 1417 7941
129778517 160 607 7984
129785714 174 1503 7986
130030322 170 1933 8035
130044656 178 1959 8038
130109035 174 1013 8052
130117520 161 82 8054
130173659 169 1833 8065
130221272 163 407 8074
130236684 170 90 8077
130307539 164 792 8091
130313530 164 617 8092
130324259 164 749 8094
130428076 178 655 8114
130508172 167 1645 8130
130527473 171 1266 8134
130544903 176 1727 8138
130646817 165 1343 8159
130651328 164 1348 8160
130754233 160 95 8180
130768462 179 1068 8183
130789469 166 1733 8187
130849203 176 1018 8198
130955495 173 830 8219
131133626 174 244 8256
131402560 176 203 8312
131674804 174 1765 8364
131758028 164 1115 8380
131891478 166 918 8407
131913734 165 1188 8411
131952393 165 1034 8419
132341138 178 545 8498
132346484 162 376 8499
132593188 163 494 8550
132732296 173 190 8580
132736791 179 1882 8581
132807226 177 1657 8595
132825079 163 419 8599
132829199 167 1683 8600
132869203 165 1948 8609
132943936 164 745 8623
133006609 171 783 8635
133051301 174 1174 8644
133121774 171 693 8658
133127109 172 1890 8659
133410458 177 625 8718
133431227 177 1828 8722
133486742 160 703 8733
133530800 161 1582 8742
133594486 163 1111 8756
133614893 178 77 8760
133634771 179 1726 8764
133702467 163 1473 8777
133782676 161 499 8793
133945900 166 1681 8826
133967229 165 436 8830
134064476 163 1104 8849
134081591 165 35 8853
134109240 169 285 8859
134227125 163 357 8882
134445028 179 392 8926
134613853 164 408 8960
134709207 176 654 8979
134889464 176 1703 9014
134904282 162 1484 9017
135032969 162 539 9042
135084131 163 1612 9052
135119622 169 1850 9059
135207407 178 1157 9077
135272253 168 833 9090
135276650 177 1997 9091
135318322 173 1244 9099
135457539 170 579 9126
135521307 163 843 9139
135537578 175 1632 9142
135589035 163 304 9152
135675677 171 948 9170
135852841 177 1918 9208
135916252 162 1830 9222
135987772 163 661 9237
136162682 169 275 9273
136194491 166 1666 9279
136369642 170 649 9313
136373622 173 84 9314
136413827 174 1866 9322
136465302 162 738 9332
136545180 177 1722 9347
136705833 176 974 9379
136711326 177 681 9380
136723882 160 1507 9382
136893114 173 1714 9414
136933585 176 828 9423
136974341 177 1392 9431
136977965 179 1747 9432
137064046 173 1039 9448
137074847 164 44 9450
137081347 161 1008 9451
137167503 163 1946 9469
137202124 165 1930 9476
137554982 177 1514 9544
137580204 162 185 9549
137657387 175 1085 9565
137665172 164 680 9567
137770399 177 1908 9589
138076267 173 968 9650
138264384 169 644 9689
138336942 179 850 9703
138477403 174 61 9730
138495249 170 118 9733
138524032 166 1990 9739
138565916 179 156 9747
138570494 167 508 9748
138585680 167 930 9751
138602046 175 659 9754
138758213 174 939 9787
138916761 163 1658 9819
138996977 163 1585 9835
139028671 162 1355 9841
139177005 176 470 9869
139389672 165 1187 9911
139545485 161 1770 9945
139639958 175 986 9962
139686652 173 1196 9971
139815492 166 1688 9998
139923935 165 69 10019
140006444 164 839 10036
140021046 168 560 10039
140183002 165 624 10071
140256719 167 1696 10085
140289526 173 1700 10092
140309179 174 604 10096
140334957 177 1854 10102
140351637 161 1679 10105
140362975 168 238 10107
140460186 176 740 10126
140468619 171 796 10128
140541616 176 1830 10142
140547470 171 1318 10143
140578437 162 1528 10150
140723946 179 267 10179
140747370 164 1392 10184
140926521 179 1944 10220
140993913 168 1226 10234
140999690 164 1817 10235
141138284 168 48 10262
141411472 172 900 10318
141536574 165 1977 10343
141574462 165 494 10351
141672340 168 1482 10370
141677733 173 667 10371
141695597 166 305 10375
141725765 179 628 10381
141765523 170 1857 10389
141847945 167 1795 10406
142113179 170 1700 10460
142166374 162 1514 10471
142204693 164 1721 10478
142243742 176 774 10486
142261078 179 1847 10490
142324487 169 219 10502
142334855 176 1671 10504
142402637 175 225 10519
142514525 176 1434 10541
142517873 165 57 10542
142540428 160 805 10546
142544518 178 65 10547
142741338 165 1737 10586
142773076 176 1463 10592
142785996 167 965 10595
142938561 179 1136 10626
142948983 169 1913 10628
142987132 179 1101 10635
143035731 164 937 10645
143080945 173 1717 10654
143123613 168 1532 10662
143201727 165 1406 10677
143415486 165 770 10717
143554306 179 433 10746
143672591 160 1510 10767
143702325 172 862 10773
143876404 177 713 10809
143924436 165 146 10818
143952227 169 594 10824
143962611 175 1147 10826
144097998 163 868 10854
144166117 164 1077 10868
144218014 176 1171 10879
144414774 176 1245 10919
144508517 161 1167 10937
144520620 171 227 10939
144595360 165 1311 10953
144616571 163 378 10957
144842638 168 1019 11002
145001252 175 1930 11036
145035834 168 917 11043
145045862 169 767 11045
145073137 170 1357 11051
145077720 174 1730 11052
145160220 166 647 11068
145347722 176 388 11106
145352206 163 584 11107
145468240 165 982 11131
145483469 169 913 11134
145493461 179 292 11136
145547758 162 1671 11146
145578426 177 447 11152
145669041 161 973 11170
145717828 173 824 11180
145741065 174 565 11185
145877374 176 814 11212
145988899 169 1702 11236
146054758 166 626 11249
146156565 163 1645 11269
146187461 178 673 11275
146193409 175 1881 11276
146222995 167 431 11283
146236727 161 782 11286
146541232 162 297 11348
146663614 160 440 11373
146689876 160 158 11379
146838226 173 240 11411
146865197 167 1263 11416
147149038 161 659 11471
147208076 167 706 11484
147256866 167 1174 11494
147304505 168 25 11504
147397007 177 744 11522
147433128 164 1652 11529
147447114 177 1543 11532
147552568 178 835 11553
147580456 161 1594 11558
147671868 175 1944 11576
147686638 164 192 11579
147699352 169 1591 11582
147787728 163 235 11600
147861106 171 279 11614
148046013 161 1641 11650
148099025 179 77 11661
148247019 162 948 11690
148345130 167 1835 11710
148368524 178 1901 11715
148426986 179 1037 11727
148480796 177 1915 11737
148601493 169 654 11761
148642106 169 559 11769
148657665 162 366 11772
148670200 175 3 11775
148684251 164 1184 11778
148703019 171 56 11782
148763804 171 1799 11794
148846724 173 1192 11811
148922097 165 459 11826
149004636 171 434 11843
149015306 172 769 11845
149097963 173 1579 11861
149193296 175 1275 11881
149213499 175 86 11885
149396952 164 1326 11922
149488361 170 1577 11940
149664244 162 1217 11974
149792725 170 1193 12001
149850210 174 1108 12013
149927037 173 1752 12029
149972386 177 53 12038
149987333 176 1115 12041
150027129 167 1694 12048
150062162 166 1429 12055
150075255 173 240 12058
150217041 176 1867 12086
150229361 179 559 12089
150249388 172 1610 12093
150290256 176 57 12101
150299534 170 1665 12103
150320315 172 757 12107
150329572 169 805 12109
150522821 165 847 12148
150559016 164 1321 12154
150611800 170 1936 12165
150678584 170 1672 12179
150734156 175 61 12191
150744064 171 1515 12193
150748150 160 1455 12194
150752841 171 1516 12195
150806841 177 1065 12206
150859320 170 984 12218
150864146 171 1228 12219
150957013 164 1606 12239
151046046 166 1599 12257
151089541 163 1468 12266
151094485 162 1221 12267
151176206 171 1568 12283
151253343 169 1232 12298
151388950 161 1995 12324
151502711 174 1226 12347
151660370 178 1077 12379
151724450 177 831 12392
151743581 168 1000 12396
151791099 169 888 12405
151860345 165 1597 12419
151914518 173 1245 12430
151920453 177 346 12431
152041782 163 1611 12456
152138547 177 1790 12474
152189348 173 798 12485
152263438 168 1902 12500
152300788 177 5 12507
152334143 179 1556 12513
152464773 165 222 12539
152508391 179 1623 12547
152517818 174 237 12549
152578907 167 940 12561
152642792 163 460 12573
152672138 178 315 12579
152731553 160 503 12592
152779589 169 803 12602
152789141 172 404 12604
152794471 165 997 12605
152915600 163 1704 12629
153005482 174 1251 12647
153074972 178 1608 12660
153094378 174 1569 12665
153155105 163 1068 12677
153171283 163 1057 12680
153206345 175 698 12687
153370561 176 292 12721
153455608 178 134 12739
153460111 160 1499 12740
153553787 165 510 12759
153577114 179 1872 12764
153660401 174 1541 12780
153697053 161 1718 12788
153703419 160 1006 12790
153774441 178 1613 12804
153783471 170 1527 12806
153863769 172 1536 12822
154367177 175 926 12925
154400601 164 541 12932
154411639 172 1297 12934
154565371 170 214 12965
154606854 176 1277 12974
154619240 167 1812 12976
154697965 160 1053 12992
154720564 169 841 12997
154783094 169 466 13009
154965336 163 200 13046
154978957 164 1614 13049
155055332 161 1783 13063
155096316 163 1328 13071
155133750 161 1829 13079
155162851 169 1786 13085
155171455 168 1952 13087
155197488 179 1891 13092
155256501 165 1923 13104
155331159 163 1270 13119
155342695 176 1609 13122
155382660 161 765 13130
155415166 178 1788 13137
155460211 162 891 13147
155470278 161 403 13149
155537426 169 378 13162
155644279 166 1521 13183
155654384 166 1933 13185
155688601 176 627 13191
155734795 164 221 13201
155740358 175 1969 13202
155810473 168 505 13216
156013465 170 1085 13257
156025316 179 68 13259
156104314 179 1371 13275
156166708 162 1863 13288
156318206 176 1668 13317
156332658 179 869 13320
156355997 177 1229 13325
156546561 165 870 13362
156566255 164 766 13366
156650933 178 670 13384
156752777 165 693 13405
156755760 168 1390 13406
156799580 178 150 13415
156846203 169 684 13424
156990741 163 418 13454
157001179 178 1195 13456
157240154 168 1052 13504
157354406 160 36 13526
157386495 162 404 13533
157390957 162 1618 13534
157406284 174 336 13537
157427887 166 1468 13542
157510620 163 1965 13557
157549734 177 735 13565
157788317 160 1284 13615
157802803 160 1309 13618
157881577 164 1596 13634
157976745 176 1017 13652
158006266 172 1660 13658
158249125 163 619 13705
158273761 165 945 13710
158324935 166 1658 13721
158355406 162 1047 13727
158384032 169 1287 13733
158422234 170 728 13741
158485013 161 1101 13754
158579318 174 1428 13774
158654857 171 149 13790
158739473 163 1621 13808
158744627 179 1965 13809
158872628 162 784 13834
159223082 164 347 13903
159407809 175 969 13941
159431135 174 328 13946
159545452 160 437 13970
159610477 169 1215 13983
159648117 162 1567 13991
159742413 179 1067 14010
159748913 172 1714 14011
159803679 177 425 14021
160109302 166 711 14081
160113954 161 1913 14082
160138286 170 1020 14086
160152565 178 792 14089
160163444 174 1400 14091
160270088 160 439 14112
160396552 161 640 14139
160415174 167 618 14143
160477295 166 65 14156
160536649 167 1128 14168
160561294 179 240 14173
160569130 160 261 14175
160678125 178 159 14198
160735044 162 78 14210
160786886 178 1764 14220
160815240 174 1622 14226
160921414 174 114 14246
160980901 177 442 14259
161045510 166 967 14271
161082266 167 67 14279
161107080 160 891 14284
161175479 166 1038 14298
161256152 161 833 14315
161473665 170 894 14359
161784325 178 572 14420
161790435 170 1151 14421
161806347 165 784 14424
162091285 161 1934 14481
162226401 160 396 14508
162236559 171 1036 14510
162360733 160 913 14535
162467746 173 356 14557
162544038 170 1222 14572
162581522 175 539 14579
162665196 160 744 14595
162697612 175 1682 14601
162741785 162 681 14611
162761981 175 1204 14615
162828777 166 1731 14628
163085626 162 1851 14678
163137493 169 203 14689
163148561 161 1310 14691
163154804 167 1996 14692
163381509 170 499 14737
163393052 178 602 14739
163408767 171 720 14742
163549472 165 1924 14770
163575527 160 1514 14775
163691540 173 1343 14797
163713056 160 948 14801
163813738 165 1027 14822
163839972 161 318 14827
163861882 165 162 14831
163975134 176 1424 14853
164031841 169 299 14865
164105011 174 394 14879
164159761 163 1804 14890
164182417 174 1108 14895
164221414 178 229 14903
164228325 169 443 14905
164232922 176 995 14906
164347117 160 1908 14929
164528359 164 1507 14965
164666417 162 1154 14993
164669941 165 706 14994
164719877 175 1974 15004
164855883 176 1604 15032
165014210 179 1814 15064
165119723 173 1928 15084
165147356 178 1535 15089
165216607 173 501 15104
165492161 170 186 15158
165661775 173 447 15193
165712175 175 1105 15202
165847065 160 866 15228
165888700 167 168 15236
165918948 167 1251 15242
166038728 178 868 15265
166183288 161 1520 15295
166223458 162 1464 15303
166383580 165 397 15335
166470655 177 656 15353
166495874 171 1261 15358
166653589 166 356 15390
166741498 169 1490 15408
166761596 165 1179 15412
166854304 179 1090 15431
166955268 179 11 15450
166964618 168 754 15452
166968940 165 1977 15453
167001323 177 655 15459
167081001 162 211 15476
167086011 171 1658 15477
167097296 167 600 15479
167159018 169 383 15491
167250400 162 1677 15509
167285743 179 378 15516
167421942 172 807 15544
167662093 175 442 15593
167675886 168 727 15596
167942324 168 1475 15650
167977069 169 519 15657
168020361 162 698 15666
168066358 171 1448 15676
168078376 173 988 15679
168421989 168 1482 15749
168484475 166 117 15762
168550833 167 207 15776
168560195 173 227 15778
168589875 175 1971 15784
168668154 160 502 15799
168707749 170 1672 15807
168926822 161 1993 15853
168934098 161 19 15855
168941151 167 1409 15857
168956801 176 19 15860
168976958 173 630 15864
169181683 172 1415 15907
169254361 169 378 15922
169325127 168 1914 15936
169393913 162 1527 15950
169448458 178 1803 15960
169562154 176 1872 15983
169592996 162 832 15989
169649528 164 1592 16000
169717346 175 735 16013
169752226 166 905 16020
169767893 160 821 16023
169784093 173 640 16026
169966784 172 560 16061
170097310 162 546 16087
170314989 164 1838 16131
170406359 174 145 16150
170544061 169 652 16178
170598098 173 162 16189
170613220 160 943 16192
170683861 168 1231 16207
170697585 176 156 16210
170758467 170 1432 16223
170775868 162 1221 16226
170799134 168 528 16231
170845720 160 47 16241
171027431 166 846 16277
171123636 179 549 16297
171138329 176 1036 16300
171356850 166 441 16344
171366439 172 582 16346
171422492 160 1140 16357
171428719 173 1206 16358
171444570 161 1275 16361
171674870 161 121 16405
171726156 175 1372 16415
171797794 170 1397 16430
171851253 177 680 16441
171895004 170 1982 16450
172083561 179 1274 16488
172134641 175 549 16498
172275928 161 38 16527
172420741 171 812 16556
172488971 162 679 16569
172540514 168 1053 16579
172553084 161 62 16582
172671648 167 977 16605
172724799 175 642 16616
172830657 178 184 16637
172933164 168 678 16657
173026508 173 1986 16676
173071046 178 1644 16684
173131279 178 1846 16696
173138721 174 1173 16698
173248900 176 990 16719
173279562 179 623 16725
173351819 161 1158 16740
173512077 174 450 16771
173684184 168 1546 16805
173768821 170 1346 16822
173843496 178 496 16838
173883848 171 150 16846
173980616 168 1929 16864
173986352 170 1517 16865
174056803 174 413 16880
174311906 179 1269 16932
174417487 171 1829 16953
174633578 174 1116 16998
174821688 173 27 17036
174869161 168 1960 17045
174909780 164 1381 17053
175120586 164 981 17094
175136919 168 1775 17097
175174117 173 527 17106
175238701 160 1653 17119
175282947 176 91 17128
175380884 177 1632 17148
175752240 173 1081 17224
175761487 177 709 17226
175803507 163 378 17235
175830472 178 308 17240
175935076 167 824 17262
176081110 163 1523 17291
176117381 178 3 17298
176139668 170 182 17303
176145141 169 1448 17304
176555191 164 436 17386
176586948 178 552 17393
176699516 169 1036 17414
176726617 175 887 17420
176812169 162 1847 17439
176962920 164 383 17469
176992810 164 200 17475
177007756 172 108 17478
177033532 178 400 17483
177086838 161 237 17494
177205315 173 1233 17516
177284676 169 1556 17532
177315933 174 1656 17538
177396252 178 499 17554
177432468 161 1403 17561
177454007 170 1836 17565
177505002 172 69 17576
177727406 169 433 17621
177866530 177 410 17648
177894261 169 237 17654
177927614 160 1068 17660
178050741 174 426 17684
178496213 175 208 17777
178643537 176 1404 17806
178769268 164 994 17830
178834856 177 12 17843
178845121 177 740 17845
178870013 174 1639 17850
179064738 163 1187 17890
179156857 168 1544 17910
179242431 161 183 17928
179328128 179 1238 17947
179426386 175 1393 17968
179445290 174 1851 17972
179464481 179 942 17976
179821506 167 1855 18051
180043744 171 1042 18097
180050685 167 438 18099
180086373 168 1955 18106
180234968 178 63 18136
180539441 173 1460 18196
180653151 177 649 18217
180752749 176 13 18237
180791653 173 604 18245
180842939 161 1484 18256
180869548 165 1596 18262
180876048 169 1827 18263
180996085 161 1885 18287
181032766 162 1492 18294
181084235 161 1545 18304
181159454 168 1167 18318
181289207 176 1391 18345
181482750 174 238 18383
181552592 175 88 18400
181606288 175 32 18412
181698091 166 1400 18431
181724357 165 333 18437
181748178 179 1324 18442
181846824 162 1697 18462
181969686 175 324 18487
181985219 179 1001 18490
182009567 175 1205 18495
182045369 176 1933 18503
182088887 165 1951 18512
182160648 161 94 18526
182334583 160 1337 18560
182344354 177 1163 18562
182356040 162 369 18564
182504127 170 658 18595
182521929 174 465 18599
182539252 165 326 18603
182575537 163 1298 18611
182605889 172 490 18617
182682489 172 544 18632
182821121 171 1884 18658
182972400 175 1249 18692
183127049 169 1259 18724
183208305 172 829 18741
183228528 165 1368 18745
183353364 167 445 18771
183372999 178 308 18775
183419798 174 1593 18784
183556891 176 615 18811
183560386 161 458 18812
183734585 166 774 18847
183834726 174 1175 18868
184137818 177 59 18928
184192735 164 1488 18939
184230314 170 1466 18946
184362752 174 842 18972
184539408 161 897 19008
184630594 166 972 19026
184673148 174 1442 19036
184819213 175 263 19066
184929722 167 1217 19088
184979115 176 1052 19098
184989456 176 552 19100
184994021 172 345 19101
185017970 160 1380 19105
185031849 163 922 19108
185107551 166 56 19124
185116794 174 296 19126
185242356 163 1069 19152
185289519 164 156 19162
185299888 167 1155 19164
185420892 172 1398 19188
185504938 179 1043 19204
185707904 175 875 19245
185896557 171 1376 19284
185906591 164 588 19286
185964774 165 1610 19298
185975789 173 1843 19300
186125173 173 1342 19330
186220076 179 1886 19349
186339089 165 1699 19372
186424013 179 1478 19388
186564508 177 985 19416
186616742 178 155 19427
186621881 176 820 19428
186649672 177 1905 19433
186695843 161 1582 19442
186754131 178 1668 19454
186763347 174 1203 19456
186866981 161 1040 19478
187057742 169 790 19516
187062540 178 1854 19517
187077126 162 1114 19520
187087352 177 1802 19522
187148667 178 1692 19535
187199394 167 1878 19545
187279392 172 1808 19561
187378379 173 1225 19582
187400567 162 1201 19587
187479649 177 1279 19602
187559092 172 1909 19618
187569872 164 676 19620
187627371 170 1672 19631
187649225 176 454 19635
187680178 176 357 19641
187748973 162 664 19655
187754331 166 1280 19656
187858223 178 726 19677
187879670 176 0 19681
187948962 166 1884 19695
187970488 167 1158 19699
188006026 177 1620 19707
188127099 163 1829 19732
188336182 166 464 19775
188341381 171 291 19776
188406168 165 1694 19789
188550954 174 1164 19819
188562066 176 842 19821
188577352 176 70 19824
188594001 178 857 19827
188652133 164 411 19840
188704946 168 1677 19850
188970803 170 1533 19903
189011919 179 780 19911
189017269 164 1881 19912
189190361 165 1392 19945
189236354 172 1874 19954
189320760 177 1636 19970
189376005 169 1951 19981
189388976 170 1716 19983
189458699 170 1682 19997
