43381 9 1855 1
202267 3 1075 9
505935 4 128 24
698030 3 760 34
748072 15 455 37
1101309 4 1089 55
2633923 17 957 130
2940427 11 990 145
2978370 0 625 147
3509736 13 1113 173
3629764 8 972 179
4201661 10 1005 209
4292781 9 1606 214
4397521 14 1714 219
4691296 11 268 234
4899214 10 788 245
5093935 17 633 255
5308875 12 731 266
5397696 16 1828 270
6035547 10 37 302
6132943 10 1564 307
6216152 14 923 311
6705572 5 693 335
7330111 19 920 367
7765813 5 1584 388
8256978 2 1146 412
8299693 8 910 414
8538296 10 1329 427
9070776 8 1162 453
9168057 13 1755 458
9503762 5 1060 475
10142371 9 1594 507
10487673 14 1635 523
10749215 9 1007 536
11543543 19 1234 574
11734975 11 812 584
11912057 4 1511 594
12667599 5 1160 633
13880595 19 1734 692
13991780 17 42 698
15044535 15 1265 751
15788407 9 217 788
16409712 3 87 819
16427484 12 502 820
17140003 2 614 855
17346199 13 1545 865
17919099 16 1268 894
17979167 15 1958 897
18058933 8 313 901
18744137 4 1152 935
18765136 1 949 936
18875476 7 1954 942
19305653 14 1936 965
20137010 16 428 1005
20556664 18 284 1025
20906949 14 714 1043
21133862 1 1151 1054
21347049 12 1735 1065
21652960 14 714 1081
22084705 4 1990 1103
22208666 10 828 1109
22466252 17 952 1122
22574691 7 1659 1127
22773276 13 1963 1137
22793851 11 1348 1138
22905375 17 1551 1144
22965240 13 1921 1147
23346274 13 442 1166
23827760 3 359 1191
23848609 3 394 1192
24387758 14 1397 1219
24631363 1 1888 1231
25458310 16 812 1272
25566621 10 997 1277
25922791 14 1696 1295
26051184 4 252 1302
26076184 17 60 1303
26096825 7 40 1304
26325324 1 1162 1315
27232441 11 735 1362
27649487 3 90 1383
27847450 0 273 1393
27866125 16 1298 1394
29439642 12 527 1473
29574107 5 255 1480
29649920 2 925 1484
29694632 5 1649 1486
29775387 0 1866 1490
30133847 14 1176 1507
30193566 10 1656 1510
30229831 14 1428 1512
30377372 8 954 1519
30916835 8 1252 1545
30954739 14 424 1547
31894862 13 464 1593
32593806 15 808 1627
32657268 9 1883 1630
32829776 0 875 1639
32887077 8 1224 1642
33044237 5 563 1650
33503612 18 1009 1674
33907949 1 1366 1694
33953017 4 1393 1696
34257587 9 251 1710
34487459 8 1848 1722
34981297 13 1596 1747
35296647 3 1344 1763
35431168 6 1812 1770
35785203 5 280 1788
35890737 19 992 1793
36028181 8 460 1800
36441423 5 1696 1820
36482095 8 991 1822
36952148 12 595 1845
37466012 5 843 1870
37568023 18 1379 1875
37643802 6 155 1879
38267486 16 1763 1909
38568239 5 457 1924
39115176 13 101 1950
39438802 4 38 1966
39832359 14 1830 1986
40417988 5 412 2015
40489477 12 1343 2019
40969238 8 71 2042
41105971 8 1130 2049
41446413 18 708 2067
41504923 4 1846 2070
42203063 7 1111 2104
42336419 3 1304 2111
42548026 0 707 2121
42981471 12 519 2143
43040440 10 647 2146
44082946 17 575 2198
44530008 3 1358 2221
44883921 9 81 2238
45046999 18 1606 2246
45508726 6 1664 2269
45595791 1 818 2273
45789937 3 516 2282
45948836 16 1605 2290
46054509 8 1023 2295
46434478 14 995 2316
46850809 12 1907 2337
46956286 18 1726 2342
47135858 5 1632 2351
47685801 4 797 2378
48654918 0 911 2428
48722191 6 612 2431
49214318 14 838 2455
49479919 11 1510 2469
49578788 6 675 2474
49674690 9 1544 2479
49757807 8 1006 2483
50047265 2 902 2497
50089648 4 1478 2499
50217504 1 212 2505
51213760 2 793 2554
51548722 11 584 2571
51694348 10 1428 2579
51905968 16 374 2589
52698015 4 1995 2629
53120244 13 1839 2650
53503644 19 1469 2669
53585700 19 560 2673
53988847 7 777 2693
54449406 13 386 2716
54780629 13 632 2732
54964979 6 1826 2741
54987945 18 1933 2742
55135189 15 1719 2750
55795766 1 43 2782
55931369 3 997 2789
56036871 3 847 2794
56667173 19 1360 2826
56736356 7 275 2829
56975418 11 1931 2841
57876621 17 1119 2887
58272691 13 1931 2907
58520795 16 1863 2919
58772041 10 1952 2932
59350804 2 288 2960
59568854 17 193 2971
59588782 9 1779 2972
59758291 18 785 2981
60578613 9 570 3022
60682394 11 864 3027
61136938 7 81 3050
61337970 4 86 3060
61994878 19 385 3093
62063669 5 1478 3097
62139991 7 1303 3101
62568992 15 916 3123
62829720 13 78 3136
63344966 19 225 3161
63653306 13 192 3176
63970898 12 444 3192
64235436 4 1292 3205
64454648 8 1910 3216
64802382 17 202 3234
66230588 13 8 3306
66333714 7 1620 3311
67150954 0 475 3351
67255869 13 566 3356
68028768 1 1724 3395
68666044 12 546 3427
68705678 1 394 3429
68787253 18 1331 3433
69382332 5 16 3462
69468626 5 730 3467
69571624 4 1150 3472
70144467 13 910 3501
71013366 18 1044 3544
71585629 5 143 3573
72053461 2 45 3596
72178419 12 1460 3602
72199987 1 404 3603
72242573 1 1952 3605
72769601 2 1597 3631
72952133 10 509 3640
72992233 17 1218 3642
73160883 9 314 3650
73237956 11 1074 3654
73262956 1 282 3655
73325039 10 1017 3658
73362846 16 1682 3660
73442751 8 306 3664
73895000 5 921 3686
74003969 13 49 3691
74723024 17 479 3728
74845289 9 1154 3734
75083911 2 368 3746
75295466 1 58 3757
75966033 8 460 3791
76184631 6 614 3802
76952065 10 1402 3840
76976815 15 398 3841
77160264 16 281 3850
77380938 8 1932 3861
77783267 8 1849 3880
77960974 3 1148 3889
78317222 16 1042 3907
78515178 9 1180 3917
78689408 13 796 3926
78759776 13 598 3929
78800008 15 1199 3931
78874519 11 1288 3935
79002639 12 335 3941
79434325 14 1704 3963
79693216 2 1180 3976
79733042 0 1298 3978
80198727 6 506 4002
80394676 14 575 4012
80533456 5 831 4019
80590172 11 1098 4022
81328833 18 960 4058
81403821 11 1979 4062
81425501 2 713 4063
81651513 1 1252 4074
81837181 0 1912 4084
81861153 7 1845 4085
82305647 7 1490 4107
82648428 8 136 4124
82946493 18 277 4139
83246932 18 1945 4154
84163741 16 204 4199
84968332 6 798 4240
85037059 9 1218 4244
85154724 11 694 4250
85428398 13 919 4264
85767050 12 155 4281
85995696 14 1442 4293
86062962 6 349 4296
86381310 6 1008 4312
86849218 4 285 4335
87309964 8 1757 4358
87877980 5 540 4386
88041439 13 574 4394
88371450 16 183 4410
88574076 17 1693 4420
88678701 13 1234 4425
89389316 10 753 4461
89437875 1 897 4464
89501780 8 1265 4467
89714851 8 719 4478
89758533 12 1475 4480
90268703 16 402 4506
90307254 2 1471 4508
90674443 8 1497 4526
90751648 14 465 4530
91610170 14 1260 4573
91633244 15 672 4574
92337906 9 1643 4610
92827700 4 1122 4635
92865606 8 1380 4637
92900655 15 1701 4639
93127347 19 842 4650
93184463 7 754 4653
93205299 15 1504 4654
93322176 17 718 4660
93794958 12 1392 4683
94405598 3 270 4715
94492497 6 383 4720
94571737 12 1266 4724
95086070 9 1196 4750
95147069 18 1182 4753
95189046 7 1443 4755
95842322 15 1974 4788
96694554 4 440 4830
96948962 17 969 4842
97063036 13 1687 4848
97859082 7 220 4887
98521673 1 841 4921
99159194 8 739 4954
99237170 9 860 4958
99438375 4 1488 4968
99584646 19 609 4976
100413729 1 1132 5017
100433405 9 1867 5018
101049030 15 445 5049
101334236 10 890 5062
101525361 15 1322 5072
101729909 10 255 5083
102280837 7 846 5111
102328852 16 1454 5113
102741824 10 949 5134
102824043 2 1708 5138
103321882 3 1490 5163
103372552 16 1242 5166
104201447 0 1436 5209
104240773 4 720 5211
104468157 7 788 5223
104847864 10 1834 5242
104866263 16 1257 5243
105210582 18 1769 5260
105464339 12 198 5272
106602322 9 861 5329
106704930 18 124 5334
106824351 3 883 5340
106891801 0 498 5343
107128491 16 1127 5355
107347830 14 483 5366
107362830 1 379 5367
107395756 15 615 5369
107494670 2 1169 5374
108464966 16 780 5424
108799512 13 587 5440
109263880 4 1887 5463
109466063 5 1232 5474
109707718 18 857 5486
110160308 17 1007 5508
110220466 13 1562 5511
110264862 12 994 5513
110361482 14 1496 5518
110529886 9 235 5527
110911895 7 123 5546
110931337 13 325 5547
111146804 0 1623 5558
111350329 2 482 5568
111395526 9 139 5570
112335460 13 1797 5618
113022850 13 912 5652
113125307 1 1107 5657
113499091 11 836 5675
113692851 2 830 5685
113956652 6 726 5699
114107385 17 490 5706
114389499 0 943 5720
114609400 1 1257 5731
114816677 4 108 5741
115679604 0 342 5785
116417201 5 157 5824
117238849 1 466 5866
117522696 18 1140 5880
118230120 18 1422 5915
119124997 12 124 5959
119726410 6 495 5990
120007417 6 744 6016
120057215 19 1332 6026
120081316 15 566 6031
120117124 15 4 6039
120126362 8 1489 6041
120247948 17 1770 6067
120305668 6 456 6078
120316529 7 1697 6080
120338277 13 752 6085
120353805 11 685 6088
120393877 8 1759 6096
120432542 8 167 6103
120616977 11 80 6140
120769200 5 713 6170
120844149 16 1219 6185
120900561 18 933 6196
120927028 19 1387 6201
120952164 1 454 6206
120982819 0 1395 6212
120988321 11 1630 6213
121080698 7 1587 6231
121197822 14 1081 6256
121212600 12 621 6259
121370254 5 952 6289
121374964 2 15 6290
121498760 7 434 6315
121525673 10 1081 6321
121601154 11 1381 6336
121696721 9 1261 6355
121710805 1 1602 6358
121763812 2 675 6369
121921835 19 1645 6401
121966539 1 1617 6410
122126659 14 1580 6442
122293831 5 1104 6475
122326151 10 1208 6481
122372400 11 1247 6490
122462375 14 1067 6508
122481145 0 1501 6512
122873698 2 757 6592
122944130 12 251 6606
123000738 1 862 6617
123082002 2 1164 6633
123261108 19 1147 6669
123314284 16 1055 6680
123397608 19 357 6695
123678314 1 1371 6751
123714061 2 1334 6758
123801832 9 1935 6775
123990773 0 84 6814
124142625 18 549 6845
124213178 7 84 6859
124327987 3 1668 6881
124453904 7 1548 6906
124685377 7 1327 6954
124715029 1 923 6960
124723821 12 733 6962
124796166 12 614 6978
124807314 3 894 6981
124822303 1 22 6984
124842755 17 921 6988
124888993 1 993 6999
124957270 14 566 7014
125006465 13 1134 7024
125218795 13 785 7066
125591620 5 135 7140
125664846 0 946 7155
125837481 18 1464 7191
125879160 7 1893 7199
125884736 17 1094 7200
125912313 12 1544 7206
126010482 1 1657 7227
126092626 10 1219 7244
126098024 15 1096 7245
126121610 4 277 7250
126140769 1 1245 7254
126184067 8 316 7263
126243471 1 1952 7275
126378456 1 352 7303
126518783 19 255 7332
126528783 13 1627 7334
126533787 16 245 7335
126539890 2 1956 7336
126608395 4 1336 7350
126811779 14 1564 7390
127030549 16 406 7434
127046346 18 1387 7437
127140012 0 1373 7455
127149998 4 1261 7457
127278822 11 492 7483
127283327 16 399 7484
127406527 3 429 7507
127527763 5 800 7532
127621089 3 327 7551
127634271 5 1722 7554
127705672 12 1621 7568
127728748 1 1189 7572
127758920 9 1262 7578
127825685 8 1611 7591
127876217 10 933 7601
127977485 2 252 7621
128121598 0 279 7651
128262473 9 445 7681
128307814 10 1910 7690
128374650 1 1637 7702
128389127 2 868 7705
128435848 2 104 7714
128534612 9 1057 7734
128587711 0 1915 7744
128705391 6 621 7768
128860213 14 1561 7798
128959396 19 526 7819
129076434 3 467 7841
129091224 17 75 7844
129147253 7 720 7855
129269608 4 348 7882
129297048 0 894 7888
129489430 9 411 7926
129499243 18 1613 7928
129535196 18 76 7936
129636694 11 752 7957
129667783 1 732 7963
129964059 2 1184 8022
130019868 7 1689 8033
130092877 1 1077 8048
130113874 14 357 8053
130211847 7 678 8072
130253547 17 519 8080
130344073 6 570 8098
130415655 13 1707 8112
130504098 17 1681 8129
130514337 1 571 8131
130516869 6 818 8132
130549743 16 1511 8139
130595552 7 1878 8148
130677383 14 157 8165
130758909 4 1396 8181
130773393 17 559 8184
130980821 13 1640 8224
131036329 18 163 8235
131075859 16 336 8244
131084255 10 423 8246
131147876 16 976 8260
131267551 10 951 8284
131334702 9 893 8298
131344883 14 1639 8300
131414920 18 1768 8314
131464107 15 1499 8323
131494628 16 427 8329
131587325 8 1043 8347
131632095 8 475 8356
131642656 16 1132 8358
131658740 5 146 8361
131697847 12 1458 8368
131733634 3 758 8375
131747522 5 1802 8378
131805113 12 142 8389
131902768 18 424 8409
131936373 13 1584 8416
131947587 13 1302 8418
131955553 0 237 8420
132051401 17 310 8439
132419320 4 1344 8515
132444898 2 625 8520
132463479 8 1219 8524
132497889 9 659 8531
132530670 5 692 8537
132555415 1 273 8542
132682282 14 1020 8570
132745629 1 1003 8583
132794434 10 1388 8593
132872968 0 755 8610
132898158 15 384 8615
132960015 4 1742 8626
133003102 2 1954 8634
133089574 5 281 8652
133157926 10 601 8666
133173104 12 1864 8669
133216902 19 1791 8678
133558258 8 1521 8748
133581045 17 270 8753
133590505 7 894 8755
133689861 0 475 8774
133700198 16 1296 8776
133716658 11 1772 8780
133942276 8 786 8825
133963688 8 114 8829
134022929 4 1789 8841
134221082 6 623 8881
134245866 19 446 8886
134258395 19 1165 8888
134313291 16 1316 8900
134371764 6 14 8911
134404966 6 1413 8918
134449427 18 1767 8927
134650242 4 1873 8967
134728467 16 1170 8983
134746067 12 535 8986
134751735 6 21 8987
134828620 8 98 9003
134908463 5 1818 9018
135114185 5 405 9058
135427899 0 915 9120
135494382 4 316 9134
135552810 4 714 9145
135617535 4 808 9158
135717473 8 508 9178
135808326 1 1616 9198
135825129 7 1351 9202
135959313 1 945 9231
135983184 14 92 9236
136022342 3 1741 9244
136026919 3 1274 9245
136079739 6 1350 9256
136181796 18 1183 9277
136188296 17 1074 9278
136213944 4 90 9283
136237908 0 48 9288
136243361 3 7 9289
136402174 19 1586 9320
136425881 10 1842 9324
136619274 11 392 9362
136739671 18 1826 9385
136758999 14 879 9388
136801437 12 1953 9396
136811500 4 550 9398
136844285 1 298 9404
136912994 2 446 9418
137128425 6 1847 9461
137161003 10 1081 9468
137171680 11 1238 9470
137321711 1 866 9499
137429855 15 1214 9520
137456774 3 1585 9525
137495861 18 1595 9533
137508848 6 668 9536
137571147 19 1561 9547
137736609 17 1914 9582
137767324 11 1614 9588
137904036 13 981 9615
137938163 17 342 9622
137949911 6 713 9624
137986709 10 150 9632
138257879 13 1030 9687
138353371 2 929 9706
138410789 3 1461 9717
138527790 7 1984 9740
138624515 10 337 9759
138687520 9 1152 9771
138795972 3 1624 9794
138806110 8 1433 9796
138827027 15 1761 9800
139192806 7 1967 9872
139203046 3 395 9874
139231458 1 742 9880
139291134 2 778 9892
139296641 14 1587 9893
139336104 12 1539 9901
139346184 6 1711 9903
139365187 4 238 9906
139403217 4 1704 9914
139504410 6 1454 9936
139725536 6 373 9979
139804950 8 1413 9996
140036475 5 1444 10042
140046223 0 507 10044
140271740 11 1313 10088
140295568 18 1193 10093
140501054 18 802 10134
140515805 18 1764 10137
140535796 4 1139 10141
140737287 11 902 10182
140776459 1 108 10191
140962351 3 1697 10227
141093792 8 516 10254
141170496 7 358 10269
141245244 0 1136 10284
141256688 14 260 10286
141296742 11 1273 10294
141309705 19 294 10297
141386091 14 26 10313
141430049 14 1441 10321
141479474 17 1300 10331
141554711 5 1385 10347
141631938 13 656 10362
141717202 18 1317 10379
141829930 2 63 10402
141884314 15 1481 10413
141894362 17 983 10415
141932936 16 1013 10423
141991716 7 38 10436
142001219 10 369 10438
142010257 8 968 10440
142101621 12 1299 10458
142133070 13 11 10464
142210181 18 315 10479
142277520 19 1146 10493
142388964 0 139 10516
142392511 1 685 10517
142407348 14 1085 10520
142412921 18 35 10521
142423652 7 1303 10523
142452112 9 1610 10529
142601229 0 478 10558
142617359 18 1099 10561
142626924 19 1257 10563
142761587 4 1322 10590
142861506 17 1876 10610
142867950 7 529 10611
143061498 3 1318 10650
143190123 15 437 10675
143309498 0 64 10697
143421270 5 30 10718
143498230 15 1418 10734
143578874 2 1216 10751
143631257 0 1262 10760
143661292 8 700 10765
143719638 18 737 10776
143809803 5 954 10795
143820004 1 758 10797
144040484 8 238 10841
144275749 2 1119 10891
144290387 11 599 10894
144297880 3 408 10896
144304380 6 1150 10897
144375866 12 1590 10911
144398038 15 1416 10916
144551622 13 961 10945
144669322 10 834 10968
144707352 17 283 10975
144741922 1 835 10982
144814566 12 1589 10997
145129253 11 1825 11062
145173731 11 1536 11071
145273854 13 1233 11091
145341848 11 842 11105
145405943 9 245 11118
145411392 11 1994 11119
145461740 11 733 11130
145521684 1 629 11141
145589305 12 727 11154
145600273 15 1154 11156
145637908 4 31 11164
145761986 0 1022 11189
145795098 13 1142 11195
145858267 0 131 11208
145886475 18 1936 11214
145914829 1 1315 11220
146197589 5 1089 11277
146306846 16 233 11301
146342916 4 1273 11308
146355614 14 1782 11311
146507542 0 358 11341
146523340 13 1096 11344
146559205 1 1482 11352
146595430 15 1323 11359
146628803 1 249 11366
146714171 11 221 11384
146770613 3 1652 11397
146803873 19 1481 11404
146881431 18 1687 11419
147009396 12 420 11444
147107542 18 206 11463
147294536 3 762 11502
147423080 4 876 11527
147427467 11 832 11528
147462376 18 1717 11535
147718010 12 104 11586
147850810 19 378 11612
147905645 10 294 11623
147948130 9 963 11631
147965309 11 820 11634
148304377 0 853 11701
148314903 10 1281 11703
148360358 12 287 11713
148418907 4 1579 11725
148588392 17 1369 11758
148593723 9 114 11759
148666552 15 1750 11774
148927043 11 562 11827
148947940 5 1475 11831
149058157 6 541 11853
149166111 18 692 11875
149224922 11 1894 11888
149256229 4 880 11894
149322915 1 1028 11908
149331490 8 507 11910
149392192 14 1057 11921
149586021 3 1688 11959
149677714 11 189 11977
149773156 7 1195 11997
149860848 13 1388 12015
149966769 17 595 12037
150176080 0 1700 12078
150180915 2 1423 12079
150305021 1 1107 12104
150464224 6 664 12136
150574185 11 1912 12157
150582096 15 773 12159
150620469 12 1046 12167
150696322 15 1769 12183
150737564 14 1766 12192
150757589 2 1089 12196
150815960 18 631 12208
150911341 6 664 12229
150916962 13 1304 12230
150996590 0 933 12247
151165763 7 1485 12281
151171596 7 1429 12282
151296983 12 1590 12306
151379783 5 90 12322
151424400 12 1500 12332
151439227 10 1524 12335
151467988 19 974 12340
151564605 5 1714 12359
151573519 1 965 12361
151626573 3 856 12372
151719106 19 1304 12391
151941384 17 1046 12435
151944866 4 783 12436
151954311 12 491 12438
152141075 13 1215 12475
152161928 15 999 12479
152178168 10 1558 12482
152201670 5 1438 12488
152222967 14 1769 12492
152323880 4 1795 12511
152418846 2 1887 12529
152476255 7 1377 12541
152502196 4 30 12546
152588877 18 1052 12563
152598769 7 1341 12565
152610110 17 161 12567
152735694 17 1251 12593
152739534 10 1773 12594
152755206 3 1829 12597
152770449 17 1667 12600
152837191 12 887 12613
152844765 16 1553 12615
152864724 16 1594 12619
152972577 1 455 12641
153043021 5 847 12654
153048710 16 1357 12655
153128375 6 35 12672
153216642 5 188 12689
153395495 4 1572 12727
153516461 6 1129 12752
153568823 9 171 12762
153613221 1 196 12771
153761717 17 1336 12801
153890359 10 161 12827
153931606 5 678 12835
154014068 9 1579 12853
154070688 10 1053 12865
154104006 4 1901 12872
154159910 14 1064 12883
154180639 0 1081 12887
154242806 8 1278 12900
154305248 9 1089 12912
154325563 19 283 12916
154396758 17 1874 12931
154420841 15 1979 12936
154454215 9 1109 12943
154472986 12 706 12947
154497296 2 1362 12952
154603149 12 244 12973
154676870 2 234 12988
154683370 6 1890 12989
154726081 4 609 12998
154769044 4 1173 13006
154806190 1 985 13014
154848080 14 1019 13022
154892270 19 1951 13032
154901545 11 975 13034
154990649 10 1849 13051
155027654 6 10 13058
155273412 3 1627 13107
155367645 2 605 13127
155454982 15 1161 13146
155529756 19 1850 13160
155595019 17 648 13174
155751703 9 786 13204
155765966 13 14 13207
155895807 11 1639 13233
155909889 3 331 13236
155931952 14 1479 13240
156071277 9 1696 13268
156087796 2 835 13271
156287580 11 921 13311
156387917 4 1597 13331
156446670 14 760 13343
156509946 19 1904 13355
156515783 3 81 13356
156814396 8 1203 13418
156883071 1 1682 13432
156891360 14 804 13434
157067839 10 675 13470
157081761 11 1894 13473
157175830 12 1578 13491
157361499 13 609 13528
157539626 6 461 13563
157633996 4 1857 13583
157723962 2 472 13602
157748509 1 1755 13607
157826289 13 670 13623
157863777 6 313 13631
157899068 19 1220 13637
158054932 4 935 13668
158069666 1 842 13671
158131012 6 366 13683
158163418 18 470 13689
158294944 3 1664 13715
158304287 2 702 13717
158501498 14 1976 13757
158549501 11 1495 13767
158603746 6 502 13779
158627963 15 404 13784
158638752 14 1092 13786
158755364 14 464 13811
158798935 17 776 13819
158891228 19 1354 13838
159006686 9 263 13860
159051236 14 442 13869
159090010 18 1193 13877
159123579 5 1965 13883
159162723 10 752 13891
159191853 12 1507 13897
159207585 1 1145 13900
159232012 2 1995 13905
159362074 2 369 13931
159370700 0 1784 13933
159425078 13 173 13945
159440524 11 95 13948
159483929 15 1881 13957
159500237 14 269 13960
159506708 16 844 13962
159534565 16 740 13968
159604960 6 1447 13982
159635949 9 1014 13989
159738204 8 177 14009
159833882 1 1076 14027
159852808 13 1031 14031
159858090 0 1841 14032
159926508 14 552 14046
159960963 17 755 14053
159981050 0 1901 14057
160200291 10 1588 14099
160213704 5 696 14102
160344859 5 1179 14128
160417888 9 792 14144
160422641 0 1442 14145
160456692 19 46 14152
160490295 6 1493 14158
160495438 11 1159 14159
160683952 10 1808 14199
160757877 15 509 14214
160763611 11 1241 14215
160776748 2 311 14218
160800572 18 1698 14223
160836054 7 1770 14230
160878143 13 1504 14238
161006614 15 481 14264
161093145 14 504 14281
161136589 13 282 14290
161151952 14 1180 14293
161164532 5 1543 14296
161221426 19 908 14307
161270150 15 1851 14318
161296488 16 10 14323
161323992 4 383 14328
161368602 14 503 14337
161383637 14 41 14340
161477684 6 1041 14360
161486745 15 183 14362
161496552 0 660 14364
161568611 11 1624 14378
161685001 12 1811 14401
161769106 10 1555 14417
161881908 6 568 14438
161961625 2 1184 14454
161997065 1 132 14461
162038894 6 196 14470
162231624 15 1419 14509
162287764 0 1867 14520
162329923 18 6 14528
162473462 18 1779 14558
162534675 2 611 14570
162575924 11 1444 14578
162817769 0 1643 14626
162857159 19 1780 14633
162963878 13 1890 14654
163000501 7 1861 14662
163075244 9 1298 14676
163249365 12 1779 14711
163345817 17 1442 14730
163367064 16 1493 14734
163427695 18 1987 14746
163563772 16 674 14773
163641624 18 1342 14788
163728952 15 1106 14804
163748301 12 432 14808
163757988 7 1228 14810
163779043 9 873 14815
163789321 11 1980 14817
163980682 11 1575 14854
164094724 15 1466 14877
164133985 12 1800 14885
164333427 10 1337 14926
164372278 4 1623 14934
164417352 15 473 14943
164481352 18 1812 14955
164514245 17 1055 14962
164518231 17 548 14963
164577658 1 363 14975
164606750 11 55 14982
164702842 18 1466 15001
164846584 7 1470 15030
164938565 10 1541 15049
164960647 15 757 15053
164965264 15 1397 15054
165036999 14 68 15068
165045331 19 1592 15070
165051790 10 1706 15071
165188033 7 1888 15098
165262872 11 1650 15113
165269372 17 1794 15114
165312936 3 113 15124
165360927 9 1582 15133
165480426 19 659 15156
165515058 1 524 15162
165534241 7 1247 15166
165539534 16 958 15167
165571936 11 299 15173
165592169 3 1801 15178
165650854 0 523 15191
165706806 14 347 15201
165720846 13 325 15204
165777316 15 843 15215
165818799 15 890 15223
165893229 12 1967 15237
165940907 19 1046 15246
165965522 10 183 15251
165982500 0 434 15254
166123703 10 273 15282
166259640 7 1258 15310
166304870 16 1126 15319
166322852 2 1880 15323
166490617 16 1961 15357
166638983 4 785 15387
166705050 4 1437 15400
166860318 5 439 15432
166939041 5 1018 15447
166973428 0 903 15454
166977835 8 1841 15455
167054992 0 1618 15470
167075022 8 1031 15475
167154848 13 362 15490
167190339 16 1570 15497
167195069 15 1957 15498
167333559 4 1193 15525
167386910 16 815 15537
167411465 13 1282 15542
167475118 18 974 15555
167517294 8 143 15564
167548179 17 1107 15570
167556692 12 1576 15572
167566609 6 381 15574
167589029 16 873 15578
167835343 14 785 15629
167888676 5 168 15639
168006588 8 842 15663
168047438 10 1247 15672
168050789 1 263 15673
168110357 4 1356 15686
168140658 2 1333 15693
168152809 8 546 15695
168187658 5 1110 15702
168241085 1 259 15714
168256662 16 943 15717
168328102 2 1875 15731
168441799 8 1644 15753
168530638 6 1233 15772
168779945 2 374 15823
168784681 14 1772 15824
168832415 10 1598 15834
168852258 16 861 15838
168869442 16 1339 15842
168973315 4 142 15863
169046860 12 1181 15879
169080127 10 249 15886
169087759 4 672 15888
169156493 16 633 15902
169186855 19 55 15908
169274849 16 1560 15926
169411857 9 1451 15953
169516621 16 1985 15974
169520413 16 334 15975
169619558 13 399 15994
169643850 19 858 15999
169663371 2 357 16003
169726421 9 1844 16015
169833357 3 1215 16035
169838815 16 497 16036
169893190 1 3 16047
169906429 11 1967 16050
169988874 3 1969 16065
170080344 1 1732 16084
170382399 11 103 16145
170477813 5 1862 16166
170537561 12 1402 16177
170666536 11 1659 16203
170712083 7 1632 16213
170841342 2 1984 16240
171031117 10 1420 16278
171050736 5 1620 16282
171061767 3 767 16284
171098744 13 923 16291
171153273 11 352 16303
171158588 19 605 16304
171226304 16 1174 16318
171242632 17 1312 16321
171294977 17 941 16332
171316719 0 841 16336
171606289 5 1502 16392
171647362 12 237 16400
171716596 19 1835 16413
171842345 14 1270 16439
171856887 16 1736 16442
171869628 1 980 16445
171884398 1 1130 16448
171951927 4 117 16461
171962508 7 1645 16463
172122223 1 314 16495
172310329 10 1037 16534
172316373 4 1444 16535
172436726 4 1863 16559
172528323 14 1629 16577
172567823 17 817 16585
172623972 19 1553 16596
172689497 16 1833 16609
172822739 5 1785 16635
172845054 16 426 16640
172873865 7 177 16646
172972157 17 45 16665
172996423 0 1832 16670
173043651 1 1460 16679
173055858 17 791 16681
173181910 1 37 16706
173209490 19 206 16712
173215990 2 1153 16713
173293746 2 1699 16728
173428959 13 1358 16754
173544768 19 1113 16778
173670648 2 799 16802
173774323 0 1253 16823
174039745 13 1503 16876
174052717 19 1227 16879
174098933 19 7 16888
174142150 12 1329 16897
174268142 5 210 16924
174278009 10 1021 16926
174306794 15 1406 16931
174328683 6 1840 16935
174423480 13 1297 16954
174448160 2 1308 16959
174494171 17 741 16968
174524844 7 1004 16975
174613448 4 448 16994
174658772 4 1815 17003
174692054 9 586 17010
174695706 10 1926 17011
174767290 7 99 17025
174802954 3 887 17032
174832294 8 225 17038
174991204 6 833 17069
175004346 11 647 17072
175130419 6 1542 17096
175206176 14 161 17112
175265671 7 437 17124
175350711 9 1283 17142
175357211 11 348 17143
175384334 9 171 17149
175407810 17 1562 17154
175417454 2 1925 17156
175427452 9 1667 17158
175486518 19 425 17170
175560627 8 578 17185
175666680 1 699 17206
175864868 6 909 17247
175918754 0 631 17259
176182002 17 677 17311
176195162 13 1713 17314
176198057 15 221 17315
176313172 19 193 17338
176341113 13 489 17343
176396626 3 235 17354
176428239 18 947 17361
176464779 15 1810 17368
176642297 14 162 17404
176654835 8 797 17406
176869797 12 1837 17450
176892988 16 1092 17454
176920504 14 971 17461
176947886 16 537 17466
177115717 16 1674 17500
177139325 1 1588 17504
177293975 4 274 17534
177329881 11 1902 17541
177540182 16 1380 17583
177614854 15 1254 17598
177649778 7 1117 17605
177749147 7 481 17626
177842240 4 1982 17643
177884155 13 1027 17652
177994511 5 67 17674
178016622 0 1356 17678
178068283 10 488 17687
178115928 10 1992 17697
178130271 11 27 17700
178347558 3 598 17746
178366032 19 1388 17750
178369303 5 1896 17751
178387522 5 1882 17755
178432898 2 973 17764
178483205 4 726 17774
178586489 8 713 17795
178676108 9 1808 17812
178784944 17 1505 17833
178821730 13 185 17840
178906127 13 1379 17858
178991868 8 369 17875
179054943 6 1438 17888
179070387 10 70 17891
179108260 2 1663 17899
179152718 16 411 17909
179196189 19 248 17918
179227068 14 897 17925
179262882 18 1891 17933
179324186 15 61 17946
179359876 11 1925 17954
179364878 2 618 17955
179527876 10 530 17990
179566443 9 908 17998
179604469 13 1419 18006
179669728 3 142 18019
179734723 4 1724 18033
179758325 5 1738 18038
179855330 1 923 18058
180018368 2 939 18092
180217834 17 508 18132
180303554 18 722 18150
180380092 18 1225 18165
180384330 0 171 18166
180474953 0 666 18183
180519167 11 640 18192
180587243 4 70 18205
180728165 13 390 18232
180935764 4 1205 18275
180972177 11 19 18282
181072874 18 1006 18302
181077735 14 31 18303
181094636 1 1841 18306
181258259 1 481 18338
181324465 9 500 18352
181329453 1 241 18353
181339152 11 1676 18355
181395232 3 1047 18366
181457687 19 693 18378
181523189 7 1107 18393
181645051 2 219 18420
181729813 11 1578 18438
181870920 3 1275 18467
181911235 1 936 18475
181948546 10 490 18483
181996278 13 246 18492
182014525 0 1761 18496
182022562 6 1874 18498
182037424 3 567 18501
182277324 3 123 18548
182320841 15 1141 18557
182480849 13 984 18590
182495796 16 6 18593
182501612 14 264 18594
182570650 6 723 18610
182642841 19 395 18625
182653246 16 399 18627
182811887 17 1139 18656
182858604 9 1061 18666
182872234 15 311 18669
183026219 2 1033 18702
183085416 14 653 18715
183108066 8 1278 18720
183161933 18 133 18732
183331307 7 909 18766
183335921 15 1721 18767
183550391 5 1893 18810
183565692 12 547 18813
183575716 1 302 18815
183591199 5 1558 18818
183764846 7 29 18854
183829577 11 1239 18867
183853547 13 868 18872
183897060 11 126 18881
183983027 5 890 18898
184015846 13 559 18904
184084689 4 1399 18918
184234379 11 1633 18947
184250384 13 306 18950
184368174 19 395 18973
184409378 12 1009 18982
184535096 7 988 19007
184604166 4 845 19021
184736533 1 292 19049
184792562 18 1433 19061
184814337 13 348 19065
184829731 4 1759 19068
184944752 15 786 19091
184961763 3 918 19094
185061162 10 406 19114
185217636 11 170 19147
185280589 16 486 19160
185374697 19 1017 19179
185578267 19 1648 19219
185623062 19 1660 19228
185807226 11 1873 19265
185821124 5 875 19268
185992529 16 157 19304
186097119 7 1402 19324
186129004 4 877 19331
186153569 10 1701 19336
186259204 15 1513 19357
186307226 17 1293 19366
186380059 15 1476 19380
186413787 2 1470 19386
186536684 5 175 19411
186580817 16 1349 19420
186726918 14 1643 19448
186890068 15 1015 19482
186895013 12 813 19483
186943629 12 1412 19493
186977347 7 101 19500
187129795 11 233 19531
187259070 17 42 19557
187263725 1 1895 19558
187314863 19 1757 19569
187532672 3 458 19613
187553423 11 996 19617
187565037 14 1116 19619
187600322 14 1626 19626
187616873 1 128 19629
187633727 4 1584 19632
187714201 17 585 19648
187795004 0 864 19664
187978383 13 529 19701
188026754 18 883 19711
188052448 7 364 19717
188099636 4 1762 19727
188115219 7 221 19730
188195912 5 850 19746
188276727 10 356 19762
188313416 19 1953 19770
188441922 8 173 19796
188458834 19 79 19800
188602425 13 756 19829
188647896 3 372 19839
188662588 19 1126 19842
188699309 5 1445 19849
188710540 6 57 19851
188729296 9 797 19855
188784431 1 1622 19865
188806278 5 1035 19870
188840742 4 1731 19877
188908431 1 603 19890
188940627 15 1270 19896
188954659 3 1938 19899
189079857 1 1968 19923
189146466 6 1534 19936
189269638 7 1688 19960
189360488 19 907 19978
189470483 7 1176 19999
