199369 161 793 14
834561 167 726 62
1109784 160 1654 83
1148164 179 376 86
1260089 165 2083 95
1516256 166 1654 116
1825317 172 325 139
2000986 178 2005 152
2027070 175 414 154
2205465 177 2974 167
2248070 161 630 170
2559022 173 1868 193
2637165 162 2122 199
2681056 175 743 203
2989596 179 2537 227
3151732 166 617 239
3322599 169 1361 251
3512843 172 1651 265
3784454 170 2896 286
4313848 168 120 324
4542275 160 765 342
4673330 172 1262 351
4997479 171 2010 376
5162660 178 2449 389
5190594 163 2949 391
5350063 168 2974 403
5466807 161 1284 412
5723212 162 1719 432
6433754 162 381 485
6816729 160 1408 514
6920056 169 561 522
7190400 174 2611 543
7380607 172 1862 558
7527196 177 1157 569
7644930 163 2151 577
7781902 163 945 587
7864294 166 2127 593
8023853 163 2841 605
8067051 167 2578 608
8339765 177 2469 629
8569035 167 913 645
9249685 161 2137 697
9371245 163 1301 706
9407004 160 532 709
9516242 173 1824 717
9651884 174 2893 728
9805994 169 1984 739
9879174 165 221 744
9947127 163 673 749
10016052 176 1578 754
10166649 161 373 766
10298004 172 2903 776
10336436 171 2241 779
10801396 167 2433 814
10894114 160 578 821
10907039 179 2480 822
11340764 165 2546 854
11444275 168 1580 862
11805178 160 1723 890
11937805 170 2188 900
12043752 171 1173 908
12179507 173 1311 919
12449396 173 2196 939
12491408 170 2957 942
12506628 162 2571 943
12720243 162 1047 959
12959659 160 2801 977
13102247 168 850 988
13198222 161 1647 995
13404964 167 1719 1010
13452357 172 80 1014
14044466 164 77 1059
14269738 168 1801 1076
14598841 178 1620 1101
14892622 170 2009 1123
15594352 177 1188 1174
16072298 177 1526 1211
16223464 160 1037 1222
16289834 165 1032 1227
16345856 172 2009 1231
16498426 170 2253 1242
17032761 168 1114 1283
17116718 166 2262 1289
17757704 171 1305 1335
17918160 171 2751 1347
18126568 162 1177 1363
18344547 169 2383 1380
18403287 161 443 1384
18990546 165 2069 1429
19099939 162 134 1437
20003102 165 828 1504
20076223 164 1098 1509
20157751 171 1868 1515
20185803 164 1087 1517
20306810 167 215 1526
20373935 160 2921 1531
20435150 178 45 1536
20527954 178 1347 1543
20735792 179 570 1559
21083060 171 272 1584
21393263 167 742 1607
21409327 177 2693 1608
21694869 173 645 1629
21982788 169 2366 1651
22144191 174 1479 1663
22194952 160 2692 1667
22333400 173 1919 1677
22386041 178 666 1681
22400801 175 9 1682
23115514 165 1741 1736
23157425 168 769 1739
23351109 162 2673 1753
23856414 168 1471 1790
24411224 165 2357 1832
24455646 178 2261 1835
24778777 177 2316 1859
24875871 173 299 1866
25442198 174 1490 1909
25773494 168 2215 1934
25971714 169 591 1949
26050525 161 679 1955
26346666 161 2464 1977
26698965 168 2124 2004
27008844 173 1092 2027
27108218 162 2502 2034
27120715 162 1748 2035
27406275 161 714 2056
27456925 176 2160 2060
27626901 175 2396 2073
27794153 162 1795 2086
27853467 160 2363 2090
28100696 172 509 2108
28251293 168 1852 2120
29110760 173 862 2184
29380302 176 2072 2205
29742306 165 1183 2233
29925146 178 2247 2247
30099580 166 775 2260
30205864 163 245 2268
30478571 164 1641 2288
30798983 166 148 2312
31328184 165 1036 2351
31672716 178 447 2376
31869247 168 2542 2390
32261976 169 2098 2421
32332391 174 368 2426
32411258 160 2715 2432
32930391 165 128 2471
33081298 160 1902 2483
33094146 177 1760 2484
33162710 174 1026 2489
33318157 171 2453 2500
33877632 176 1331 2542
33940818 171 1673 2547
34004937 164 1864 2552
34320914 163 654 2575
34562261 163 617 2592
34700222 178 1980 2602
34760986 166 1764 2606
35193267 178 2128 2639
36645107 177 987 2749
36687077 162 2954 2752
36700559 164 1188 2753
36904583 166 1490 2769
37007883 169 1097 2777
37206853 165 626 2792
37705312 160 2296 2830
37751010 163 2426 2834
38053046 168 2780 2857
38181382 168 1732 2867
38287000 171 341 2875
38790252 179 576 2912
38970746 163 2824 2925
39254000 165 2641 2947
39310270 172 1170 2951
39363476 175 639 2955
39651931 166 103 2976
39936776 166 21 2997
40001517 161 843 3002
40135528 170 1374 3012
40216345 174 2627 3018
40370997 179 1451 3030
40408703 178 2836 3033
40495463 160 324 3039
41253781 172 19 3096
41348957 164 2072 3103
41508147 178 1916 3115
41581808 178 2071 3120
41850833 171 475 3140
41993959 165 2240 3150
42020766 175 2625 3152
42093682 167 1126 3157
42764419 179 439 3207
42840448 178 144 3213
43006458 177 2279 3226
43148028 170 2567 3237
43240718 178 1739 3244
43559620 162 912 3268
43867133 168 253 3291
44222347 175 1329 3318
44344382 167 1381 3327
44566869 163 2915 3345
44882641 170 2270 3368
44937026 179 1128 3372
45618878 173 2978 3423
46792771 175 2777 3509
46803443 169 1012 3510
47655205 176 2264 3572
47733643 169 2077 3578
47845917 166 2731 3586
47982620 173 1117 3596
48144308 168 1914 3608
48647543 170 451 3646
49028434 170 2991 3675
49316727 169 1861 3696
49716373 161 864 3727
49909308 160 157 3741
50202498 177 827 3764
50436662 167 2320 3783
51104600 161 760 3833
51171168 179 2643 3838
51314944 168 2170 3849
51611732 167 2106 3871
51716147 168 1857 3879
51795559 175 885 3885
51859647 172 2840 3890
51928374 166 713 3895
52616105 164 1619 3946
52642375 171 1637 3948
52936274 167 1024 3970
53074580 174 2153 3980
53385227 172 1396 4002
53530460 174 1838 4012
53766301 160 1752 4030
54223903 165 52 4065
54349656 169 1870 4075
54802083 176 162 4107
54865175 172 1924 4112
55022380 165 2689 4124
55532740 162 1540 4163
55647789 160 335 4172
55687216 169 1121 4175
55829925 173 2089 4185
55844375 161 152 4186
55985871 174 2095 4197
56288186 176 1440 4220
56894856 167 2503 4265
57018952 177 2332 4274
57319675 178 91 4298
57336341 172 896 4299
57349786 170 393 4300
57603658 175 2187 4319
57758216 163 477 4331
57838884 167 1574 4338
57918112 171 1462 4344
58094649 176 627 4357
58258162 162 2663 4369
58549478 166 2609 4392
58811129 171 2154 4412
59196748 162 2220 4441
59234570 166 264 4444
59308323 176 1735 4449
59495118 171 1675 4463
59614840 174 2296 4472
59897029 172 2851 4493
60139718 167 2012 4512
60381793 161 1151 4530
60513933 164 550 4540
60540249 170 1285 4542
60553857 168 1132 4543
60569473 177 1866 4544
60735709 179 1922 4557
60832290 170 1214 4564
61201883 175 2718 4592
61226775 165 5 4594
61633674 174 2831 4625
61717563 169 2012 4631
61860034 171 974 4642
62216315 178 1780 4668
62245617 167 1737 4670
62505221 178 1622 4689
62701532 162 1115 4704
62732428 163 1162 4706
62785328 167 731 4710
63019052 177 2811 4727
63229938 178 1458 4742
63516202 164 2216 4763
63643502 162 2368 4773
63758978 173 428 4782
63771312 160 687 4783
63807117 173 1435 4786
63909172 164 1637 4794
63993067 173 2458 4800
64203302 162 331 4817
64270523 165 434 4822
64777434 160 2804 4860
64930305 169 90 4871
65059806 174 1670 4880
65076472 160 1339 4881
65091171 175 1225 4882
65106112 177 2843 4883
65304471 164 1353 4898
65461115 165 2132 4910
65680937 172 1279 4925
65984922 179 2316 4947
66015968 160 667 4949
66044678 163 2508 4951
66296206 167 1405 4970
66347586 179 2338 4974
66401998 169 1572 4978
67170867 164 276 5038
67453452 169 1074 5058
67696000 164 317 5076
67723492 171 2013 5078
67867493 166 307 5089
68842783 172 866 5163
69209177 169 2159 5190
69248415 162 241 5193
69324118 174 972 5199
69587778 178 475 5219
69889505 170 2080 5242
69979565 174 1362 5249
70055588 162 2598 5255
70561083 161 2048 5294
70823626 170 1396 5313
71013385 168 1724 5327
71182685 165 260 5340
71426734 172 2814 5358
71689604 166 2396 5378
71897510 164 2048 5395
72368563 175 2704 5430
72708852 165 126 5456
72737937 173 1082 5458
73097844 171 2142 5485
73469143 161 1341 5512
74134137 163 787 5562
74394319 172 349 5582
74851295 179 1807 5616
74943843 165 1253 5623
74989280 174 1040 5627
75134556 160 1621 5638
75262351 160 2972 5647
75329897 169 1449 5652
75439794 166 376 5660
75521540 178 738 5666
75767480 164 2168 5685
75831080 175 598 5690
76048197 161 1286 5705
76075890 160 2004 5707
76085890 172 2835 5708
76359071 163 2626 5728
76655360 174 1644 5750
76899061 169 2185 5769
76985775 176 2184 5775
77092784 163 1502 5784
77258601 160 2724 5797
77428680 173 1012 5809
77799581 162 21 5838
77911505 173 1860 5846
77953021 164 2026 5849
77978195 160 917 5851
78045897 177 1147 5856
78221664 172 2000 5869
78374314 169 1026 5880
78447507 176 2824 5886
78489593 170 1216 5889
78993607 163 1814 5929
79255125 177 984 5949
79471544 174 505 5965
79527432 162 2559 5969
79655901 167 1806 5978
79930449 168 2412 5999
79969381 163 2784 6002
80038853 173 291 6007
80355357 161 2940 6031
80365682 173 2187 6032
80630163 169 944 6051
80931834 171 2151 6073
81353218 175 2265 6105
81519774 172 718 6117
81836046 174 1655 6140
82103806 178 364 6160
82141662 179 541 6163
82167590 178 1813 6165
82338375 170 714 6178
82363116 172 218 6180
82415213 170 2781 6184
82612918 175 1146 6199
82815652 165 161 6214
83165356 174 176 6240
83293025 161 2255 6249
83742781 174 1601 6282
83877436 174 248 6292
84604192 168 1448 6349
84687070 164 511 6355
84814653 162 880 6364
84905476 160 451 6371
85001311 177 1245 6378
85131538 172 442 6387
85194367 171 768 6392
85259614 164 2046 6397
85335422 176 2611 6403
85631085 163 2455 6424
85877002 174 791 6443
85903590 168 657 6445
85947329 173 2502 6448
86123066 177 1139 6461
86374670 170 2459 6480
86435906 175 112 6485
86469002 165 1359 6488
86865339 179 1000 6518
86919478 178 2985 6522
87147012 164 611 6539
88186077 167 1499 6616
88263128 167 1890 6622
88344810 167 2407 6628
88804819 173 1715 6663
88896564 165 2343 6670
88910104 163 2017 6671
89039074 170 2666 6681
89297168 179 2719 6700
89614844 169 2122 6724
90032912 161 146 6755
90754323 166 2433 6809
90782224 175 2879 6811
91123115 164 1970 6836
91217246 171 609 6843
91489272 169 2716 6863
91664121 174 1018 6877
91810192 169 1323 6887
92072540 164 1427 6907
92259200 162 2322 6921
92530580 167 1023 6942
92694909 165 1192 6955
92707997 168 2931 6956
93085698 176 2230 6984
93214983 160 2654 6994
93297323 167 130 7000
93328771 175 734 7002
93427519 179 20 7010
93563029 166 312 7020
93654962 171 2678 7027
93694710 168 2051 7030
93772521 161 1685 7036
93799637 170 2348 7038
93866666 165 2711 7043
94148940 163 966 7064
94175985 161 1041 7066
94831733 165 1020 7116
95086421 178 2955 7135
95166767 162 2978 7141
95303126 179 1902 7151
95318287 168 762 7152
95442552 166 231 7161
95690670 168 1598 7180
95781868 176 2426 7187
95938110 160 499 7198
96258231 162 840 7221
96383061 161 2934 7231
96701788 178 477 7255
96799322 165 2895 7262
97193806 164 1340 7292
97359360 168 899 7304
97529121 177 1941 7316
97799393 160 2173 7337
97872186 178 1658 7342
97912928 169 602 7345
97977901 176 2485 7350
98059471 173 344 7356
98165132 164 2183 7364
98286856 163 2341 7373
98814032 179 1889 7412
99116904 171 1454 7435
99983450 165 2229 7500
100383165 178 418 7531
100419177 171 937 7534
100435796 164 1082 7535
100479338 176 1318 7538
100602190 176 557 7548
100646322 164 2330 7551
100684155 176 1899 7554
100811305 171 2134 7564
101036765 165 156 7581
101078194 168 2239 7584
101284543 177 1733 7600
101314286 161 972 7602
101583416 171 2032 7623
101756412 173 451 7636
102464883 178 1852 7691
102827434 160 2683 7718
103165123 174 820 7744
103206498 175 2768 7747
103563734 174 2844 7774
103738027 177 2178 7787
103900556 165 723 7800
104124281 163 2140 7817
104249593 177 1237 7826
104862441 167 1848 7873
105150621 166 651 7895
105464145 174 1937 7918
105478666 166 137 7919
105588098 175 2220 7927
105650510 168 1334 7932
105734138 177 2341 7938
106214223 162 1901 7974
106464388 170 942 7993
106478950 163 1678 7994
106491414 179 178 7995
106768867 162 1473 8017
106847421 170 2098 8023
106948052 165 1561 8030
107242595 162 2432 8052
107269860 165 1855 8054
107344321 172 199 8060
107431817 162 2149 8067
108069955 175 2431 8115
108423858 167 577 8142
108669186 175 464 8160
108709792 177 1745 8163
108842243 178 282 8173
108905859 179 1367 8178
109585555 174 2129 8230
110621940 170 2311 8307
110687053 172 2980 8312
110717535 167 1615 8314
110791120 171 2412 8319
111131971 160 2131 8345
111160178 163 866 8347
111284943 168 1563 8357
111493059 170 1330 8373
111666718 172 1988 8387
111860514 163 1725 8401
112312555 166 1511 8434
112486172 177 1801 8448
112528367 177 2421 8451
112577759 161 2763 8455
113489062 172 1990 8521
113557502 169 8 8526
113628002 161 1043 8531
114115021 166 244 8567
114568298 174 726 8601
114605342 161 2476 8604
114661316 160 2653 8608
114688266 166 2840 8610
114711088 176 937 8612
115070667 162 493 8639
115265227 161 351 8654
115548851 161 1821 8676
115573355 177 631 8678
115726150 171 1899 8690
115812302 169 1381 8696
115836724 170 2494 8698
115971810 160 2401 8708
116012745 168 2494 8711
116112381 172 782 8718
116511404 179 1693 8747
116647228 175 700 8758
116957832 164 2637 8782
117149954 174 864 8797
117204437 162 489 8801
117341946 175 2122 8811
117523432 167 2069 8824
117951025 172 2057 8856
118031601 174 1759 8861
118124497 165 1423 8868
118241656 176 884 8877
118366488 161 2934 8886
118515176 161 92 8897
118545577 162 1150 8899
118758868 162 530 8915
118879388 173 286 8924
119124814 174 1653 8943
119266219 164 53 8954
119403695 165 404 8965
119895753 161 561 9008
119979951 175 2522 9035
119986442 167 390 9037
119993880 163 1650 9039
119996609 168 15 9040
120037172 172 1599 9052
120041558 174 1387 9054
120075346 179 2466 9064
120092665 174 2835 9069
120176957 166 2597 9093
120201964 166 442 9100
120223477 176 728 9106
120337890 175 279 9141
120354902 179 858 9146
120472677 162 28 9181
120555599 172 1309 9206
120564422 163 2854 9209
120603952 169 2992 9222
120639954 169 1969 9233
120707876 171 530 9254
120711271 175 2682 9255
120788785 179 44 9278
120929056 162 2152 9320
120944282 166 44 9325
120956424 164 75 9329
121000398 176 1805 9343
121006991 164 1876 9345
121032996 163 2998 9353
121040612 164 282 9355
121077010 171 381 9366
121105428 172 2094 9374
121205994 161 2397 9402
121286239 167 238 9429
121291390 175 2114 9431
121297555 179 2715 9433
121323034 175 2035 9441
121403369 174 2037 9467
121453891 178 1186 9482
121526227 169 1995 9504
121554028 173 2901 9513
121595894 170 621 9526
121605039 177 2026 9529
121619524 162 306 9534
121641806 177 1056 9542
121788358 162 259 9588
121920081 170 2848 9628
121954279 177 2116 9639
122030669 174 461 9663
122054763 171 1776 9670
122061060 172 1459 9672
122109461 176 489 9688
122133826 165 2622 9695
122243820 162 1557 9727
122322278 178 2126 9753
122384343 161 2601 9772
122548325 174 987 9821
122555981 170 1092 9823
122562776 163 1566 9825
122727392 178 541 9874
122791066 161 2655 9893
122961403 167 41 9941
123032742 179 429 9962
123071707 176 1656 9974
123145309 172 2479 9996
123323371 173 2562 10049
123348811 164 1369 10056
123351678 166 364 10057
123400232 176 1575 10071
123465084 170 199 10092
123732103 165 2578 10170
123754076 174 2581 10177
123762211 161 1077 10180
123826853 163 699 10199
123918023 170 2668 10225
123953195 161 1357 10235
123987312 171 841 10246
123990755 178 1379 10247
123996188 168 2396 10249
124048450 174 2283 10264
124101038 170 2944 10280
124141239 169 2954 10292
124265543 168 442 10328
124277824 174 777 10332
124294671 160 458 10337
124299004 161 647 10338
124308280 161 1870 10341
124312083 178 1778 10342
124315991 175 1846 10343
124349579 166 1380 10354
124395147 176 1930 10368
124434428 172 907 10380
124437191 173 1859 10381
124447715 166 1392 10384
124593484 175 2801 10428
124676939 165 1744 10453
124684888 177 2910 10455
124753287 166 438 10475
124799617 169 1944 10490
124803688 165 1809 10491
124869177 175 2846 10511
124872224 165 977 10512
124895013 173 2802 10519
124943124 167 2944 10534
124969973 171 2221 10542
124995459 165 1899 10550
125067626 164 1596 10572
125098901 166 732 10581
125136906 161 1551 10593
125221609 163 428 10617
125261247 173 2124 10629
125308261 178 1695 10643
125356481 161 1344 10657
125370053 175 1852 10661
125522764 163 1140 10708
125629642 163 2206 10742
125693443 179 1322 10761
125782152 174 941 10789
125806604 160 1149 10797
125889231 175 1311 10823
125933377 175 2613 10835
125940136 176 2928 10837
126040557 173 1427 10870
126109809 170 2220 10892
126113060 164 1 10893
126126883 162 2025 10897
126317853 171 1692 10956
126326696 177 2474 10959
126422160 167 889 10988
126548824 160 1502 11025
126556757 172 679 11028
126622130 179 2460 11047
126673472 176 702 11062
126811964 166 2986 11105
126866502 162 91 11123
126907448 168 848 11134
126934769 173 1341 11142
127106862 178 1750 11194
127295215 174 355 11250
127353675 178 2617 11270
127357360 176 2378 11271
127396638 167 96 11283
127401708 164 1675 11285
127440862 170 1773 11296
127485969 175 1202 11310
127546484 171 2386 11329
127567815 177 632 11336
127617754 165 1709 11351
127620079 171 51 11352
127667968 170 469 11367
127754167 173 968 11394
127807875 174 598 11411
127945158 166 674 11450
128191117 160 1315 11526
128235677 179 1967 11539
128309930 175 1102 11560
128414864 167 392 11590
128479444 163 2367 11610
128570999 160 1578 11637
128653067 166 354 11661
128688752 160 2548 11671
128887322 161 570 11731
128898569 168 1645 11734
128966570 176 1359 11754
129003545 174 2287 11765
129026249 174 2454 11772
129046426 169 2216 11778
129074420 160 1711 11787
129105301 167 1779 11796
129123920 175 1676 11802
129209801 162 822 11827
129301844 170 622 11854
129336565 162 1682 11864
129398733 170 2087 11883
129533194 163 994 11923
129535147 164 638 11924
129545741 168 764 11927
129658096 167 518 11960
129706576 178 2648 11974
129735351 167 2886 11984
129862182 177 103 12022
129919206 162 251 12039
129933112 171 1980 12043
129985586 161 218 12059
130065164 165 2681 12083
130087655 174 2095 12090
130123686 160 1102 12100
130150786 164 2774 12110
130175068 173 627 12117
130207703 177 645 12127
130313909 172 67 12158
130354909 170 2002 12170
130361170 179 2534 12172
130470308 165 2586 12205
130482210 164 474 12208
130516077 169 2726 12218
130594881 176 1550 12243
130618429 177 1212 12250
130630689 172 858 12254
130769031 161 816 12294
130800928 168 2696 12304
130834887 167 2210 12315
130876544 177 2699 12327
130910372 178 659 12337
130989735 173 1412 12363
131057593 172 798 12384
131095223 172 2207 12396
131116783 167 74 12403
131152816 176 2290 12413
131269579 177 1020 12448
131369784 170 1586 12478
131491674 175 2583 12514
131501312 170 1673 12517
131542507 163 936 12531
131580916 170 1782 12541
131591386 172 298 12544
131738861 167 2948 12589
131753368 161 587 12593
131777431 168 695 12601
131907226 164 483 12642
131996678 179 437 12669
132065863 165 1029 12691
132102131 162 1096 12702
132106193 166 300 12703
132113082 175 9 12705
132118382 165 2886 12707
132228666 172 1776 12741
132258333 174 731 12750
132295561 173 2475 12761
132425500 173 2962 12800
132450533 160 846 12808
132470907 167 343 12814
132658615 176 735 12871
132813901 161 765 12918
132965812 172 2967 12963
133019383 177 2933 12979
133083670 170 2466 13000
133168232 175 1860 13025
133216318 177 2219 13039
133238077 174 2712 13045
133263099 178 102 13052
133297255 174 1813 13062
133306572 165 574 13065
133358839 161 0 13081
133400347 178 1885 13094
133468286 169 1164 13115
133510035 176 1533 13127
133552934 171 2098 13140
133621404 166 579 13160
133635844 176 174 13164
133652944 176 83 13169
133712116 176 1197 13186
133740029 164 676 13194
133795119 164 359 13212
133844433 178 1192 13227
133871631 174 1111 13235
133910139 172 1776 13247
133924698 179 2230 13251
133982580 179 2188 13267
134070577 170 557 13293
134073770 161 2143 13294
134108772 163 1427 13305
134191136 163 954 13331
134198035 161 2591 13333
134232111 170 2105 13345
134274887 160 2807 13357
134453449 173 83 13412
134568836 165 2267 13446
134657417 175 1558 13472
134717102 163 1142 13490
134782243 174 1146 13509
134809399 170 252 13518
134843482 175 420 13529
134880372 169 26 13540
134981867 164 2181 13571
134991501 174 1837 13574
135013307 174 2749 13581
135141668 177 1259 13619
135161902 178 1640 13625
135267117 163 550 13655
135270593 171 1302 13656
135287755 165 1910 13661
135312949 168 905 13669
135368820 175 2518 13686
135435329 178 2128 13706
135467937 167 1092 13716
135620408 161 1814 13763
135649408 179 546 13771
135689289 179 880 13785
135756524 173 657 13806
135790110 165 2539 13816
135858754 163 227 13837
136009363 165 778 13882
136027047 163 2963 13887
136059023 169 947 13896
136085568 174 2284 13905
136158122 176 1335 13926
136174789 168 129 13931
136366945 167 2086 13987
136450301 179 144 14012
136468429 164 1257 14018
136472606 171 1279 14019
136481845 173 1016 14022
136490017 165 543 14024
136559552 179 2132 14047
136668804 173 2550 14080
136721450 170 2525 14096
136781460 173 1683 14114
136810642 178 1597 14124
136816680 173 588 14126
136846414 168 1469 14134
136858527 173 476 14138
136878569 160 1100 14144
136898106 174 2614 14150
136940786 167 471 14163
137013229 179 586 14184
137028438 164 2218 14188
137041290 172 2042 14192
137082868 172 2927 14204
137117158 178 1486 14214
137174327 163 74 14231
137236227 164 2516 14249
137246296 162 2817 14252
137347215 170 1622 14283
137350226 174 2151 14284
137398135 173 2118 14298
137413266 176 2349 14303
137520650 160 930 14335
137571114 168 373 14351
137596561 165 1353 14358
137675707 167 2765 14381
137679094 174 2976 14382
137738009 162 2471 14399
137748295 161 1548 14402
137820828 172 2218 14425
137838042 173 1891 14430
137854992 168 525 14435
137907395 163 2782 14450
137949916 163 2863 14463
137981926 167 1187 14472
138000498 174 573 14478
138031838 178 2420 14487
138114260 176 261 14510
138133449 165 980 14515
138157073 170 2368 14522
138187252 164 1390 14531
138258234 168 2201 14552
138285147 166 989 14560
138296099 171 2061 14563
138311154 166 288 14568
138353877 166 1723 14582
138400520 160 2607 14597
138458787 168 149 14615
138543310 160 1408 14642
138569436 165 1811 14650
138598055 176 2632 14658
138609070 179 409 14661
138638929 178 68 14671
138812204 166 1082 14725
138900930 175 2347 14753
139200439 170 891 14844
139214908 167 1831 14848
139302548 178 2009 14874
139373551 160 451 14896
139492392 177 1613 14932
139503576 163 680 14935
139509734 174 1505 14937
139552699 173 1258 14949
139600779 172 815 14964
139619766 175 947 14970
139633719 164 1575 14974
139725623 175 2939 15002
139736407 179 1159 15005
139751854 168 2375 15009
139812505 170 2171 15027
139828189 172 1281 15032
139884526 173 2312 15049
139943193 173 1812 15066
139984029 162 1234 15080
140075088 171 290 15108
140091551 172 2614 15113
140209307 173 830 15149
140257397 161 2876 15163
140299814 164 1704 15176
140503625 161 2249 15237
140539495 175 2216 15250
140682204 178 483 15291
140841682 165 2594 15339
140851900 166 2679 15342
140879223 163 1447 15351
140887548 160 2562 15353
140964187 161 1346 15376
140974439 179 2964 15379
141107664 160 2031 15418
141229242 176 110 15455
141233480 173 2075 15456
141237500 170 1917 15457
141292696 175 392 15474
141308198 172 152 15479
141419469 161 2483 15514
141435552 173 1960 15519
141535803 162 201 15550
141603746 175 1337 15570
141662821 178 1757 15589
141709763 162 1041 15604
141713765 166 1812 15605
141754141 172 413 15618
141878516 168 2621 15656
141882849 171 676 15657
141892677 177 2670 15660
141953772 166 708 15678
141992288 175 1234 15690
142022202 162 919 15698
142097854 161 2716 15721
142125481 166 2596 15729
142180870 170 2921 15746
142209333 170 1448 15755
142225514 168 622 15760
142297256 178 1062 15783
142305830 168 464 15785
142312482 178 1411 15787
142355512 166 2943 15800
142404240 172 2692 15815
142471622 178 2591 15835
142474548 161 2508 15836
142514192 179 2547 15849
142534015 166 78 15855
142705554 164 168 15907
142820081 172 1256 15944
142823052 175 1113 15945
142842883 176 2627 15951
142845720 173 2956 15952
142965192 179 223 15987
143038181 164 1212 16009
143057661 178 2347 16015
143113969 166 2796 16032
143141108 172 1669 16040
143172438 175 1446 16049
143194778 178 2404 16055
143208993 169 1435 16059
143261029 169 1386 16073
143324221 168 1706 16092
143349557 163 1511 16099
143463938 169 1027 16136
143496253 160 1597 16146
143514864 172 1888 16152
143542355 175 247 16160
143585945 177 1157 16175
143624439 166 179 16186
143630013 179 392 16188
143673213 169 1955 16202
143755800 166 984 16226
143842684 161 36 16252
143897314 168 2420 16267
143903228 168 2952 16269
143905045 173 329 16270
144064091 177 1187 16319
144157282 165 4 16346
144169919 163 89 16350
144248758 172 244 16374
144315913 172 955 16394
144395753 165 1343 16418
144398393 165 2664 16419
144485461 178 1307 16446
144488629 177 747 16447
144498308 177 1598 16450
144549709 177 2485 16466
144576177 175 1451 16474
144682211 170 2084 16505
144758806 166 88 16528
144781670 160 2953 16535
144825944 174 2476 16550
144835286 170 2151 16553
144839275 165 670 16554
144848500 172 1631 16557
144855873 167 1811 16559
144885294 165 2244 16567
144888872 167 1237 16568
145050497 171 437 16614
145054284 173 1035 16615
145095441 178 2244 16627
145131004 164 1192 16638
145148129 165 2116 16644
145203611 169 715 16662
145308084 161 863 16693
145311085 171 898 16694
145322396 165 2738 16697
145379542 166 2563 16713
145478041 166 569 16742
145591237 179 403 16778
145595557 166 2061 16779
145652378 168 1243 16796
145714444 166 1692 16815
145804616 164 2149 16841
145822397 174 1194 16847
145859034 178 2035 16860
145900511 161 1189 16873
145937459 171 279 16885
145947860 176 2585 16888
145954310 178 2772 16890
145993581 174 977 16901
146043692 179 970 16916
146090153 167 1419 16929
146148487 167 915 16947
146186824 173 897 16958
146258238 178 2943 16978
146303733 177 1725 16990
146324168 172 2520 16996
146444255 177 1946 17031
146481107 173 1249 17043
146496086 173 767 17048
146622657 179 1724 17085
146691343 161 1810 17105
146802477 176 519 17139
146808564 163 1935 17141
146886815 172 1284 17164
146920464 171 2957 17175
147094611 177 2499 17228
147129939 176 2191 17238
147162011 170 2510 17248
147218053 165 1663 17265
147266573 174 1373 17279
147282762 174 2637 17284
147387027 170 647 17316
147398138 174 2404 17319
147403581 175 2660 17321
147439823 172 957 17332
147443336 161 258 17333
147525327 164 1515 17359
147531201 176 2616 17361
147626075 164 2481 17390
147790732 177 1842 17441
147843230 178 2849 17457
147868734 160 2449 17464
147912959 172 1557 17478
147931095 172 450 17483
147979926 175 1064 17498
147982009 166 2481 17499
148005545 175 387 17506
148074247 168 1942 17527
148097184 174 921 17534
148101034 175 2470 17535
148111866 166 2629 17538
148135734 163 495 17545
148141614 171 1842 17547
148347588 165 1414 17612
148359326 177 2253 17616
148515706 168 102 17664
148586996 169 2887 17686
148906109 167 1794 17781
149076652 162 1380 17831
149083417 179 1195 17833
149094668 161 1886 17837
149190882 173 1803 17866
149310343 178 884 17902
149346355 162 2505 17913
149398646 172 2747 17930
149521822 173 1938 17968
149550859 177 1703 17977
149558997 173 259 17980
149588338 172 2188 17989
149636856 170 2784 18005
149721685 174 2990 18032
149749784 176 1760 18041
149806072 160 173 18058
149833300 166 580 18067
149880921 178 637 18082
149961488 161 2877 18106
150007724 174 1306 18120
150130835 176 2951 18159
150156876 160 1400 18167
150223264 178 2038 18187
150237622 168 798 18191
150240909 168 1186 18192
150268749 179 2249 18200
150326221 160 246 18219
150405175 175 2764 18243
150414784 170 1982 18246
150421917 179 1350 18248
150438748 165 2818 18254
150486539 170 173 18269
150621535 164 2558 18308
150710499 175 1918 18335
150714170 178 478 18336
150815390 160 1252 18366
150869246 168 2002 18382
150939761 171 397 18404
150963652 171 2507 18411
150965802 176 2887 18412
150999826 179 2918 18422
151020627 174 972 18428
151045376 167 1480 18436
151049028 175 2980 18437
151072208 173 743 18443
151246258 172 627 18497
151252094 165 1447 18499
151259582 170 586 18501
151302017 160 1906 18515
151378276 169 1943 18537
151685829 165 1556 18631
151699625 167 860 18635
151758187 167 822 18653
151779633 179 65 18659
151805593 173 307 18666
151876245 169 2178 18686
151886650 177 769 18689
151998259 169 2412 18723
152104206 179 2507 18754
152202697 167 1077 18783
152265174 168 2632 18802
152319608 169 2769 18819
152360999 169 1399 18831
152371534 171 1873 18834
152395006 176 2504 18842
152452339 160 1356 18860
152459116 163 408 18862
152479356 160 2357 18868
152527170 176 404 18883
152529458 179 1874 18884
152559009 174 2728 18893
152563342 161 1008 18894
152602995 161 1875 18907
152665913 175 464 18925
152731034 177 469 18944
152742746 170 871 18947
152801661 161 2168 18965
152852132 161 1528 18980
152978229 163 69 19019
153063324 166 2410 19046
153173541 161 2577 19080
153209325 165 1672 19091
153225815 174 1313 19096
153228667 162 2497 19097
153253024 175 386 19104
153287903 167 2963 19114
153337087 172 2633 19128
153342800 177 2629 19130
153523560 164 667 19186
153597631 178 626 19209
153699694 172 2576 19241
153799999 162 2383 19272
153864784 162 2340 19291
153877403 172 2105 19296
153899981 171 2790 19303
153941267 175 568 19316
153997970 167 2556 19334
154030481 172 1520 19344
154143316 174 1593 19379
154204625 174 1514 19397
154229219 164 1001 19405
154271249 173 367 19417
154287872 166 1494 19422
154354548 169 2142 19441
154360195 179 251 19443
154404986 167 2908 19457
154424322 168 392 19463
154472473 170 2520 19477
154582520 178 1739 19510
154614356 166 1859 19520
154666476 173 1035 19536
154682097 169 2966 19541
154732197 168 159 19556
154791732 169 1364 19574
154820595 165 2071 19583
154823825 165 1177 19584
154900896 178 2047 19608
154904318 161 1548 19609
154940351 173 803 19620
154956902 173 2709 19625
155063678 176 2470 19657
155099325 164 1568 19668
155147960 162 644 19683
155158072 174 2076 19686
155186717 162 2317 19695
155205205 162 2495 19701
155213237 171 1874 19703
155232274 176 1494 19709
155255620 174 2197 19716
155261462 162 856 19718
155327908 170 300 19737
155382967 171 1817 19753
155414069 171 302 19762
155630461 166 868 19826
155637651 170 761 19828
155709920 171 409 19849
155712880 173 776 19850
155731530 174 2864 19855
155770402 175 2035 19868
155824357 176 2494 19884
155844913 179 1577 19890
155864779 178 2765 19896
155905701 160 699 19910
155910922 176 1448 19912
155934871 160 805 19919
155970604 166 511 19930
155985204 172 747 19935
156008095 178 1214 19942
156072579 179 521 19963
156091432 179 1231 19969
156133842 178 674 19984
156170962 179 1597 19994
156205539 174 419 20005
156219915 178 2463 20010
156230434 164 1070 20013
156302010 179 2780 20035
156392387 161 2061 20061
156448731 164 8 20078
156465341 172 2818 20083
156564550 161 529 20112
156595715 179 2298 20121
156756294 177 2991 20171
156787364 162 2602 20180
156858203 168 2423 20201
156927361 161 1407 20223
156947097 169 2006 20229
157071120 161 1898 20265
157171730 163 2394 20296
157331099 178 1827 20344
157404684 162 1267 20364
157458171 176 1440 20382
157503707 171 288 20396
157526588 162 758 20403
157562252 174 589 20414
157632807 178 226 20434
157733185 177 2355 20465
157772180 177 1221 20476
157779817 170 305 20478
157877105 171 380 20507
157886977 167 1281 20510
157890373 175 1358 20511
157943043 172 2227 20527
158036567 173 1524 20554
158067208 165 24 20563
158083492 166 2071 20568
158113019 166 2420 20577
158130100 173 209 20582
158319355 172 1004 20640
158353435 161 753 20651
158412024 167 885 20670
158439793 163 1466 20679
158450721 168 1941 20682
158478332 174 1490 20691
158484514 173 2490 20693
158488046 163 1978 20694
158524707 170 691 20705
158578674 167 277 20722
158585189 166 1926 20724
158588382 165 1683 20725
158610814 163 2226 20732
158644547 171 2563 20742
158662526 177 2872 20748
158690866 175 1041 20757
158712318 165 856 20764
158734505 167 2952 20771
158827317 176 1896 20799
158838602 179 1445 20802
158861417 162 508 20810
158886416 164 2051 20818
158896428 175 1267 20822
158917709 176 1786 20828
159008611 175 806 20856
159039540 175 1701 20865
159046330 166 2694 20867
159057411 165 662 20871
159067207 174 1039 20874
159132878 176 840 20894
159222870 172 1452 20921
159225964 164 1979 20922
159336944 164 1730 20956
159387394 161 475 20972
159574297 167 845 21027
159577429 168 1318 21028
159621797 162 38 21042
159679513 174 409 21058
159700326 166 1846 21065
159822860 177 1538 21101
159851684 168 836 21110
159918190 171 1283 21130
159921313 165 1015 21131
159930053 179 1717 21134
160070042 164 2673 21175
160103587 161 227 21185
160186420 167 740 21209
160254839 177 1578 21229
160344856 176 160 21255
160364784 179 2436 21261
160552788 168 2461 21318
160611064 171 78 21337
160648722 179 516 21348
160661552 165 620 21352
160678706 164 658 21357
160685276 171 121 21359
160722323 169 2762 21371
160731707 161 2451 21374
160787217 166 2645 21391
160807035 161 2864 21397
160877527 168 2330 21420
160997214 177 2777 21457
161035918 172 474 21468
161103036 177 1056 21488
161107171 170 416 21489
161125119 172 2321 21494
161200279 179 2379 21517
161284107 167 1889 21543
161292783 165 1382 21546
161379282 179 1280 21573
161415534 164 2622 21584
161422607 178 297 21586
161556379 173 497 21628
161580390 177 1034 21635
161666308 167 2088 21661
161810449 175 1904 21703
161842005 169 2613 21713
161862429 161 2192 21719
162039990 161 2793 21771
162099034 160 94 21789
162179616 169 106 21816
162226976 175 2686 21830
162240404 163 1262 21835
162352795 174 2623 21868
162386682 171 1833 21878
162461595 174 1617 21902
162467712 169 1495 21904
162607508 168 812 21946
162655387 175 132 21960
162675598 174 1641 21966
162678862 164 1684 21967
162688863 175 2318 21970
162692136 171 2365 21971
162781251 175 2292 22000
162784034 177 707 22001
162794474 174 1650 22004
162845633 176 483 22020
162857549 162 860 22023
162875302 178 2474 22028
162880961 160 2572 22030
162910524 166 737 22040
162944654 172 767 22050
162960747 160 841 22055
162967614 176 2996 22057
162992673 165 548 22064
163035029 175 46 22076
163166124 161 475 22116
163184389 161 1385 22122
163230456 164 1319 22135
163243895 170 469 22139
163281155 179 2363 22150
163287499 163 2165 22152
163313402 176 230 22159
163340759 177 2559 22168
163361205 175 496 22174
163414865 167 2521 22191
163601046 167 1554 22246
163611338 170 2542 22249
163658542 176 1667 22264
163669619 160 2151 22267
163721631 164 592 22282
163759920 175 2701 22294
163795300 164 395 22305
163818635 165 1847 22313
163821880 165 267 22314
163845608 178 2933 22321
163853792 175 1983 22323
163903270 175 1624 22338
163961740 170 204 22356
164008440 160 188 22373
164037290 171 1239 22382
164041223 160 2126 22383
164132353 166 565 22409
164157321 174 2343 22417
164163991 179 2433 22419
164229780 176 2078 22439
164275851 161 1145 22453
164429760 171 918 22498
164474696 164 545 22512
164535591 170 596 22530
164578170 176 345 22543
164604672 175 1407 22551
164629824 171 1661 22559
164689407 176 1830 22577
164752489 169 251 22595
164859130 169 933 22628
164866316 173 645 22630
164876238 178 798 22633
164894312 169 2506 22638
164958086 160 2715 22657
164966039 162 2388 22659
164992089 177 2764 22667
165076750 160 2596 22693
165099958 170 2394 22700
165138728 171 2206 22711
165144036 161 2605 22713
165239461 168 2985 22743
165275047 177 8 22753
165288159 179 2510 22757
165366626 169 405 22782
165370959 169 2192 22783
165407875 165 820 22794
165474214 178 1065 22814
165636874 169 2811 22861
165719393 172 336 22886
165823760 166 745 22918
165901827 167 2873 22943
165955509 161 2955 22960
166095108 169 540 23002
166137127 175 1796 23015
166210276 178 671 23038
166272013 168 982 23056
166320154 163 2948 23070
166323697 178 1294 23071
166364085 178 119 23082
166398015 170 1440 23093
166477152 172 2192 23116
166519121 162 924 23128
166559364 169 2060 23140
166582685 167 1043 23147
166734150 178 46 23192
166828478 175 2709 23220
166950082 164 2596 23257
166986338 176 1781 23268
167006278 169 103 23274
167072487 160 231 23296
167075436 177 2752 23297
167097332 169 2093 23303
167455926 163 0 23410
167471060 175 1261 23415
167478051 179 1131 23417
167491825 177 2002 23421
167612601 174 2085 23459
167692907 162 1524 23483
167707789 169 320 23487
167711344 161 918 23488
167809260 179 1897 23517
167863790 161 2646 23532
167904152 174 1671 23544
167957880 162 2803 23561
167990471 165 1766 23571
168028660 168 1023 23583
168093633 172 430 23602
168241322 166 1021 23647
168278962 176 2339 23657
168297314 170 1318 23662
168329589 160 2954 23672
168404115 177 1511 23695
168429339 175 2235 23703
168453949 160 2930 23710
168458072 176 752 23711
168479924 164 1609 23717
168481975 163 2788 23718
168519938 170 380 23729
168561438 177 151 23742
168580824 171 2790 23748
168634616 163 549 23763
168662914 169 2962 23772
168807477 174 519 23816
168853687 179 2586 23830
168910955 173 147 23848
168961776 169 2402 23863
169038096 179 1243 23886
169139300 170 1185 23916
169158850 165 1822 23921
169171427 173 2915 23925
169185640 161 1183 23929
169223410 175 1744 23941
169230959 165 1146 23944
169497943 162 1340 24027
169570813 170 2910 24049
169605609 163 1774 24059
169682662 164 591 24083
169713541 169 2429 24092
169804314 170 966 24118
169817076 169 2347 24122
169844162 164 2063 24130
169914454 178 995 24150
170003109 170 882 24177
170040334 172 1286 24189
170091835 175 224 24204
170113611 171 1578 24210
170283922 170 1654 24261
170300181 168 2504 24266
170357416 164 995 24283
170476375 162 1908 24320
170550837 171 837 24344
170600832 169 2266 24359
170604122 165 1974 24360
170610323 167 865 24362
170631584 165 2787 24368
170662145 162 159 24377
170719793 163 973 24396
170791499 171 1405 24417
170833812 177 57 24429
170858054 174 2970 24436
170864701 178 75 24438
170914435 178 692 24453
171051023 166 2906 24497
171102496 179 2913 24512
171119521 168 1732 24517
171154061 160 1061 24527
171315892 178 372 24576
171395276 167 2590 24600
171418639 174 1050 24606
171455492 164 1568 24617
171473019 176 54 24623
171554039 163 2686 24649
171615671 166 1715 24667
171677555 174 1164 24685
171734430 175 1317 24703
171752881 161 1242 24709
171757766 178 22 24711
171791893 162 1699 24722
171878300 178 108 24748
171958549 172 1334 24771
172020099 164 2906 24789
172256135 172 1170 24862
172258799 175 181 24863
172268950 168 1542 24866
172283718 162 72 24870
172293462 169 2389 24873
172327220 169 2157 24883
172416777 164 707 24910
172489525 164 1267 24931
172535218 165 2964 24945
172551621 162 54 24950
172555239 168 464 24951
172562765 170 155 24953
172597715 167 2061 24963
172702081 173 1646 24995
172709166 172 1170 24997
172711944 168 38 24998
172748078 167 295 25008
172762675 163 398 25012
172797986 164 2861 25023
172830071 175 2888 25033
172930370 161 2077 25064
172937922 172 979 25066
172981367 176 1110 25079
173017084 164 585 25090
173020513 168 1840 25091
173072184 170 2390 25107
173101297 167 2885 25117
173105630 169 2337 25118
173133891 177 418 25127
173181815 171 587 25140
173208210 161 2255 25148
173248303 174 1869 25160
173256685 177 191 25162
173311916 160 1253 25179
173329320 160 679 25184
173428254 175 2992 25215
173437651 171 537 25218
173448438 165 2565 25221
173517850 168 641 25243
173551435 164 2717 25252
173564968 164 2439 25256
173633982 177 492 25276
173855203 168 1320 25343
173859366 168 2255 25344
173871185 170 1893 25347
174078522 175 1697 25408
174090970 165 219 25412
174120165 174 2997 25421
174140370 176 1464 25427
174144144 162 2459 25428
174147442 173 1852 25429
174259079 165 630 25461
174382574 172 1112 25498
174398131 164 1801 25503
174483678 174 2192 25531
174586406 160 1301 25562
174600118 164 1738 25566
174640404 171 1016 25578
174741636 174 210 25607
174894951 161 187 25653
174909883 172 2893 25657
175034394 166 1058 25694
175052550 160 1247 25699
175056524 164 798 25700
175165184 171 1933 25733
175387898 163 1790 25801
175412379 176 80 25808
175477333 179 1725 25828
175483834 166 1229 25830
175557980 166 604 25851
175656424 165 1089 25881
175717745 170 2181 25900
175738682 162 2762 25907
175775238 172 14 25918
175898353 175 1138 25955
175920894 174 1228 25962
175941628 177 1251 25969
175967175 179 2273 25976
176049952 162 1119 26000
176065655 178 2203 26005
176101875 175 1894 26016
176142388 169 1083 26028
176148105 162 1312 26030
176204285 171 807 26047
176275433 162 2462 26069
176288124 171 2264 26073
176344753 174 120 26090
176444508 176 182 26119
176471409 171 2841 26127
176547029 160 2673 26150
176566854 173 2098 26156
176667446 174 1225 26186
176685090 178 1289 26191
176737046 171 2205 26206
176851571 160 2541 26240
176854841 164 886 26241
176944723 177 1203 26270
177005260 164 947 26287
177104094 160 2410 26315
177281457 164 464 26366
177372822 177 451 26392
177431591 173 1648 26409
177479580 179 56 26424
177523665 177 2368 26437
177578033 168 1249 26453
177635443 167 747 26470
177702144 166 2234 26492
177779257 173 1793 26516
177789817 174 2753 26519
177810694 171 1745 26525
177904692 169 2557 26553
177925768 161 2112 26559
177946476 166 2667 26565
177961700 177 2488 26570
177966033 171 1815 26571
178001400 169 2112 26582
178025538 163 1819 26589
178076713 162 1492 26605
178115100 177 668 26617
178122427 167 1831 26619
178262411 160 2216 26661
178276568 178 2347 26665
178285731 169 417 26668
178347429 167 149 26686
178390226 163 273 26699
178489778 168 1369 26728
178532870 174 2744 26741
178579685 178 1937 26755
178584018 163 2118 26756
178612970 176 839 26764
178615849 174 2687 26765
178642752 173 2223 26773
178793325 171 1551 26819
178984469 177 21 26877
179064289 173 1202 26901
179091698 175 968 26909
179116866 176 2442 26917
179149007 177 866 26927
179160982 174 1908 26931
179205920 163 313 26946
179229302 173 2979 26953
179264159 176 638 26964
179276508 172 2697 26968
179283782 171 730 26970
179310949 175 2313 26979
179407839 171 1604 27007
179418917 174 2982 27010
179463062 165 420 27023
179484967 174 547 27030
179515815 166 1251 27039
179529815 171 953 27043
179543178 160 1224 27047
179546183 173 887 27048
179650529 177 2510 27078
179694095 175 523 27091
179800190 161 550 27122
179853236 174 1036 27139
179882727 176 784 27148
179930827 179 788 27163
180010966 161 1528 27188
180014278 167 2630 27189
180018044 177 2508 27190
180024739 161 119 27192
180034927 177 1909 27195
180048271 165 2913 27199
180066280 174 2496 27204
180114815 168 1582 27219
180127219 164 1245 27223
180149710 174 572 27229
180162787 175 1858 27234
180238514 173 685 27256
180331060 170 632 27282
180455143 178 996 27319
180469168 161 751 27323
180537697 166 1183 27345
180557461 170 2944 27351
180563744 178 2426 27353
180569208 164 1401 27355
180648878 176 867 27378
180737843 167 1756 27404
180787872 174 670 27419
180795167 177 2593 27422
180811646 175 407 27427
180857730 168 2720 27441
180934851 177 2607 27464
181026231 163 2434 27492
181084389 177 2236 27509
181174590 172 2515 27536
181184429 171 2291 27539
181282699 170 579 27567
181351558 169 365 27589
181362425 164 514 27592
181380401 174 494 27598
181479135 178 1476 27629
181520123 167 1357 27642
181569552 168 2819 27656
181652910 167 2331 27682
181775661 176 1465 27719
181935073 169 1837 27766
181978431 172 2823 27780
181996068 165 751 27785
182094964 162 2728 27815
182109413 175 1012 27820
182115731 168 85 27822
182151978 164 2572 27833
182395347 161 1096 27905
182424947 167 312 27915
182527873 177 1146 27946
182558709 178 2257 27956
182565948 169 1202 27958
182568538 169 2605 27959
182741747 163 1237 28011
182749105 171 2785 28013
182798403 179 200 28027
182822466 178 806 28034
182852582 179 2275 28044
182895233 171 2996 28057
182944568 175 1187 28072
182951082 167 2318 28074
182963631 174 2684 28078
183116963 160 2859 28126
183156655 164 1685 28139
183308291 164 1822 28184
183451376 167 2112 28225
183474817 167 1486 28232
183582285 179 1284 28263
183756713 169 1701 28318
183765134 173 2660 28320
183772390 172 1138 28322
183776240 165 692 28323
183824764 173 1564 28338
183926842 172 2106 28370
183936891 165 2728 28373
184012539 164 2237 28395
184016172 179 858 28396
184021617 160 1436 28398
184040763 164 1919 28404
184047989 177 16 28406
184073685 168 1211 28414
184077918 169 62 28415
184102839 163 1999 28422
184117102 179 1896 28426
184194759 161 2400 28449
184307486 173 36 28484
184313871 161 1521 28486
184421637 166 1109 28517
184434731 177 2704 28521
184458004 173 1376 28528
184546884 168 2051 28554
184553285 172 1755 28556
184559037 160 780 28558
184586057 175 2818 28567
184635905 163 2993 28581
184726698 176 1036 28609
184755247 173 777 28618
184801202 171 754 28631
184839086 174 741 28642
184994030 179 2334 28688
184995840 173 1029 28689
185046131 174 846 28704
185073493 160 2191 28712
185080988 168 891 28714
185088512 174 37 28716
185112528 167 2627 28723
185122649 175 1107 28726
185153683 178 965 28735
185250152 161 2877 28763
185278989 173 578 28772
185287279 177 2403 28774
185306005 178 2553 28780
185403713 167 2347 28810
185508771 167 1402 28840
185511849 176 2901 28841
185551379 166 1877 28854
185581776 171 2069 28863
185654795 173 1906 28886
185677987 179 2814 28893
185757631 178 2371 28917
185800937 170 2164 28930
185809003 177 1214 28932
185868133 174 2482 28950
185871810 177 1734 28951
185881420 167 2429 28954
185905207 178 854 28961
185990887 164 1927 28987
185996785 173 2079 28989
186049199 177 863 29004
186123474 176 1519 29025
186127807 178 2106 29026
186145255 176 308 29032
186152945 177 731 29034
186185553 174 1729 29044
186273981 167 1864 29073
186304885 169 1494 29084
186345529 167 2879 29096
186536102 170 2050 29152
186539828 178 2922 29153
186555543 160 1352 29158
186572465 165 2962 29163
186585896 178 272 29167
186599662 164 1113 29171
186795475 179 1644 29230
186849830 160 2842 29248
186883391 168 865 29257
186910587 177 513 29265
186917791 164 1396 29267
187007589 173 191 29294
187011541 174 2709 29295
187018527 176 1598 29297
187055029 171 1764 29309
187063130 162 178 29311
187066895 160 1028 29312
187092125 164 1804 29320
187191040 161 2376 29351
187254501 169 2073 29370
187364985 175 339 29403
187406141 164 250 29417
187412289 160 1894 29419
187565195 170 1622 29464
187694118 163 2514 29501
187710067 168 1429 29506
187722275 161 1861 29510
187782187 172 1210 29528
187827629 164 1316 29541
187831122 162 2277 29542
187866377 165 1166 29553
187872415 171 755 29555
187921643 178 423 29570
187979833 170 969 29587
188074974 178 2356 29615
188151652 179 779 29640
188222309 164 1387 29661
188262359 167 771 29673
188303529 168 968 29686
188320707 168 2824 29691
188393688 170 2758 29712
188408176 162 2034 29716
188470277 165 2620 29736
188634417 173 1432 29786
188673424 174 1960 29797
188688858 161 159 29802
188729135 179 1851 29814
188769520 174 682 29826
188796589 170 2227 29834
188862605 161 1118 29854
188885071 177 1234 29861
188921058 176 2684 29872
189011729 168 2141 29901
189063925 170 1923 29917
189082526 166 2708 29922
189185584 169 2545 29953
189237546 167 1246 29969
189287769 161 2363 29983
189322611 168 1906 29993
