278199 220 1735 20
878226 236 2650 65
997340 222 2197 74
1357436 220 897 103
1442191 232 2559 110
1502934 234 1818 115
1530061 233 489 117
1646000 233 422 126
1739343 228 2910 133
1837885 228 2027 140
1984320 229 749 151
2217944 222 274 168
2231404 232 496 169
2341051 239 2403 177
2573400 221 2326 194
2783539 238 1398 211
2978377 226 2526 226
3285922 236 2935 248
3625646 230 15 274
3662004 220 1938 277
3962932 220 2613 299
3978845 239 2759 300
4188024 226 2859 315
4529672 228 776 341
4586129 228 1343 345
4625657 227 862 348
4749587 233 2834 357
5136885 238 447 387
5179138 223 2075 390
5214805 228 2263 393
5398671 234 1645 407
5535097 231 2368 417
5572249 220 365 420
5832325 224 2386 440
5871029 238 2049 443
6018392 238 1671 454
6240415 228 939 471
6255640 233 1441 472
6593299 231 1569 497
7077976 223 1225 534
7588512 227 1819 573
8287733 225 598 625
8439234 238 315 636
8449409 221 1418 637
8816541 225 2886 664
8922476 234 1397 672
8984541 225 1386 677
9179669 236 1778 692
9218759 220 1925 695
9264597 234 2177 698
9587117 236 2286 723
9919313 238 861 747
10117813 227 2265 762
10230530 235 2707 771
10427502 221 181 786
10497853 233 2808 791
10750613 237 227 810
10985547 228 1220 828
11071172 223 1088 834
11244774 232 1261 847
11640134 221 646 877
11737607 233 202 885
11872915 232 1950 895
11885168 231 1282 896
12339485 221 1896 931
12367532 230 513 933
12585140 234 542 949
12598612 239 2334 950
13013109 228 1887 981
13640650 224 268 1028
13856190 224 2828 1045
13897459 237 1156 1048
13911959 236 2754 1049
14241222 228 2551 1074
14348449 237 1370 1082
14842325 221 2825 1119
14956840 237 1301 1128
15263285 230 2461 1150
15277706 228 1969 1151
15447441 232 2965 1163
15458662 226 948 1164
15632362 227 1245 1177
15850330 225 2022 1194
15931332 224 1689 1200
16152989 223 1301 1217
16182017 237 846 1219
16248582 233 2033 1224
16301751 220 2776 1228
16360756 231 2049 1232
16626225 239 1539 1252
16696732 229 1708 1258
16805502 222 685 1266
16819169 239 742 1267
16951085 236 359 1277
17128625 238 332 1290
17143471 225 2460 1291
17202697 226 741 1295
17231803 222 355 1297
17520160 228 2431 1317
18021972 238 922 1355
18033461 239 2553 1356
18305553 238 1519 1377
18689526 221 1665 1406
18717929 236 2216 1408
18731836 234 128 1409
18968688 226 2902 1427
19058876 232 1661 1434
19401268 228 1999 1459
19547041 223 1168 1470
19680667 228 1416 1480
19716876 230 1612 1483
19772459 239 1124 1487
19945756 238 2756 1500
19974508 237 1652 1502
20018848 232 2510 1505
20476550 235 174 1539
20646884 225 1505 1552
20832170 221 2367 1566
21179424 230 154 1591
21773382 228 1926 1635
22706905 221 955 1706
23423568 221 1252 1758
23469243 237 1348 1761
23617716 233 1880 1772
23754809 235 1426 1783
24167851 220 1137 1814
24230308 233 2167 1819
24291298 225 1878 1823
24321254 228 1811 1825
24358786 222 2599 1828
24659541 228 406 1850
24946171 235 2540 1871
25015811 239 45 1876
25123259 237 701 1884
25730166 223 2154 1931
25762296 224 1437 1933
25810213 230 2449 1937
26021951 234 2698 1953
26280628 223 2741 1972
26404526 234 2082 1981
26610349 228 2326 1997
26663808 220 2828 2001
27239975 225 694 2044
27327391 227 569 2050
27469859 225 2869 2061
27510145 221 2401 2064
27616007 234 1873 2072
27641844 224 2967 2074
27770005 224 183 2084
27822948 225 1303 2088
27878873 227 2270 2092
28276746 233 1175 2122
28563355 235 2505 2143
28577418 228 217 2144
28732073 221 322 2155
28825300 234 2910 2162
28992423 222 91 2175
29334579 224 23 2201
29409125 234 562 2207
29455513 223 563 2211
29690167 229 1626 2229
29869083 221 233 2243
29896742 227 745 2245
30053199 236 433 2257
30488788 230 1309 2289
30526681 226 2966 2292
30742958 227 816 2308
30844223 228 1002 2315
30993360 223 2647 2326
31148317 239 1564 2338
31383032 224 1015 2355
31784449 236 1335 2384
32747839 236 1172 2457
33602914 236 2854 2522
33738506 230 506 2532
34030272 224 2617 2554
34040454 228 2575 2555
34053617 220 1367 2556
34122382 231 2186 2561
34467422 227 471 2585
34671263 230 2739 2600
34714083 239 895 2603
35567619 229 323 2668
35581454 222 638 2669
35593595 225 558 2670
35727461 233 136 2681
35787106 229 407 2685
35816798 231 2145 2687
35909393 235 1908 2694
36224841 237 1548 2717
36349196 229 170 2726
37129105 223 543 2786
37469942 229 1066 2812
37480794 225 2480 2813
37520397 235 1320 2816
37999090 234 944 2853
38025787 225 2667 2855
38168064 232 314 2866
38380755 221 2117 2882
38928340 220 2212 2922
39241077 223 617 2946
39709095 234 316 2980
39836886 230 2431 2990
40014501 226 2733 3003
40066124 228 1168 3007
40286526 220 1637 3023
40297497 234 2516 3024
40382135 228 287 3031
40580374 235 26 3045
40663325 239 1493 3051
40689910 220 333 3053
40836140 228 2941 3064
41375081 239 582 3105
41492651 221 629 3114
41522865 231 2356 3116
41549861 220 1986 3118
42312533 233 2089 3173
42325972 220 2114 3174
42541261 237 2966 3190
42656138 239 1790 3199
42698546 236 1666 3202
42815424 236 2522 3211
43031535 239 1172 3228
43073423 236 1028 3231
43228476 239 599 3243
43956254 229 1986 3298
44045087 238 1182 3305
44129375 222 717 3311
44521184 237 511 3341
44532658 232 2154 3342
44582122 229 2759 3346
44801139 237 1445 3362
44921023 228 1293 3371
45564822 233 716 3419
45845072 231 325 3440
45960616 224 733 3448
45973495 236 2778 3449
46090073 237 1044 3458
46441673 232 597 3483
46712604 226 841 3503
46897426 236 2300 3517
47296109 235 2738 3546
47375397 235 69 3552
47610664 235 1393 3569
47940105 222 2880 3593
47992832 233 315 3597
48007929 237 1236 3598
48020162 233 168 3599
49005322 222 2438 3673
49073789 221 665 3678
49291846 227 37 3694
49331918 226 2053 3697
49416975 228 1420 3704
49618386 231 749 3720
49702138 220 1740 3726
50027673 224 346 3750
50283392 234 263 3771
50294584 233 2380 3772
50495517 228 445 3787
50707774 227 966 3803
50823910 222 590 3812
51331078 222 2250 3850
51662747 226 816 3875
52102162 223 1527 3908
52220096 234 1645 3917
52492385 234 1267 3937
52586205 229 2502 3944
52760765 231 541 3957
52899339 221 2042 3967
53169220 231 184 3987
53316448 231 371 3997
53341597 224 533 3999
53578826 238 677 4016
53728143 220 1597 4027
54173695 229 340 4061
54366322 233 2287 4076
54890346 232 2633 4114
54968048 227 1573 4120
55420461 233 2769 4154
55561493 221 1344 4165
55882192 235 395 4189
55905353 222 2089 4191
55995871 222 2587 4198
56113829 236 1872 4207
56182689 228 999 4212
56198323 235 319 4213
56261311 230 2897 4218
56340990 233 1534 4224
56370208 225 2149 4226
56466563 239 2201 4233
56543359 237 1637 4239
56632808 231 338 4246
56645598 220 2777 4247
56950066 226 1901 4269
56963764 225 2171 4270
57204574 236 2902 4288
57372096 230 2384 4302
57828293 235 317 4337
57904719 239 1434 4343
58015378 236 1872 4351
58244497 237 837 4368
58268191 237 1032 4370
58374188 236 247 4378
58661578 230 1139 4401
58673490 225 2419 4402
58689418 237 2637 4403
58797350 221 1121 4411
59224570 229 2961 4443
59250362 232 96 4445
59870116 229 829 4491
60172375 227 1979 4514
60657239 238 935 4551
60696592 221 1711 4554
60804343 220 76 4562
60894390 233 2305 4569
61404895 221 1252 4607
61415467 231 2513 4608
61649776 222 2609 4626
61728562 238 2940 4632
61811374 227 2437 4638
61911374 221 1138 4646
62010535 221 2113 4653
62175248 225 2335 4665
62395839 225 542 4681
62549358 239 573 4692
62574639 233 874 4694
62717347 226 2419 4705
62771138 220 2578 4709
63029052 229 1122 4728
63043789 235 357 4729
63186060 225 2409 4739
63263949 226 1535 4745
63346317 224 127 4751
63459215 239 2085 4759
63487788 237 1064 4761
63721194 234 1980 4779
63870287 227 2157 4791
64153142 230 1693 4813
64179124 220 863 4815
64747891 235 2660 4858
64887648 225 2290 4868
64986097 220 2789 4875
65331220 235 100 4900
65366501 225 970 4903
65428515 239 991 4908
65751166 226 1014 4930
65847066 238 1401 4937
66414296 220 538 4979
66528110 220 2083 4988
66784522 231 755 5007
67514023 230 555 5062
67749911 222 1505 5080
67923719 222 633 5093
68065200 227 1347 5104
68275079 233 1703 5120
68422172 232 2888 5131
68541612 235 463 5140
68553626 232 1519 5141
68697671 238 2844 5152
68736690 221 2334 5155
68903707 220 514 5168
69019799 234 921 5176
69143095 229 1378 5185
69404296 220 1517 5205
69540353 230 2588 5215
69777692 225 1583 5234
69962899 224 1247 5248
70158518 236 275 5263
70319060 237 804 5275
70470777 223 1337 5287
70496379 222 624 5289
70701027 236 1747 5304
70744260 223 749 5307
71416734 239 533 5357
71803551 236 673 5387
71837750 229 2593 5390
72254273 224 1767 5421
72463122 232 2802 5437
72669696 237 2852 5453
72833965 237 2529 5465
73042161 226 996 5481
73057031 222 233 5482
73416913 230 928 5508
73511346 236 907 5515
73573275 236 1421 5520
73588837 233 691 5521
73940919 224 104 5548
74148803 220 49 5563
74160341 222 2699 5564
74176022 229 2454 5565
74505354 232 1831 5590
74621592 228 2714 5599
75175378 239 362 5641
75395617 226 2720 5657
75793308 225 1693 5687
75818373 235 1667 5689
75962406 221 437 5699
76450749 222 2646 5735
76834207 229 423 5764
76954498 236 1573 5773
77010759 233 285 5777
77611304 237 770 5823
77712961 239 1928 5831
77724754 238 1225 5832
77762631 225 2893 5835
77852139 231 557 5842
77992333 233 1601 5852
78060129 238 1621 5857
78180490 236 2433 5866
78325645 228 1873 5876
78716500 235 2991 5907
78882374 231 1803 5920
78906961 238 475 5922
79089023 223 742 5937
79269907 226 910 5950
79321484 231 1720 5954
79380349 231 1608 5958
79695506 233 162 5981
79839085 224 312 5992
80025080 221 2781 6006
80224816 226 2384 6021
80410766 223 2951 6035
80667982 223 425 6054
81090077 224 665 6085
81401733 239 1898 6109
81684808 226 91 6129
81766385 227 706 6135
81793526 228 1745 6137
81806774 234 2343 6138
81957842 232 2544 6149
81974508 226 900 6150
81989481 237 553 6151
82404161 225 936 6183
82487318 232 295 6189
82544257 237 1574 6193
83387396 239 100 6256
83702285 231 2469 6279
83912880 233 905 6295
84033526 230 1468 6304
84123371 232 2643 6311
84248262 237 2004 6321
84592065 230 971 6348
84650320 226 2308 6352
84675021 228 1761 6354
84715502 236 166 6357
84863343 224 2598 6368
85245153 227 2043 6396
85352088 239 2104 6404
85616225 223 2877 6423
85643448 239 1543 6425
85722750 226 2919 6431
85737343 228 807 6432
85930887 233 2334 6447
86220480 231 1147 6468
86637877 232 2069 6501
86676752 229 961 6504
86714084 239 1428 6507
86726647 238 938 6508
87573373 239 2302 6569
87584777 233 2015 6570
87891124 235 2351 6595
88399765 231 946 6632
88504746 227 2565 6640
88938013 233 1999 6673
88961890 220 1849 6675
89518880 231 2378 6717
89656889 228 2615 6727
89952089 233 2634 6749
90217196 233 2697 6769
90563348 228 639 6795
90631417 223 1158 6800
90973692 221 2066 6825
90989273 228 2898 6826
91287654 232 746 6848
91316575 226 2586 6850
91327441 228 52 6851
91450801 227 465 6860
91550885 238 1310 6868
91942412 222 663 6897
92035126 223 2072 6904
92057113 221 2654 6906
92163378 231 254 6914
92317161 235 2703 6925
93204313 224 2114 6993
93506735 232 165 7016
93576156 234 383 7021
93759560 231 2567 7035
94038963 228 279 7056
94264432 225 10 7073
94532324 232 694 7094
94874935 239 2844 7119
94885937 239 652 7120
95056597 225 792 7133
95209368 238 514 7144
95342820 237 1057 7154
95665162 230 2807 7178
95834823 225 1264 7191
96449797 234 2546 7236
96827410 225 2997 7264
96878707 220 1813 7268
96888707 231 536 7269
96955862 238 931 7274
96991001 239 2898 7277
97042657 229 259 7281
97542414 232 2030 7317
97989646 223 927 7351
98204210 234 1390 7367
98230330 226 2750 7369
98299539 222 2667 7374
98342871 226 1183 7377
98420290 234 2364 7383
98837450 234 925 7414
98923173 233 90 7420
99130248 220 1341 7436
99430541 227 2985 7458
99610070 226 1360 7471
99634877 237 2255 7473
100050574 237 780 7505
100149365 239 1791 7513
100174211 228 436 7515
100708593 229 1016 7556
100733235 235 2212 7558
101397116 227 2786 7608
101437262 221 1805 7611
101875346 227 32 7645
102163493 237 2221 7667
102315088 233 1047 7679
102330173 237 1233 7680
102439245 237 2666 7689
102725958 228 2420 7710
103372259 237 2893 7759
103486342 233 2944 7768
103979994 230 1702 7806
104079464 232 2975 7813
104282946 238 2195 7829
104390589 231 1809 7837
104957836 231 1696 7880
104971934 234 1597 7881
105614383 238 367 7929
105681939 229 1352 7934
105788459 233 2437 7942
106045480 227 2232 7961
106349953 223 1297 7984
106649988 230 1381 8007
106903064 239 784 8027
107071333 230 2256 8039
107177350 223 535 8047
107642069 226 171 8083
107724204 221 432 8089
107792903 222 1059 8094
108083853 238 2972 8116
108203150 222 2317 8125
108323400 223 454 8134
108349132 232 2271 8136
108814700 239 2137 8171
108917315 228 1036 8179
108929175 229 728 8180
109026722 230 478 8187
109194763 229 1114 8199
109331661 224 1426 8210
109459889 230 2681 8220
109483802 224 1391 8222
110111150 224 2398 8269
110401933 226 1680 8291
110439320 233 428 8294
110843245 235 2406 8323
110855999 220 581 8324
110896608 224 2996 8327
111096557 236 39 8342
111249073 223 1638 8354
111273332 220 2374 8356
111326132 233 1768 8360
111544057 234 817 8377
111718757 238 1196 8391
111887586 229 1039 8403
112131508 230 2366 8421
112181555 230 2137 8425
112623361 238 699 8458
112640027 233 518 8459
112695903 233 1661 8463
112825216 224 273 8473
112865943 221 743 8476
113208953 239 2582 8500
113451687 227 2439 8518
113476967 228 1746 8520
113642436 238 2525 8532
113657614 227 2234 8533
113680497 232 5 8535
113935100 228 1751 8554
114100211 238 2377 8566
114271573 220 822 8579
114336563 224 1821 8584
114529533 222 1079 8598
114544376 221 1775 8599
114898979 226 1700 8626
115029238 237 379 8636
115686048 233 2680 8687
115916603 227 2712 8704
116236857 236 884 8727
116673059 227 2048 8760
116732659 238 2583 8765
116821066 239 1291 8772
117047205 233 1022 8789
117180465 230 69 8799
117218719 221 1137 8802
117415766 236 1825 8816
117737311 233 2696 8840
117796863 222 778 8845
117883953 225 1207 8851
118339020 226 2151 8884
118473556 231 2671 8894
118572038 227 2144 8901
118719871 222 1190 8912
118801659 229 228 8918
118955993 237 128 8930
119098505 229 2052 8941
119310859 237 2390 8958
119755236 231 2023 8991
119943229 226 2646 9023
120110375 225 140 9074
120212932 239 2726 9103
120220082 238 170 9105
120352053 223 2271 9145
120366109 234 2700 9149
120384814 225 1866 9155
120394831 228 918 9158
120446335 232 833 9173
120480920 223 2249 9184
120559021 236 789 9207
120594748 227 2511 9219
120646881 235 545 9235
120763243 221 1518 9270
120792125 223 817 9279
120795350 236 2295 9280
120802240 231 1787 9282
121052821 234 1660 9359
121063639 224 586 9362
121198481 239 1249 9400
121352297 232 2139 9451
121391367 227 1124 9463
121625724 224 1639 9536
121629931 224 1766 9538
121690661 220 1499 9557
121808421 235 211 9594
121810695 229 678 9595
121866796 220 2077 9612
121900469 221 2593 9622
121929371 229 2091 9631
121944701 225 842 9636
121957991 236 743 9640
121964933 239 1780 9642
122083421 234 949 9679
122106198 233 2186 9687
122276465 228 2065 9738
122306734 238 771 9748
122326341 237 2957 9754
122355430 226 1927 9763
122368282 223 1442 9767
122377244 221 294 9770
122386437 231 2262 9773
122451688 237 2475 9793
122676090 230 956 9858
122685217 233 1639 9861
122798649 225 798 9895
122824579 230 347 9902
122839739 233 1185 9906
122866511 229 34 9914
122957070 220 2440 9940
122999671 227 355 9952
123025406 236 417 9960
123088889 234 1499 9979
123127798 220 1307 9991
123139251 230 124 9994
123159202 229 2514 10000
123186059 228 2994 10008
123198379 220 1253 10011
123300456 229 456 10042
123304292 235 676 10043
123317313 234 2703 10047
123336694 230 2363 10053
123358938 235 1175 10059
123476690 221 2614 10095
123584012 222 1944 10126
123618701 232 2995 10136
123625333 220 2264 10138
123640727 220 2380 10143
123648652 227 94 10145
123658037 227 358 10148
123721387 239 1799 10167
123766116 222 1096 10181
123782069 236 823 10186
123895474 226 2347 10219
123913767 227 1433 10224
123936593 237 2966 10230
123940687 222 557 10231
124025480 226 37 10257
124035711 228 1540 10260
124175213 238 2697 10302
124192480 231 214 10307
124246110 229 2427 10322
124301240 225 2776 10339
124351630 231 1425 10355
124361604 237 2604 10358
124408811 231 958 10372
124538060 239 2846 10411
124609069 233 2105 10433
124659300 220 2206 10448
124706509 231 1608 10461
124720917 226 2193 10465
124765097 231 181 10479
124816342 233 2971 10495
124860966 220 1102 10509
125087779 237 1409 10578
125104641 226 200 10583
125177355 221 1866 10605
125275364 225 633 10633
125312036 230 1111 10644
125415693 238 2828 10674
125418358 227 1835 10675
125540476 237 371 10714
125559390 220 1267 10720
125601028 231 925 10732
125670527 232 2471 10754
125695347 234 1690 10762
125718478 235 2689 10769
125728055 239 2357 10772
125734094 228 1577 10774
125755930 220 2293 10780
125808600 231 694 10798
125816931 229 536 10801
125865876 225 2280 10816
125891587 238 2829 10824
125943888 233 1919 10838
125974826 234 855 10848
126011671 233 2462 10859
126036568 226 2004 10869
126079518 225 589 10883
126115986 235 1920 10894
126167771 238 1999 10910
126268535 223 2942 10941
126304267 238 369 10951
126495851 236 1611 11010
126568649 229 1711 11031
126597290 226 783 11040
126620328 226 2718 11046
126745509 233 70 11084
126829660 220 801 11111
126836308 236 1150 11113
126840200 221 2722 11114
126921751 225 2595 11138
127002131 223 2645 11163
127030148 220 1264 11172
127038044 226 880 11175
127071854 220 241 11184
127112505 234 1824 11196
127198801 220 590 11222
127251989 236 964 11237
127351072 232 2438 11269
127378750 222 2351 11277
127399762 229 1810 11284
127433629 234 754 11294
127488902 225 1569 11311
127525531 238 2636 11323
127565531 220 1998 11335
127635181 237 759 11357
127774377 222 633 11400
127886881 220 74 11433
127922384 234 129 11443
127925627 231 1311 11444
127961491 228 2507 11455
128016131 236 1298 11471
128065301 237 346 11488
128072571 236 2384 11490
128208734 226 658 11531
128282686 227 1203 11552
128327635 232 888 11565
128342231 226 2297 11569
128380061 236 2287 11580
128401105 225 1513 11586
128407226 227 2435 11588
128465120 229 2192 11605
128472980 236 2428 11608
128490947 228 913 11614
128540460 239 995 11629
128551917 220 2676 11632
128618957 220 1131 11651
128683073 223 172 11669
128704420 222 1525 11675
128825023 224 371 11711
128840848 232 2396 11717
128844346 227 1610 11718
128942707 228 2185 11747
129059536 238 2398 11782
129114153 235 1300 11799
129157131 228 2200 11812
129193586 235 526 11822
129220379 223 690 11830
129241239 225 1897 11836
129282760 231 1467 11848
129333559 229 317 11863
129356806 221 1717 11870
129368635 236 2897 11874
129401902 236 675 11884
129552841 231 2339 11929
129556393 229 1609 11930
129618661 221 1376 11948
129627257 220 1934 11951
129759096 226 1863 11991
129777113 232 300 11996
129780905 234 1972 11997
129868770 234 2061 12024
130094997 239 724 12092
130110267 234 762 12096
130117456 222 2680 12098
130145351 232 1189 12108
130165439 221 1296 12114
130211743 236 440 12128
130214698 239 923 12129
130224776 222 208 12132
130267091 234 2045 12144
130324170 235 198 12161
130348470 227 1519 12168
130462752 226 856 12203
130513479 238 833 12217
130531721 229 2014 12222
130555723 233 2276 12230
130602259 228 1903 12245
130666486 222 334 12265
130700869 236 234 12275
130708562 225 15 12277
130725771 229 1127 12282
130741203 235 951 12286
130772633 225 866 12295
130803807 234 2110 12305
130829437 233 2549 12313
130848737 232 1977 12319
130884336 236 2841 12330
130888669 231 692 12331
130971462 236 2122 12357
131157025 235 2561 12414
131165671 238 1698 12417
131249164 225 1340 12442
131287684 234 1919 12453
131295717 238 2641 12456
131360026 228 2551 12475
131396947 225 1373 12486
131409104 225 1494 12489
131452608 227 1211 12502
131507618 229 887 12519
131518793 226 2205 12523
131522685 238 101 12524
131525618 220 1484 12525
131533807 234 683 12528
131577678 221 2952 12540
131588062 226 2520 12543
131630229 220 2144 12556
131645538 225 236 12561
131700618 222 998 12577
131704399 228 2590 12578
131736087 237 1185 12588
131806229 221 2054 12610
131854285 227 2785 12625
131927279 239 492 12648
131975052 229 705 12662
132004353 233 1805 12671
132041720 239 391 12683
132143189 230 122 12715
132168555 221 2933 12722
132205602 227 783 12734
132240973 223 2442 12744
132337289 220 136 12773
132389275 236 1005 12789
132427916 227 2508 12801
132460188 234 1247 12811
132613874 231 63 12857
132670656 229 499 12875
132696807 226 544 12883
132807385 227 2894 12916
132829788 233 1564 12923
132834121 234 1708 12924
132876131 223 856 12938
132957724 238 2876 12960
133048937 228 2017 12989
133132879 229 1634 13015
133154245 237 1330 13021
133157988 236 1006 13022
133289804 229 579 13060
133346534 220 1273 13077
133352115 222 2133 13079
133381963 225 2262 13088
133418491 221 1414 13100
133421738 220 606 13101
133433268 223 1757 13104
133456013 230 693 13111
133465728 220 2470 13114
133562891 223 1994 13143
133581252 233 2520 13148
133667944 236 669 13174
133690371 230 2773 13180
133774740 222 2170 13205
133779015 231 138 13207
133797683 234 1032 13213
133827169 237 753 13222
133875192 239 1657 13236
133992430 222 1934 13270
134027149 231 521 13280
134030514 230 2901 13281
134060409 232 1103 13290
134077404 230 1235 13295
134099443 234 1076 13302
134102393 232 679 13303
134106080 225 1979 13304
134171858 229 1546 13325
134217965 229 1719 13340
134235764 235 2557 13346
134389266 224 1997 13393
134430598 234 491 13405
134460036 235 706 13414
134508955 223 1942 13428
134516110 221 885 13430
134519429 239 2335 13431
134522007 237 1752 13432
134685773 238 215 13481
134689301 228 1068 13482
134704084 224 2103 13486
134726524 233 1475 13493
134743781 223 639 13498
134768682 234 822 13505
134803245 223 1558 13516
134805749 229 2232 13517
134833705 226 1829 13526
134856468 220 2028 13533
134863197 237 394 13535
134873109 237 2087 13538
134969344 237 952 13568
135010760 234 174 13580
135103757 239 2054 13607
135139128 221 150 13618
135151834 237 2954 13622
135155429 234 575 13623
135189175 221 80 13633
135222321 220 2771 13642
135665044 231 1304 13776
135684677 234 553 13783
135739955 220 2670 13801
135750896 238 1029 13804
135781457 230 1113 13813
135784352 233 1954 13814
135875851 228 2579 13842
135939744 229 854 13861
136088391 232 1375 13906
136120347 231 2870 13915
136177658 238 152 13932
136184686 239 445 13934
136262695 221 2087 13958
136351439 238 917 13982
136393864 223 2919 13995
136443667 224 1791 14010
136455746 239 2296 14014
136461674 232 485 14016
136530829 233 693 14038
136533820 220 2577 14039
136552600 231 434 14045
136613739 239 1056 14064
136620585 239 2806 14066
136695398 228 1900 14088
136712149 226 486 14093
136830075 229 1988 14130
136994113 238 2034 14178
136997736 234 1214 14179
137004451 239 784 14181
137120846 231 2162 14215
137170381 233 62 14230
137200963 230 2565 14239
137204164 225 1727 14240
137281654 230 475 14263
137427849 222 2057 14307
137546431 238 557 14342
137608321 225 2368 14361
137661155 238 1208 14377
137711615 221 1389 14391
137744817 234 2713 14401
137756701 221 300 14405
137806195 227 789 14420
137818090 237 1156 14424
137852323 221 1702 14434
137871731 231 1943 14440
137909948 222 2469 14451
137926615 223 2819 14456
138016383 224 1212 14482
138022744 239 2667 14484
138140560 239 2497 14517
138200905 232 1033 14535
138328099 222 1233 14573
138333895 225 2187 14575
138351386 228 254 14581
138378361 237 2583 14589
138383093 235 2242 14591
138395472 222 1411 14595
138435309 229 1415 14607
138491010 236 1596 14626
138555832 236 261 14646
138601643 229 2088 14659
138632731 238 824 14669
138692628 230 1760 14689
138726575 236 256 14700
138788754 220 912 14718
138833801 223 574 14731
138946072 229 2066 14767
138966955 226 1048 14773
139049623 229 0 14799
139052464 221 960 14800
139100946 220 536 14815
139152583 232 2807 14830
139156248 237 924 14831
139163823 233 28 14833
139170866 228 725 14835
139203821 230 714 14845
139242967 232 1638 14857
139356171 236 319 14891
139403735 222 962 14905
139414058 222 2140 14908
139434525 220 967 14914
139464083 234 1676 14923
139589726 233 1766 14960
139687020 225 362 14991
139776069 220 832 15017
139834228 238 254 15034
139850786 238 2659 15039
139946271 226 106 15067
139957311 238 2163 15071
139969105 232 597 15075
140087770 230 439 15112
140104305 233 1342 15117
140125332 227 2871 15123
140172601 228 2238 15137
140176262 227 2174 15138
140237847 224 1255 15157
140322882 221 594 15183
140572815 239 952 15259
140593655 227 2898 15265
140628268 220 2938 15275
140691952 220 627 15294
140718437 232 684 15302
140721169 235 993 15303
140791233 231 86 15324
140807854 227 2914 15329
140837653 222 49 15338
140923341 226 1399 15364
141001886 226 1053 15387
141077584 225 2415 15410
141130248 231 508 15424
141134581 238 1477 15425
141144292 238 614 15428
141147467 234 2116 15429
141192158 229 123 15443
141240795 239 29 15458
141261369 223 2924 15464
141296019 233 1684 15475
141301470 226 671 15477
141304854 226 320 15478
141345192 232 1034 15490
141348519 229 962 15491
141354636 235 983 15493
141385730 238 2001 15503
141400691 227 1693 15508
141415295 229 830 15512
141465744 226 2032 15528
141516231 232 2928 15543
141574793 233 2506 15562
141621581 226 2090 15575
141634483 239 2370 15579
141648221 222 77 15584
141654149 225 272 15586
141783756 235 2293 15627
141786507 225 148 15628
141836663 239 1572 15644
141912378 237 2558 15666
141972870 228 2673 15684
141980874 238 1840 15687
141984360 239 2265 15688
142034047 236 2595 15702
142170068 224 1116 15743
142202244 231 142 15753
142232193 235 692 15762
142237654 231 1430 15764
142247238 221 947 15767
142425274 223 2187 15821
142524511 232 1518 15852
142588655 233 2091 15872
142615956 227 505 15880
142646629 227 1357 15889
142651410 228 2674 15891
142766431 235 2607 15927
142816584 230 2564 15943
142848676 232 228 15953
142892496 238 162 15966
142932244 227 1045 15977
142945694 237 599 15981
142952576 221 1299 15983
143004797 221 1573 15998
143060471 228 2141 16016
143078600 224 2198 16022
143162596 231 1281 16046
143238549 238 30 16067
143307272 220 1098 16087
143359475 228 2189 16102
143392187 224 1056 16112
143413209 225 1025 16120
143436336 225 803 16128
143564448 238 2713 16168
143626435 231 1173 16187
143660773 231 1096 16198
143666413 238 2377 16200
143826858 224 2945 16247
143848942 226 1561 16254
143860898 221 1060 16257
143998435 227 1713 16297
144051071 235 2317 16315
144190988 223 652 16356
144434480 221 585 16430
144441477 234 1229 16432
144475934 236 294 16443
144504238 224 869 16452
144612559 220 2445 16484
144673769 233 592 16503
144723501 233 874 16517
144973617 221 2885 16591
145042436 226 2627 16612
145145527 220 2516 16643
145150695 230 716 16645
145166748 222 1925 16650
145172448 237 563 16652
145237529 223 1270 16672
145242926 238 1036 16674
145372935 228 1249 16711
145474309 234 189 16741
145485383 228 2308 16744
145502601 237 2474 16750
145556306 231 1393 16767
145563187 230 2908 16769
145569776 222 1334 16771
145582418 236 2425 16775
145584740 231 2435 16776
145707925 232 290 16813
145718239 220 466 16816
145767444 234 1489 16830
145919107 223 63 16879
145983429 229 1009 16898
146142562 235 1812 16945
146165286 221 210 16952
146390041 220 1740 17016
146408875 220 1167 17021
146423140 222 642 17025
146461253 220 987 17036
146469925 233 2771 17039
146541525 220 52 17062
146569364 223 1242 17070
146581870 230 2995 17074
146652103 232 223 17093
146677668 227 1680 17101
146719235 222 381 17114
146760550 227 176 17126
146798462 237 327 17138
146858459 238 2255 17156
146989502 223 184 17196
147073260 228 1525 17222
147126568 223 2360 17237
147227760 223 1049 17268
147263067 227 1839 17278
147331434 236 2206 17298
147346877 236 2099 17303
147369983 237 492 17311
147450145 239 1161 17335
147496318 237 822 17350
147549465 228 1300 17367
147576941 220 1593 17375
147642783 228 398 17395
147667170 226 1457 17403
147692077 232 189 17411
147750513 236 1361 17428
147803476 236 2383 17445
147817313 227 2945 17449
147851810 229 2237 17459
147894985 224 1151 17472
147897839 229 1945 17473
147949460 229 201 17489
147995699 236 2133 17503
148003020 222 2834 17505
148045594 234 628 17518
148084761 227 2568 17530
148129308 237 356 17543
148175565 227 635 17557
148178595 225 1910 17558
148194024 227 460 17562
148331122 238 2905 17606
148332944 220 1617 17607
148387686 220 1348 17624
148411146 222 1407 17631
148417263 232 2498 17633
148430425 222 1635 17637
148457603 225 409 17646
148477945 235 7 17652
148484516 220 409 17654
148546349 236 1825 17674
148550158 223 683 17675
148576071 220 365 17683
148634527 232 1269 17701
148657708 234 2425 17708
148671834 224 685 17712
148711867 227 2620 17723
148734994 229 805 17729
148738983 229 2388 17730
148806392 231 1574 17750
148809580 228 470 17751
148912356 238 2640 17783
148964479 224 2055 17799
148999815 222 1545 17809
149091860 228 1080 17836
149098357 234 2406 17838
149115185 230 710 17843
149248840 222 2198 17883
149475279 231 2318 17954
149493502 226 2637 17959
149554252 222 710 17978
149675888 236 1980 18017
149687801 226 1019 18021
149696769 225 1999 18024
149718033 221 1702 18031
149796248 234 1194 18055
149827448 237 207 18065
149868202 230 410 18078
150005263 235 2272 18119
150039887 224 1482 18131
150105589 225 1002 18151
150118104 228 1176 18155
150210228 234 330 18183
150296014 220 586 18209
150320704 236 2803 18217
150431129 221 2519 18251
150479724 237 211 18267
150502042 222 1682 18274
150520344 229 68 18279
150535112 229 1463 18283
150809540 228 2397 18364
150819007 225 2557 18367
150866169 226 2377 18381
150887738 227 1494 18388
150935855 233 1228 18403
150941522 234 2234 18405
151086044 224 1778 18447
151113559 222 312 18457
151150274 222 107 18468
151169282 236 2521 18474
151176165 230 507 18476
151216269 237 1295 18488
151285012 235 759 18509
151305347 230 2282 18516
151368969 221 856 18534
151501527 226 1677 18574
151611493 233 2307 18608
151622213 231 427 18611
151653872 231 1027 18621
151722666 233 2 18641
151811961 235 2236 18668
151841189 222 2531 18676
151851804 239 2321 18679
152063318 234 1842 18742
152070745 239 913 18744
152208827 224 93 18785
152240780 226 1202 18795
152416277 236 2622 18849
152421918 234 1406 18851
152442792 237 862 18857
152499350 234 1314 18874
152520778 231 441 18881
152546349 223 796 18889
152617733 229 1344 18911
152645567 229 2481 18919
152789733 225 2156 18961
152805320 231 2170 18966
152869910 222 1965 18985
152881052 225 785 18989
152888787 222 3 18991
152912986 227 1220 18999
152919326 224 1363 19002
152933543 224 591 19006
152946739 225 1590 19010
153020019 220 1915 19033
153032634 236 595 19037
153119533 236 793 19063
153222124 220 1854 19095
153301168 226 1411 19118
153316165 234 77 19122
153355095 230 1870 19134
153359128 221 1856 19135
153420025 226 1020 19154
153486392 237 2325 19174
153495975 239 2141 19177
153520474 236 2883 19185
153660209 230 1809 19228
153667195 220 2109 19230
153673310 224 1306 19232
153675185 229 2949 19233
153731844 220 781 19251
153762088 235 1671 19261
153766421 223 1292 19262
153776932 224 301 19265
153784404 221 697 19267
153790492 234 2411 19269
153944126 227 308 19317
154001448 232 2056 19335
154111704 226 2766 19369
154115611 235 24 19370
154217458 237 752 19401
154225955 237 1916 19404
154236825 227 573 19407
154284239 230 1658 19421
154322426 235 738 19432
154374192 237 2161 19447
154383082 231 2538 19450
154441718 231 1877 19468
154604509 228 2615 19517
154620492 231 817 19522
154708951 226 1384 19549
154762307 220 2283 19565
154858589 237 2122 19595
154886629 224 1839 19604
155013590 234 1073 19642
155066832 238 2957 19658
155128582 233 2235 19677
155154829 230 2072 19685
155219587 233 1536 19705
155234821 223 1865 19710
155284024 237 543 19724
155387300 238 2977 19754
155471520 223 2219 19778
155480685 234 2036 19781
155552441 227 155 19802
155603204 224 1586 19818
155643839 221 2144 19830
155677254 235 2266 19840
155723568 232 1556 19853
155759128 237 2477 19864
155890814 222 1315 19905
156017583 221 121 19945
156038268 230 2670 19951
156051536 226 1167 19956
156075612 238 1337 19964
156087897 225 924 19968
156103723 235 411 19973
156173400 239 139 19995
156522189 237 1975 20100
156616644 223 1798 20128
156683991 220 1228 20149
156691807 226 877 20152
156708052 238 1456 20157
156726587 238 0 20162
156769225 222 1401 20175
156902702 223 2290 20216
156921182 226 2213 20221
156959333 228 35 20233
156972917 224 46 20237
157026129 220 1658 20253
157060993 229 2477 20262
157088267 228 2804 20271
157101507 229 1773 20275
157104245 226 1728 20276
157229399 234 314 20313
157612097 233 697 20428
157615385 237 1442 20429
157768812 239 460 20475
157823708 221 1202 20491
157833668 222 665 20494
157844605 237 1668 20497
157892989 228 2019 20512
157947044 227 1545 20528
157954050 224 1437 20530
158116913 232 2739 20578
158125931 235 1930 20581
158476034 228 705 20690
158499719 234 960 20698
158518008 228 2525 20703
158565506 224 1791 20718
158600987 233 2519 20729
158673225 238 866 20752
158707985 235 1168 20763
158729270 233 991 20769
158731050 227 1071 20770
158814112 226 246 20795
158870615 226 2606 20813
158900153 235 1069 20823
158939194 222 17 20835
158949628 232 2898 20838
158965267 222 1538 20843
159015528 233 1303 20858
159025178 239 804 20861
159110746 222 2198 20887
159177186 231 2004 20907
159190322 223 639 20911
159273803 224 2853 20937
159286693 221 2784 20941
159354393 231 2105 20961
159400738 237 1207 20976
159428071 233 5 20984
159444562 228 832 20989
159562968 220 2982 21024
159570196 237 1520 21026
159601457 239 2238 21036
159653289 221 874 21051
159735771 237 98 21075
159888494 230 1394 21121
159902935 228 1639 21125
159936491 220 2283 21136
159950217 231 860 21140
159977401 237 2417 21148
159981412 222 2415 21149
160061149 227 171 21172
160270081 226 288 21233
160307985 223 1732 21244
160337157 223 1130 21253
160348412 228 1771 21256
160637909 239 339 21345
160688450 223 993 21360
160803271 230 448 21396
160827347 233 2641 21403
160848961 225 2155 21410
161014744 233 2735 21462
161141383 224 740 21499
161221241 231 823 21524
161276969 231 740 21541
161304767 228 2368 21550
161319337 220 139 21555
161355653 221 1849 21566
161401444 226 2885 21580
161474240 229 1811 21602
161541896 224 1555 21623
161545077 225 308 21624
161624504 226 1789 21649
161653209 226 2558 21657
161716451 232 21 21676
161720073 234 765 21677
161777098 221 1901 21693
161780639 227 2588 21694
161822361 232 2421 21707
161991185 238 2723 21757
162011291 236 2712 21763
162033171 221 363 21769
162036455 239 1579 21770
162138074 227 2343 21802
162175780 222 1571 21814
162182789 237 2651 21817
162223702 232 2316 21829
162267161 226 1399 21843
162369138 235 16 21873
162396137 220 1079 21881
162413905 223 767 21887
162457632 228 860 21901
162478207 229 716 21908
162481199 225 351 21909
162548897 225 2270 21929
162574867 234 20 21936
162615402 236 690 21949
162914857 234 724 22041
162921004 234 585 22043
162934720 235 1675 22047
163013219 222 2048 22070
163020707 232 1575 22072
163054460 223 89 22082
163069339 224 1166 22087
163120716 227 2853 22102
163267260 225 1177 22146
163273881 232 60 22148
163301755 220 2502 22156
163442704 231 1986 22199
163510343 236 1600 22219
163514453 224 1105 22220
163551616 228 2064 22231
163580002 221 2883 22240
163593881 237 1552 22244
163684087 231 360 22271
163717592 232 1781 22281
163775487 237 1604 22299
163812982 237 282 22311
163856371 238 899 22324
163905945 231 1768 22339
163959142 231 81 22355
163997814 225 2589 22369
164071941 224 1357 22391
164120743 227 2879 22406
164154434 228 1929 22416
164177370 228 2324 22423
164261449 229 1364 22449
164299064 229 1291 22460
164316178 234 1611 22465
164336558 223 1472 22471
164452546 238 10 22505
164487146 233 348 22516
164566594 228 2996 22539
164624498 231 370 22557
164638559 233 1634 22562
164669153 222 1384 22571
164724833 221 1704 22587
164798187 224 386 22610
164801531 220 1515 22611
164852108 220 1182 22626
164900575 230 1028 22640
165013591 236 1675 22673
165103011 220 2300 22701
165113926 224 1227 22704
165121037 229 2414 22706
165150904 235 516 22715
165165249 227 1682 22720
165223344 237 2328 22738
165340423 230 1580 22773
165350082 223 2631 22776
165545277 229 2730 22835
165549152 235 2312 22836
165574063 239 798 22843
165603064 220 732 22851
165610917 225 2308 22853
165652678 233 2529 22866
165680802 238 2666 22874
165734190 223 215 22890
165815986 233 2634 22916
165836230 228 728 22922
166019161 227 936 22979
166134211 239 119 23014
166217949 230 334 23040
166260285 231 1873 23052
166299717 238 988 23064
166305342 233 2444 23066
166356526 220 2728 23080
166401409 228 197 23094
166426659 228 1320 23101
166629497 229 2688 23161
166640254 225 1012 23164
166697988 234 1989 23182
166705516 220 2097 23184
166726235 235 2804 23190
166743463 225 2097 23195
166766439 239 2266 23202
166781003 226 1367 23206
166803711 222 117 23213
166876580 235 975 23234
166882114 237 913 23236
166885979 223 522 23237
166900767 226 1962 23241
166924364 223 2635 23248
166961630 220 13 23261
166998935 239 2869 23272
167014471 237 534 23277
167078203 232 500 23298
167093400 237 10 23302
167127088 238 1598 23312
167249996 221 1288 23349
167324062 225 2612 23371
167334071 222 1961 23374
167355042 225 1620 23380
167377660 234 617 23387
167428892 228 1063 23402
167467255 231 840 23414
167534331 239 592 23435
167598235 238 48 23455
167618212 232 2315 23461
167680697 232 2115 23480
167703474 220 2781 23486
167781031 236 699 23509
167840250 226 1950 23526
167844583 234 2407 23527
167910076 222 2583 23546
167923476 221 2080 23550
168103933 231 2248 23605
168108202 228 1484 23606
168127460 222 818 23612
168165663 239 1360 23623
168184573 224 1537 23629
168301095 237 2427 23663
168317867 234 1045 23668
168321313 237 2702 23669
168351232 231 1442 23678
168357638 226 2395 23680
168368201 227 1897 23683
168422920 231 1239 23701
168435849 233 1002 23705
168443414 233 2017 23707
168488855 236 1688 23720
168568970 224 2325 23744
168684584 227 483 23779
168756031 236 1102 23802
168877751 232 293 23837
168938445 227 323 23856
169078356 227 1024 23898
169122980 235 1561 23911
169143633 220 560 23917
169199887 226 2866 23933
169213302 231 2665 23938
169363941 239 1192 23985
169388411 223 2192 23993
169441617 235 368 24010
169466427 235 881 24017
169470402 239 2748 24018
169477247 234 753 24020
169508210 225 2822 24030
169636161 236 218 24068
169667375 238 2780 24078
169717444 234 742 24093
169829978 237 1109 24126
169840833 227 1094 24129
169884492 227 2790 24141
169927365 228 290 24154
169940178 225 1014 24158
169997531 229 305 24175
170051850 225 1586 24192
170085948 238 45 24202
170156405 221 2182 24223
170166040 221 157 24226
170233585 232 2132 24246
170302209 231 306 24267
170309356 226 227 24269
170327972 232 338 24274
170360038 238 2952 24284
170363199 228 2584 24285
170368736 228 701 24287
170432577 224 241 24307
170451690 238 492 24313
170538372 230 447 24340
170688805 224 386 24386
170795321 231 340 24418
170836927 228 1232 24430
170860985 232 484 24437
170871379 239 1677 24440
170908597 238 2113 24451
170944046 236 2904 24462
170955489 222 2259 24466
170965694 221 2794 24469
171017956 225 1431 24487
171054988 236 2516 24498
171099428 230 1555 24511
171214122 222 207 24546
171234622 236 596 24552
171414335 234 1527 24605
171422203 238 1846 24607
171476077 221 2916 24624
171503060 222 1326 24633
171594361 239 1977 24661
171679782 223 1898 24686
171796226 223 2001 24723
171803981 222 2787 24725
171850432 231 2185 24740
171858068 226 1680 24742
171904205 221 200 24755
172166452 228 1870 24834
172196954 234 2839 24844
172253113 230 2210 24861
172308107 227 1471 24877
172512792 237 2296 24938
172833522 233 1244 25034
172901825 233 2922 25056
173008832 233 2611 25087
173096964 225 709 25116
173252636 232 1139 25161
173271734 234 1854 25167
173412942 228 286 25210
173444105 238 606 25220
173561982 236 2730 25255
173618562 223 1269 25272
173626803 221 2322 25274
173630129 235 2997 25275
173660234 223 435 25284
173671284 236 739 25287
173735157 235 374 25305
173803084 225 567 25327
173841856 235 67 25339
173874661 220 91 25348
173913462 232 2636 25359
173985008 229 1245 25380
174001627 222 616 25385
174005867 227 978 25387
174019027 237 2221 25391
174044021 228 2964 25398
174154457 227 2564 25431
174164305 221 532 25434
174192046 231 2060 25442
174199517 224 1736 25444
174348922 228 832 25488
174358936 232 800 25491
174394888 223 1490 25502
174404990 220 893 25505
174408130 227 2091 25506
174421476 234 2397 25510
174624661 237 2756 25573
174635421 231 1157 25576
174658001 235 1157 25583
174664335 220 1191 25585
174668668 220 1449 25586
174684896 236 2244 25591
174701956 228 1569 25596
174724031 222 912 25602
174758758 239 1033 25612
174812559 223 2465 25628
174844060 225 1839 25637
174851670 234 192 25639
174878793 236 1493 25648
174926352 234 875 25662
174972958 238 52 25676
174999835 232 441 25684
175118890 220 1966 25719
175145649 232 173 25727
175254378 226 1250 25759
175266700 229 1105 25763
175280569 228 934 25767
175304178 221 1801 25774
175316216 236 1945 25778
175443227 239 2334 25818
175450865 221 2833 25820
175517579 224 2499 25839
175538102 225 2922 25845
175636765 230 2884 25875
175726351 234 635 25903
175855138 222 1562 25942
175983655 222 830 25981
176079633 231 1482 26009
176144812 232 1229 26029
176223921 233 347 26053
176298581 231 301 26076
176428463 225 1567 26114
176432077 226 2782 26115
176435099 238 467 26116
176455433 233 577 26122
176514427 226 766 26140
176663621 232 1107 26185
176688923 225 854 26192
176702984 238 2219 26196
176723896 231 2983 26202
176750561 223 2476 26210
176766099 226 2889 26216
176776785 222 605 26219
176819535 231 1371 26231
176838889 222 1814 26236
176879928 227 2384 26249
176917358 233 770 26261
176958863 231 1722 26274
177061081 224 932 26302
177107517 224 1905 26316
177117616 237 1172 26319
177151285 226 960 26329
177239130 225 2355 26354
177290862 238 2983 26369
177321369 238 233 26377
177376804 227 2246 26393
177409213 226 2842 26402
177491189 233 826 26427
177493269 233 2459 26428
177507738 230 1529 26432
177549785 226 2040 26445
177567780 230 2098 26450
177588029 237 2904 26456
177654777 221 1644 26476
177715092 221 1200 26497
177787347 235 246 26518
177826709 238 2350 26529
177842513 226 2292 26534
177901937 222 1083 26552
177952401 225 549 26567
178021205 232 1647 26588
178055529 227 1951 26598
178058146 238 1678 26599
178134741 227 1205 26623
178144192 225 1408 26626
178172089 231 3 26634
178177211 220 147 26636
178194510 233 244 26641
178208088 230 1741 26645
178269421 221 2947 26663
178295523 236 802 26671
178314168 234 1634 26677
178325527 220 38 26680
178353300 236 289 26688
178370672 221 928 26693
178405878 230 676 26704
178440919 234 2776 26713
178486239 221 361 26727
178491775 223 1425 26729
178539053 231 2721 26743
178565062 225 1593 26751
178588351 224 2176 26757
178656037 228 1956 26778
178707536 228 1768 26793
178735948 235 1195 26801
178737777 237 2326 26802
178769017 222 2954 26812
178826258 232 108 26829
178863180 238 1148 26840
178884433 225 2218 26847
178911493 223 1096 26855
178952809 221 2869 26867
179085592 231 2067 26907
179094338 225 1768 26910
179135194 231 2962 26923
179169178 231 840 26934
179239279 223 638 26956
179498386 226 897 27034
179522740 233 2429 27041
179698053 228 929 27092
179736493 227 1676 27103
179749010 231 2092 27107
179876183 229 1620 27146
179934942 223 408 27164
180039019 220 2817 27196
180166819 223 592 27235
180168673 234 1628 27236
180220746 223 81 27251
180235012 237 2446 27255
180397652 238 1769 27302
180482643 235 159 27327
180505243 233 2778 27334
180523496 223 1828 27340
180596999 231 1718 27363
180661944 223 2090 27382
180710339 226 1015 27397
180757134 227 957 27410
180804691 234 1006 27425
180839466 226 463 27436
180847277 229 1745 27438
180891733 231 1568 27451
181029786 234 2316 27493
181078754 231 1297 27507
181087471 223 1042 27510
181112346 228 80 27517
181201375 224 243 27544
181217570 236 405 27549
181307466 231 2516 27575
181339909 230 1005 27585
181482338 220 650 27630
181608567 220 93 27668
181750037 222 2162 27712
181769323 234 1895 27717
181808968 225 1601 27729
181833892 234 2515 27736
181923645 232 1556 27763
181981762 237 1278 27781
181985162 236 2256 27782
181989055 237 2973 27783
182100246 228 992 27817
182103814 222 1781 27818
182177154 223 1961 27840
182187069 227 2414 27843
182274500 220 2862 27868
182315213 228 2545 27881
182322203 225 746 27883
182330903 224 2575 27886
182456715 226 2465 27924
182468849 228 794 27928
182480968 228 292 27931
182491674 225 2411 27934
182509945 224 2891 27940
182530946 239 73 27947
182595906 234 2355 27967
182670120 223 1919 27990
182826955 224 1501 28036
182840231 222 1176 28040
182878856 230 2656 28052
182957147 223 2287 28076
182961149 226 538 28077
182981115 220 2434 28084
182999312 232 365 28090
183015679 236 2561 28095
183034514 228 2517 28101
183041925 223 2694 28103
183048911 220 862 28105
183131579 233 2837 28131
183249027 222 1389 28165
183277785 233 510 28174
183295940 229 2966 28180
183425338 229 1651 28218
183469121 229 1554 28230
183551180 225 2495 28254
183562174 229 1338 28257
183566507 239 2037 28258
183623755 235 808 28275
183631058 237 1319 28277
183678540 227 1892 28294
183699837 220 2503 28301
183707581 236 1205 28304
183714144 230 1621 28306
183845550 230 1672 28344
183948357 225 1808 28376
183978119 229 357 28385
183985495 232 721 28387
184024840 223 2117 28399
184065950 220 2738 28412
184166154 231 2861 28440
184211226 221 1166 28454
184284985 234 1545 28477
184295884 220 1931 28480
184430605 221 2794 28520
184466561 239 324 28530
184520359 228 2852 28546
184524446 236 966 28547
184543592 231 1768 28553
184564939 237 773 28560
184645844 227 783 28584
184686796 227 143 28597
184709702 226 676 28604
184748979 231 1735 28616
184849469 238 2809 28645
184886695 236 405 28656
185035801 235 2430 28701
185108777 237 486 28722
185195430 232 2820 28748
185454336 223 2214 28825
185543046 220 1809 28851
185588948 227 1394 28865
185616853 223 836 28874
185625522 233 2187 28877
185635943 238 116 28880
185727404 227 970 28908
185767734 224 919 28920
185884461 221 2466 28955
185952431 236 1145 28975
186058072 226 2573 29007
186081501 223 2939 29014
186241888 234 1489 29062
186254384 233 2723 29066
186298277 226 649 29082
186342723 232 738 29095
186387610 234 2538 29109
186398978 223 2223 29112
186468894 231 1276 29133
186485027 233 1273 29137
186675115 237 1516 29193
186706010 221 624 29203
186721822 221 1679 29208
186780077 223 2997 29225
186799957 221 565 29232
186816687 225 401 29238
186936356 232 1551 29273
187026009 236 2840 29299
187116488 236 45 29327
187318859 228 195 29389
187324994 234 804 29391
187332160 226 45 29393
187382275 229 676 29409
187397063 222 691 29414
187486264 232 1526 29442
187505868 239 700 29447
187623606 236 2177 29481
187639302 226 442 29485
187718663 233 2803 29509
187724825 226 2992 29511
187749511 228 2329 29519
187802193 224 2174 29534
187847883 236 2387 29547
187851812 233 808 29548
187859944 227 2899 29551
187948596 222 1248 29578
188030572 220 2251 29602
188055584 239 1111 29610
188071889 220 280 29614
188081114 220 1152 29617
188119962 224 1227 29629
188149023 224 2852 29639
188373828 225 1411 29706
188423808 231 1676 29721
188467844 226 8 29735
188534592 221 521 29755
188617778 238 2944 29781
188631043 224 354 29785
188707382 224 2786 29808
188724802 236 1620 29813
188762487 221 2258 29824
188843517 223 878 29848
188878167 224 1544 29859
188978274 238 1018 29890
188981280 224 2 29891
189022562 226 203 29904
189052398 232 15 29914
189097542 238 2426 29926
189100806 239 2654 29927
189213687 236 2447 29961
189319268 236 2871 29992
