64439 285 1621 4
418158 285 529 30
521745 294 1080 38
717119 293 1052 53
755349 287 1647 56
1093118 294 2651 82
1119784 297 341 84
1618509 291 2107 124
1631591 298 2516 125
2038775 291 241 155
2353541 289 1242 178
2452068 291 1503 185
2588695 281 794 195
2622923 288 959 198
2875650 296 2838 218
3081541 282 2841 234
3445640 286 2126 260
3690234 283 318 279
4001609 298 1716 302
4154692 290 2731 313
4171358 293 752 314
4454797 280 1876 335
5059500 293 636 381
5112546 281 1886 385
5453092 291 717 411
5595518 291 703 422
5846649 289 882 441
5992252 287 1215 452
6175017 296 2891 466
6198997 293 2801 468
6631516 289 1812 500
6984099 287 2825 527
7088623 285 2933 535
7268790 298 2656 549
7940165 280 1725 599
7966798 289 157 601
8134348 281 450 613
8553831 295 47 644
8728038 285 1227 657
8768918 292 1403 660
8883250 289 2413 669
8933006 298 1773 673
8948815 289 433 674
9313020 289 1841 702
9421155 295 1679 710
9976616 291 1266 751
10050633 280 2866 757
10078362 290 348 759
10452530 297 702 788
10631108 280 42 801
12030993 284 1900 907
12560686 292 276 947
12749927 284 122 961
13300798 284 864 1002
13344326 284 926 1005
13521701 286 1776 1019
13566789 294 1205 1023
13624017 289 2124 1027
13756593 293 1852 1037
13983510 292 461 1054
14583988 285 304 1100
14628700 284 2228 1103
14904872 283 51 1124
14915577 287 728 1125
15319489 292 1234 1154
15388812 282 23 1159
15499014 292 392 1167
15943912 294 2288 1201
16099409 284 2819 1213
16440810 295 2 1238
17077578 285 268 1286
17260477 288 1567 1299
17389843 288 901 1308
17489911 285 2563 1315
17690546 298 569 1330
17819996 291 1345 1340
18233986 290 2600 1371
18478870 290 1589 1390
18492624 298 2712 1391
18840530 285 2928 1417
18914216 287 2199 1423
19017043 285 1611 1431
19130852 290 2323 1439
19157518 283 1330 1441
20061260 296 1041 1508
20296810 293 2748 1525
20412253 294 185 1534
21353465 292 2792 1604
21798107 287 2723 1637
22022819 287 880 1654
22267972 298 1459 1672
22553614 284 2613 1694
22809938 291 2614 1714
22887725 280 2822 1720
22947132 295 1713 1724
22974892 282 921 1726
23227168 283 2799 1744
23294725 286 2087 1749
23535877 289 884 1766
23591567 284 2558 1770
23740430 283 515 1782
24065252 284 1040 1806
24156596 289 1478 1813
24245017 281 1656 1820
24396881 294 2265 1831
24471704 288 934 1836
24688783 297 1286 1852
24804397 298 1911 1861
25055325 298 1257 1879
25221696 293 2956 1892
25484595 292 361 1912
25606240 287 1516 1922
25659044 282 1659 1926
25787575 286 1888 1935
26009270 282 2871 1952
26240509 297 2996 1969
26430932 285 2101 1983
26483167 289 2274 1987
26564024 291 2134 1993
26600349 291 1007 1996
26969203 283 266 2024
27188354 293 2974 2040
27391884 283 1396 2055
27496026 297 2786 2063
27668388 290 633 2076
27691934 283 923 2078
27837315 290 1844 2089
27952269 284 888 2097
28149318 294 750 2112
28265171 296 2685 2121
28484094 281 297 2137
28656211 284 63 2150
29494486 291 2405 2214
29624615 292 1437 2224
29677980 296 38 2228
29948372 296 2942 2249
30856499 281 1206 2316
31164983 282 410 2339
31232275 291 716 2344
31397900 285 701 2356
31483732 280 183 2362
31496749 294 395 2363
31826939 296 947 2387
31928236 280 40 2395
32082934 296 2708 2407
32171769 285 2983 2414
32482075 283 2958 2437
32630764 289 1307 2448
32643296 291 725 2449
32707959 286 754 2454
33021778 284 1932 2478
33218309 297 2844 2493
33234215 282 1813 2494
33278004 282 1028 2497
33392108 294 700 2506
33436091 294 2282 2509
33524577 287 2355 2516
33647006 294 1148 2525
33821290 294 878 2538
34263561 290 700 2571
34589630 293 1989 2594
34744320 292 1444 2605
34839082 292 2836 2612
34913490 286 2506 2618
35040435 288 135 2628
35109120 296 2013 2633
35246919 289 1925 2643
35444328 285 824 2658
35939393 281 1248 2696
36057043 281 1023 2705
36413808 280 1090 2731
36426008 283 2507 2732
36476015 293 143 2736
37167587 280 2884 2789
37418299 292 2986 2808
38067429 293 292 2858
38077429 295 855 2859
38091472 289 2406 2860
38447067 285 645 2887
38601977 298 2046 2898
38915350 281 1288 2921
39392235 280 86 2957
40331736 281 1820 3027
41040066 295 80 3080
41116259 284 2954 3086
41623209 292 1477 3123
42245512 289 1700 3168
42275627 295 1336 3170
42595992 280 1915 3194
42736296 289 1887 3205
42913772 296 1349 3219
43085516 287 28 3232
43190521 294 2858 3240
43366510 281 1094 3254
43465916 286 1232 3261
43531934 283 1980 3266
43575101 289 180 3269
43695095 283 829 3278
44357635 281 668 3328
44444457 280 2942 3335
44493519 290 617 3339
44719671 286 2128 3356
45036250 290 1612 3379
45080886 284 850 3383
45135269 294 456 3387
45174508 295 2704 3390
45326132 284 52 3401
45767136 285 815 3434
45915033 292 401 3445
46064022 295 2991 3456
46146025 287 240 3462
46202286 292 1742 3466
46264379 285 1769 3471
47157713 298 383 3536
47598683 295 1521 3568
47683072 282 2173 3574
47770205 297 994 3581
47799826 289 1441 3583
47816254 282 1586 3584
47915571 288 2428 3591
48094922 294 45 3604
48208595 289 2317 3613
48260239 281 2473 3617
48392760 293 1789 3627
48572779 283 1198 3640
48612029 284 2412 3643
48767992 289 160 3655
48780607 280 2503 3656
48992924 280 367 3672
49111621 290 286 3681
49246923 284 2496 3691
49634136 297 1243 3721
49949314 290 2355 3744
50225908 292 1913 3766
50481484 290 2672 3786
50796092 287 2657 3810
51025725 284 2964 3827
51374057 289 1579 3853
51438023 282 2447 3858
51451729 294 734 3859
51505193 292 1490 3863
51520522 295 2054 3864
51676039 287 2824 3876
51757255 286 652 3882
52144010 290 329 3911
52194614 280 1826 3915
52246528 291 1633 3919
52261415 285 203 3920
52463694 291 2694 3935
52508266 287 1905 3938
53046072 283 2925 3978
53269985 291 2289 3994
53505603 282 1175 4010
53819954 297 2948 4034
54027949 293 2316 4050
54442838 283 550 4081
54604365 297 2339 4093
54649571 296 264 4096
54659796 280 1297 4097
54685465 288 1352 4099
54713436 283 1702 4101
54956086 297 1854 4119
55180603 297 1340 4136
55220486 280 2792 4139
55703034 294 1030 4176
55734447 293 1064 4178
55870267 280 1122 4188
55932127 291 2080 4193
56520443 289 310 4237
56741707 292 725 4254
56753165 288 929 4255
57215170 293 2493 4289
57462114 284 2180 4309
57562665 296 1015 4316
58175889 292 2037 4363
58536476 292 1795 4391
58571642 298 904 4394
59092591 292 1059 4433
59640766 285 2571 4474
59732178 298 2967 4481
59974046 286 628 4499
60075627 294 2090 4507
60194618 291 415 4516
60207055 283 352 4517
60220039 297 403 4518
60310421 290 2456 4525
60367067 295 555 4529
60633696 288 2603 4549
60765757 296 28 4559
60793332 291 2049 4561
61162533 281 1698 4589
61214766 284 229 4593
61248317 280 1599 4596
61742825 288 2326 4633
62105881 293 215 4660
62260478 280 1758 4671
62369122 282 2375 4679
62439026 280 2710 4684
62850556 284 2081 4715
63932880 286 2516 4796
64118297 287 1284 4810
64284647 280 2021 4823
64479196 294 1812 4838
65413573 290 1716 4907
65710920 285 1840 4927
65806733 287 1311 4934
66167044 297 497 4960
66597953 280 282 4993
66760997 284 584 5005
66966497 287 266 5022
67000937 285 2985 5025
67298636 291 631 5047
67972624 282 1616 5097
68829843 292 2708 5162
69034409 284 1117 5177
69645388 296 2397 5223
69820196 280 509 5237
70006009 283 2013 5251
70017584 288 171 5252
70147891 298 640 5262
70240350 293 239 5269
70413296 291 880 5282
70599053 296 10 5297
70771472 280 2588 5309
70973934 296 41 5324
71129560 283 21 5336
71158818 289 1922 5338
71263602 296 1601 5346
71328256 297 2602 5351
71373640 287 2770 5354
71389237 295 1357 5355
71477752 296 1103 5362
71738238 286 1671 5382
72189180 281 2812 5416
72310487 292 672 5425
72939088 298 1287 5473
73029289 293 2579 5480
73073587 291 900 5483
73914122 290 1437 5546
74003821 291 626 5553
74285790 290 2661 5574
74822503 283 1138 5614
75303281 289 2070 5650
75380222 298 1737 5656
75705011 296 977 5680
76244008 285 926 5720
76464420 290 563 5736
76489369 290 813 5738
76529363 291 2039 5741
76846037 285 1787 5765
77320453 291 1766 5802
77336727 292 2238 5803
77413380 297 1550 5808
77624445 296 64 5824
77829219 292 2325 5840
78578020 288 927 5896
78602658 289 1473 5898
79131242 283 2895 5940
79512463 292 2042 5968
79958434 297 79 6001
80051523 285 2618 6008
80343662 291 744 6030
80379182 293 2389 6033
80436990 294 911 6037
80778086 294 1504 6062
81114706 296 900 6087
81181990 282 1649 6092
81194360 295 1418 6093
81459493 297 918 6113
81536360 294 321 6118
81711516 291 2094 6131
82282570 295 2178 6174
82472579 287 2386 6188
82500839 287 1717 6190
83305840 295 1467 6250
83502632 294 2994 6264
83783331 285 280 6285
84138316 289 2030 6312
84359829 295 2269 6330
84730869 280 323 6358
84840362 295 771 6366
84960982 282 2000 6375
85177701 289 2423 6391
85365846 286 1608 6405
85453766 289 1223 6411
86097861 298 1657 6459
86738526 294 816 6509
87108660 297 1073 6536
87157012 298 882 6540
87258518 280 721 6547
87374970 284 1324 6555
87489501 286 2284 6563
87594965 298 2425 6571
87622365 295 1361 6573
88021054 292 1003 6604
88062806 285 2893 6607
88213266 290 662 6618
88534313 290 1277 6642
88572252 282 2049 6645
88880540 287 645 6669
88972919 287 1340 6676
89465454 292 1227 6713
89643891 290 406 6726
89700514 281 437 6730
89797014 282 1951 6737
89996628 295 979 6752
90019917 286 2278 6754
90166730 287 2106 6765
90207196 292 73 6768
90457041 296 2560 6787
90603689 290 64 6798
90717684 294 1225 6806
91370989 297 121 6854
91618544 293 110 6873
91706070 297 1815 6880
91889405 287 386 6893
92173435 298 1350 6915
92301845 295 1484 6924
92419300 283 1313 6933
92478906 280 2290 6938
92628807 296 1562 6950
92737201 291 2117 6958
92963950 296 1638 6974
93341686 284 1340 7003
93605626 298 2118 7023
93617679 281 1649 7024
94251232 280 2572 7072
94491451 294 932 7091
94504153 293 1075 7092
94690810 295 780 7106
95545887 281 675 7169
95638011 281 1678 7176
95652388 285 2183 7177
96783679 282 32 7261
97029978 296 535 7280
97734312 292 2069 7332
97967044 293 808 7349
98085137 295 1556 7358
98693093 296 1632 7403
99041989 293 1474 7429
99105267 294 119 7434
99159012 284 2728 7438
99198824 280 41 7441
99320222 294 2920 7450
99408023 282 1448 7456
99463659 298 1515 7460
99496738 289 356 7463
99760023 296 354 7483
99785723 289 432 7485
99832629 281 891 7489
99874743 294 1148 7492
100134858 280 1542 7512
100198894 298 1124 7517
100239165 292 2677 7520
100319315 289 1667 7526
100950007 290 933 7574
101244981 282 2663 7597
101324286 281 363 7603
101639663 294 1268 7627
102802272 296 1114 7716
103031612 295 198 7734
103149947 287 16 7743
103218727 296 2035 7748
103234393 285 112 7749
103289539 291 442 7753
103500360 293 1803 7769
103513948 284 234 7770
103766156 280 1592 7789
103804102 283 2252 7792
104190354 287 330 7822
104367038 280 1166 7835
104610267 284 2718 7854
104903532 280 28 7876
104916645 298 1575 7877
104943696 294 2728 7879
105312328 297 2341 7907
105325200 281 2816 7908
105921145 283 1427 7952
106099569 292 2690 7965
106440338 292 1022 7991
106755944 281 2607 8016
106874579 294 132 8025
107406908 281 1953 8065
107779463 287 31 8093
107927003 291 2629 8104
107999499 298 105 8109
108137348 291 149 8120
108148524 292 2324 8121
108216697 284 931 8126
108438806 288 1240 8143
108986636 290 837 8184
109495128 294 2530 8223
109803451 295 1345 8247
109976997 294 1908 8259
110002927 282 789 8261
110335899 297 36 8286
110547283 285 2135 8302
110591884 289 1927 8305
110606615 295 1468 8306
110980882 288 1568 8334
111148637 289 834 8346
111172487 293 261 8348
111372548 286 521 8364
111407625 296 2584 8367
111422664 288 456 8368
111788844 281 1929 8396
112668971 293 2400 8461
112785661 298 2411 8470
113042774 290 2179 8488
113598871 292 345 8529
113731079 295 2509 8539
113842648 297 186 8547
113880190 285 1825 8550
113910208 280 2554 8552
113977069 284 2580 8557
114379890 297 1369 8587
114393028 296 2755 8588
115224796 289 2423 8651
115322143 287 32 8659
115379208 298 332 8663
116210278 281 1699 8725
116623447 296 2996 8756
116782369 298 1169 8769
117455170 284 537 8819
117551288 284 2650 8826
117758394 286 697 8842
117812331 286 742 8846
118056963 287 2185 8863
118148098 290 2290 8870
118200885 288 724 8874
118677611 292 1075 8909
118890806 292 804 8925
118930945 292 873 8928
119150315 286 579 8945
119889939 287 1870 9006
119923146 287 2518 9017
119962304 283 1271 9029
120043808 293 481 9055
120096998 283 2267 9070
120117187 298 422 9076
120195271 294 283 9098
120251873 289 42 9115
120265250 294 2431 9119
120266879 288 2093 9120
120274404 297 509 9123
120308533 289 2067 9132
120371191 284 2485 9151
120381110 298 2849 9154
120388155 285 2244 9156
120398846 293 2681 9159
120424772 282 439 9167
120533643 284 2617 9200
120561785 285 1717 9208
120657448 296 916 9238
120675410 296 1900 9244
120687203 287 2871 9248
120700915 296 1191 9252
120769566 285 2831 9272
120784452 289 800 9277
120798795 292 188 9281
120879756 280 1869 9306
120935845 286 597 9322
120952215 286 874 9328
120959714 289 614 9330
121069880 290 1433 9364
121099065 289 2660 9372
121116939 295 2826 9377
121126559 293 2449 9380
121146540 289 1995 9386
121164209 288 360 9391
121262573 289 308 9421
121281118 288 185 9427
121304704 295 2356 9435
121338699 286 125 9446
121361560 284 177 9454
121400735 292 981 9466
121419435 282 208 9472
121438414 295 2611 9477
121444040 285 2513 9479
121505501 281 915 9498
121542684 293 503 9510
121563890 295 434 9516
121566848 293 2138 9517
121570799 290 1804 9518
121719473 281 1912 9565
121742552 296 1809 9573
121772686 289 927 9583
121879928 287 1830 9616
121947573 293 329 9637
122042003 297 454 9666
122052246 298 2792 9669
122073634 282 1081 9676
122088719 293 1303 9681
122207825 280 1274 9717
122240901 292 357 9726
122258081 290 596 9732
122370991 295 979 9768
122447920 296 834 9792
122465663 281 715 9797
122487789 290 404 9803
122500633 281 1183 9807
122584806 287 1371 9831
122595142 285 2958 9834
122786171 286 2108 9891
122870716 290 199 9915
122903274 281 491 9925
122911024 290 1222 9927
123016074 285 110 9957
123065808 282 571 9972
123097980 284 416 9982
123136005 285 1628 9993
123182601 298 2258 10007
123220671 285 1231 10017
123252666 284 1917 10027
123283045 297 1090 10037
123376751 285 1320 10064
123421908 284 2128 10078
123440545 290 729 10084
123469106 282 462 10093
123523124 295 2759 10108
123564192 280 1514 10120
123672271 287 2371 10152
123701889 286 461 10161
123840418 294 668 10203
123892478 298 2324 10218
123944572 291 1342 10232
124127909 280 1618 10288
124135973 282 2374 10290
124165990 286 188 10299
124228068 281 533 10317
124331677 294 2310 10348
124343614 291 2412 10352
124444260 289 735 10383
124586637 282 2547 10426
124628538 291 2185 10439
124638028 280 2547 10442
124716665 297 96 10464
124781914 281 2958 10484
124989195 289 1933 10548
125033901 289 2621 10562
125080640 285 317 10576
125112107 289 1567 10585
125224775 294 1570 10618
125232794 290 1398 10621
125247249 298 207 10625
125254082 282 712 10627
125436308 282 2315 10680
125470065 298 2468 10691
125499278 292 2796 10700
125576481 295 2 10725
125593717 296 551 10730
125651024 290 2189 10748
125712095 285 2580 10767
125722531 294 2664 10770
125763149 297 2580 10782
125773182 297 2823 10786
125903266 290 0 10827
125913021 296 2008 10830
125936663 288 2585 10836
125968567 288 1827 10846
125991311 281 118 10853
126051700 280 1799 10874
126102881 281 1497 10890
126122550 286 1659 10896
126174581 294 2041 10912
126221855 290 952 10926
126271849 281 2506 10942
126338001 289 813 10963
126353025 287 960 10968
126370781 288 2149 10973
126441643 282 442 10994
126522608 284 1788 11018
126604448 287 323 11042
126646302 287 1613 11054
126663970 296 1727 11059
126978039 296 1111 11155
126981501 286 521 11156
127016760 290 169 11167
127056467 293 227 11180
127087877 281 1367 11189
127125740 289 735 11200
127136910 291 820 11203
127188411 281 2182 11219
127205790 292 2247 11224
127218196 295 2339 11228
127244233 289 1460 11235
127261683 281 265 11240
127287633 295 2883 11248
127336136 282 1860 11264
127368075 280 1450 11274
127387498 290 650 11280
127419174 293 1839 11290
127478953 282 641 11308
127498942 294 2135 11314
127539942 292 897 11327
127588067 285 2479 11342
127601519 288 1084 11346
127604486 297 2963 11347
127638480 289 2931 11358
127641930 283 689 11359
127649151 289 924 11361
127678586 287 2704 11370
127778189 288 2417 11401
127791547 287 1244 11406
127795369 296 2752 11407
127893531 289 22 11435
127989649 282 59 11462
128017580 289 2810 11472
128043158 296 1404 11480
128045677 294 1841 11481
128054486 296 2900 11484
128062923 287 109 11487
128150173 294 1249 11514
128175423 293 1770 11521
128187099 294 2203 11525
128302896 291 1776 11558
128386756 284 2552 11582
128519306 294 1469 11622
128528982 289 1421 11625
128533193 297 497 11626
128534927 290 2271 11627
128582644 293 462 11640
128612683 286 2688 11649
128628484 296 2652 11654
128672069 292 240 11666
128696646 280 850 11673
128708025 292 839 11676
128766703 295 597 11693
128805525 293 2778 11705
128890582 289 2956 11732
128969761 288 446 11755
128978747 298 2909 11758
128996447 288 790 11763
129029326 296 2789 11773
129032506 294 1528 11774
129036162 289 387 11775
129069599 290 845 11785
129095203 297 2217 11793
129111257 285 897 11798
129247537 285 1191 11838
129251291 297 2753 11839
129259475 291 1181 11841
129298430 296 58 11853
129319205 298 2381 11859
129412470 284 1208 11887
129497410 282 2465 11913
129541480 298 475 11926
129588052 289 188 11939
129620344 281 1137 11949
129642809 297 1066 11956
129664948 284 1095 11962
129668105 292 143 11963
129697095 291 1235 11971
129787568 294 1743 11999
129808731 291 1727 12006
129812523 292 1121 12007
129971147 296 1246 12055
130077932 285 2156 12087
130132486 281 448 12103
130168486 287 2778 12115
130188709 287 227 12122
130217988 297 665 12130
130344933 294 853 12167
130393434 286 1472 12182
130478278 297 838 12207
130493239 284 292 12211
130519721 294 772 12219
130646283 297 2740 12259
130715202 295 2245 12279
130808140 282 1581 12306
130841424 293 2317 12317
130862909 283 1646 12323
130922462 283 1460 12341
130941611 294 2140 12347
131008905 294 1519 12368
131168464 280 2527 12418
131263354 293 1354 12446
131281121 281 1402 12451
131309935 297 1127 12460
131333375 288 1802 12467
131419142 295 2977 12492
131455242 289 1602 12503
131458624 286 1873 12504
131465396 289 1510 12506
131537004 287 1294 12529
131598044 290 1024 12546
131603719 282 210 12548
131708280 296 2296 12579
131772751 297 2936 12599
132046244 288 2008 12685
132084072 297 512 12696
132120843 288 917 12708
132172596 297 2411 12723
132190027 295 2928 12729
132249886 297 234 12747
132299061 283 987 12762
132328092 285 2049 12770
132431153 290 19 12802
132504394 290 2931 12824
132635926 292 1863 12864
132706507 293 1866 12886
132789637 291 35 12911
132796134 291 2352 12913
132827535 287 2748 12922
132866611 286 1305 12935
132954103 292 2089 12959
133009662 285 1066 12976
133013280 296 1032 12977
133032202 284 2214 12983
133071022 284 2690 12996
133090236 298 1558 13002
133125178 298 66 13013
133136081 280 1638 13016
133182126 287 933 13029
133293532 292 2778 13061
133530487 297 859 13133
133557141 285 1829 13141
133674777 287 185 13176
133694065 298 1522 13181
133772313 282 600 13204
133782178 284 2177 13208
133800210 294 2889 13214
133828702 298 605 13223
133848153 283 1599 13228
133964300 291 85 13262
133972127 292 1684 13264
134079703 287 1530 13296
134119553 298 653 13308
134132841 284 367 13312
134185101 280 1272 13329
134280963 283 1927 13359
134308138 285 2180 13367
134325338 292 2213 13372
134426926 284 1334 13404
134433694 293 936 13406
134481956 286 2763 13420
134653708 298 2667 13471
134728721 286 2867 13494
134737084 288 1484 13496
134870253 297 281 13537
134906393 291 1588 13548
134933905 297 2892 13557
134936521 287 133 13558
134939829 297 985 13559
134959715 281 2119 13565
134977957 294 1525 13570
134998066 288 1304 13576
135055136 288 2246 13593
135073639 280 2551 13598
135135767 284 2873 13617
135148173 286 1802 13621
135219162 284 784 13641
135290917 288 1517 13662
135354690 282 2686 13682
135397408 295 2547 13695
135425654 290 1402 13703
135441515 281 1687 13708
135465741 288 512 13715
135481825 281 231 13720
135554326 281 579 13742
135635470 295 1701 13767
135701271 293 1690 13789
135753676 293 1231 13805
135794352 290 1633 13817
135900055 294 154 13849
136051333 292 1637 13894
136072616 291 2474 13900
136106345 286 1074 13911
136117881 287 2482 13914
136164484 297 1760 13928
136303792 281 2781 13969
136310780 283 2484 13971
136344370 296 2604 13980
136420831 298 1508 14003
136436867 280 1695 14008
136452657 289 146 14013
136486127 285 1889 14023
136630685 287 1212 14069
136788359 282 1709 14116
136789868 283 2534 14117
136895108 295 2291 14149
137061234 291 1450 14198
137094533 290 2905 14207
137240345 282 1755 14250
137257749 283 957 14256
137420598 293 2889 14305
137430625 281 2932 14308
137455351 289 1937 14315
137479495 280 838 14323
137486147 281 719 14325
137505797 295 1089 14331
137540064 285 2006 14340
137578349 287 1294 14353
137585294 294 2326 14355
137589627 288 2825 14356
137617785 284 1461 14364
137682616 298 55 14383
137714351 284 2191 14392
137759714 291 1877 14406
137827145 296 1273 14427
137864854 284 1701 14438
138089503 284 247 14503
138137782 298 366 14516
138160622 293 1372 14523
138317636 287 2263 14570
138324984 296 1319 14572
138361522 290 1330 14584
138417997 297 1229 14602
138451142 284 2128 14613
138537652 295 2286 14640
138587510 295 2920 14655
138741153 292 2016 14704
138841461 290 394 14733
138865270 280 2134 14741
138933824 289 2987 14763
139075507 287 2760 14807
139118902 283 2347 14820
139124298 298 1935 14822
139218274 294 517 14849
139292828 292 1465 14871
139305142 294 374 14875
139327383 287 1407 14882
139428923 280 75 14912
139442927 285 224 14917
139452716 285 2898 14920
139478613 281 1875 14927
139554678 283 579 14950
139630225 290 1682 14973
139791509 288 392 15021
139840656 288 1753 15036
139863964 284 2211 15043
139888489 282 971 15050
140057659 298 2357 15103
140100928 297 2231 15116
140263012 281 531 15165
140340546 298 1806 15188
140378221 285 2700 15199
140385433 287 2935 15201
140405847 298 2125 15207
140419022 281 2575 15211
140421713 286 2818 15212
140424905 281 2481 15213
140452233 295 775 15221
140516524 286 2354 15241
140600712 286 1571 15267
140657814 298 2984 15283
140708411 287 103 15299
140714789 294 333 15301
140746699 290 1270 15310
140749697 283 2889 15311
140817687 290 2906 15332
140821884 295 2303 15333
140855701 289 1912 15343
140893908 287 87 15355
140946427 280 2582 15371
140960802 292 2176 15375
141017153 282 1342 15392
141089404 287 967 15413
141119416 293 1250 15421
141154211 284 1369 15431
141207846 298 2687 15448
141210394 298 735 15449
141333174 281 2865 15486
141342753 296 197 15489
141371124 293 1021 15498
141380487 281 1993 15501
141391365 294 1523 15505
141442590 295 1555 15521
141481624 284 616 15533
141533145 286 2205 15549
141584865 292 579 15565
141614146 291 2806 15573
141632081 291 1994 15578
141640134 296 1441 15581
141701162 283 1506 15601
141736980 288 341 15612
141742552 295 730 15614
141745924 281 1250 15615
141867326 287 1827 15653
141871311 291 2523 15654
142067771 297 2542 15712
142071264 297 1928 15713
142093521 288 2276 15720
142112635 297 2887 15725
142228615 297 371 15761
142257304 294 2466 15770
142350143 293 2727 15798
142422207 280 1335 15820
142468689 280 886 15834
142723684 282 2701 15913
142729137 284 1337 15915
142794106 280 1137 15936
142839227 295 2857 15950
142862777 288 2319 15957
142876543 281 1075 15961
142896829 293 1745 15967
142917393 286 1892 15973
142991074 280 708 15994
143022588 292 611 16004
143051840 283 2685 16013
143257177 290 2300 16072
143278668 286 2392 16079
143410488 298 464 16119
143428342 292 882 16125
143502687 292 1047 16148
143511973 294 2783 16151
143632552 288 288 16189
143696489 284 2210 16209
143739560 285 42 16221
143802512 289 1831 16239
143822996 295 1975 16246
143839562 282 2229 16251
143908163 290 1523 16271
144007299 293 2980 16300
144054452 281 1356 16316
144058136 281 862 16317
144075350 287 2391 16322
144120825 285 1866 16335
144176198 288 2261 16352
144200388 289 337 16359
144203734 280 1228 16360
144214113 280 2318 16363
144340090 286 1708 16401
144373371 291 1692 16411
144438333 293 2177 16431
144472607 284 528 16442
144526326 293 2992 16459
144542896 292 1802 16464
144546647 289 2835 16465
144646376 297 1176 16495
144695778 280 1261 16509
144730041 281 965 16519
144816125 290 2293 16547
144891825 296 2258 16569
144903301 292 1950 16572
144967003 289 1516 16589
145029213 286 351 16608
145077432 295 696 16622
145108930 284 202 16631
145156506 285 2535 16647
145179181 289 284 16654
145210008 281 310 16664
145343546 285 351 16703
145347000 285 1590 16704
145446841 287 1885 16733
145457115 294 2722 16736
145471017 295 906 16740
145482131 296 1420 16743
145497777 294 2426 16748
145538043 294 1417 16761
145599473 286 1135 16780
145630294 298 334 16789
145660471 285 1691 16798
145710888 287 2414 16814
145801428 280 2980 16840
145849283 293 2615 16857
145874833 284 576 16865
146024264 284 498 16910
146050695 293 2219 16918
146057386 290 2476 16920
146082598 289 1320 16927
146098246 280 657 16931
146167903 289 918 16953
146213660 295 718 16966
146320230 297 1483 16995
146335227 296 1132 16999
146388316 289 1214 17015
146483954 280 1092 17044
146555697 290 288 17066
146599830 290 1828 17079
146712774 289 1690 17112
146873326 283 1402 17160
146905018 295 1501 17170
147109235 284 24 17232
147136693 293 2800 17240
147149689 298 750 17244
147183518 297 287 17254
147239861 282 329 17271
147286355 291 429 17285
147366674 291 704 17310
147461352 294 1448 17339
147503225 289 570 17352
147507429 289 2047 17353
147594356 297 2256 17380
147598360 286 2294 17381
147619443 282 1385 17388
147687772 283 1330 17409
147713598 283 1226 17417
147721312 293 1022 17419
147724460 288 737 17420
147771320 293 2664 17435
147773963 298 1445 17436
147780062 291 913 17438
147847477 280 1699 17458
147885146 296 1223 17469
147888612 291 18 17470
147966409 280 2009 17494
148025969 292 2800 17512
148051098 289 2082 17520
148182928 283 830 17559
148227329 289 90 17572
148291580 290 579 17592
148306418 284 635 17597
148314865 289 1073 17600
148379401 290 180 17622
148400361 296 1423 17628
148474484 298 1752 17651
148493960 285 1177 17657
148526695 294 2772 17668
148556119 287 157 17677
148625582 280 2834 17698
148641620 287 2900 17703
148769714 298 2915 17739
148773861 296 2098 17740
148782527 287 1404 17742
148824150 286 2277 17755
148859530 291 2746 17766
148953597 297 755 17796
148973483 284 2233 17802
149032085 297 2124 17818
149056743 295 2637 17825
149204276 281 2689 17870
149296398 286 1659 17898
149299909 291 2079 17899
149318771 289 2799 17905
149329076 298 2079 17908
149370428 298 2130 17921
149395584 295 1878 17929
149409730 281 2503 17934
149413530 298 94 17935
149426317 285 2677 17939
149484836 281 1779 17957
149496150 288 1756 17960
149509616 280 1617 17964
149513030 292 1783 17965
149609912 295 848 17995
149639967 290 570 18006
149656736 290 488 18011
149703624 295 1781 18026
149712584 297 134 18029
149846023 285 2307 18071
149975763 281 928 18110
149982893 286 2931 18112
150046627 292 215 18133
150093440 293 1868 18147
150115377 281 1058 18154
150147791 296 1101 18164
150167571 290 2780 18170
150220144 298 1803 18186
150303994 292 1044 18212
150333222 291 581 18221
150355779 294 2225 18227
150524677 281 2038 18280
150573040 288 976 18294
150583385 285 1565 18297
150653145 284 2904 18318
150672559 287 1902 18324
150690320 287 1268 18329
150708314 291 2680 18334
150780457 298 375 18355
150911214 282 255 18395
150921481 281 536 18398
150923170 293 1821 18399
151009449 287 328 18425
151024442 284 2982 18429
151052294 292 1562 18438
151104873 292 2792 18454
151209014 291 2449 18486
151231386 285 1116 18493
151235638 288 2194 18494
151416503 297 221 18548
151504599 286 186 18575
151594258 280 2213 18602
151674070 287 1120 18627
151680628 287 2000 18629
151734720 286 2562 18645
151837272 291 1222 18675
151865726 280 2705 18683
152067651 294 1975 18743
152077225 281 2710 18746
152180254 290 1070 18776
152212287 283 538 18786
152258489 296 2674 18800
152292863 293 2029 18810
152316804 290 2821 18818
152483280 292 1784 18869
152598908 284 1961 18905
152779852 297 2837 18958
152849751 280 916 18979
152909420 285 1822 18998
152923597 289 2023 19003
152956513 296 2563 19013
153036511 298 2552 19038
153068836 297 2658 19048
153076003 294 1025 19050
153131583 290 335 19066
153146098 290 244 19071
153159843 283 2641 19075
153189499 294 63 19085
153194883 293 2412 19087
153216282 296 735 19093
153249877 290 283 19103
153470444 294 2275 19169
153503218 288 1174 19179
153618564 290 418 19215
153621617 287 1333 19216
153679793 293 2192 19235
153696338 292 272 19240
153757264 296 2989 19259
153787269 280 1765 19268
153804085 285 2130 19273
153854935 283 1503 19288
153866453 297 1271 19292
153896834 284 574 19302
153914852 297 437 19308
154103923 286 926 19366
154305360 294 2372 19427
154458833 292 334 19473
154468633 280 2450 19476
154488318 281 2080 19482
154499674 296 2933 19485
154524198 287 2530 19492
154552343 294 2940 19501
154575798 284 2243 19508
154617272 289 1238 19521
154704618 285 1960 19548
154813596 284 2554 19581
154934664 298 2910 19618
154967383 285 2072 19629
154980647 281 321 19633
155010992 287 1594 19641
155069531 289 15 19659
155076574 298 66 19661
155119218 280 1773 19674
155123225 293 244 19675
155139414 293 2326 19681
155193385 297 301 19697
155331139 284 2845 19738
155400045 298 2640 19758
155457561 282 2783 19774
155491887 293 2852 19784
155513228 283 1747 19790
155619794 291 2319 19823
155626540 289 1614 19825
155654417 281 1579 19833
155669928 296 1856 19838
155776110 280 1526 19870
155817220 280 2541 19882
155837417 281 1830 19888
155918627 288 2600 19914
155973290 291 1996 19931
156078577 285 2995 19965
156113170 280 1104 19977
156216216 293 2351 20009
156272955 280 729 20026
156306220 287 2407 20036
156338897 294 2066 20045
156359858 280 102 20051
156436826 296 1901 20074
156496521 285 1980 20092
156499841 287 1057 20093
156581511 292 713 20117
156654942 288 1823 20140
156752498 290 2780 20170
156776391 295 2942 20177
156783031 295 1177 20179
156844743 282 2126 20197
156870607 298 2012 20205
156885320 289 2021 20210
156914758 295 347 20219
157022589 287 606 20252
157093910 285 1846 20273
157143449 297 1484 20288
157167397 282 2666 20295
157199721 280 2977 20304
157232055 281 2735 20314
157241180 285 627 20317
157265816 296 2492 20325
157338473 290 2468 20346
157401411 281 2470 20363
157461589 294 1422 20383
157573488 285 2664 20417
157618553 288 2882 20430
157621819 296 2831 20431
157660543 291 932 20443
157724005 289 2431 20462
157819919 286 1322 20490
157880196 289 2381 20508
157997902 286 2145 20542
158045103 283 668 20557
158147174 285 769 20587
158162628 292 1179 20592
158166961 290 2645 20593
158173378 280 1456 20595
158253145 298 698 20620
158269993 297 916 20625
158472560 286 784 20689
158503971 297 450 20699
158650077 295 2210 20744
158676549 288 241 20753
158722093 296 2560 20767
158758188 293 2549 20779
158971608 286 322 20845
159035831 289 1823 20864
159070649 282 2559 20875
159078315 282 1129 20877
159117731 285 675 20889
159124521 282 1064 20891
159212461 282 2977 20918
159320751 287 2436 20952
159333154 296 1892 20955
159411938 296 427 20979
159466349 295 2643 20995
159483361 297 521 21000
159524865 289 1099 21013
159643682 286 2649 21048
159697060 282 225 21064
159703976 290 456 21066
159778242 298 1153 21087
159841163 287 2942 21107
159989233 285 228 21151
160093405 281 1884 21182
160110360 296 2652 21187
160118096 294 294 21189
160122098 282 2900 21190
160150294 291 2072 21198
160164718 294 2760 21202
160215540 296 404 21218
160406548 280 837 21273
160410881 285 2841 21274
160458707 283 2794 21289
160460462 282 2224 21290
160483775 292 1089 21297
160509728 281 1541 21304
160545583 285 673 21316
160563964 291 1869 21321
160641141 282 1725 21346
160725194 294 1613 21372
160745192 289 1095 21378
160765172 285 1949 21384
160817559 282 2247 21400
160840005 288 1510 21407
160866586 296 1405 21416
160888102 282 2177 21423
160958118 283 1818 21445
160963343 296 2193 21447
161001547 288 1621 21458
161093357 293 1335 21485
161225156 290 237 21525
161257643 282 496 21535
161260958 298 2507 21536
161299543 280 802 21548
161362312 286 888 21568
161391575 289 2341 21577
161425930 284 1180 21587
161456659 291 378 21596
161486166 298 309 21605
161553283 292 320 21627
161593568 295 2776 21639
161596610 287 1445 21640
161648876 290 2631 21656
161697318 293 521 21670
161855383 288 2654 21717
161919910 289 1125 21735
161922390 281 100 21736
161933532 295 1081 21740
161955200 286 823 21746
161978915 283 2026 21753
162025393 296 2591 21767
162078359 291 1022 21782
162109995 291 978 21793
162349247 283 38 21867
162366340 297 2993 21872
162379296 289 295 21876
162490494 283 730 21912
162493441 287 1618 21913
162512937 289 2560 21919
162757659 281 1637 21992
162761818 296 1 21993
162796915 280 2346 22005
162807973 296 715 22008
162869174 297 2857 22026
162963727 282 2072 22056
162976944 292 1991 22060
163080163 295 119 22090
163086869 294 647 22092
163117372 294 1143 22101
163143664 292 515 22109
163155672 296 227 22113
163202284 291 1185 22127
163297725 293 2499 22155
163398189 293 1199 22186
163506893 288 1557 22218
163576584 281 410 22239
163679754 291 2001 22270
163691579 288 433 22273
163740873 284 1499 22288
163751774 298 220 22291
163873192 281 2676 22329
163895652 298 827 22336
163938447 291 180 22349
164033883 283 1626 22381
164106412 292 2600 22401
164215774 284 1294 22435
164332957 293 587 22470
164342276 293 2874 22473
164361815 298 817 22479
164406138 284 924 22491
164412862 284 2204 22493
164722359 292 2436 22586
164832077 280 303 22620
164848453 284 2472 22625
164870083 291 733 22631
164969176 284 2668 22660
165045600 297 366 22683
165054515 286 879 22686
165086728 280 2132 22696
165187898 286 2963 22727
165261660 288 2301 22749
165271720 285 2235 22752
165337614 294 395 22772
165382074 282 1315 22786
165456880 281 679 22809
165460827 293 2643 22810
165484368 294 2357 22817
165562939 281 940 22840
165618186 289 1431 22855
165898456 290 174 22942
165924828 294 1384 22950
165945167 293 2802 22957
166030534 296 952 22982
166092269 286 1766 23001
166236053 292 2408 23045
166466852 295 2413 23113
166473818 283 609 23115
166549883 293 2566 23137
166553405 284 1530 23138
166575810 296 2525 23145
166636896 287 165 23163
166667990 286 882 23173
166701630 294 1599 23183
166825342 291 1674 23219
166854682 297 1819 23228
166861338 282 1537 23230
166914081 283 2424 23245
166958347 292 202 23260
167008412 293 718 23275
167021946 290 2686 23279
167025878 282 1436 23281
167130185 280 1775 23313
167290574 295 1096 23361
167293153 287 1856 23362
167317959 283 105 23369
167327438 296 2778 23372
167351367 295 1741 23379
167366953 282 35 23384
167418732 289 340 23399
167425857 284 872 23401
167439709 297 1001 23405
167552315 289 2676 23441
167578581 293 1849 23449
167621633 291 1624 23462
167676826 297 1608 23479
167721392 287 2253 23491
167935746 289 2507 23554
168017795 282 1230 23579
168096934 290 2417 23603
168220389 293 2433 23640
168252129 284 1234 23650
168413112 294 1238 23698
168529387 297 2490 23732
168532026 296 2738 23733
168553371 295 1208 23739
168577139 280 1389 23747
168604696 292 2029 23755
168626632 287 2812 23761
168722889 281 324 23791
168784469 283 1412 23810
168903882 287 249 23846
168914677 281 327 23849
168941099 292 1607 23857
168966109 292 1155 23864
169013818 293 1039 23879
169045801 293 2725 23888
169048341 294 2737 23889
169052186 282 855 23890
169087535 297 1035 23901
169135907 280 2528 23915
169250739 286 2296 23950
169274873 284 532 23957
169299927 283 2836 23965
169360830 294 410 23984
169376356 291 1679 23989
169381349 293 1634 23991
169438871 288 1871 24009
169583887 295 1803 24053
169613092 297 378 24061
169727736 295 138 24096
169741231 296 1133 24100
169762837 288 2990 24106
169825719 290 412 24125
169904093 291 2669 24147
169973703 285 280 24168
170009664 286 883 24179
170037483 283 2914 24188
170055960 291 1190 24193
170088871 284 1850 24203
170105458 288 111 24208
170169663 297 1183 24227
170220843 282 2581 24242
170331127 289 1015 24275
170334239 293 2582 24276
170403999 288 2649 24298
170428868 285 2062 24306
170479500 291 523 24321
170503585 280 2062 24329
170516579 295 816 24333
170597205 295 530 24358
170627590 283 1836 24367
170770798 286 1004 24411
170868774 282 2077 24439
170878084 282 1318 24442
170978390 291 2859 24473
170984446 288 1803 24475
170987623 291 2272 24476
171029912 287 2788 24491
171085637 297 2889 24507
171168466 288 2496 24532
171228563 294 2242 24550
171248894 287 2285 24556
171333405 287 76 24581
171379991 290 1376 24595
171403402 285 1910 24602
171481511 297 760 24626
171484426 297 75 24627
171496765 280 948 24631
171558372 282 2357 24650
171568083 287 73 24653
171713854 294 1136 24697
171727897 287 1277 24701
171786552 286 2707 24720
171819782 282 732 24731
171886477 280 1444 24750
171913738 287 996 24758
171916274 281 2823 24759
171950901 282 2264 24769
172048251 283 2406 24797
172103940 284 1660 24815
172205715 294 41 24847
172522819 291 2981 24941
172658484 287 2420 24981
172737939 295 198 25005
172774096 286 1106 25015
172889607 290 1103 25052
172956427 280 966 25072
172967260 294 1670 25075
173082168 290 2081 25110
173122509 294 2553 25123
173125013 292 265 25124
173130695 290 1542 25126
173178571 294 2254 25139
173265741 283 1632 25165
173397182 283 301 25205
173409597 289 2775 25209
173425027 297 841 25214
173456706 282 360 25224
173535339 297 2884 25248
173657428 288 1993 25283
173792931 286 250 25324
173806236 296 685 25328
173831971 283 479 25336
173847946 284 911 25341
173901893 290 394 25356
173973885 298 680 25377
174003242 281 1828 25386
174026129 293 2601 25393
174067315 291 1497 25405
174075255 286 2314 25407
174126566 295 1372 25423
174239077 287 791 25455
174247979 291 1009 25458
174250867 286 823 25459
174264545 288 2540 25463
174351887 298 60 25489
174458823 296 2811 25522
174509668 295 445 25539
174583651 293 2983 25561
174678291 292 717 25589
174688031 282 2039 25592
174727618 287 477 25603
174765153 284 2519 25614
174826446 296 2994 25632
174954869 282 601 25670
175027727 284 26 25692
175074805 297 1952 25706
175098262 287 2185 25713
175229520 284 490 25752
175240001 286 1604 25755
175295442 295 1299 25771
175332067 281 2191 25783
175370984 286 645 25796
175461441 295 1171 25823
175501983 297 2272 25835
175554821 294 238 25850
175561162 293 2029 25852
175582560 296 115 25858
175700689 293 208 25894
175706900 298 94 25896
175804649 280 2107 25926
175807872 295 2275 25927
175859471 290 2757 25943
175874728 291 1489 25948
175974010 290 763 25978
175987767 280 207 25982
175989483 280 1506 25983
176011039 286 1192 25989
176075868 294 965 26008
176139092 293 277 26027
176182744 293 1047 26041
176214396 294 2604 26050
176252873 289 801 26062
176421742 284 314 26112
176478458 280 2777 26129
176677864 281 753 26189
176680757 287 1067 26190
176903358 281 2545 26256
176988338 295 906 26282
177077033 283 524 26307
177146168 282 609 26327
177170745 294 1064 26334
177199533 284 639 26342
177267548 285 1911 26362
177308370 283 2191 26374
177475850 288 376 26423
177593085 286 2227 26458
177627974 292 594 26468
177631787 296 2453 26469
177724362 281 1881 26500
177731508 292 423 26502
177933503 298 991 26561
177978419 285 135 26575
177990557 297 826 26579
178110767 285 74 26616
178161105 293 1204 26631
178250844 295 2959 26658
178259328 290 414 26660
178366984 296 596 26692
178395740 285 2301 26701
178444046 293 1552 26714
178464486 293 1467 26720
178609494 288 2964 26763
178623835 282 638 26767
178711795 292 2523 26794
178759100 295 273 26809
178782836 286 2740 26816
178814287 286 2901 26825
178819730 296 59 26827
178850500 292 813 26836
178949674 286 2521 26866
178961079 294 2035 26869
179035761 280 1056 26892
179199615 282 404 26944
179249585 285 1016 26959
179255254 287 2433 26961
179357947 292 23 26992
179378578 280 526 26998
179456172 282 664 27021
179672400 297 2759 27085
179685884 285 1453 27089
179709380 292 1975 27095
179730196 286 1640 27101
179771592 293 1666 27113
179819545 281 1989 27128
179822663 298 571 27129
179862608 282 2252 27142
179921133 295 1184 27160
179927890 282 1007 27162
179982313 280 1136 27180
180008609 289 1664 27187
180085852 295 615 27210
180187970 283 632 27241
180247547 291 1682 27259
180251143 297 1697 27260
180275203 284 181 27267
180350083 289 1301 27287
180370164 298 652 27293
180461454 283 1024 27321
180479802 290 1164 27326
180515817 286 2790 27337
180534363 289 2838 27344
180572331 296 2315 27356
180694644 293 2747 27392
180701265 281 19 27394
180703391 289 1565 27395
180714241 298 2672 27398
180783539 298 2806 27418
180850642 285 996 27439
180881680 295 1803 27448
180894610 295 1637 27452
180924945 295 1817 27461
180941256 281 431 27466
180960427 297 723 27472
180971322 288 153 27475
180983623 282 1915 27479
181059383 297 1138 27501
181068404 291 2228 27504
181116326 292 668 27518
181146257 284 1029 27527
181161948 288 1906 27532
181194432 289 1415 27542
181209862 294 1420 27547
181358853 295 2586 27591
181383566 294 1596 27599
181466191 281 2239 27625
181485608 292 1272 27631
181580422 295 2148 27659
181586902 282 236 27661
181593310 291 821 27663
181684674 281 2125 27692
181721452 289 2041 27703
181730519 292 2227 27706
181854544 284 439 27742
181939374 287 2892 27767
181991735 298 2131 27784
182012360 295 689 27790
182028974 296 1617 27795
182078271 298 2669 27810
182173803 285 1601 27839
182183885 283 2850 27842
182287283 288 355 27872
182338555 294 2942 27888
182352212 296 2583 27892
182354604 284 459 27893
182364963 287 2230 27896
182391853 298 2579 27904
182418859 295 2733 27913
182445150 298 766 27921
182473052 296 2177 27929
182506706 298 918 27939
182518618 298 1462 27943
182536500 286 1410 27949
182592067 287 2187 27966
182606822 291 926 27970
182626153 293 275 27976
182759773 295 849 28016
182773483 290 1263 28020
182831215 286 2946 28037
182837681 297 802 28039
182924927 291 270 28066
182973490 283 991 28081
183084346 294 2219 28116
183141757 291 352 28134
183164752 282 1351 28141
183325313 293 1970 28189
183354119 292 825 28197
183371741 290 1625 28202
183447572 293 188 28224
183501872 282 981 28240
183519674 282 1349 28245
183544097 296 1560 28252
183579133 283 773 28262
183693419 281 2296 28299
183861831 288 2033 28349
183923677 281 625 28369
183940079 282 705 28374
183963954 284 2799 28381
184035016 290 122 28402
184069974 283 865 28413
184153373 281 1679 28437
184157495 292 2554 28438
184187958 293 2526 28447
184207425 285 1938 28453
184226840 289 1849 28459
184236751 286 772 28462
184242062 287 287 28464
184289135 291 2249 28478
184304928 282 1139 28483
184331945 296 419 28491
184345670 282 1929 28495
184363437 294 1964 28501
184367293 297 1824 28502
184377319 293 1426 28505
184428568 290 1122 28519
184437687 293 1552 28522
184533634 283 1217 28550
184567559 291 2151 28561
184579560 282 2409 28565
184632978 284 2951 28580
184652999 288 77 28586
184663141 291 666 28589
184682283 297 1197 28595
184738165 285 1755 28613
184791474 295 462 28628
184973520 283 647 28681
185077419 294 1763 28713
185103194 290 1793 28720
185142735 289 2039 28732
185293602 286 1432 28776
185315471 291 2974 28783
185337197 281 1484 28790
185367913 291 519 28799
185441980 297 959 28821
185519672 288 2754 28843
185750436 284 1271 28915
185754209 292 2349 28916
185894607 289 605 28958
185936329 282 1094 28970
185968897 280 116 28980
185994009 291 2460 28988
186010876 288 406 28993
186064185 284 2825 29009
186129913 293 1199 29027
186133025 290 2443 29028
186213917 284 605 29053
186291808 281 1153 29079
186384842 294 2560 29108
186452758 285 1303 29128
186464824 296 755 29132
186499005 292 1969 29141
186552381 284 494 29157
186608030 283 2421 29173
186662343 285 1882 29189
186693975 282 2776 29199
186703289 282 210 29202
186804860 280 1829 29234
186950011 285 2824 29277
187004262 285 1150 29293
187070660 297 669 29313
187124587 298 1723 29330
187145964 286 1754 29337
187185306 281 852 29349
187247914 283 2253 29368
187261712 292 1661 29372
187312549 289 760 29387
187352577 298 2860 29399
187376228 287 2004 29407
187643276 292 740 29486
187655411 282 1136 29490
187785530 292 2144 29529
187833505 295 2114 29543
187988100 288 52 29590
188027231 297 1125 29601
188040789 297 1108 29605
188048655 296 1683 29608
188156719 294 1018 29642
188171866 287 1461 29646
188191691 291 1551 29652
188273943 285 425 29677
188293702 295 2914 29683
188400625 284 697 29714
188417124 288 1011 29719
188480445 280 2219 29739
188483647 297 2185 29740
188493478 281 1132 29743
188509017 291 2073 29747
188537202 289 1266 29756
188562305 289 1782 29764
188573382 290 945 29768
188606861 295 1799 29778
188679760 283 1191 29799
188682534 284 1548 29800
188737960 280 1522 29817
188746608 285 766 29819
188755839 298 1813 29822
188782033 292 566 29830
188810200 283 2886 29838
188840033 287 837 29847
188872008 293 583 29857
188930247 280 600 29875
188935773 280 2432 29877
189055259 288 28 29915
189106500 284 2837 29929
189151717 281 499 29943
189162667 292 1895 29946
189188187 280 1325 29954
189219554 286 19 29963
189227610 291 2374 29966
189241034 284 2480 29970
189341807 284 2139 29999
