299055 161 528 14
1251865 167 484 62
1664701 160 1102 83
1722272 179 251 86
1890162 165 1388 95
2274418 166 1102 116
2738020 172 217 139
3001527 178 1336 152
3040653 175 276 154
3308250 177 1982 167
3372160 161 420 170
3838597 173 1245 193
3955813 162 1414 199
4021650 175 495 203
4484471 179 1691 227
4727679 166 411 239
4983984 169 907 251
5269355 172 1100 265
5676776 170 1930 286
6470878 168 80 324
6813520 160 510 342
7010106 172 841 351
7496342 171 1340 376
7744116 178 1632 389
7786018 163 1965 391
8025224 168 1982 403
8200342 161 856 412
8584955 162 1145 432
9650787 162 254 485
10225253 160 939 514
10380247 169 374 522
10785771 174 1740 543
11071085 172 1241 558
11290971 177 771 569
11467574 163 1433 577
11673034 163 630 587
11796623 166 1417 593
12035966 163 1894 605
12100765 167 1718 608
12509844 177 1645 629
12853755 167 608 645
13874742 161 1424 697
14057087 163 867 706
14110726 160 354 709
14274586 173 1216 717
14478049 174 1928 728
14709216 169 1323 739
14818987 165 147 744
14920919 163 449 749
15024307 176 1052 754
15250204 161 249 766
15447238 172 1935 776
15504888 171 1494 779
16202341 167 1621 814
16341422 160 385 821
16360810 179 1653 822
17011407 165 1697 854
17166675 168 1053 862
17708033 160 1148 890
17906977 170 1458 900
18065900 171 782 908
18269537 173 874 919
18674375 173 1464 939
18737394 170 1971 942
18760225 162 1713 943
19080651 162 698 959
19439780 160 1867 977
19653664 168 566 988
19797630 161 1098 995
20107746 167 1146 1010
20178836 172 53 1014
21067008 164 51 1059
21404919 168 1201 1076
21898582 178 1080 1101
22339258 170 1339 1123
23391869 177 792 1174
24108794 177 1017 1211
24335546 160 691 1222
24435103 165 688 1227
24519136 172 1339 1231
24747995 170 1502 1242
25549513 168 742 1283
25675450 166 1508 1289
26636944 171 870 1335
26877630 171 1833 1347
27190246 162 784 1363
27517220 169 1588 1380
27605331 161 295 1384
28486233 165 1379 1429
28650324 162 89 1437
30005087 165 552 1504
30114770 164 731 1509
30237063 171 1245 1515
30279142 164 724 1517
30460653 167 143 1526
30561343 160 1947 1531
30653167 178 30 1536
30792373 178 898 1543
31104133 179 380 1559
31625043 171 181 1584
32090352 167 494 1607
32114448 177 1795 1608
32542768 173 430 1629
32974648 169 1577 1651
33216757 174 986 1663
33292900 160 1794 1667
33500575 173 1279 1677
33579538 178 444 1681
33601678 175 6 1682
34673761 165 1161 1736
34736628 168 513 1739
35027158 162 1782 1753
35785122 168 980 1790
36617346 165 1571 1832
36683980 178 1507 1835
37168685 177 1544 1859
37314328 173 199 1866
38163826 174 993 1909
38660771 168 1476 1934
38958107 169 394 1949
39076325 161 452 1955
39520542 161 1642 1977
40048999 168 1416 2004
40513827 173 728 2027
40662890 162 1667 2034
40681636 162 1165 2035
41109985 161 476 2056
41185962 176 1440 2060
41440928 175 1597 2073
41691807 162 1196 2086
41780780 160 1575 2090
42151629 172 339 2108
42377526 168 1234 2120
43666743 173 575 2184
44071063 176 1381 2205
44614072 165 789 2233
44888336 178 1498 2247
45149991 166 517 2260
45309418 163 163 2268
45718487 164 1093 2288
46199110 166 99 2312
46992923 165 690 2351
47509727 178 298 2376
47804529 168 1694 2390
48393628 169 1398 2421
48499254 174 245 2426
48617559 160 1810 2432
49396269 165 85 2471
49622633 160 1268 2483
49641905 177 1173 2484
49744752 174 684 2489
49977924 171 1635 2500
50817147 176 887 2542
50911928 171 1115 2547
51008107 164 1243 2552
51482080 163 436 2575
51844105 163 411 2592
52051050 178 1320 2602
52142198 166 1176 2606
52790628 178 1418 2639
54968412 177 658 2749
55031368 162 1969 2752
55051591 164 792 2753
55357631 166 993 2769
55512583 169 731 2777
55811044 165 417 2792
56558741 160 1530 2830
56627288 163 1617 2834
57080347 168 1853 2857
57272852 168 1155 2867
57431282 171 227 2875
58186171 179 384 2912
58456920 163 1882 2925
58881810 165 1760 2947
58966216 172 780 2951
59046027 175 426 2955
59478719 166 69 2976
59905989 166 14 2997
60003101 161 562 3002
60204122 170 916 3012
60325350 174 1751 3018
60557332 179 967 3030
60613891 178 1890 3033
60744034 160 216 3039
61881529 172 12 3096
62024294 164 1381 3103
62263083 178 1277 3115
62373579 178 1380 3120
62777121 171 317 3140
62991811 165 1493 3150
63032022 175 1749 3152
63141399 167 750 3157
64147515 179 293 3207
64261558 178 96 3213
64510576 177 1519 3226
64722934 170 1711 3237
64861972 178 1159 3244
65340331 162 608 3268
65801611 168 168 3291
66334440 175 885 3318
66517492 167 920 3327
66851228 163 1943 3345
67324896 170 1513 3368
67406474 179 751 3372
68429262 173 1985 3423
70190123 175 1851 3509
70206132 169 675 3510
71483789 176 1509 3572
71601448 169 1385 3578
71769860 166 1820 3586
71974915 173 745 3596
72217451 168 1275 3608
72972315 170 300 3646
73543659 170 1994 3675
73976103 169 1240 3696
74575583 161 576 3727
74864989 160 105 3741
75304783 177 551 3764
75656034 167 1546 3783
76657957 161 507 3833
76757809 179 1761 3838
76973474 168 1446 3849
77418664 167 1403 3871
77575286 168 1238 3879
77694405 175 590 3885
77790540 172 1893 3890
77893631 166 475 3895
78925241 164 1079 3946
78964647 171 1091 3948
79405499 167 683 3970
79612962 174 1435 3980
80078942 172 930 4002
80296797 174 1225 4012
80650563 160 1168 4030
81336975 165 35 4065
81525607 169 1246 4075
82204258 176 108 4107
82298897 172 1282 4112
82534708 165 1793 4124
83300256 162 1026 4163
83472832 160 223 4172
83531973 169 747 4175
83746041 173 1392 4185
83767716 161 101 4186
83979960 174 1396 4197
84433439 176 960 4220
85343459 167 1668 4265
85529605 177 1554 4274
85980696 178 60 4298
86005696 172 597 4299
86025863 170 262 4300
86406676 175 1458 4319
86638513 163 318 4331
86759518 167 1049 4338
86878360 171 975 4344
87143169 176 418 4357
87388444 162 1775 4369
87825424 166 1739 4392
88217904 171 1436 4412
88796342 162 1480 4441
88853076 166 176 4444
88963707 176 1156 4449
89243903 171 1116 4463
89423488 174 1530 4472
89846781 172 1900 4493
90210816 167 1341 4512
90573935 161 767 4530
90772150 164 367 4540
90811624 170 856 4542
90832036 168 754 4543
90855461 177 1244 4544
91104817 179 1281 4557
91249693 170 809 4564
91804090 175 1811 4592
91841429 165 3 4594
92451780 174 1887 4625
92577617 169 1341 4631
92791328 171 649 4642
93325762 178 1186 4668
93369716 167 1158 4670
93759125 178 1081 4689
94053597 162 743 4704
94099941 163 775 4706
94179292 167 487 4710
94529882 177 1873 4727
94846219 178 972 4742
95275621 164 1477 4763
95466573 162 1579 4773
95639787 173 285 4782
95658289 160 458 4783
95711996 173 956 4786
95865080 164 1091 4794
95990924 173 1638 4800
96306282 162 220 4817
96407115 165 289 4822
97167491 160 1869 4860
97396799 169 60 4871
97591055 174 1113 4880
97616055 160 893 4881
97638104 175 816 4882
97660516 177 1895 4883
97958059 164 902 4898
98193030 165 1421 4910
98522770 172 852 4925
98978749 179 1543 4947
99025318 160 444 4949
99068384 163 1671 4951
99445682 167 936 4970
99522753 179 1558 4974
99604372 169 1048 4978
100757693 164 184 5038
101181580 169 716 5058
101545405 164 211 5076
101586644 171 1342 5078
101802650 166 205 5089
103265614 172 577 5163
103815214 169 1439 5190
103874072 162 161 5193
103987628 174 647 5199
104383126 178 316 5219
104835724 170 1386 5242
104970817 174 907 5249
105084853 162 1731 5255
105843107 161 1365 5294
106236927 170 930 5313
106521570 168 1149 5327
106775523 165 173 5340
107141604 172 1875 5358
107535915 166 1597 5378
107847777 164 1365 5395
108554368 175 1802 5430
109064807 165 84 5456
109108434 173 721 5458
109648302 171 1428 5485
110205259 161 894 5512
111202762 163 524 5562
111593043 172 233 5582
112278511 179 1205 5616
112417336 165 835 5623
112485492 174 693 5627
112703409 160 1080 5638
112895106 160 1981 5647
112996425 169 966 5652
113161273 166 251 5660
113283895 178 492 5666
113652812 164 1445 5685
113748214 175 398 5690
114073895 161 857 5705
114115436 160 1336 5707
114130436 172 1890 5708
114540217 163 1750 5728
114984655 174 1096 5750
115350211 169 1456 5769
115480284 176 1455 5775
115640801 163 1001 5784
115889527 160 1816 5797
116144648 173 674 5809
116701011 162 14 5838
116868899 173 1240 5846
116931175 164 1350 5849
116968937 160 611 5851
117070491 177 764 5856
117334144 172 1333 5869
117563123 169 684 5880
117672913 176 1882 5886
117736041 170 810 5889
118492071 163 1209 5929
118884353 177 656 5949
119208989 174 337 5965
119292821 162 1705 5969
119485528 167 1204 5978
119897355 168 1608 5999
119926841 163 1856 6002
119953242 173 194 6007
120070995 161 1959 6031
120074491 173 1458 6032
120174911 169 629 6051
120288373 171 1433 6073
120443499 175 1510 6105
120506441 172 479 6117
120625963 174 1103 6140
120726288 178 243 6160
120739596 179 361 6163
120749227 178 1208 6165
120811891 170 476 6178
120820532 172 145 6180
120839913 170 1854 6184
120913128 175 764 6199
120989302 165 107 6214
121119034 174 117 6240
121167624 161 1503 6249
121337497 174 1067 6282
121388157 174 165 6292
121655254 168 965 6349
121686692 164 340 6355
121735478 162 586 6364
121769055 160 300 6371
121805303 177 829 6378
121855248 172 294 6387
121877467 171 512 6392
121901756 164 1363 6397
121929657 176 1740 6403
122041989 163 1636 6424
122133040 174 527 6443
122143000 168 438 6445
122159814 173 1668 6448
122225846 177 759 6461
122318643 170 1639 6480
122340926 175 75 6485
122351902 165 906 6488
122498576 179 667 6518
122518978 178 1990 6522
122603531 164 407 6539
122991808 167 999 6616
123020333 167 1260 6622
123051173 167 1604 6628
123222029 173 1143 6663
123256234 165 1562 6670
123261337 163 1344 6671
123308807 170 1777 6681
123405852 179 1812 6700
123522818 169 1414 6724
123679179 161 97 6755
123948272 166 1621 6809
123958889 175 1919 6811
124086211 164 1313 6836
124121607 171 406 6843
124223220 169 1810 6863
124286821 174 679 6877
124343012 169 882 6887
124440249 164 951 6907
124508858 162 1548 6921
124609541 167 682 6942
124669350 165 795 6955
124674227 168 1953 6956
124815187 176 1486 6984
124862799 160 1769 6994
124893911 167 86 7000
124906135 175 489 7002
124942175 179 13 7010
124992930 166 208 7020
125027227 171 1785 7027
125042100 168 1367 7030
125071004 161 1123 7036
125081227 170 1565 7038
125106079 165 1807 7043
125211714 163 644 7064
125221903 161 694 7066
125466219 165 679 7116
125561880 178 1970 7135
125592052 162 1985 7141
125643564 179 1268 7151
125649478 168 508 7152
125696441 166 154 7161
125788393 168 1065 7180
125822158 176 1617 7187
125881761 160 332 7198
126002737 162 559 7221
126048482 161 1956 7231
126167191 178 318 7255
126204124 165 1930 7262
126350600 164 893 7292
126413208 168 599 7304
126477588 177 1294 7316
126577562 160 1448 7337
126605458 178 1105 7342
126620828 169 401 7345
126644814 176 1656 7350
126675431 173 229 7356
126714926 164 1455 7364
126760785 163 1560 7373
126957705 179 1259 7412
127070630 171 969 7435
127393408 165 1486 7500
127541338 178 278 7531
127554218 171 625 7534
127560718 164 721 7535
127577488 176 878 7538
127621608 176 371 7548
127638519 164 1553 7551
127652435 176 1265 7554
127699340 171 1422 7564
127782953 165 104 7581
127798667 168 1492 7584
127874505 177 1155 7600
127886043 161 648 7602
127984531 171 1354 7623
128049253 173 300 7636
128308638 178 1234 7691
128444449 160 1788 7718
128568722 174 546 7744
128584410 175 1845 7747
128716476 174 1896 7774
128781784 177 1452 7787
128841346 165 481 7800
128924181 163 1426 7817
128971702 177 825 7826
129198673 167 1232 7873
129305829 166 434 7895
129424199 174 1291 7918
129429793 166 91 7919
129470869 175 1479 7927
129493740 168 889 7932
129525553 177 1560 7938
129705587 162 1267 7974
129795854 170 627 7993
129801468 163 1118 7994
129806033 179 119 7995
129907922 162 982 8017
129937198 170 1399 8023
129975844 165 1041 8030
130086280 162 1621 8052
130096579 165 1237 8054
130123748 172 132 8060
130155827 162 1432 8067
130394408 175 1620 8115
130525777 167 384 8142
130617211 175 309 8160
130632513 177 1163 8163
130681574 178 188 8173
130704265 179 911 8178
130955919 174 1419 8230
131344228 170 1540 8307
131368450 172 1986 8312
131380356 167 1077 8314
131408648 171 1607 8319
131535605 160 1420 8345
131546208 163 577 8347
131591885 168 1041 8357
131667658 170 887 8373
131728833 172 1325 8387
131801971 163 1150 8401
131971146 166 1007 8434
132034609 177 1200 8448
132050707 177 1613 8451
132068561 161 1842 8455
132413214 172 1326 8521
132439100 169 5 8526
132465850 161 695 8531
132648484 166 162 8567
132817543 174 484 8601
132831065 161 1650 8604
132852342 160 1768 8608
132862483 166 1893 8610
132870560 176 624 8612
133004844 162 328 8639
133076983 161 234 8654
133181113 161 1213 8676
133190031 177 420 8678
133246426 171 1265 8690
133279500 169 921 8696
133288377 170 1662 8698
133339251 160 1600 8708
133354717 168 1662 8711
133392535 172 521 8718
133543550 179 1129 8747
133592646 175 467 8758
133707314 164 1758 8782
133778370 174 576 8797
133798778 162 326 8801
133850697 175 1414 8811
133919274 167 1379 8824
134077896 172 1371 8856
134109524 174 1172 8861
134144138 165 948 8868
134187715 176 589 8877
134235127 161 1956 8886
134290289 161 61 8897
134302155 162 766 8899
134381617 162 353 8915
134426876 173 191 8924
134517587 174 1101 8943
134569010 164 35 8954
134618618 165 269 8965
134830410 161 374 9008
134956717 175 1681 9035
134966454 167 260 9037
134977612 163 1100 9039
134981705 168 10 9040
135042551 172 1066 9052
135049131 174 924 9054
135099817 179 1643 9064
135125797 174 1890 9069
135252244 166 1731 9093
135289757 166 294 9100
135322030 176 485 9106
135493655 175 186 9141
135519173 179 572 9146
135695844 162 18 9181
135820232 172 872 9206
135833467 163 1902 9209
135892765 169 1994 9222
135946769 169 1312 9233
136048657 171 353 9254
136053750 175 1787 9255
136170028 179 29 9278
136380447 162 1434 9320
136403287 166 29 9325
136421501 164 50 9329
136487461 176 1203 9343
136497351 164 1251 9345
136536363 163 1998 9353
136547788 164 188 9355
136602388 171 254 9366
136645016 172 1395 9374
136795874 161 1598 9402
136916249 167 158 9429
136923976 175 1409 9431
136933224 179 1810 9433
136971445 175 1357 9441
137091953 174 1358 9467
137167738 178 790 9482
137276254 169 1329 9504
137317959 173 1934 9513
137380762 170 414 9526
137394480 177 1350 9529
137416208 162 204 9534
137449635 177 703 9542
137669478 162 172 9588
137867076 170 1898 9628
137918374 177 1410 9639
138032960 174 307 9663
138069103 171 1184 9670
138078549 172 973 9672
138151155 176 326 9688
138187705 165 1747 9695
138352702 162 1038 9727
138470398 178 1417 9753
138563504 161 1734 9772
138809491 174 658 9821
138820976 170 728 9823
138831169 163 1043 9825
139078110 178 360 9874
139173627 161 1769 9893
139429142 167 27 9941
139536158 179 285 9962
139594610 176 1104 9974
139705018 172 1652 9996
139972130 173 1708 10049
140010293 164 912 10056
140014594 166 242 10057
140087428 176 1049 10071
140184712 170 132 10092
140585268 165 1718 10170
140618231 174 1720 10177
140630433 161 718 10180
140727402 163 466 10199
140864159 170 1778 10225
140916919 161 904 10235
140968099 171 560 10246
140973264 178 919 10247
140981413 168 1597 10249
141059811 174 1522 10264
141138698 170 1962 10280
141199004 169 1969 10292
141385470 168 294 10328
141403894 174 518 10332
141429167 160 305 10337
141435667 161 431 10338
141449582 161 1246 10341
141455286 178 1185 10342
141461149 175 1230 10343
141511533 166 920 10354
141579889 176 1286 10368
141638814 172 604 10380
141642959 173 1239 10381
141658746 166 927 10384
141877415 175 1867 10428
142002608 165 1162 10453
142014532 177 1940 10455
142117135 166 292 10475
142186634 169 1295 10490
142192741 165 1206 10491
142290978 175 1897 10511
142295549 165 651 10512
142329735 173 1867 10519
142401905 167 1962 10534
142442182 171 1480 10542
142480413 165 1266 10550
142588670 164 1063 10572
142635586 166 488 10581
142692598 161 1034 10593
142819665 163 285 10617
142879125 173 1415 10629
142949650 178 1130 10643
143021981 161 896 10657
143042341 175 1234 10661
143271427 163 760 10708
143431756 163 1470 10742
143527463 179 881 10761
143660536 174 627 10789
143697215 160 766 10797
143821165 175 873 10823
143887388 175 1741 10835
143897527 176 1951 10837
144048170 173 951 10870
144152054 170 1479 10892
144156930 164 1 10893
144177665 162 1350 10897
144464135 171 1128 10956
144477401 177 1649 10959
144620599 167 592 10988
144810606 160 1001 11025
144822507 172 452 11028
144920570 179 1640 11047
144997584 176 468 11062
145205335 166 1990 11105
145287149 162 60 11123
145348570 168 565 11134
145389554 173 894 11142
145647706 178 1166 11194
145930244 174 236 11250
146017935 178 1744 11270
146023463 176 1585 11271
146082386 167 64 11283
146089993 164 1117 11285
146148725 170 1182 11296
146216387 175 801 11310
146307167 171 1590 11329
146339165 177 421 11336
146414078 165 1139 11351
146417565 171 34 11352
146489399 170 313 11367
146618706 173 645 11394
146699272 174 398 11411
146905208 166 449 11450
147274172 160 876 11526
147341016 179 1311 11539
147452403 175 734 11560
147609813 167 261 11590
147706690 163 1578 11610
147844031 160 1051 11637
147967137 166 236 11661
148020667 160 1699 11671
148318534 161 380 11731
148335405 168 1096 11734
148437411 176 906 11754
148492878 174 1524 11765
148526936 174 1636 11772
148557203 169 1477 11778
148599195 160 1140 11787
148645518 167 1186 11796
148673450 175 1117 11802
148802280 162 548 11827
148940350 170 415 11854
148992433 162 1121 11864
149085689 170 1391 11883
149287392 163 663 11923
149290322 164 425 11924
149306213 168 509 11927
149474758 167 345 11960
149547483 178 1765 11974
149590646 167 1924 11984
149780907 177 69 12022
149866445 162 167 12039
149887305 171 1320 12043
149966023 161 145 12059
150085396 165 1787 12083
150119135 174 1396 12090
150173183 160 734 12100
150213835 164 1849 12110
150250260 173 418 12117
150299217 177 430 12127
150458535 172 44 12158
150520037 170 1334 12170
150529428 179 1689 12172
150693143 165 1724 12205
150710998 164 316 12208
150761801 169 1817 12218
150880015 176 1033 12243
150915339 177 808 12250
150933729 172 572 12254
151141251 161 544 12294
151189097 168 1797 12304
151240034 167 1473 12315
151302524 177 1799 12327
151353268 178 439 12337
151472318 173 941 12363
151574112 172 532 12384
151630560 172 1471 12396
151662901 167 49 12403
151716953 176 1526 12413
151892099 177 680 12448
152042416 170 1057 12478
152225259 175 1721 12514
152239715 170 1115 12517
152301512 163 623 12531
152359126 170 1188 12541
152374831 172 199 12544
152596060 167 1965 12589
152617822 161 391 12593
152653919 168 463 12601
152848622 164 322 12642
152982810 179 291 12669
153086590 165 686 12691
153140996 162 730 12702
153147089 166 200 12703
153157423 175 6 12705
153165372 165 1923 12707
153330808 172 1183 12741
153375311 174 487 12750
153431156 173 1650 12761
153626076 173 1974 12800
153663627 160 563 12808
153694189 167 229 12814
153975765 176 490 12871
154208707 161 510 12918
154436586 172 1978 12963
154516947 177 1955 12979
154613384 170 1644 13000
154740237 175 1240 13025
154812368 177 1479 13039
154845009 174 1807 13045
154882543 178 68 13052
154933781 174 1208 13062
154947758 165 383 13065
155026159 161 0 13081
155088427 178 1257 13094
155190341 169 776 13115
155252968 176 1022 13127
155317322 171 1398 13140
155420032 166 386 13160
155441693 176 116 13164
155467344 176 55 13169
155556104 176 798 13186
155597975 164 451 13194
155680615 164 239 13212
155754587 178 795 13227
155795387 174 740 13235
155853150 172 1184 13247
155874990 179 1486 13251
155961819 179 1458 13267
156093823 170 371 13293
156098613 161 1428 13294
156151119 163 951 13305
156274673 163 636 13331
156285022 161 1727 13333
156336141 170 1403 13345
156400309 160 1871 13357
156668168 173 55 13412
156841257 165 1511 13446
156974135 175 1038 13472
157063663 163 761 13490
157161381 174 763 13509
157202117 170 168 13518
157253246 175 280 13529
157308585 169 17 13540
157460835 164 1454 13571
157475287 174 1225 13574
157507999 174 1832 13581
157700545 177 839 13619
157730898 178 1093 13625
157888727 163 366 13655
157893942 171 868 13656
157919687 165 1273 13661
157957482 168 603 13669
158041291 175 1678 13686
158141056 178 1418 13706
158189970 167 728 13716
158418691 161 1209 13763
158462195 179 364 13771
158522018 179 587 13785
158622876 173 438 13806
158673259 165 1692 13816
158776234 163 151 13837
159002157 165 518 13882
159028685 163 1975 13887
159076650 169 631 13896
159116472 174 1522 13905
159225306 176 890 13926
159250309 168 86 13931
159538556 167 1390 13987
159663596 179 96 14012
159690790 164 838 14018
159697055 171 852 14019
159710915 173 677 14022
159723174 165 362 14024
159827483 179 1421 14047
159991369 173 1700 14080
160070341 170 1683 14096
160160360 173 1122 14114
160204135 178 1064 14124
160213192 173 392 14126
160257793 168 979 14134
160275965 173 317 14138
160306030 160 733 14144
160335338 174 1743 14150
160399362 167 314 14163
160508031 179 390 14184
160530844 164 1478 14188
160550123 172 1361 14192
160612491 172 1951 14204
160663930 178 990 14214
160749686 163 49 14231
160842543 164 1677 14249
160857648 162 1878 14252
161009033 170 1081 14283
161013550 174 1434 14284
161085416 173 1411 14298
161108113 176 1566 14303
161269198 160 620 14335
161344896 168 249 14351
161383067 165 901 14358
161501798 167 1843 14381
161506879 174 1983 14382
161595253 162 1647 14399
161610681 161 1032 14402
161719488 172 1479 14425
161745311 173 1261 14430
161770736 168 350 14435
161849346 163 1854 14450
161913132 163 1908 14463
161961151 167 791 14472
161989010 174 382 14478
162036022 178 1613 14487
162159657 176 174 14510
162188441 165 653 14515
162223880 170 1578 14522
162269153 164 926 14531
162375631 168 1467 14552
162416003 166 659 14560
162432432 171 1374 14563
162455016 166 192 14568
162519104 166 1148 14582
162589072 160 1738 14597
162676478 168 99 14615
162803271 160 938 14642
162842462 165 1207 14650
162885392 176 1754 14658
162901915 179 272 14661
162946708 178 45 14671
163206642 166 721 14725
163339738 175 1564 14753
163789026 170 594 14844
163810730 167 1221 14848
163942195 178 1339 14874
164048710 160 300 14896
164226985 177 1075 14932
164243761 163 453 14935
164252998 174 1003 14937
164317452 173 839 14949
164389577 172 543 14964
164418057 175 631 14970
164438988 164 1049 14974
164576853 175 1959 15002
164593030 179 772 15005
164616202 168 1583 15009
164707187 170 1447 15027
164730714 172 854 15032
164815224 173 1541 15049
164903229 173 1207 15066
164964486 162 822 15080
165101081 171 193 15108
165125778 172 1742 15113
165302425 173 553 15149
165374568 161 1917 15163
165438196 164 1136 15176
165743930 161 1499 15237
165797735 175 1477 15250
166011806 178 322 15291
166251035 165 1729 15339
166266363 166 1786 15342
166307351 163 964 15351
166319840 160 1707 15353
166434804 161 897 15376
166450183 179 1976 15379
166650029 160 1353 15418
166832409 176 73 15455
166838767 173 1383 15456
166844797 170 1278 15457
166927597 175 261 15474
166950852 172 101 15479
167117765 161 1655 15514
167141890 173 1306 15519
167292272 162 134 15550
167394193 175 891 15570
167482812 178 1171 15589
167553230 162 694 15604
167559234 166 1207 15605
167619803 172 275 15618
167806377 168 1747 15656
167812877 171 451 15657
167827619 177 1779 15660
167919268 166 472 15678
167977049 175 822 15690
168021921 162 613 15698
168135406 161 1810 15721
168176849 166 1730 15729
168259938 170 1947 15746
168302637 170 965 15755
168326909 168 415 15760
168434529 178 708 15783
168447390 168 309 15785
168457369 178 941 15787
168521917 166 1962 15800
168595014 172 1794 15815
168696090 178 1727 15835
168700479 161 1671 15836
168759950 179 1697 15849
168789683 166 52 15855
169047002 164 112 15907
169218799 172 837 15944
169223256 175 742 15945
169253005 176 1751 15951
169257261 173 1970 15952
169436480 179 148 15987
169545968 164 808 16009
169575190 178 1564 16015
169659657 166 1864 16032
169700367 172 1112 16040
169747367 175 963 16049
169780878 178 1602 16055
169802201 169 957 16059
169880258 169 924 16073
169975056 168 1137 16092
170013062 163 1007 16099
170184641 169 684 16136
170233116 160 1065 16146
170261032 172 1259 16152
170302272 175 165 16160
170367663 177 771 16175
170425405 166 119 16186
170433768 179 261 16188
170498569 169 1303 16202
170622454 166 656 16226
170752789 161 24 16252
170834737 168 1613 16267
170843608 168 1967 16269
170846334 173 219 16270
171084914 177 791 16319
171224705 165 3 16346
171243661 163 59 16350
171361924 172 163 16374
171462663 172 636 16394
171582428 165 895 16418
171586389 165 1775 16419
171716994 178 871 16446
171721747 177 498 16447
171736266 177 1065 16450
171813372 177 1657 16466
171853077 175 967 16474
172012139 170 1389 16505
172127039 166 59 16528
172161338 160 1968 16535
172227751 174 1650 16550
172241766 170 1434 16553
172247750 165 446 16554
172261587 172 1087 16557
172272646 167 1207 16559
172316781 165 1496 16567
172322148 167 824 16568
172564602 171 291 16614
172570282 173 690 16615
172632022 178 1496 16627
172685372 164 794 16638
172711061 165 1410 16644
172794286 169 476 16662
172951003 161 575 16693
172955504 171 598 16694
172972471 165 1825 16697
173058195 166 1708 16713
173205951 166 379 16742
173375755 179 268 16778
173382235 166 1374 16779
173467475 168 829 16796
173560578 166 1128 16815
173695844 164 1432 16841
173722516 174 796 16847
173777475 178 1356 16860
173839694 161 792 16873
173895120 171 186 16885
173910722 176 1723 16888
173920398 178 1848 16890
173979308 174 651 16901
174054475 179 647 16916
174124172 167 945 16929
174211681 167 610 16947
174269187 173 598 16958
174376316 178 1961 16978
174444563 177 1149 16990
174475217 172 1680 16996
174655355 177 1297 17031
174710635 173 832 17043
174733106 173 511 17048
174922971 179 1149 17085
175026009 161 1206 17105
175192720 176 346 17139
175201851 163 1290 17141
175319236 172 855 17164
175369711 171 1971 17175
175630945 177 1665 17228
175683941 176 1460 17238
175732053 170 1673 17248
175816124 165 1109 17265
175888906 174 915 17279
175913190 174 1757 17284
176069595 170 431 17316
176086263 174 1602 17319
176094427 175 1773 17321
176148794 172 638 17332
176154064 161 172 17333
176277056 164 1009 17359
176285867 176 1743 17361
176428189 164 1654 17390
176675189 177 1228 17441
176753941 178 1899 17457
176792199 160 1632 17464
176858541 172 1038 17478
176885748 172 300 17483
176959001 175 709 17498
176962126 166 1653 17499
176997435 175 258 17506
177100496 168 1294 17527
177134904 174 614 17534
177140680 175 1646 17535
177156929 166 1752 17538
177192732 163 330 17545
177201553 171 1228 17547
177510536 165 942 17612
177528144 177 1502 17616
177762729 168 68 17664
177869675 169 1924 17686
178348372 167 1196 17781
178604198 162 919 17831
178614347 179 796 17833
178631223 161 1257 17837
178775554 173 1201 17866
178954752 178 589 17902
179008775 162 1669 17913
179087213 172 1831 17930
179271988 173 1292 17968
179315548 177 1135 17977
179327755 173 173 17980
179371767 172 1458 17989
179444547 170 1855 18005
179571797 174 1993 18032
179613948 176 1173 18041
179698382 160 115 18058
179739226 166 386 18067
179810663 178 424 18082
179931518 161 1917 18106
180000877 174 871 18120
180185552 176 1967 18159
180224615 160 933 18167
180324200 178 1359 18187
180345740 168 532 18191
180350671 168 790 18192
180392434 179 1499 18200
180478645 160 164 18219
180597081 175 1842 18243
180611496 170 1321 18246
180622196 179 899 18248
180647444 165 1879 18254
180719134 170 115 18269
180921638 164 1705 18308
181055094 175 1278 18335
181060601 178 319 18336
181212440 160 834 18366
181293228 168 1334 18382
181399010 171 264 18404
181434848 171 1671 18411
181438073 176 1924 18412
181489114 179 1945 18422
181520318 174 648 18428
181557444 167 987 18436
181562922 175 1986 18437
181597695 173 495 18443
181858789 172 418 18497
181867544 165 964 18499
181878776 170 390 18501
181942433 160 1271 18515
182056828 169 1295 18537
182518180 165 1037 18631
182538876 167 573 18635
182626727 167 548 18653
182658898 179 43 18659
182697841 173 205 18666
182803825 169 1452 18686
182819433 177 512 18689
182986852 169 1607 18723
183145779 179 1671 18754
183293520 167 717 18783
183387239 168 1754 18802
183468894 169 1846 18819
183530985 169 932 18831
183546789 171 1249 18834
183581998 176 1669 18842
183668007 160 904 18860
183678173 163 272 18862
183708534 160 1571 18868
183780256 176 269 18883
183783689 179 1249 18884
183828017 174 1818 18893
183834517 161 672 18894
183894001 161 1249 18907
183988382 175 309 18925
184086065 177 312 18944
184103634 170 581 18947
184192010 161 1445 18965
184267721 161 1018 18980
184456872 163 46 19019
184584518 166 1606 19046
184749856 161 1718 19080
184803535 165 1114 19091
184828272 174 875 19096
184832550 162 1664 19097
184869087 175 257 19104
184921406 167 1975 19114
184995184 172 1755 19128
185003754 177 1752 19130
185274909 164 444 19186
185386020 178 417 19209
185539120 172 1717 19241
185689588 162 1588 19272
185786769 162 1560 19291
185805700 172 1403 19296
185839567 171 1860 19303
185901500 175 378 19316
185986558 167 1703 19334
186035330 172 1013 19344
186204590 174 1061 19379
186296557 174 1009 19397
186333451 164 667 19405
186396501 173 244 19417
186421437 166 996 19422
186521455 169 1427 19441
186529925 179 167 19443
186597116 167 1938 19457
186626120 168 261 19463
186698351 170 1680 19477
186863431 178 1159 19510
186911187 166 1239 19520
186989372 173 690 19536
187012805 169 1977 19541
187087957 168 106 19556
187177265 169 909 19574
187220561 165 1380 19583
187225406 165 784 19584
187341020 178 1364 19608
187346153 161 1032 19609
187400203 173 535 19620
187425028 173 1806 19625
187585201 176 1646 19657
187638675 164 1045 19668
187711635 162 429 19683
187726803 174 1384 19686
187769771 162 1544 19695
187797505 162 1663 19701
187809554 171 1249 19703
187838110 176 996 19709
187873132 174 1464 19716
187881896 162 571 19718
187981569 170 200 19737
188064160 171 1211 19753
188110816 171 201 19762
188435423 166 578 19826
188446208 170 507 19828
188554620 171 273 19849
188559061 173 517 19850
188587037 174 1909 19855
188645349 175 1357 19868
188726284 176 1662 19884
188757118 179 1051 19890
188786919 178 1843 19896
188848304 160 465 19910
188856136 176 965 19912
188892062 160 537 19919
188945665 166 340 19930
188967566 172 498 19935
189001905 178 809 19942
189098638 179 347 19963
189126918 179 820 19969
189190537 178 449 19984
189246220 179 1064 19994
