154085 139 1589 7
508903 129 215 24
896877 127 1597 44
1297003 132 1948 64
1403457 120 1525 69
2372925 120 5 121
2412800 132 609 123
2588355 132 518 132
2647468 120 1690 135
3019987 124 84 153
3141089 127 1672 159
3491543 127 1673 176
3717797 120 598 187
3769410 135 527 190
4055970 121 544 205
4390182 138 1353 222
4602066 135 1753 233
4646536 136 1395 235
4966232 124 249 250
5249616 123 441 264
5843055 139 884 294
5902302 125 712 297
6427852 120 514 322
7376344 137 765 370
7458229 135 555 374
7609846 124 1113 382
7901597 124 217 397
8605271 137 912 433
9453680 130 776 475
9675787 121 301 486
9830323 127 1312 494
9967410 136 991 501
10303657 123 1525 518
10518849 138 636 529
10651288 139 52 536
11498656 129 1908 579
12015994 121 1971 604
12118754 126 963 609
12344804 138 241 620
12596018 129 431 633
13111974 125 836 658
13129544 130 1178 659
13540731 138 251 680
13557501 125 1221 681
13994394 136 1394 703
14586447 125 928 733
14777893 121 1630 742
15001033 125 1161 753
15101179 127 341 758
15389337 135 47 773
15520566 131 1683 780
16038923 133 1064 806
16667754 125 364 837
16792387 136 424 843
17222173 124 518 865
17726818 124 1766 891
17747679 139 1764 892
17848688 121 2 897
17866052 138 829 898
17998940 122 246 905
18290418 136 1722 920
18653097 127 1980 938
19101917 131 1599 960
19206180 128 646 965
19338201 127 372 972
20089145 139 1948 1009
20615334 123 1879 1036
21281833 125 1463 1070
22050955 121 1972 1108
22627695 132 262 1137
23939781 135 823 1202
24768206 137 1085 1243
24882884 131 178 1249
25370265 130 1254 1274
26188893 134 1249 1313
27818153 129 554 1395
28303502 135 804 1419
28318502 136 941 1420
28942289 123 1824 1451
28978535 132 1452 1453
29080407 121 1956 1458
29377595 131 1157 1473
29795226 134 1957 1494
30392558 124 680 1522
30426576 137 1184 1524
31207405 131 451 1564
31270361 124 584 1567
31288928 135 820 1568
31393830 139 205 1573
31497897 133 255 1578
31816293 133 728 1593
32066873 120 1668 1606
32201834 133 548 1612
32279445 134 260 1616
32857380 131 1058 1645
33170561 136 1934 1661
33232848 130 176 1664
33311991 122 1871 1668
33441024 125 1009 1674
34083160 138 698 1707
34119415 121 1610 1709
34398741 136 964 1723
34444677 133 1620 1725
34691535 128 1058 1737
35370624 127 1483 1769
36036359 139 928 1803
36220399 131 1323 1812
36553689 138 1322 1829
37108010 126 1737 1856
37563015 130 1006 1878
37855114 129 407 1893
37913526 123 83 1896
38466538 129 1203 1925
38551928 131 645 1929
38799525 125 1544 1941
38860137 124 1542 1944
39197388 129 381 1961
39380342 130 1019 1970
39558534 136 110 1979
39767806 127 722 1989
40281997 123 83 2016
40643859 138 1565 2033
40737377 122 758 2038
41131949 131 310 2057
41988448 125 784 2100
42629224 126 914 2132
42648844 133 1988 2133
44631937 136 1583 2234
45004020 135 1134 2253
45245750 123 1780 2265
45504280 121 1182 2278
45562416 125 835 2281
45632253 125 1530 2284
46015781 136 672 2303
46163826 124 654 2310
46409953 126 1172 2322
46687277 124 471 2336
47207572 138 1105 2361
47917244 122 573 2396
48235330 120 519 2413
48338852 121 1372 2418
48417918 138 1558 2422
48925462 125 1397 2447
49289382 125 937 2466
50191587 129 1542 2511
50530619 133 323 2528
51204117 126 141 2562
51681637 136 1392 2584
51726844 120 1822 2586
51946031 127 397 2597
52237375 135 822 2611
52581366 136 1936 2629
52849690 124 248 2642
53002370 137 1677 2650
53019828 125 545 2651
53130746 139 1475 2656
53241614 135 516 2662
53305427 131 1470 2665
53539342 139 993 2678
53990601 129 1312 2700
54049564 131 1036 2703
54377969 123 14 2719
54502450 126 1356 2725
54546272 133 1874 2727
54854028 139 1915 2743
55130450 133 1931 2757
55382631 134 1900 2770
56090229 139 513 2806
56167381 134 1599 2810
56408315 135 57 2822
56901620 129 314 2848
57312852 132 1396 2869
57492194 133 613 2878
58131359 132 504 2909
58569265 128 1568 2931
59194566 132 1385 2962
59436892 130 1843 2974
59457309 138 726 2975
59714910 136 1467 2988
59735534 127 620 2989
60182377 135 1963 3011
60481253 132 1585 3026
60973948 126 692 3050
61112560 127 1591 3057
61159917 135 220 3059
61238442 127 1112 3063
62414432 130 1904 3122
62532694 138 423 3128
62755143 129 595 3139
63525500 133 1541 3176
63667844 134 311 3183
64008805 127 1880 3200
64489605 124 1702 3225
64922313 136 1319 3247
65115586 127 446 3257
65154894 137 1436 3259
65845332 120 1990 3293
66157807 132 182 3309
66896788 121 176 3347
66958670 137 924 3350
67014450 125 1365 3353
67123532 126 1206 3358
67305229 126 72 3367
67663233 127 1236 3385
67743175 122 77 3389
67887937 138 704 3396
68144266 135 62 3409
68164591 124 196 3410
68387729 138 321 3421
68981441 121 1090 3450
69114260 134 1759 3457
69240434 125 1222 3463
69286396 134 1624 3465
69615274 136 762 3481
69897593 132 527 3495
69917696 125 778 3496
70114435 136 4 3505
70250818 136 334 3512
70580265 129 1244 3528
71003009 127 772 3549
72485434 137 277 3622
72882444 135 1978 3641
72956379 123 73 3645
73208274 122 906 3658
73286876 138 1981 3662
73767965 124 1262 3686
74309075 125 517 3714
75359327 135 1429 3767
75374357 130 500 3768
75390826 134 55 3769
75498433 126 1773 3775
75999839 122 902 3800
76041719 127 101 3802
76328442 139 1409 3817
76345141 127 1253 3818
76413039 132 1953 3821
76503803 129 1335 3825
76637391 132 1396 3832
77120040 127 394 3856
77807913 135 1512 3891
77913273 139 1011 3896
78033232 125 1745 3902
78051294 125 1615 3903
78276734 139 1826 3914
78509471 134 1864 3926
79039318 130 1427 3952
79671684 133 1665 3983
79804370 130 1809 3989
79930520 120 1783 3995
80101924 131 1377 4003
80143896 121 988 4005
80427882 139 798 4019
80924467 122 10 4044
81100427 122 432 4053
81182227 131 235 4057
81219555 132 25 4059
81355477 135 1878 4066
81687458 123 507 4082
81783769 122 1312 4087
82182590 121 90 4106
82513161 134 1577 4123
82877458 133 1160 4141
83237191 132 564 4160
83261082 121 857 4161
83493599 129 769 4173
83725961 122 1696 4184
84014989 135 837 4199
84135909 128 1050 4205
84718215 127 1390 4234
84925486 124 62 4245
85280317 138 522 4262
86521613 127 1943 4325
86690115 123 811 4334
86707687 124 1837 4335
87298633 135 1132 4365
87671590 129 1343 4384
87843671 138 530 4393
87903548 125 668 4396
87977176 129 1688 4400
88256790 123 1408 4414
88657059 139 931 4434
88691427 121 1660 4436
89159307 122 1174 4459
89333795 137 837 4468
89638107 120 1340 4483
89760317 122 1799 4489
89887443 133 719 4495
89904425 128 1118 4496
90057042 120 526 4504
90385539 133 1315 4521
90509705 124 897 4527
90709973 130 551 4537
91230555 132 649 4563
91407451 137 875 4572
92041262 131 1673 4604
92236244 136 534 4614
92392335 127 1638 4622
92560153 127 1383 4630
93077634 125 1695 4656
93999415 135 8 4701
94762637 126 1142 4738
95063967 128 1842 4753
95251096 125 1969 4762
95296824 126 1921 4764
95356242 122 1073 4767
95561677 133 935 4778
95846246 120 1349 4793
96503680 138 923 4827
97065834 130 1176 4855
97287117 130 232 4866
97697475 137 1347 4885
97815019 134 608 4891
97979321 138 1381 4899
98087419 137 1359 4905
98748654 121 1450 4936
99815346 139 221 4989
100124935 125 950 5004
100909873 132 580 5045
101372538 128 1512 5067
101709719 127 1914 5084
102233851 120 896 5111
102252178 137 1829 5112
102439042 130 1154 5121
102794584 129 1159 5139
103320843 121 1959 5166
103337217 120 1053 5167
103830787 139 157 5191
104226189 133 342 5211
105404636 126 593 5271
105584065 120 1998 5280
105670696 137 1872 5285
106917273 125 685 5347
107179576 123 35 5360
107773137 120 546 5391
108427912 131 316 5423
108632832 132 784 5434
108987353 125 1906 5452
109045604 136 691 5455
109129323 127 752 5459
109511201 125 1142 5478
110854536 130 1276 5545
111137870 125 543 5559
111893955 123 1410 5597
111971779 123 1429 5601
112067937 137 23 5606
112647269 130 1644 5635
112664012 132 1571 5636
112913607 122 519 5648
112935045 131 1568 5649
113594715 127 1410 5682
114173622 128 1292 5710
114274111 134 736 5715
115316780 123 444 5767
115391642 120 1643 5771
115499780 131 1218 5776
115831328 135 486 5794
117465637 136 76 5875
117656160 120 181 5885
117696251 130 616 5887
117772195 136 1845 5891
118213296 120 1940 5914
118344940 124 1583 5921
118599647 134 1547 5935
118678188 123 585 5939
118859353 129 1430 5948
119333448 133 101 5971
119590104 139 723 5983
119629149 120 1657 5985
119970391 124 1178 6010
120029059 123 713 6022
120057088 126 1838 6028
120112316 127 1412 6039
120218660 128 392 6060
120302627 130 1499 6076
120318451 128 1510 6079
120439319 139 358 6104
120476634 138 218 6112
120494042 130 763 6115
120522490 122 36 6120
120539551 134 134 6123
120583803 136 583 6132
120688060 128 282 6152
121067508 138 1764 6229
121080588 139 715 6232
121113681 124 1878 6239
121302444 126 391 6275
121311840 139 864 6277
121348066 122 201 6284
121415708 123 240 6298
121431736 139 1316 6301
121450416 131 1886 6305
121454518 129 463 6306
121463079 122 1484 6308
121469304 129 832 6309
121491209 124 1089 6314
121532510 128 158 6323
121547502 136 1062 6326
121569504 126 1747 6331
121594945 120 14 6336
121612213 120 406 6340
121914870 135 15 6400
121925077 125 1560 6402
121978860 135 1287 6412
122010554 139 1816 6418
122059944 131 1859 6428
122101271 131 1524 6436
122116287 136 937 6439
122256989 125 820 6467
122343975 126 724 6486
122368057 122 1972 6492
122514098 125 1239 6521
122679353 132 555 6553
122873696 121 26 6593
123047789 133 1160 6627
123150458 130 1706 6648
123232719 122 683 6665
123348902 120 343 6688
123369493 135 1887 6692
123433439 136 1946 6706
123480081 121 566 6716
123502730 136 1726 6720
123529125 138 562 6725
123771645 121 156 6774
123868224 135 697 6793
123968092 131 1394 6813
123990851 135 919 6818
124041810 121 726 6827
124081633 130 713 6835
124174470 124 411 6853
124255159 125 398 6870
124265655 123 44 6872
124348199 137 1191 6888
124361563 127 272 6891
124492818 130 1363 6918
124695415 137 318 6960
124786167 137 1547 6977
124796179 125 932 6979
124832753 126 166 6987
124957273 120 997 7013
125047576 137 1113 7031
125075532 139 922 7037
125346851 129 1986 7093
125397291 139 1941 7103
125442658 137 1132 7112
125471821 137 1950 7117
125603120 124 1552 7143
125617673 124 863 7146
125668367 132 310 7156
125792775 131 1301 7181
125852670 125 1007 7193
125964836 128 242 7214
126115675 129 1261 7245
126220625 132 1417 7265
126334432 138 1747 7289
126369600 126 23 7296
126400787 125 697 7302
126436653 130 766 7309
126654480 135 295 7352
126709562 135 427 7363
126824935 127 1831 7386
127111123 138 972 7443
127119195 138 1587 7445
127218383 120 1254 7464
127224883 123 475 7465
127235875 125 1757 7467
127458940 127 1280 7514
127478350 134 1427 7518
127506880 139 460 7524
127598832 123 941 7543
127689706 137 118 7562
128109919 125 1139 7648
128133814 128 216 7653
128138023 121 1055 7654
128167159 127 1798 7660
128178096 125 1942 7662
128222309 138 1491 7672
128282818 125 234 7685
128288369 134 757 7686
128329058 138 1247 7695
128416662 120 1075 7712
128453948 130 1869 7720
128491379 138 164 7728
128671646 139 1675 7764
128811592 131 1218 7793
128827941 123 1560 7797
129027563 130 1502 7838
129095004 129 1645 7852
129281754 127 1393 7890
129297098 130 807 7893
129311895 124 936 7896
129377845 124 1564 7909
129520704 127 1489 7937
129529721 135 310 7939
129651885 130 233 7963
129656844 127 1551 7964
129811203 134 1349 7996
129921073 134 721 8020
129931152 133 1373 8022
129964395 123 1322 8028
129985444 133 248 8032
130036275 139 1822 8042
130181560 139 1281 8072
130185812 132 1013 8073
130270153 136 184 8090
130294504 127 390 8095
130320099 135 80 8100
130455108 131 554 8127
130506225 124 883 8138
130593311 136 423 8155
130690630 129 397 8175
130854656 131 338 8208
130858656 133 256 8209
130868954 139 1672 8211
130895575 136 1371 8217
130963084 127 740 8232
131046916 131 1463 8249
131053416 130 623 8250
131158187 139 2 8270
131187954 138 1330 8276
131211852 133 530 8281
131242125 134 1893 8287
131418053 126 1444 8321
131474117 135 639 8333
131490949 128 640 8336
131584448 122 1903 8355
131614763 127 1210 8362
131791421 127 1954 8399
131857905 133 1883 8412
131870624 129 946 8415
131876851 124 952 8416
131999417 136 1528 8440
132024221 120 183 8446
132134020 122 1111 8467
132221580 124 1327 8484
132232877 120 366 8486
132345567 133 323 8508
132423552 134 1231 8523
132461284 124 1589 8530
132715867 136 751 8581
132724597 121 856 8583
132741906 125 799 8586
132757208 127 1716 8589
132827333 129 1732 8603
132963910 135 1667 8631
133017285 129 293 8642
133042064 120 1974 8647
133057272 131 1973 8650
133155586 127 484 8671
133308441 134 1215 8702
133333509 124 450 8707
133359433 126 103 8712
133559218 134 504 8751
133573420 132 1888 8754
133578255 125 407 8755
133626401 133 1595 8766
133670895 121 1951 8775
133835800 125 10 8808
133865941 121 1983 8814
133947386 137 779 8830
133979868 134 1004 8836
134057543 126 302 8852
134067919 123 1971 8854
134269626 123 1520 8893
134286284 133 1174 8896
134614161 135 533 8964
134623575 137 1927 8966
134630075 131 1243 8967
134650471 120 1778 8971
134686612 126 77 8978
134732925 125 1119 8988
134892877 132 1068 9021
134925933 139 378 9028
134992168 126 718 9042
135072871 126 586 9059
135106317 133 531 9065
135115967 137 1466 9067
135157140 128 866 9075
135404543 125 222 9124
135422118 123 269 9127
135434127 133 548 9129
135472901 131 869 9137
135476760 132 956 9138
135797432 131 829 9202
135866627 120 326 9216
135875495 121 107 9218
135996100 120 277 9243
136003350 121 977 9245
136088012 138 243 9262
136150132 121 1726 9274
136203314 122 1644 9285
136393769 136 69 9323
136407953 127 853 9326
136513240 131 1146 9348
136687179 126 812 9382
136728795 123 519 9390
136754629 131 649 9395
136833723 125 736 9410
137025748 125 1822 9453
137163368 132 1026 9481
137284657 122 913 9506
137297223 126 971 9509
137363706 120 1034 9523
137463737 123 630 9545
137586854 126 773 9570
137604891 130 16 9574
137640993 122 4 9582
137718442 123 1620 9598
137781966 130 1607 9611
137793642 127 1382 9613
137962190 125 662 9648
137997912 122 819 9655
138019630 133 118 9660
138025964 127 1079 9661
138029434 137 465 9662
138055907 127 1758 9667
138083252 136 640 9673
138130452 134 348 9683
138212724 128 217 9700
138257283 135 419 9709
138465339 126 452 9752
138548419 122 1120 9769
138572325 125 958 9774
138577325 134 598 9775
138654254 126 929 9791
138798367 125 569 9819
138947287 127 1486 9847
139179268 137 1980 9894
139241337 127 1330 9905
139260955 125 950 9909
139331865 130 809 9923
139374593 128 503 9931
139385946 124 337 9933
139397955 129 724 9935
139442142 129 1006 9943
139599543 139 95 9975
139658322 134 668 9987
139790651 134 1718 10012
139807498 134 1180 10015
139827336 129 815 10019
139877707 131 308 10029
139881347 126 458 10030
139886456 123 1566 10031
139904358 122 1503 10035
140041990 132 1782 10062
140226558 134 572 10100
140237770 137 632 10102
140294008 132 256 10112
140354524 134 1220 10124
140639584 139 852 10182
140665027 120 1839 10187
140675911 133 220 10189
140712540 126 971 10196
140722811 122 484 10198
140757752 124 1942 10205
140791490 123 728 10212
140931155 123 966 10238
140941397 131 374 10240
140993333 126 422 10251
141099677 139 729 10272
141211054 134 352 10294
141230665 126 682 10298
141292929 125 427 10310
141378970 133 1015 10327
141394876 122 1247 10330
141445188 126 1370 10340
141606277 131 1063 10373
141622796 121 1597 10376
141722440 139 68 10397
141813407 129 1900 10415
141851540 137 1952 10423
141914919 130 1095 10436
141941236 125 1558 10441
142026410 133 1109 10457
142108790 131 680 10473
142146650 134 1287 10481
142152105 132 1282 10482
142198067 125 1510 10492
142262387 125 529 10505
142317482 132 1618 10517
142444950 129 1918 10543
142459581 139 807 10546
142517429 130 1631 10557
142558155 126 1545 10566
142603244 121 1411 10575
142625401 133 9 10579
142648897 137 1852 10584
142703667 137 1998 10595
142714560 122 1040 10597
142764333 134 608 10607
142829433 121 1610 10619
142884055 120 1880 10630
142894524 121 1636 10632
142982622 122 1848 10650
143033528 139 1463 10659
143065899 123 1244 10665
143198508 129 1573 10692
143594917 137 779 10775
143639220 124 1834 10784
143674427 124 657 10792
143717510 121 1334 10802
143766872 128 489 10812
143778035 122 808 10814
143783319 132 1991 10815
143789988 129 228 10817
143912751 127 1733 10840
143964024 124 1515 10851
143988938 139 1852 10856
144018393 139 1994 10863
144034997 137 1042 10867
144072778 135 1304 10876
144294829 135 120 10921
144382117 126 1778 10939
144569728 137 538 10978
144625982 123 1720 10989
144639869 131 1091 10992
144698725 135 1776 11004
144792400 129 857 11022
144798900 136 1389 11023
144978030 132 531 11058
145088705 124 839 11081
145094707 124 1633 11082
145144881 132 553 11092
145162546 127 1666 11096
145253308 132 974 11116
145261828 138 795 11118
145384580 130 1596 11141
145449528 129 1974 11154
145636957 121 569 11192
145740596 139 943 11213
145820715 132 804 11229
145843066 136 1178 11233
145870112 121 743 11238
145895511 120 595 11243
145995673 124 1327 11265
146168257 126 914 11300
146184198 120 18 11303
146555764 126 905 11381
146694529 125 1038 11410
146901474 126 1713 11449
146935508 136 1650 11456
146959623 137 408 11460
146999084 124 1046 11468
147031886 122 970 11476
147076650 132 445 11486
147113506 120 944 11494
147199131 127 316 11511
147219174 126 1637 11515
147239955 136 925 11519
147447463 124 1299 11559
147511629 125 1252 11571
147614345 123 239 11591
147716431 122 1276 11612
147755192 123 526 11620
147901987 129 1367 11648
147921135 126 1803 11652
147935387 123 652 11655
147979062 134 1576 11663
148176115 131 641 11701
148259301 126 1547 11719
148294892 134 1950 11726
148309875 131 241 11729
148432011 131 186 11753
148451440 136 1808 11757
148465291 136 949 11760
148498034 128 298 11766
148547557 134 151 11776
148698782 128 1198 11807
149036176 135 164 11873
149045441 135 618 11875
149056094 137 149 11877
149065260 135 902 11879
149271075 129 903 11920
149468258 126 586 11959
149480124 130 1072 11961
149506771 138 1643 11966
149555010 135 707 11976
149569009 139 904 11980
149682645 123 957 12002
149696409 134 534 12005
149741400 124 1157 12014
149827242 121 144 12031
149909225 132 23 12048
149913366 137 1457 12049
149918414 130 1092 12050
149991390 136 16 12064
150010167 135 1556 12068
150015102 128 967 12069
150024735 126 1715 12071
150081139 131 220 12082
150226812 123 1454 12112
150440068 133 1964 12154
150488919 122 1480 12164
150608713 123 584 12188
150611845 123 1124 12189
150655845 124 1994 12198
150721945 124 547 12210
150748360 126 1692 12215
150953525 123 394 12258
151027168 133 263 12273
151032926 124 1708 12274
151082857 130 1259 12283
151171750 131 185 12300
151234891 126 106 12314
151266999 131 1546 12320
151365154 137 1253 12340
151435088 124 1983 12354
151494786 126 1196 12367
151512883 129 152 12370
151531021 123 794 12374
151625397 129 1556 12395
151712198 123 1545 12412
151770275 130 1258 12424
151786780 138 1258 12427
151804393 125 1252 12431
151904153 139 1431 12450
151913920 131 1212 12452
152094898 124 550 12488
152191828 126 1972 12507
152220908 131 457 12513
152244374 139 874 12518
152320091 129 914 12534
152348586 132 207 12539
152402379 129 1780 12550
152407670 123 1320 12551
152412499 137 1836 12552
152417562 137 1865 12553
152476587 139 1144 12565
152573957 133 1887 12584
152717789 122 799 12614
152750214 124 803 12621
152762755 126 409 12624
152828439 131 846 12638
152874221 122 1782 12647
152896420 124 560 12651
152929220 139 132 12658
152988205 138 776 12670
153011828 124 608 12675
153030358 128 426 12679
153138607 132 305 12701
153220896 130 1842 12718
153225815 122 227 12719
153315087 134 538 12738
153384563 125 384 12752
153388200 139 1424 12753
153453105 120 280 12765
153484770 125 529 12771
153509337 138 365 12776
153520714 123 1405 12778
153545500 138 1158 12783
153553975 121 1564 12785
153612663 139 1645 12797
153724593 133 243 12820
153765517 123 1035 12828
153806573 139 1146 12836
153859512 135 878 12847
153894206 134 1323 12854
153920984 132 549 12860
154373541 123 1070 12951
154407064 130 827 12957
154441046 135 93 12964
154473852 128 121 12971
154555999 123 780 12988
154569567 123 570 12991
154670648 135 601 13012
154714421 129 159 13020
154729413 136 1357 13023
154767578 133 1390 13030
154866723 125 1368 13049
154960973 129 217 13068
155196841 132 260 13116
155222532 138 540 13121
155228170 137 1036 13122
155341869 126 1274 13145
155388546 134 1178 13154
155403708 129 1691 13157
155435633 138 892 13163
155495334 133 1804 13175
155575554 128 1700 13190
155628437 126 554 13200
155702778 126 1310 13217
155714512 131 1932 13219
155775168 139 561 13231
155820793 127 273 13240
155829603 126 1725 13242
156112010 130 326 13297
156131966 135 1084 13301
156430920 136 633 13363
156508902 133 1458 13380
156585431 120 1584 13396
156683140 138 740 13415
156736383 121 1389 13425
156789840 123 1533 13436
156819322 125 853 13442
156846427 133 571 13447
156873199 122 1919 13452
156929498 135 1324 13463
156944861 139 1505 13466
156999562 135 1083 13477
157135439 124 709 13504
157182905 131 788 13514
157327472 125 598 13544
157374396 128 814 13554
157415158 137 1228 13562
157537912 137 915 13587
157776252 129 1765 13634
157782752 138 1678 13635
157810902 131 315 13640
157928687 122 1684 13663
158104370 123 1268 13699
158219018 128 1582 13722
158334197 131 1933 13745
158457515 131 1356 13770
158511067 128 791 13782
158567496 134 1071 13795
158608415 123 1453 13803
158654563 123 1574 13812
158697507 135 1182 13821
158787950 137 305 13839
158811112 127 979 13844
158866500 122 1565 13855
158883273 120 133 13858
158941788 135 426 13869
158978372 126 839 13877
159033801 124 219 13888
159091957 131 664 13899
159105441 132 1646 13902
159353825 138 295 13952
159427553 138 1142 13966
159464062 138 1383 13973
159486688 132 1916 13977
159584610 136 1735 13996
159649109 124 769 14009
159675150 137 500 14015
159686505 130 1787 14017
159736319 129 647 14027
159756747 135 645 14032
159759752 138 82 14033
159843362 121 668 14050
159884842 133 850 14059
159955559 130 1931 14073
160010109 132 382 14084
160074128 138 1609 14097
160080044 135 407 14098
160091737 131 530 14100
160098854 120 1156 14102
160127969 123 1388 14108
160239390 137 182 14131
160263162 125 1149 14135
160317190 120 1747 14146
160357306 127 1505 14154
160371431 136 1178 14157
160470149 133 169 14176
160474918 130 433 14177
160559371 138 259 14194
160624190 135 1664 14206
160674526 123 1370 14216
160692299 138 27 14219
160770920 121 1146 14235
160862394 136 1057 14253
160884500 133 767 14258
160916055 135 1439 14264
160929260 130 1575 14267
160956892 138 1058 14272
160998389 129 116 14281
161029780 122 207 14287
161080251 139 631 14297
161113862 120 1958 14304
161145178 121 1171 14310
161262698 138 1336 14334
161491672 130 1061 14379
161517731 123 179 14384
161550768 134 1985 14390
161665819 126 164 14414
161964588 137 716 14473
161994458 139 466 14479
162006338 129 1570 14481
162131808 139 54 14505
162422143 128 1720 14561
162631547 123 1922 14605
162738880 134 1419 14629
162752789 137 759 14632
162763280 136 743 14634
162925524 136 1235 14666
162941945 123 1430 14670
163009655 130 1214 14685
163105408 130 1115 14705
163119263 120 1195 14708
163124651 129 947 14709
163373334 131 898 14760
163443373 130 1917 14774
163456615 129 1918 14777
163462218 125 646 14778
163502267 129 1710 14786
163527693 121 1831 14791
163536217 128 1600 14793
163848032 120 1419 14856
163859323 124 1188 14858
163870968 139 1968 14860
163898225 139 890 14865
163912928 120 936 14868
164039879 128 819 14894
164173259 127 876 14921
164218143 122 219 14930
164490741 120 1940 14985
164861349 121 396 15058
164877118 139 1736 15061
164891808 139 5 15064
165017571 122 1232 15091
165041561 125 1596 15096
165080445 131 392 15104
165237978 136 191 15135
165276340 133 428 15143
165290334 128 97 15146
165292538 131 1199 15147
165318154 136 1402 15152
165360718 129 1558 15160
165365838 122 741 15161
165396755 132 1609 15168
165448220 123 1451 15178
165479088 129 18 15184
165532392 124 1205 15194
165707884 130 341 15229
165783140 124 1187 15246
165894280 128 658 15268
166045162 125 1922 15298
166097332 124 809 15308
166120526 121 639 15313
166136380 137 193 15316
166154502 131 675 15320
166290788 136 1529 15347
166480550 136 817 15385
166509952 120 1434 15391
166524430 121 1537 15394
166542211 121 279 15397
166616544 135 194 15412
166628947 128 1374 15414
166730914 132 1130 15433
166735978 128 1162 15434
166757861 133 1118 15439
166955415 120 502 15480
167138194 124 457 15518
167198536 139 1837 15530
167547569 132 565 15603
167769652 132 1842 15649
167822323 139 1638 15659
167848038 120 154 15664
167853260 138 998 15665
167881775 125 1243 15671
167982527 121 1847 15691
167993694 132 1205 15693
168000194 128 296 15694
168030164 121 1539 15700
168120004 125 879 15718
168163179 121 666 15726
168228667 124 1196 15740
168233315 129 194 15741
168268701 132 938 15748
168407341 134 163 15777
168651315 125 1212 15826
168688796 131 493 15833
168734045 139 1182 15843
168780862 120 848 15853
168837387 123 334 15865
168861541 124 1733 15870
168902148 127 1253 15878
169086214 136 1472 15916
169119526 139 292 15923
169161984 136 654 15932
169398284 130 1962 15979
169664266 136 554 16033
169763737 120 648 16052
169851482 133 505 16068
169912583 122 1067 16080
169939279 122 1786 16085
170112612 132 15 16121
170399006 125 422 16181
170504384 129 174 16203
170538712 123 1865 16210
170570789 125 1119 16216
170612272 120 1714 16224
170665437 122 1324 16234
170976280 130 496 16295
171050907 137 1527 16312
171179928 132 744 16337
171259580 132 1111 16353
171352106 120 1297 16372
171367102 131 170 16375
171564621 137 713 16414
171682325 125 244 16438
171768205 135 694 16457
171817859 126 1926 16467
171859577 130 1702 16475
171934899 133 320 16490
171984787 128 1104 16500
172021277 127 1693 16507
172026548 130 325 16508
172057885 131 918 16514
172146555 134 934 16532
172169628 134 1233 16537
172350293 122 390 16573
172362900 135 769 16575
172467907 138 643 16594
172484112 133 1574 16598
172491698 121 1675 16600
172559010 131 225 16613
172680135 137 466 16637
172988536 134 422 16700
173043562 127 676 16710
173107075 136 535 16723
173222372 138 773 16745
173571715 132 409 16817
173602655 126 869 16823
173727741 127 44 16848
173820381 125 1517 16869
173889471 121 391 16884
173953518 136 710 16896
174020468 139 354 16909
174119228 128 278 16928
174155171 120 131 16935
174190627 134 1245 16942
174279056 120 1981 16960
174532760 133 563 17007
174538379 139 1938 17008
174606226 128 706 17022
174634658 132 1669 17027
174670973 129 922 17034
174676604 134 1399 17035
174689260 133 1110 17038
174723369 129 665 17046
174770227 138 397 17055
174837723 133 1539 17069
174976757 122 13 17095
174982564 135 1694 17096
175020216 129 886 17104
175078718 134 1504 17116
175155165 137 238 17131
175222707 122 1487 17145
175324318 129 1037 17165
175360211 129 572 17173
175394427 120 1992 17180
175540061 121 432 17209
175584503 136 108 17219
175640497 128 488 17230
175724103 139 470 17246
175874885 127 90 17276
175898639 139 1772 17281
175960028 136 1010 17293
176001318 127 720 17301
176074880 123 882 17317
176099921 128 1706 17322
176126054 124 524 17327
176239314 132 1813 17351
176281500 135 1969 17360
176402899 126 606 17385
176485655 135 1584 17402
176515759 129 610 17408
176679958 134 662 17442
176803234 134 1516 17466
176844259 125 561 17475
176863730 129 387 17479
176880104 136 1746 17482
176919415 124 1080 17490
176928503 137 328 17492
176948482 132 1093 17496
177131425 125 1649 17533
177167493 130 1185 17540
177303658 135 292 17567
177343433 139 467 17575
177400193 123 1754 17586
177574246 125 807 17625
177601809 125 97 17630
177694589 128 12 17650
177834365 122 111 17679
177839412 132 264 17680
177911847 136 856 17695
178041608 128 1368 17720
178156490 136 723 17741
178257475 130 1588 17762
178344669 132 1509 17780
178353485 139 1054 17782
178527494 124 1540 17816
178532078 138 730 17817
178551777 136 1127 17821
178598507 139 152 17830
178609158 128 969 17832
178641501 122 877 17839
178874830 135 55 17886
178957357 131 1908 17903
179020698 135 10 17916
179056451 133 165 17923
179065023 138 1626 17925
179208662 129 769 17955
179223007 124 539 17958
179282554 124 1896 17970
179291648 135 1729 17972
179332783 134 1532 17981
179336783 127 1204 17982
179343283 131 1897 17983
179427472 120 283 18001
179561531 131 247 18030
179671360 137 665 18053
179693313 128 479 18057
179719061 132 151 18063
179736046 126 892 18066
179750350 126 470 18069
180088852 120 89 18139
180195379 131 1564 18161
180229836 125 1928 18168
180309658 127 1772 18184
180366166 121 33 18195
180473489 133 1359 18218
180510353 137 1241 18225
180588597 125 137 18241
180592507 131 388 18242
180665897 135 1821 18258
180676347 138 1807 18260
180811955 136 1462 18287
180888635 137 696 18302
180965556 134 395 18317
181021105 133 1567 18328
181075966 131 418 18339
181223675 133 871 18368
181242754 121 1858 18372
181277711 133 448 18379
181423602 127 1409 18409
181484017 124 50 18421
181553055 135 1334 18435
181611950 131 1220 18446
181622411 122 25 18448
181734691 122 988 18472
181819652 136 1447 18489
181898822 130 390 18505
181914000 128 1793 18508
181934992 131 1291 18513
181961764 138 1812 18519
182052801 136 1540 18536
182062672 139 464 18538
182080381 132 1218 18541
182094194 133 652 18544
182104861 137 280 18546
182203762 134 870 18566
182364870 129 799 18598
182397938 120 1876 18606
182447217 136 800 18616
182609437 131 1041 18649
182649054 122 1738 18657
182693052 129 1918 18665
182815031 133 1021 18688
182897119 121 1231 18704
182938063 135 1366 18713
182948582 121 74 18715
183021693 130 1767 18730
183041250 129 1126 18734
183226315 128 575 18769
183256156 138 1542 18775
183318756 125 1859 18788
183442153 121 900 18813
183485720 130 668 18823
183591146 135 543 18844
183693974 137 1727 18865
183730106 130 1663 18872
183837824 134 933 18895
183863184 138 1740 18900
183998758 124 355 18927
184057190 130 49 18938
184134474 125 290 18953
184187380 123 548 18964
184224727 120 1558 18971
184419990 126 120 19012
184451783 135 706 19018
184491282 123 1924 19026
184549898 135 741 19039
184558982 120 1328 19041
184563021 120 1067 19042
184808456 125 1010 19092
184818798 122 1476 19094
184880483 127 454 19106
184915981 121 1016 19113
184930403 135 1202 19116
185082921 136 1130 19147
185123942 129 1113 19155
185128284 121 1591 19156
185289836 132 943 19189
185300664 129 1430 19192
185353955 139 1922 19203
185407252 136 1288 19213
185453365 132 685 19222
185519943 121 1183 19237
185554986 138 1030 19244
185621376 123 172 19258
185629841 132 1412 19260
185742562 129 543 19282
185753019 133 75 19284
185776516 122 548 19289
185780932 128 42 19290
185914862 124 890 19319
185974957 127 417 19331
185979654 121 1324 19332
185996207 131 1840 19336
186029467 135 1357 19343
186168444 133 1582 19371
186227233 138 647 19383
186430823 121 393 19424
186467851 125 1239 19431
186535681 124 226 19444
186541577 134 1534 19445
186561325 139 1902 19449
186631256 135 509 19464
186707149 139 985 19479
186718948 134 1255 19481
186732935 123 316 19484
186794123 133 327 19496
186874004 124 1204 19512
186883978 130 1752 19514
186923699 121 254 19523
187122647 132 69 19563
187129147 132 567 19564
187171760 137 1714 19573
187196790 125 273 19578
187242808 136 355 19588
187477275 138 1441 19636
187539386 123 870 19648
187581287 121 1977 19656
187688855 133 696 19679
187833565 136 571 19708
187994477 137 1997 19740
188009940 121 1225 19743
188052438 124 1847 19751
188106538 134 1225 19761
188122610 121 1321 19764
188234049 139 1380 19785
188439708 130 1620 19827
188489265 127 1070 19837
188516066 128 347 19842
188591814 135 784 19856
188595997 127 1282 19857
188751324 129 1337 19889
188831246 135 1208 19906
188872977 126 1210 19915
189075059 133 1726 19958
189201733 125 120 19986
189268878 125 1663 19999
