96659 285 1081 4
627247 285 353 30
782628 294 720 38
1075697 293 701 53
1133044 287 1098 56
1639701 294 1767 82
1679701 297 227 84
2427800 291 1404 124
2447424 298 1677 125
3058211 291 161 155
3530370 289 828 178
3678163 291 1002 185
3883107 281 529 195
3934449 288 639 198
4313547 296 1891 218
4622390 282 1894 234
5168548 286 1417 260
5535444 283 212 279
6002512 298 1143 302
6232140 290 1820 313
6257140 293 501 314
6682302 280 1250 335
7589374 293 424 381
7668943 281 1257 385
8179770 291 478 411
8393411 291 469 422
8770114 289 588 441
8988521 287 810 452
9262673 296 1927 466
9298644 293 1867 468
9947432 289 1208 500
10476314 287 1883 527
10633102 285 1955 535
10903359 298 1770 549
11910431 280 1150 599
11950381 289 104 601
12201714 281 300 613
12830949 295 31 644
13092262 285 818 657
13153584 292 935 660
13325083 289 1608 669
13399718 298 1182 673
13423432 289 288 674
13969747 289 1227 702
14131952 295 1119 710
14965153 291 844 751
15076179 280 1910 757
15117773 290 232 759
15679032 297 468 788
15946904 280 28 801
18046761 284 1266 907
18841315 292 184 947
19125178 284 81 961
19951498 284 576 1002
20016789 284 617 1005
20282853 286 1183 1019
20350485 294 803 1023
20436327 289 1416 1027
20635194 293 1234 1037
20975574 292 307 1054
21876302 285 202 1100
21943371 284 1485 1103
22357633 283 34 1124
22373691 287 485 1125
22979568 292 822 1154
23083554 282 15 1159
23248859 292 261 1167
23916214 294 1525 1201
24149462 284 1879 1213
24661569 295 1 1238
25616740 285 179 1286
25891092 288 1044 1299
26085143 288 600 1308
26235247 285 1708 1315
26536204 298 379 1330
26730383 291 896 1340
27351375 290 1733 1371
27718707 290 1059 1390
27739338 298 1808 1391
28261206 285 1952 1417
28371737 287 1465 1423
28525979 285 1074 1431
28696694 290 1548 1439
28736694 283 886 1441
30092325 296 693 1508
30445653 293 1832 1525
30618821 294 123 1534
32030656 292 1861 1604
32697624 287 1815 1637
33034695 287 587 1654
33402432 298 972 1672
33830903 284 1741 1694
34215392 291 1742 1714
34332075 280 1881 1720
34421185 295 1142 1724
34462826 282 614 1726
34841243 283 1865 1744
34942581 286 1391 1749
35304314 289 589 1766
35387848 284 1705 1770
35611146 283 343 1782
36098382 284 693 1806
36235399 289 985 1813
36368033 281 1103 1820
36595831 294 1509 1831
36708067 288 623 1836
37033693 297 857 1852
37207115 298 1274 1861
37583511 298 838 1879
37833069 293 1970 1892
38227422 292 241 1912
38409890 287 1011 1922
38489096 282 1106 1926
38681893 286 1258 1935
39014442 282 1913 1952
39361304 297 1997 1969
39646941 285 1400 1983
39725296 289 1515 1987
39846585 291 1422 1993
39901072 291 671 1996
40454363 283 177 2024
40783097 293 1982 2040
41088398 283 930 2055
41244613 297 1857 2063
41503159 290 422 2076
41538478 283 615 2078
41756552 290 1229 2089
41928985 284 592 2097
42224562 294 499 2112
42398343 296 1790 2121
42726730 281 198 2137
42984910 284 42 2150
44242341 291 1603 2214
44437534 292 957 2224
44517581 296 25 2228
44923175 296 1961 2249
46285385 281 804 2316
46748118 282 273 2339
46849059 291 477 2344
47097497 285 467 2356
47226247 280 122 2362
47245772 294 263 2363
47741065 296 631 2387
47893012 280 26 2395
48125062 296 1805 2407
48258316 285 1988 2414
48723786 283 1971 2437
48946823 289 871 2448
48965621 291 483 2449
49062617 286 503 2454
49533351 284 1288 2478
49828151 297 1896 2493
49852010 282 1208 2494
49917694 282 685 2497
50088851 294 466 2506
50154827 294 1521 2509
50287557 287 1570 2516
50471204 294 765 2525
50732634 294 585 2538
51396049 290 466 2571
51885159 293 1326 2594
52117198 292 962 2605
52259345 292 1890 2612
52370959 286 1670 2618
52561380 288 90 2628
52664407 296 1342 2633
52871107 289 1283 2643
53167223 285 549 2658
53909825 281 832 2696
54086303 281 682 2705
54621459 280 726 2731
54639759 283 1671 2732
54714771 293 95 2736
55752144 280 1922 2789
56128217 292 1990 2808
57101921 293 194 2858
57116921 295 570 2859
57137985 289 1604 2860
57671386 285 430 2887
57903754 298 1364 2898
58373824 281 859 2921
59089166 280 57 2957
60498439 281 1213 3027
61560950 295 53 3080
61675241 284 1969 3086
62435681 292 985 3123
63369145 289 1133 3168
63414317 295 891 3170
63894871 280 1276 3194
64105329 289 1257 3205
64371546 296 899 3219
64629163 287 19 3232
64786675 294 1905 3240
65050661 281 729 3254
65199773 286 821 3261
65298801 283 1320 3266
65363553 289 120 3269
65543547 283 553 3278
66537372 281 445 3328
66667607 280 1961 3335
66741202 290 411 3339
67080434 286 1418 3356
67555311 290 1074 3379
67622266 284 567 3383
67703839 294 304 3387
67762699 295 1802 3390
67990137 284 34 3401
68651651 285 543 3434
68873499 292 267 3445
69096984 295 1993 3456
69219991 287 160 3462
69304382 292 1161 3466
69397524 285 1179 3471
70737543 298 255 3536
71399004 295 1014 3568
71525590 282 1448 3574
71656291 297 662 3581
71700723 289 960 3583
71725365 282 1057 3584
71874341 288 1618 3591
72143372 294 30 3604
72313884 289 1544 3613
72391352 281 1649 3617
72590137 293 1192 3627
72860169 283 798 3640
72919044 284 1608 3643
73152989 289 107 3655
73171912 280 1668 3656
73490394 280 245 3672
73668439 290 190 3681
73871396 284 1664 3691
74452226 297 828 3721
74925000 290 1570 3744
75339899 292 1275 3766
75723269 290 1781 3786
76195187 287 1771 3810
76539642 284 1976 3827
77062144 289 1052 3853
77158094 282 1631 3858
77178654 294 489 3859
77258853 292 993 3863
77281847 295 1369 3864
77515124 287 1882 3876
77636949 286 435 3882
78217089 290 219 3911
78292996 280 1217 3915
78370869 291 1088 3919
78393200 285 135 3920
78696624 291 1796 3935
78763483 287 1269 3938
79570199 283 1950 3978
79906075 291 1526 3994
80259510 282 783 4010
80731044 297 1965 4034
81043041 293 1544 4050
81665383 283 367 4081
81907676 297 1559 4093
81975486 296 176 4096
81990824 280 864 4097
82029329 288 901 4099
82071286 283 1134 4101
82435265 297 1236 4119
82772043 297 893 4136
82831868 280 1861 4139
83555700 294 686 4176
83602820 293 709 4178
83806554 280 748 4188
83899343 291 1386 4193
84781828 289 207 4237
85113730 292 483 4254
85130918 288 619 4255
85823936 293 1661 4289
86194356 284 1453 4309
86345185 296 677 4316
87265031 292 1357 4363
87805920 292 1196 4391
87858671 298 602 4394
88640104 292 706 4433
89462378 285 1713 4474
89599499 298 1978 4481
89962308 286 418 4499
90114680 294 1393 4507
90293167 291 276 4516
90311823 283 235 4517
90331299 297 268 4518
90466874 290 1637 4525
90551845 295 370 4529
90951795 288 1735 4549
91149890 296 18 4559
91191254 291 1365 4561
91745063 281 1132 4589
91823415 284 153 4593
91873742 280 1065 4596
92615511 288 1551 4633
93160109 293 143 4660
93392008 280 1172 4671
93554974 282 1583 4679
93659831 280 1806 4684
94277136 284 1387 4715
95900642 286 1677 4796
96178772 287 856 4810
96428301 280 1347 4823
96720128 294 1208 4838
98121714 290 1144 4907
98567744 285 1226 4927
98711464 287 873 4934
99251935 297 331 4960
99898309 280 188 4993
100142878 284 389 5005
100451134 287 177 5022
100502796 285 1990 5025
100949352 291 421 5047
101960348 282 1077 5097
103246204 292 1805 5162
103553056 284 744 5177
104469542 296 1598 5223
104731757 280 339 5237
105010483 283 1341 5251
105027846 288 114 5252
105223309 298 426 5262
105361999 293 159 5269
105621423 291 587 5282
105900062 296 7 5297
106158695 280 1725 5309
106462392 296 27 5324
106695835 283 14 5336
106739722 289 1281 5338
106896901 296 1067 5346
106993885 297 1734 5351
107061962 287 1846 5354
107085358 295 904 5355
107218132 296 735 5362
107608867 286 1114 5382
108285289 281 1874 5416
108467253 292 448 5425
109410163 298 858 5473
109545467 293 1719 5480
109611916 291 600 5483
110872734 290 958 5546
111007282 291 417 5553
111430244 290 1774 5574
112235322 283 758 5614
112956501 289 1380 5650
113071914 298 1158 5656
113559107 296 651 5680
114367619 285 617 5720
114698241 290 375 5736
114735665 290 542 5738
114795658 291 1359 5741
115270673 285 1191 5765
115982306 291 1177 5802
116006717 292 1492 5803
116121698 297 1033 5808
116438302 296 43 5824
116745468 292 1549 5840
117868683 288 618 5896
117905640 289 982 5898
118698526 283 1930 5940
119270367 292 1361 5968
119923034 297 52 6001
119957910 285 1745 6008
120066814 291 496 6030
120079574 293 1592 6033
120101810 294 607 6037
120230371 294 1002 6062
120354425 296 600 6087
120379733 282 1099 6092
120384251 295 945 6093
120483134 297 612 6113
120512941 294 214 6118
120578848 291 1396 6131
120790822 295 1451 6174
120861929 287 1590 6188
120872726 287 1145 6190
121172365 295 977 6250
121247426 294 1996 6264
121352772 285 186 6285
121484487 289 1353 6312
121565026 295 1512 6330
121703589 280 215 6358
121744999 295 514 6366
121790140 282 1333 6375
121870967 289 1615 6391
121941369 286 1072 6405
121975160 289 815 6411
122216577 298 1104 6459
122451005 294 544 6509
122589355 297 715 6536
122606801 298 587 6540
122645672 280 480 6547
122690317 284 882 6555
122733915 286 1522 6563
122773145 298 1616 6571
122783511 295 907 6573
122930188 292 668 6604
122946064 285 1928 6607
123002069 290 441 6618
123122168 290 851 6642
123135750 282 1365 6645
123249889 287 430 6669
123284409 287 893 6676
123466639 292 817 6713
123534007 290 270 6726
123555650 281 291 6730
123592066 282 1300 6737
123666038 295 652 6752
123674348 286 1518 6754
123729419 287 1403 6765
123744652 292 49 6768
123836664 296 1706 6787
123891457 290 42 6798
123934953 294 817 6806
124179645 297 81 6854
124271020 293 73 6873
124302795 297 1210 6880
124372460 287 257 6893
124476182 298 900 6915
124525179 295 989 6924
124568904 283 875 6933
124590372 280 1526 6938
124644633 296 1041 6950
124685495 291 1411 6958
124771703 296 1092 6974
124910926 284 893 7003
125009228 298 1411 7023
125013587 281 1099 7024
125249525 280 1714 7072
125337957 294 621 7091
125342641 293 716 7092
125412592 295 520 7106
125734774 281 450 7169
125769167 281 1118 7176
125774689 285 1455 7177
126197969 282 21 7261
126288689 296 356 7280
126553355 292 1379 7332
126641052 293 538 7349
126684930 295 1037 7358
126912403 296 1088 7403
127043175 293 982 7429
127066479 294 79 7434
127086683 284 1818 7438
127101423 280 27 7441
127146954 294 1946 7450
127180854 282 965 7456
127201419 298 1010 7460
127212950 289 237 7463
127311073 296 236 7483
127320589 289 288 7485
127337374 281 593 7489
127353430 294 765 7492
127449028 280 1027 7512
127472712 298 749 7517
127487847 292 1784 7520
127517748 289 1111 7526
127752022 290 622 7574
127859726 282 1775 7597
127888870 281 242 7603
128005987 294 845 7627
128435202 296 742 7716
128519499 295 132 7734
128562801 287 10 7743
128588858 296 1356 7748
128595024 285 75 7749
128615884 291 295 7753
128693124 293 1201 7769
128698251 284 156 7770
128792515 280 1061 7789
128806487 283 1501 7792
128948884 287 220 7822
129015288 280 777 7835
129105231 284 1811 7854
129214218 280 19 7876
129219108 298 1050 7877
129229300 294 1818 7879
129366680 297 1560 7907
129371449 281 1877 7908
129595719 283 951 7952
129663261 292 1793 7965
129787163 292 681 7991
129903128 281 1737 8016
129947443 294 88 8025
130146706 281 1302 8065
130286146 287 21 8093
130341552 291 1752 8104
130369299 298 70 8109
130419770 291 99 8120
130423691 292 1549 8121
130449443 284 621 8126
130531584 288 827 8143
130734486 290 558 8184
130922372 294 1686 8223
131035824 295 896 8247
131102428 294 1272 8259
131112060 282 526 8261
131236871 297 24 8286
131315399 285 1423 8302
131332533 289 1284 8305
131338232 295 978 8306
131478527 288 1045 8334
131542105 289 556 8346
131550696 293 174 8348
131623904 286 347 8364
131635109 296 1722 8367
131640961 288 304 8368
131774471 281 1285 8396
132103832 293 1599 8461
132147176 298 1607 8470
132245232 290 1452 8488
132454784 292 229 8529
132503982 295 1672 8539
132546432 297 124 8547
132560202 285 1216 8550
132571711 280 1702 8552
132596344 284 1720 8557
132747304 297 912 8587
132752206 296 1836 8588
133061769 289 1615 8651
133096098 287 21 8659
133117962 298 221 8663
133429661 281 1133 8725
133584089 296 1997 8756
133641254 298 779 8769
133893643 284 358 8819
133929868 284 1766 8826
134004981 286 465 8842
134025283 286 495 8846
134118872 287 1456 8863
134152605 290 1526 8870
134172331 288 482 8874
134351144 292 716 8909
134430918 292 536 8925
134445987 292 581 8928
134527003 286 386 8945
134821688 287 1246 9006
134871503 287 1678 9017
134930243 283 847 9029
135052506 293 320 9055
135132297 283 1511 9070
135162582 298 281 9076
135279717 294 189 9098
135364627 289 28 9115
135384693 294 1620 9119
135387137 288 1395 9120
135398426 297 339 9123
135449619 289 1378 9132
135543608 284 1656 9151
135558488 298 1899 9154
135569056 285 1496 9156
135585094 293 1787 9159
135623983 282 292 9167
135787297 284 1744 9200
135829511 285 1145 9208
135973011 296 610 9238
135999956 296 1267 9244
136017646 287 1914 9248
136038215 296 793 9252
136141199 285 1887 9272
136163528 289 533 9277
136185045 292 125 9281
136306494 280 1246 9306
136390632 286 398 9322
136415187 286 582 9328
136426436 289 409 9330
136591692 290 955 9364
136635471 289 1773 9372
136662283 295 1883 9377
136676714 293 1632 9380
136706688 289 1330 9386
136733193 288 240 9391
136880748 289 205 9421
136908567 288 123 9427
136943948 295 1570 9435
136994942 286 83 9446
137029238 284 118 9454
137088002 292 654 9466
137116053 282 138 9472
137144522 295 1740 9477
137152961 285 1675 9479
137245162 281 610 9498
137300942 293 335 9510
137332751 295 289 9516
137337189 293 1425 9517
137343116 290 1202 9518
137566142 281 1274 9565
137600764 296 1206 9573
137645967 289 617 9583
137806842 287 1219 9616
137908314 293 219 9637
138049962 297 302 9666
138065327 298 1861 9669
138097410 282 720 9676
138120040 293 869 9681
138298705 280 849 9717
138348324 292 238 9726
138374097 290 397 9732
138543473 295 653 9768
138658877 296 556 9792
138685492 281 476 9797
138718684 290 269 9803
138737950 281 789 9807
138864215 287 913 9831
138879721 285 1971 9834
139166284 286 1405 9891
139293106 290 132 9915
139341945 281 327 9925
139353570 290 814 9927
139511156 285 73 9957
139585761 282 380 9972
139634021 284 277 9982
139691062 285 1085 9993
139760961 298 1505 10007
139818070 285 820 10017
139866067 284 1278 10027
139911636 297 727 10037
140052206 285 880 10064
140119943 284 1418 10078
140147901 290 486 10084
140190745 282 308 10093
140271778 295 1839 10108
140333385 280 1009 10120
140495515 287 1580 10152
140539943 286 307 10161
140747751 294 445 10203
140825841 298 1549 10218
140903985 291 895 10232
141179007 280 1078 10288
141191104 282 1582 10290
141236132 286 125 10299
141329252 281 355 10317
141484678 294 1539 10348
141502585 291 1608 10352
141653564 289 490 10383
141867144 282 1698 10426
141930000 291 1456 10439
141944237 280 1698 10442
142062199 297 64 10464
142160079 281 1972 10484
142471016 289 1288 10548
142538080 289 1747 10562
142608192 285 211 10576
142655397 289 1044 10585
142824415 294 1046 10618
142836444 290 932 10621
142858127 298 138 10625
142868377 282 475 10627
143141731 282 1543 10680
143192371 298 1645 10691
143236195 292 1863 10700
143352008 295 1 10725
143377864 296 367 10730
143463831 290 1459 10748
143555443 285 1720 10767
143571098 294 1775 10770
143632030 297 1720 10782
143647080 297 1882 10786
143842218 290 0 10827
143856852 296 1338 10830
143892317 288 1723 10836
143940175 288 1218 10846
143974293 281 78 10853
144064885 280 1199 10874
144141661 281 997 10890
144171165 286 1106 10896
144249216 294 1360 10912
144320131 290 635 10926
144395126 281 1670 10942
144494359 289 542 10963
144516895 287 640 10968
144543532 288 1432 10973
144649823 282 294 10994
144771280 284 1192 11018
144894046 287 215 11042
144956828 287 1075 11054
144983331 296 1151 11059
145454465 296 740 11155
145459658 286 347 11156
145512547 290 112 11167
145572112 293 151 11180
145619228 281 911 11189
145676024 289 490 11200
145692779 291 546 11203
145770034 281 1454 11219
145796103 292 1497 11224
145814712 295 1559 11228
145853769 289 973 11235
145879945 281 176 11240
145918871 295 1922 11248
145991626 282 1240 11264
146039537 280 966 11274
146068674 290 433 11280
146116191 293 1225 11290
146205863 282 427 11308
146235847 294 1423 11314
146297352 292 598 11327
146369545 285 1652 11342
146389724 288 722 11346
146394175 297 1975 11347
146445166 289 1954 11358
146450341 283 459 11359
146461173 289 616 11361
146505327 287 1802 11370
146654741 288 1611 11401
146674779 287 829 11406
146680512 296 1834 11407
146827763 289 14 11435
146971948 282 39 11462
147013850 289 1873 11472
147052219 296 936 11480
147055997 294 1227 11481
147069212 296 1933 11484
147081868 287 72 11487
147212752 294 832 11514
147250629 293 1180 11521
147268144 294 1468 11525
147441852 291 1183 11558
147567649 284 1701 11582
147766486 294 979 11622
147781001 289 947 11625
147787318 297 331 11626
147789920 290 1513 11627
147861499 293 308 11640
147906558 286 1791 11649
147930260 296 1768 11654
147995640 292 160 11666
148032508 280 566 11673
148049577 292 559 11676
148137598 295 398 11693
148195831 293 1852 11705
148323424 289 1970 11732
148442198 288 297 11755
148455678 298 1939 11758
148482230 288 526 11763
148531551 296 1859 11773
148536322 294 1018 11774
148541807 289 258 11775
148591964 290 563 11785
148630370 297 1478 11793
148654453 285 598 11798
148858885 285 794 11838
148864516 297 1835 11839
148876792 291 787 11841
148935228 296 38 11853
148966392 298 1587 11859
149106295 284 805 11887
149233714 282 1643 11913
149299822 298 317 11926
149369683 289 125 11939
149418125 281 758 11949
149451826 297 710 11956
149485037 284 730 11962
149489772 292 95 11963
149533260 291 823 11971
149668978 294 1162 11999
149700725 291 1151 12006
149706413 292 747 12007
149944364 296 831 12055
150104549 285 1437 12087
150186383 281 299 12103
150240386 287 1852 12115
150270724 287 151 12122
150314645 297 443 12130
150505073 294 568 12167
150577826 286 981 12182
150705099 297 558 12207
150727541 284 195 12211
150767267 294 514 12219
150957120 297 1826 12259
151060503 295 1496 12279
151199915 282 1054 12306
151249840 293 1544 12317
151282070 283 1097 12323
151371403 283 973 12341
151400129 294 1426 12347
151501074 294 1012 12368
151740427 280 1684 12418
151882762 293 903 12446
151909414 281 934 12451
151952636 297 751 12460
151987798 288 1201 12467
152116456 295 1984 12492
152170609 289 1067 12503
152175682 286 1248 12504
152185840 289 1006 12506
152293256 287 862 12529
152384820 290 683 12546
152393333 282 140 12548
152550187 296 1530 12579
152646898 297 1957 12599
153057160 288 1338 12685
153113905 297 341 12696
153169063 288 611 12708
153246697 297 1607 12723
153272845 295 1952 12729
153362640 297 156 12747
153436406 283 658 12762
153479955 285 1365 12770
153634556 290 12 12802
153744420 290 1954 12824
153941730 292 1241 12864
154047607 293 1243 12886
154172309 291 23 12911
154182055 291 1567 12913
154229158 287 1832 12922
154287779 286 870 12935
154419023 292 1392 12959
154502366 285 711 12976
154507793 296 688 12977
154536177 284 1476 12983
154594411 284 1793 12996
154623233 298 1038 13002
154675651 298 44 13013
154692007 280 1092 13016
154761078 287 622 13029
154928197 292 1851 13061
155283647 297 573 13133
155323632 285 1219 13141
155500093 287 123 13176
155529027 298 1014 13181
155646405 282 399 13204
155661203 284 1451 13208
155688252 294 1925 13214
155730991 298 403 13223
155760167 283 1066 13228
155934396 291 56 13262
155946138 292 1122 13264
156107514 287 1020 13296
156167292 298 435 13308
156187226 284 245 13312
156265620 280 848 13329
156409424 283 1284 13359
156450189 285 1453 13367
156475990 292 1475 13372
156628379 284 889 13404
156638533 293 624 13406
156710931 286 1842 13420
156968572 298 1777 13471
157081093 286 1911 13494
157093638 288 989 13496
157293406 297 187 13537
157347619 291 1058 13548
157388888 297 1928 13557
157392812 287 89 13558
157397774 297 657 13559
157427604 281 1412 13565
157454970 294 1016 13570
157485135 288 869 13576
157570744 288 1497 13593
157598498 280 1700 13598
157691693 284 1915 13617
157710303 286 1201 13621
157816791 284 523 13641
157924431 288 1011 13662
158020095 282 1790 13682
158084174 295 1697 13695
158126544 290 934 13703
158150336 281 1124 13708
158186676 288 341 13715
158210804 281 154 13720
158319560 281 386 13742
158441285 295 1133 13767
158539991 293 1126 13789
158618604 293 821 13805
158679623 290 1088 13817
158838188 294 103 13849
159065115 292 1091 13894
159097041 291 1649 13900
159147639 286 715 13911
159164944 287 1654 13914
159234850 297 1173 13928
159443822 281 1853 13969
159454304 283 1656 13971
159504693 296 1735 13980
159619391 298 1005 14003
159643445 280 1129 14008
159667130 289 97 14013
159717339 285 1259 14023
159934189 287 807 14069
160170708 282 1139 14116
160172972 283 1689 14117
160330841 295 1527 14149
160580039 291 966 14198
160629990 290 1936 14207
160848721 282 1169 14250
160874828 283 638 14256
161119112 293 1926 14305
161134154 281 1954 14308
161171245 289 1291 14315
161207462 280 558 14323
161217441 281 479 14325
161246917 295 726 14331
161298319 285 1337 14340
161355748 287 862 14353
161366166 294 1550 14355
161372666 288 1883 14356
161414906 284 974 14364
161512162 298 36 14383
161559766 284 1460 14392
161627811 291 1251 14406
161728964 296 848 14427
161785530 284 1134 14438
162122521 284 164 14503
162194941 298 244 14516
162229204 293 914 14523
162464740 287 1508 14570
162475762 296 879 14572
162530572 290 887 14584
162615289 297 819 14602
162665010 284 1418 14613
162794784 295 1523 14640
162869573 295 1946 14655
163100057 292 1344 14704
163250531 290 262 14733
163286246 280 1422 14741
163389082 289 1991 14763
163601619 287 1840 14807
163666716 283 1564 14820
163674811 298 1290 14822
163815780 294 344 14849
163927614 292 976 14871
163946087 294 249 14875
163979452 287 938 14882
164131775 280 50 14912
164152784 285 149 14917
164167468 285 1932 14920
164206316 281 1250 14927
164320421 283 386 14950
164433747 290 1121 14973
164675689 288 261 15021
164749415 288 1168 15036
164784378 284 1474 15043
164821169 282 647 15050
165074936 298 1571 15103
165139844 297 1487 15116
165382991 281 354 15165
165499299 298 1204 15188
165555814 285 1799 15199
165566633 287 1956 15201
165597256 298 1416 15207
165617018 281 1716 15211
165621055 286 1878 15212
165625843 281 1654 15213
165666838 295 516 15221
165763279 286 1569 15241
165889563 286 1047 15267
165975219 298 1989 15283
166051118 287 68 15299
166060686 294 222 15301
166108554 290 846 15310
166113051 283 1925 15311
166215042 290 1937 15332
166221338 295 1535 15333
166272064 289 1274 15343
166329380 287 58 15355
166408162 280 1721 15371
166429726 292 1450 15375
166514258 282 895 15392
166622638 287 644 15413
166667657 293 833 15421
166719852 284 912 15431
166800311 298 1791 15448
166804133 298 490 15449
166988315 281 1910 15486
167002686 296 131 15489
167045244 293 680 15498
167059289 281 1328 15501
167075607 294 1015 15505
167152447 295 1036 15521
167211000 284 411 15533
167288285 286 1470 15549
167365869 292 386 15565
167409794 291 1870 15573
167436698 291 1329 15578
167448778 296 961 15581
167540327 283 1004 15601
167594058 288 227 15612
167602417 295 486 15614
167607476 281 833 15615
167789591 287 1217 15653
167795568 291 1682 15654
168090278 297 1694 15712
168095517 297 1285 15713
168128906 288 1517 15720
168157579 297 1924 15725
168331561 297 247 15761
168374598 294 1644 15770
168513862 293 1818 15798
168621967 280 890 15820
168691691 280 590 15834
169074199 282 1800 15913
169082379 284 891 15915
169179835 280 758 15936
169247521 295 1904 15950
169282848 288 1546 15957
169303499 281 716 15961
169333929 293 1163 15967
169364778 286 1261 15973
169475304 280 472 15994
169522578 292 407 16004
169566458 283 1790 16013
169874480 290 1533 16072
169906720 286 1594 16079
170104465 298 309 16119
170131247 292 588 16125
170242767 292 698 16148
170256696 294 1855 16151
170437577 288 192 16189
170533483 284 1473 16209
170598093 285 28 16221
170692525 289 1220 16239
170723253 295 1317 16246
170748106 282 1486 16251
170851012 290 1015 16271
170999722 293 1986 16300
171070456 281 904 16316
171075982 281 575 16317
171101803 287 1594 16322
171170019 285 1244 16335
171253080 288 1507 16352
171289367 289 225 16359
171294386 280 818 16360
171309955 280 1545 16363
171498930 286 1138 16401
171548853 291 1127 16411
171646300 293 1451 16431
171697713 284 352 16442
171778297 293 1994 16459
171803152 292 1201 16464
171808778 289 1890 16465
171958383 297 783 16495
172032491 280 840 16509
172083887 281 643 16519
172213022 290 1528 16547
172326578 296 1505 16569
172343793 292 1300 16572
172439354 289 1010 16589
172532674 286 234 16608
172605006 295 464 16622
172652258 284 135 16631
172723626 285 1690 16647
172757640 289 189 16654
172803882 281 207 16664
173004198 285 234 16703
173009380 285 1060 16704
173159149 287 1256 16733
173174560 294 1814 16736
173195414 295 604 16740
173212087 296 947 16743
173235559 294 1617 16748
173295961 294 944 16761
173388109 286 756 16780
173434345 298 223 16789
173479615 285 1127 16798
173555244 287 1609 16814
173691062 280 1986 16840
173762848 293 1743 16857
173801174 284 384 16865
174025334 284 332 16910
174064980 293 1479 16918
174075018 290 1650 16920
174112839 289 880 16927
174136313 280 438 16931
174240804 289 612 16953
174309442 295 478 16966
174469310 297 989 16995
174491807 296 755 16999
174571442 289 809 17015
174714906 280 728 17044
174822527 290 192 17066
174888729 290 1218 17079
175058157 289 1126 17112
175299003 283 934 17160
175346541 295 1001 17170
175652883 284 16 17232
175694073 293 1866 17240
175713568 298 500 17244
175764316 297 191 17254
175848836 282 219 17271
175918580 291 286 17285
176039064 291 469 17310
176181090 294 965 17339
176243901 289 380 17352
176250208 289 1364 17353
176380609 297 1503 17380
176386615 286 1529 17381
176418240 282 923 17388
176520740 283 886 17409
176559483 283 817 17417
176571054 293 681 17419
176575776 288 491 17420
176646069 293 1776 17435
176650034 298 963 17436
176659183 291 608 17438
176760312 280 1133 17458
176816819 296 815 17469
176822018 291 12 17470
176938723 280 1339 17494
177028074 292 1866 17512
177065770 289 1388 17520
177263528 283 553 17559
177330130 289 60 17572
177426516 290 386 17592
177448775 284 423 17597
177461446 289 715 17600
177558257 290 120 17622
177589699 296 949 17628
177700894 298 1167 17651
177730109 285 784 17657
177779215 294 1847 17668
177823355 287 104 17677
177927559 280 1889 17698
177951617 287 1933 17703
178143770 298 1943 17739
178149990 296 1398 17740
178162990 287 935 17742
178225427 286 1517 17755
178278501 291 1830 17766
178419607 297 503 17796
178449439 284 1488 17802
178537346 297 1416 17818
178574335 295 1758 17825
178795646 281 1792 17870
178933835 286 1106 17898
178939101 291 1386 17899
178967395 289 1865 17905
178982854 298 1385 17908
179044887 298 1420 17921
179082620 295 1252 17929
179103840 281 1668 17934
179109541 298 63 17935
179128724 285 1785 17939
179216507 281 1186 17957
179233479 288 1170 17960
179253679 280 1077 17964
179258800 292 1188 17965
179404129 295 565 17995
179449213 290 380 18006
179474369 290 325 18011
179544703 295 1187 18026
179558144 297 89 18029
179758311 285 1538 18071
179952933 281 618 18110
179963628 286 1953 18112
180059233 292 143 18133
180129453 293 1245 18147
180162361 281 705 18154
180210987 296 734 18164
180240657 290 1853 18170
180319520 298 1202 18186
180445304 292 696 18212
180489146 291 387 18221
180522983 294 1483 18227
180776343 281 1358 18280
180848892 288 651 18294
180864410 285 1043 18297
180969056 284 1936 18318
180998179 287 1268 18324
181024823 287 845 18329
181051816 291 1786 18334
181160039 298 250 18355
181356187 282 170 18395
181371589 281 357 18398
181374122 293 1213 18399
181503550 287 218 18425
181526041 284 1988 18429
181567821 292 1041 18438
181646697 292 1861 18454
181802919 291 1632 18486
181836481 285 744 18493
181842859 288 1462 18494
182114170 297 147 18548
182246320 286 124 18575
182380815 280 1475 18602
182500540 287 746 18627
182510378 287 1333 18629
182591522 286 1708 18645
182745362 291 814 18675
182788046 280 1803 18683
183090945 294 1317 18743
183105305 281 1806 18746
183259855 290 713 18776
183307907 283 358 18786
183377211 296 1782 18800
183428775 293 1353 18810
183464688 290 1880 18818
183714421 292 1189 18869
183887871 284 1307 18905
184159294 297 1891 18958
184264149 280 611 18979
184353656 285 1214 18998
184374922 289 1348 19003
184424296 296 1708 19013
184544296 298 1701 19038
184592786 297 1771 19048
184603536 294 683 19050
184686912 290 223 19066
184708687 290 162 19071
184729307 283 1760 19075
184773794 294 42 19085
184781871 293 1608 19087
184813972 296 490 19093
184864367 290 189 19103
185195227 294 1516 19169
185244395 288 782 19179
185417421 290 278 19215
185422001 287 888 19216
185509267 293 1461 19235
185534086 292 181 19240
185625480 296 1992 19259
185670491 280 1176 19268
185695717 285 1420 19273
185771995 283 1002 19288
185789273 297 847 19292
185834847 284 383 19302
185861873 297 291 19308
186145496 286 617 19366
186447670 294 1581 19427
186677890 292 223 19473
186692590 280 1633 19476
186722119 281 1386 19482
186739155 296 1955 19485
186775942 287 1686 19492
186818163 294 1959 19501
186853347 284 1495 19508
186915561 289 825 19521
187046586 285 1306 19548
187210061 284 1702 19581
187391673 298 1939 19618
187440750 285 1381 19629
187460648 281 214 19633
187506167 287 1062 19641
187593981 289 10 19659
187604547 298 44 19661
187668516 280 1182 19674
187674527 293 162 19675
187698815 293 1550 19681
187779774 297 201 19697
187986416 284 1896 19738
188089779 298 1760 19758
188176057 282 1855 19774
188227549 293 1901 19784
188259563 283 1164 19790
188419421 291 1545 19823
188429541 289 1076 19825
188471358 281 1052 19833
188494626 296 1237 19838
188653912 280 1017 19870
188715579 280 1693 19882
188745875 281 1220 19888
188867694 288 1733 19914
188949694 291 1331 19931
189107635 285 1996 19965
189159525 280 736 19977
