776269 14 2725 57
1021942 6 880 75
1211164 2 584 89
1330315 3 2602 98
1442218 15 2092 106
1717447 18 329 127
2007518 15 1170 150
3138710 15 573 234
3507343 5 755 261
3568057 10 2686 266
3926169 13 2750 293
3963820 1 1221 296
4260079 11 2271 317
4271850 9 693 318
4316543 19 2225 321
4466435 3 1038 332
4702994 9 108 350
4863039 12 2872 362
4890253 16 13 364
4972028 19 1821 370
4997582 12 950 372
5069517 19 1406 378
5396493 0 384 402
5411031 0 2093 403
5602734 8 2093 417
5893523 19 1114 439
6026576 17 1771 448
6084195 17 1883 452
6335514 16 1030 471
6409342 13 1542 477
6493924 3 379 483
6622364 2 2712 492
6772858 2 1483 503
6831590 5 1906 507
7106565 11 1194 527
7161015 0 2658 531
7307034 5 736 542
7372342 2 2573 547
8399604 17 2066 624
8792157 11 305 653
8818549 7 364 655
8994323 5 1609 667
9741604 7 628 721
10192581 8 155 755
10287429 6 2053 762
10763363 15 1270 799
11350403 15 806 842
11500586 9 1355 854
11786666 5 388 875
12142171 1 1754 901
12379999 14 416 920
12659684 10 1164 940
12758533 16 2766 948
12912099 1 1382 960
12984832 15 563 966
13076257 15 2883 973
13234178 1 1782 984
13333967 14 1884 992
13614078 11 1859 1013
13983597 5 1309 1040
14133338 7 52 1052
14405471 3 1029 1073
14456821 10 452 1077
14524958 14 178 1082
14649945 8 2709 1091
14750798 16 1523 1099
14795448 16 721 1102
14847217 10 1332 1106
14892577 3 2707 1110
14975583 13 928 1116
15060181 18 1171 1122
15623027 3 2775 1164
15724853 13 92 1172
15837777 5 2119 1181
15905217 17 882 1186
16586461 2 2936 1236
17166977 0 2096 1281
17357774 2 744 1295
17502845 15 2029 1306
17602141 8 2411 1313
17731745 5 341 1322
17741810 10 554 1323
18300926 11 2330 1366
18768321 10 777 1401
18971767 12 652 1417
19257917 1 845 1438
19390870 17 2538 1448
19418036 4 2620 1450
19479048 12 19 1454
19564917 15 155 1460
19623771 18 2513 1464
19755624 10 2161 1474
19851179 11 1584 1481
19955677 1 581 1489
20488280 14 1559 1529
20616167 3 114 1539
20845353 8 2374 1557
21286981 6 2912 1589
21352400 2 1427 1594
21410373 10 851 1598
21866819 13 157 1631
22180545 15 403 1655
22327804 8 1305 1666
22700820 2 364 1694
22782443 12 1563 1700
22806418 10 1017 1702
23113914 6 1988 1725
23149548 2 3 1728
23708162 0 727 1769
23745731 10 45 1772
23959780 0 1402 1789
24423372 13 2974 1823
24732914 11 488 1846
24759694 7 2163 1848
24772431 7 2091 1849
24787615 6 2578 1850
24827490 4 351 1853
24897324 5 897 1859
25161923 7 2930 1880
25212356 8 2857 1884
25370091 15 2383 1896
25571055 14 658 1911
25737911 14 868 1924
25749998 17 2536 1925
25761123 0 1352 1926
25952490 14 679 1940
26220853 16 1277 1960
26260861 17 1413 1963
26428089 2 325 1975
26881440 17 2827 2009
27032692 1 2294 2020
27082974 9 1027 2024
27297508 1 1727 2040
27531867 2 572 2058
28116107 12 591 2101
28270771 4 958 2112
28423996 0 328 2123
28837259 18 128 2155
29068404 10 560 2172
29234535 13 1490 2185
29271829 11 2683 2188
29333410 10 69 2192
29815802 1 835 2227
30130895 2 1659 2250
30736587 2 2395 2295
30926386 19 58 2309
31071927 13 752 2320
31535502 13 2 2354
31597998 19 2055 2359
32322922 18 2882 2415
33558731 2 2584 2509
34021265 19 2383 2543
34340138 10 2725 2567
34579814 8 1668 2585
34821324 11 2045 2603
34902435 13 895 2609
34916680 2 85 2610
35310179 1 249 2640
35379228 16 2201 2645
35451134 11 590 2651
36562082 7 1843 2733
36574296 17 1292 2734
36642696 7 708 2739
36682434 3 2072 2742
36910377 3 1210 2759
37176397 13 13 2778
37532833 2 714 2805
37686180 8 1027 2818
37719512 13 1069 2820
37833578 9 362 2828
37920788 18 2334 2835
38327066 1 2704 2866
38462348 2 1455 2876
38604736 5 2312 2887
38734442 1 2037 2897
38825849 12 2485 2904
38866911 17 2013 2907
39170341 5 2903 2930
39180586 7 2757 2931
39251191 7 1349 2936
39555492 7 35 2959
39794730 6 2875 2977
40090707 6 704 2999
40689025 5 160 3044
40715281 3 1951 3046
40730932 9 2467 3047
40813873 16 421 3053
41112559 2 567 3075
41165495 7 466 3079
41284844 19 1542 3089
41927345 5 360 3138
41953745 1 245 3140
41976685 4 1527 3142
42063537 6 1294 3148
42541706 17 2366 3184
42592242 7 645 3188
42720986 12 33 3198
43060456 13 1194 3224
43072726 3 2670 3225
43132068 12 340 3229
43549259 3 1018 3261
43652558 15 2931 3269
43754287 5 2875 3277
43890607 17 2649 3287
44102882 17 2929 3302
44141210 9 2113 3305
44172435 9 1161 3307
44319372 3 2350 3318
44359881 6 953 3321
44433477 16 1769 3326
44520703 19 63 3333
44639434 16 1479 3342
45070278 19 1965 3375
45115030 4 1389 3379
45469107 5 2071 3405
45622675 12 103 3416
45726228 7 1225 3424
45848428 10 1615 3433
46753901 4 2182 3502
46892372 12 796 3512
46984457 15 375 3519
47041342 12 678 3523
47352692 11 1015 3547
47478705 7 1753 3556
47557268 0 1130 3562
47767902 3 1133 3578
47954025 2 2179 3592
48300784 6 2163 3617
48651938 16 401 3643
48762088 3 2088 3652
49011833 2 300 3670
49227328 15 1303 3686
49633761 11 2871 3715
49822330 10 2270 3729
49974202 15 2258 3740
49996644 5 1164 3742
50036007 15 1064 3745
50217213 3 2575 3758
50473716 4 1386 3777
50499012 12 633 3779
50533810 10 2511 3782
50988821 2 2455 3816
51661636 3 1181 3867
52226307 0 460 3908
52378551 15 1468 3919
52488349 10 577 3928
52984547 1 1295 3966
53008082 17 1617 3968
53195346 1 295 3983
53258262 0 1841 3988
53365524 10 1261 3996
53650771 6 952 4017
54584010 19 1192 4088
54599020 13 731 4089
54735859 6 94 4099
54941811 14 849 4115
55812676 11 2751 4180
55931462 18 2527 4189
55941462 2 2381 4190
56188275 4 1308 4209
56766525 6 2417 4254
56807060 13 688 4257
57078054 0 2367 4278
57157814 17 1665 4284
57321482 10 1531 4297
57431422 8 763 4306
57578818 10 1267 4317
57605174 13 643 4319
57635288 18 1082 4321
58068755 18 1921 4353
58766508 19 437 4404
59024729 5 1280 4423
59555568 8 2790 4464
59650354 12 2903 4471
60069993 9 1891 4503
60181643 9 1331 4512
60262763 6 1435 4518
60378118 1 406 4527
60506333 5 2815 4537
61290939 17 2273 4595
61535311 4 651 4613
61692963 14 1554 4625
61813382 0 1649 4633
61896325 0 158 4639
62008645 5 1007 4648
62375593 14 2899 4675
62531106 9 356 4686
62754959 14 2927 4702
62811882 15 2844 4706
63082309 17 2055 4726
63749030 9 1604 4776
63874084 15 1512 4786
64090396 12 1254 4802
64282453 18 2057 4817
64685777 13 2307 4847
64995918 2 2015 4870
65047354 3 2081 4874
65164109 6 1254 4883
65219600 10 2227 4887
65377106 6 432 4899
65562697 2 955 4913
65885017 13 1685 4937
66201790 16 2641 4960
66228376 12 1670 4962
66407889 11 2181 4976
66565674 5 2391 4987
66592612 5 2376 4989
66683886 19 1833 4996
66720407 6 384 4999
67103297 9 1359 5028
67429095 11 2073 5053
67583587 10 2259 5065
67730591 2 992 5076
67784385 17 875 5080
68636994 10 770 5143
68960462 18 1957 5168
69063732 7 2249 5176
69382661 16 2823 5200
69640605 18 2064 5220
69797003 1 2396 5231
69992774 3 512 5246
70152871 6 2944 5258
70422531 7 2357 5278
70541635 17 1895 5287
71489748 13 1735 5358
71701193 5 1613 5374
72162242 15 474 5409
72268810 18 657 5417
72508543 15 747 5435
72630993 15 1661 5444
72751379 15 2867 5453
72856502 16 2953 5461
73321197 8 1177 5494
73394956 8 867 5499
73481623 0 1902 5506
73605717 11 2286 5515
73693694 18 438 5522
73799119 16 815 5530
74352943 8 2830 5572
74625035 11 2170 5593
74669189 16 1874 5596
75013064 0 1269 5621
75138710 2 633 5630
75222127 14 2772 5636
75496105 7 2018 5657
75544590 9 113 5661
76069806 8 1375 5701
76706002 15 2020 5747
76743441 0 2254 5750
77490853 9 1396 5806
77833474 16 2844 5831
77988764 3 2577 5842
78032770 0 1181 5845
78074954 11 404 5848
78313370 16 1930 5867
78335821 15 1809 5869
78347774 9 2170 5870
78704711 11 766 5897
78774746 16 168 5902
78791412 8 1586 5903
78859261 19 299 5908
79083324 10 1819 5924
79207558 18 2110 5934
79242331 12 2397 5937
79651500 4 881 5969
79731680 6 1048 5975
79833707 4 908 5983
79912267 11 919 5989
80560696 12 2047 6037
80918645 13 331 6064
80990847 9 2519 6069
81059374 1 641 6074
81407134 2 517 6099
82591129 2 159 6185
82791451 9 2315 6199
82833884 12 1718 6202
82953380 17 1933 6211
83005445 4 1309 6215
83449663 16 76 6249
83641116 14 2858 6263
83749046 10 1101 6272
83772918 6 2905 6274
83787487 14 2740 6275
83891339 12 1874 6283
83947506 2 2529 6287
84441570 4 851 6324
84453717 7 123 6325
85110286 16 618 6374
85277038 14 951 6386
85343255 11 179 6391
85509958 2 947 6403
85805914 4 2963 6424
86002236 14 1255 6438
86063584 15 2286 6442
86198293 7 538 6453
86340473 8 1124 6464
86580625 5 815 6482
86730781 6 1163 6493
87293477 7 2589 6534
87510445 6 1698 6551
87649056 2 2272 6562
87688661 3 126 6565
88008513 12 292 6589
88034667 10 444 6591
88088722 2 2414 6595
88101470 10 2378 6596
88141013 11 174 6599
88602334 15 1344 6633
88644118 14 1256 6636
88688224 3 2788 6639
88742869 3 750 6643
88796999 6 1018 6647
89322481 13 209 6685
89362485 12 1207 6688
89939895 19 2521 6732
90228440 11 2487 6754
90452675 6 1359 6771
91776519 11 1066 6869
91952751 8 1945 6883
92271211 18 680 6907
93190063 9 893 6975
93312416 15 827 6984
93641635 0 1333 7009
93878686 14 2794 7027
94143557 14 613 7047
94349853 11 50 7062
94471645 15 1458 7071
94772757 0 500 7094
95247765 18 2749 7130
95427563 14 372 7143
95440845 4 1291 7144
95753803 6 2846 7167
95820820 14 1599 7172
95876985 19 2246 7176
96280199 11 1303 7206
96504446 8 1312 7222
97514642 16 2762 7297
97834802 7 755 7321
98062851 14 660 7338
98164979 18 1783 7345
98191697 14 103 7347
98264235 7 2195 7352
98331803 11 2087 7357
98444525 19 189 7365
98514467 7 2694 7370
98526682 17 1856 7371
98607967 15 1010 7377
98697627 10 1853 7384
98916908 19 984 7401
98932061 19 1220 7402
99076218 18 749 7414
99131494 3 396 7418
99744429 9 396 7464
100107823 14 2390 7491
100211173 7 1476 7499
100338135 6 1165 7508
100392441 10 177 7512
100627393 5 1289 7530
100972779 8 2640 7556
101181025 19 2905 7572
101635865 3 896 7606
101715722 13 2800 7612
101842799 11 1875 7622
101921269 18 2047 7628
102319362 10 343 7657
102712963 19 2401 7687
102903489 5 153 7701
103495478 5 2667 7746
103684198 10 2552 7760
103712452 0 850 7762
103852967 2 1529 7772
104568091 0 505 7825
104687270 1 1412 7835
104887862 14 1476 7850
104911769 13 486 7852
105327280 15 2799 7883
105689318 0 1346 7910
106490221 5 2903 7970
106681617 18 2722 7985
106724140 7 1828 7988
107063141 12 2802 8014
107076449 1 184 8015
107224814 14 2359 8026
107713846 5 1306 8063
107760645 7 1506 8067
107932243 13 1041 8080
107972060 7 944 8083
108140729 11 1284 8095
108548523 7 2143 8125
108561026 18 294 8126
108892818 0 1436 8152
109233703 13 1662 8178
109261621 11 2672 8180
109581316 5 1367 8205
109832178 3 357 8224
110166435 18 844 8248
110208502 0 1345 8251
110358584 10 162 8262
110383461 9 849 8264
110671868 1 1336 8286
110686395 11 2094 8287
110810384 0 1291 8296
110913882 13 749 8304
111182169 14 2073 8324
111308934 4 2404 8334
111399109 17 2680 8341
111500566 16 542 8349
111635731 1 2253 8359
111646080 18 1437 8360
111830205 15 814 8373
111856742 15 258 8375
112207130 1 1729 8401
112442914 6 1473 8420
112681155 12 981 8438
113012805 0 2115 8461
113037088 19 909 8463
113051513 10 1815 8464
113266056 7 2835 8480
113440357 10 2762 8494
113612286 5 957 8507
114270362 14 1512 8555
114364310 10 870 8562
114438331 2 2911 8568
114526456 14 2315 8575
114553393 4 842 8577
114642682 13 626 8583
114767247 19 1989 8592
115415979 5 184 8641
116088166 2 2259 8690
116258381 2 1714 8703
116297150 7 1563 8706
116339844 0 17 8709
116494987 5 2101 8721
116588406 12 619 8728
116735197 3 45 8739
116806424 9 2772 8744
116942121 13 330 8754
117105076 2 2114 8767
117167346 1 2446 8772
117436843 10 2838 8792
118015144 16 216 8835
118409871 0 1499 8864
119219574 4 1687 8926
119251515 15 2259 8928
119268181 14 1712 8929
120007668 10 2550 8984
120263899 19 2601 9012
120376575 10 2144 9045
120439170 9 2619 9064
120478195 8 2234 9077
120513661 8 1920 9087
120573389 5 2311 9106
120595992 8 1169 9114
120770641 16 1868 9165
120791623 12 1211 9171
120912948 6 2852 9208
120931716 10 2716 9213
121024730 11 231 9242
121041241 4 1088 9247
121051831 9 666 9250
121097486 13 2097 9264
121263665 1 1304 9314
121286680 6 1048 9322
121380600 17 338 9350
121411674 14 2937 9360
121439706 18 261 9368
121467302 9 1710 9376
121518684 18 529 9391
121577086 4 1445 9409
121591011 5 2966 9413
121622102 9 1595 9422
121646996 17 2325 9430
121680960 1 2123 9441
121714261 12 1227 9451
121824516 2 1591 9483
121855263 18 1913 9492
121872505 19 2884 9497
122069384 14 251 9556
122075504 18 2285 9558
122163047 15 885 9583
122174954 14 2787 9586
122307047 11 1748 9625
122316920 14 1010 9629
122330713 16 1549 9633
122383935 0 933 9650
122401419 19 29 9655
122471483 2 166 9675
122476439 6 2834 9677
122489901 0 2731 9681
122497911 0 1682 9683
122500862 15 1755 9684
122545329 10 2560 9697
122559338 2 1438 9701
122566769 11 430 9703
122569052 18 345 9704
122616434 17 2996 9719
122673350 14 160 9736
122815644 15 167 9779
122896808 1 1640 9803
122935149 15 2611 9815
122997485 16 1911 9834
123019713 5 116 9841
123213405 14 2719 9900
123236729 0 1296 9907
123307486 7 1014 9929
123354181 8 499 9943
123418627 0 1523 9963
123429659 7 664 9966
123484278 9 506 9984
123527242 16 2404 9997
123552159 3 587 10005
123567169 18 2830 10009
123590300 3 1658 10016
123672460 5 482 10041
123703458 9 4 10051
123758494 2 2291 10066
123814360 19 2392 10083
123856013 0 1730 10096
123872714 5 1592 10101
123879145 9 2668 10103
123900002 17 1365 10109
123989597 5 666 10136
124045877 13 2936 10155
124070395 13 658 10162
124290868 4 2696 10229
124294778 13 516 10230
124325284 3 748 10239
124391391 8 462 10259
124436375 16 1805 10272
124444716 18 782 10275
124624184 14 187 10329
124861062 3 737 10399
124984799 0 1214 10435
125038766 3 2773 10452
125124219 3 974 10480
125145063 14 1356 10487
125157147 19 1770 10491
125239629 13 937 10515
125286247 5 761 10529
125304270 7 247 10535
125323632 1 2510 10540
125326497 12 912 10541
125344156 0 1363 10547
125358754 14 2400 10551
125446891 19 14 10577
125528043 5 858 10601
125605479 14 2211 10624
125643254 2 185 10635
125700154 11 812 10653
125703141 19 1291 10654
125728401 12 2695 10662
125763655 5 263 10673
125841429 16 1241 10698
125893491 2 2672 10715
125913676 13 372 10721
125920116 2 2272 10723
126123420 13 2559 10783
126231428 12 1510 10815
126267482 0 1081 10825
126275044 18 2085 10827
126349665 4 132 10850
126431859 19 1124 10875
126435116 17 1873 10876
126458510 13 462 10884
126602918 13 1499 10928
126625044 17 207 10934
126628280 2 893 10935
126631790 15 2910 10936
126667772 18 1505 10947
126671724 16 1215 10948
126691492 4 2804 10954
126781576 16 2591 10985
126798534 13 597 10990
126850896 5 2732 11005
126920835 16 1437 11027
126947258 1 344 11035
127072507 19 998 11072
127178984 4 1372 11104
127360497 15 488 11156
127517374 11 1541 11203
127554915 9 1050 11214
127600011 12 311 11228
127615169 5 1492 11232
127632941 1 417 11237
127696693 5 1721 11254
127765556 4 144 11274
127779317 19 414 11278
127789286 19 1041 11281
127806964 6 699 11286
127846200 6 1883 11297
127866466 1 734 11303
127879070 6 1451 11307
127988270 8 693 11341
128021017 10 881 11351
128040438 1 1597 11357
128068620 18 1218 11365
128188092 19 2908 11402
128226913 9 1880 11415
128410498 6 1906 11470
128413108 7 1321 11471
128423845 2 2931 11474
128458558 13 321 11485
128491908 7 812 11496
128517543 1 1530 11504
128530061 11 2751 11508
128734989 15 684 11570
128823932 8 1272 11597
128875978 18 466 11612
128934685 15 2125 11631
128975482 8 1160 11643
129014031 1 172 11655
129062197 5 1233 11669
129064932 19 2310 11670
129067967 8 1251 11671
129207297 8 2170 11714
129231473 14 71 11721
129237014 17 149 11723
129273905 8 758 11733
129322209 19 2741 11747
129435633 9 2287 11783
129558483 1 1872 11818
129644746 4 2898 11844
129710909 4 1033 11865
129775102 12 2327 11884
129847965 17 1492 11905
129877374 2 1650 11914
129901349 12 1131 11922
129959526 4 1911 11939
130027761 11 1244 11960
130070361 10 2309 11973
130078855 3 1753 11976
130153999 0 626 11999
130203086 19 825 12013
130258640 5 1567 12031
130262472 6 2744 12032
130290661 2 232 12041
130309646 1 1164 12047
130336431 4 688 12055
130345294 16 2636 12058
130364741 8 6 12064
130373460 0 2632 12067
130433531 19 2744 12084
130537057 18 1073 12115
130561881 8 2884 12123
130586567 19 573 12130
130589147 4 250 12131
130606453 1 1373 12136
130635471 1 2961 12145
130678133 19 983 12157
130860543 9 1855 12213
130865913 1 934 12215
130869712 12 2205 12216
130937944 6 1352 12237
130940276 2 2912 12238
130959480 1 1209 12244
130980177 11 150 12250
131003958 13 1720 12256
131015549 14 1123 12259
131068177 11 1729 12276
131070908 4 1300 12277
131081472 7 2217 12280
131100995 14 2840 12286
131137969 7 1104 12296
131222973 2 34 12322
131308922 0 1683 12348
131324665 5 1046 12353
131328153 18 2241 12354
131383285 2 1495 12371
131471182 2 1346 12397
131576093 0 281 12427
131601063 17 1168 12434
131639428 8 2763 12446
131690531 6 564 12462
131726096 10 1731 12473
131732972 17 2046 12475
131883345 15 1525 12519
131918925 16 1651 12529
132021405 9 1961 12558
132042298 10 1223 12565
132073153 0 990 12575
132185709 9 2707 12611
132230130 10 2152 12624
132436412 15 82 12688
132544792 5 2628 12722
132547894 15 1266 12723
132558584 0 1036 12726
132661028 11 154 12757
132675743 10 2052 12762
132686483 9 1523 12765
132702766 16 673 12770
132736638 9 1708 12781
132798302 10 2417 12800
132839890 5 1577 12812
132856940 17 1602 12817
132870070 2 2747 12821
132956199 12 1386 12847
132980171 13 1131 12854
133006731 14 2577 12862
133044341 12 1002 12873
133066990 1 1233 12880
133096090 15 2097 12889
133214919 19 2274 12928
133256747 0 2943 12940
133321058 8 1095 12959
133377257 17 2189 12975
133484761 7 2522 13009
133507328 3 920 13017
133525748 17 178 13022
133629583 19 1148 13052
133747657 11 2315 13086
133851880 12 2452 13117
133865588 14 1055 13121
133869630 18 1501 13122
133941052 5 553 13144
133969893 4 346 13152
133979121 16 1834 13155
134084846 12 780 13187
134119955 2 2080 13199
134140927 16 2909 13206
134148659 7 52 13208
134185682 18 2052 13219
134226266 7 2787 13231
134234442 7 440 13233
134254954 3 270 13239
134279465 13 2833 13246
134287975 5 2515 13249
134333465 11 708 13263
134335897 9 559 13264
134343175 4 2335 13266
134345954 6 522 13267
134404191 15 1794 13285
134462363 11 1718 13302
134470230 14 1414 13304
134493642 0 110 13312
134538852 16 1068 13326
134565544 0 403 13334
134622014 4 1425 13351
134671002 11 814 13366
134751645 11 2631 13389
134770527 10 24 13395
134832668 7 1871 13414
134975235 19 2026 13456
134978562 17 589 13457
134997807 18 2033 13463
135025383 18 484 13472
135031184 3 2394 13474
135086161 7 2772 13492
135089603 3 93 13493
135102384 7 2505 13497
135199843 15 2291 13527
135209339 10 2403 13530
135211633 2 786 13531
135262079 2 1219 13547
135282862 7 2986 13555
135354731 2 2932 13576
135407592 16 2758 13593
135492758 13 1248 13619
135553218 16 1470 13636
135575816 18 2891 13643
135658539 16 1528 13667
135733840 6 2937 13689
135807959 9 670 13712
135913108 3 2512 13743
135989748 10 479 13767
136180777 4 586 13824
136202330 2 1950 13830
136227464 5 670 13839
136256962 11 1995 13848
136368499 12 831 13882
136503408 17 203 13923
136590739 12 2643 13950
136658632 10 1607 13969
136672587 18 210 13973
136704894 18 2957 13983
136733178 3 601 13992
136830733 18 1770 14022
136847270 1 2788 14027
136878400 9 1238 14037
136961427 1 443 14063
136997211 16 355 14075
137020125 6 983 14082
137029991 16 1108 14085
137038088 15 659 14087
137130185 15 604 14114
137149372 15 459 14119
137170524 7 2367 14125
137177462 17 2932 14127
137239275 16 2040 14146
137271919 9 2121 14156
137285889 19 2728 14160
137294891 12 914 14163
137306122 4 1868 14166
137333150 15 1184 14175
137371110 7 649 14186
137468240 7 2549 14213
137469976 17 1222 14214
137481963 15 864 14218
137487780 12 1521 14220
137540356 15 2388 14236
137553728 4 865 14241
137619197 6 601 14262
137631257 14 1357 14266
137674924 15 164 14278
137725730 6 1211 14293
137955854 8 1403 14361
137973904 12 305 14366
138032176 0 941 14383
138105194 6 2568 14404
138119234 5 673 14408
138153749 1 1520 14418
138220840 0 2654 14437
138283018 2 84 14456
138420838 7 2605 14498
138431060 16 398 14501
138562850 5 1609 14542
138654684 17 2696 14571
138658816 7 188 14572
138665299 18 1746 14574
138681841 13 1614 14579
138701769 1 2268 14585
138839617 0 606 14625
138881432 6 544 14638
138943523 7 1871 14655
138976461 4 498 14664
138991601 4 1137 14669
139042327 6 1994 14684
139083295 6 2046 14696
139100119 0 302 14701
139107200 1 164 14703
139142614 14 789 14713
139162531 7 488 14720
139183260 3 1368 14726
139194356 17 1736 14730
139386886 11 2272 14789
139408641 11 2904 14795
139459559 15 2055 14811
139470810 15 864 14814
139499569 11 1192 14823
139524835 7 775 14831
139564449 2 2748 14844
139567351 15 67 14845
139606564 17 1255 14857
139691203 7 1469 14881
139727959 9 142 14892
139759095 2 664 14902
139769714 19 2437 14905
139814493 16 2472 14918
139840852 1 697 14926
139880860 6 2613 14939
139932009 11 335 14954
139951703 13 2976 14960
139999595 13 2133 14974
140026454 16 1619 14983
140107082 19 1195 15008
140162754 11 770 15025
140465855 14 426 15115
140488940 15 795 15122
140540467 7 1115 15137
140596862 3 1118 15154
140669693 9 750 15176
140680774 17 261 15179
140719699 1 1106 15191
140749046 16 846 15200
140872753 16 2123 15237
140960193 11 1843 15263
140988374 13 1826 15272
141054620 18 1177 15294
141061281 19 1588 15296
141126580 14 2096 15314
141262018 9 1807 15356
141313896 10 172 15371
141362828 16 2792 15386
141366478 10 1141 15387
141378919 2 67 15391
141382113 3 413 15392
141424020 8 78 15406
141483218 6 2671 15425
141566113 3 662 15452
141595698 5 1848 15461
141724393 0 369 15499
141765026 0 2037 15512
141821703 2 2500 15529
141862270 1 2572 15542
141878548 8 1410 15547
141895625 5 2240 15552
141898447 16 1445 15553
142003319 14 1616 15584
142022355 19 866 15591
142085710 2 878 15609
142095330 1 2691 15612
142120264 0 2779 15619
142166295 11 595 15633
142188727 5 1383 15640
142215011 12 2710 15648
142256866 8 1783 15661
142283038 5 1679 15669
142290822 1 998 15671
142337082 16 145 15684
142386236 15 1489 15698
142399459 9 2020 15702
142455231 15 1876 15719
142483542 17 277 15728
142523904 17 54 15741
142586310 2 77 15759
142594026 16 818 15762
142628122 17 1440 15773
142677850 6 945 15789
142745513 9 554 15808
142776760 1 2044 15817
142806238 4 2456 15826
143020885 6 530 15891
143041688 10 2122 15898
143054262 4 2433 15902
143117229 16 2243 15922
143135909 5 2973 15927
143147956 1 1845 15930
143162068 10 2347 15934
143213853 5 52 15950
143218186 19 1359 15951
143286229 18 1895 15972
143460557 5 1206 16027
143472373 7 955 16031
143476535 8 2395 16032
143672724 18 2990 16093
143757875 5 2933 16119
143768956 10 1292 16122
143829489 5 2052 16140
143897719 10 888 16161
143999723 13 1200 16194
144041850 12 2456 16206
144129009 1 729 16232
144175915 7 1633 16246
144195285 6 2294 16252
144265347 8 659 16273
144268030 10 997 16274
144285006 10 2112 16279
144303545 4 827 16285
144383512 10 2740 16308
144517719 13 2762 16350
144584004 5 388 16370
144587699 5 2899 16371
144633826 5 406 16386
144638795 17 820 16388
144705539 10 1646 16409
144724392 16 2356 16414
144736730 8 1861 16418
144754375 5 411 16423
144854390 18 47 16452
144946123 2 1907 16480
144974086 4 1128 16489
145051337 6 687 16514
145107362 8 2187 16531
145161083 2 2295 16546
145337549 11 1805 16599
145359259 0 1934 16605
145545485 4 2096 16662
145593389 18 2898 16677
145628007 10 1282 16688
145650724 19 848 16695
145655057 12 846 16696
145669932 16 2979 16701
145704140 14 2702 16711
145821627 10 2187 16746
145837240 14 1026 16750
145906588 6 1737 16772
145912889 3 2587 16774
145926095 7 40 16778
146038388 1 1277 16814
146056372 19 639 16820
146060080 5 1752 16821
146112056 17 1655 16837
146202759 18 2315 16865
146205207 3 80 16866
146221771 13 1763 16871
146272462 6 2324 16887
146347253 1 13 16909
146360643 16 2838 16914
146398285 8 930 16925
146464151 2 2068 16944
146486036 5 271 16950
146500006 1 884 16954
146542166 1 963 16967
146558072 2 2368 16972
146592936 12 1792 16983
146649860 5 456 17000
146661185 12 2866 17003
146668708 12 1843 17006
146686582 0 295 17012
146704357 4 919 17018
146716006 4 1365 17021
146740284 13 1683 17029
146794942 4 866 17046
146801726 15 2292 17048
146817763 9 1185 17053
146944873 10 763 17091
146951534 5 1614 17093
147034483 13 1834 17118
147139226 19 1382 17151
147152870 9 1949 17155
147165428 2 2985 17158
147200886 1 2149 17169
147288374 18 1564 17195
147472113 4 2538 17251
147538112 8 623 17270
147550573 18 1734 17274
147751214 2 2762 17334
147816654 12 1786 17354
147821519 6 2096 17356
147832898 1 2374 17360
147868121 16 2911 17371
147936093 17 1648 17391
147940426 16 2976 17392
148038893 1 106 17422
148046890 8 1535 17424
148089570 2 1584 17437
148141387 12 2736 17454
148145369 6 2962 17455
148194912 15 2033 17470
148277063 13 1593 17495
148306410 18 2023 17504
148367956 15 616 17523
148388546 4 660 17529
148404918 6 1156 17534
148418655 18 1730 17538
148432858 1 362 17543
148501155 18 1389 17565
148504392 9 2993 17566
148537377 13 2954 17576
148543757 3 581 17578
148598674 3 1639 17595
148604140 19 1870 17597
148621333 10 379 17602
148672927 8 2116 17616
148689267 14 742 17621
148701803 12 1879 17625
148729940 8 1407 17634
148762923 16 1778 17643
148834396 9 1541 17664
148858652 3 2693 17671
148888464 2 1731 17681
148908612 14 758 17687
148942774 19 1184 17697
148996637 6 145 17714
149093002 15 1826 17742
149170298 5 2467 17764
149307334 3 1864 17805
149383906 15 2107 17828
149597363 6 2772 17893
149608862 17 2301 17896
149629913 1 2813 17902
149636069 0 813 17904
149674132 12 2966 17916
149719633 10 996 17930
149733393 1 743 17935
149763127 14 2192 17945
149790134 6 950 17953
149872225 14 1412 17979
149959982 6 2254 18005
150017477 11 925 18022
150185005 9 2148 18073
150262417 3 2706 18096
150373440 7 1002 18129
150410919 7 1246 18140
150467232 19 1479 18157
150566157 5 559 18187
150575932 15 522 18190
150620672 6 2180 18203
150637669 15 1300 18208
150699508 17 1326 18227
150797258 6 2593 18255
150820082 19 1480 18261
150832481 13 166 18265
150848190 18 577 18270
150895250 10 1414 18284
150902379 13 2665 18286
150947667 12 2703 18300
150981379 17 2256 18311
150996039 9 286 18315
151007002 14 1646 18318
151024484 15 1012 18323
151058173 17 2220 18334
151119904 2 1041 18351
151158891 11 2494 18362
151212904 2 2276 18380
151240568 10 773 18388
151255806 9 498 18392
151264181 11 2960 18395
151330777 17 847 18416
151447564 11 1815 18450
151571020 8 923 18487
151644058 2 2860 18510
151655308 6 805 18513
151722584 14 1892 18534
151753455 8 1452 18543
151769259 12 2339 18548
151854194 19 2788 18573
151895269 0 2347 18585
151898264 19 1255 18586
151958232 16 1995 18605
151965680 18 1369 18607
151993718 4 2184 18615
152087821 16 1114 18645
152140011 14 630 18659
152160643 1 680 18666
152181589 16 2975 18672
152190318 5 1083 18675
152259640 9 968 18696
152309955 11 2510 18711
152370019 0 827 18729
152393393 14 2840 18736
152400778 7 1437 18738
152482446 13 1504 18763
152525801 8 317 18777
152532564 7 913 18779
152577324 2 2438 18793
152705603 10 2601 18831
152723835 1 261 18837
152762595 12 1211 18848
152790776 6 1401 18856
152798733 18 1566 18858
152815224 14 1833 18863
152818517 12 536 18864
152893500 13 2470 18887
152903125 15 1324 18890
152985577 6 325 18915
153301923 14 805 19012
153305155 15 65 19013
153331282 19 1294 19022
153372844 11 976 19036
153427346 9 1283 19052
153491275 6 2021 19071
153592772 19 2157 19101
153616331 13 1481 19109
153648655 9 2554 19119
153657361 3 2954 19122
153671998 5 680 19127
153713003 16 1043 19140
153727284 2 1983 19144
153784398 12 2042 19162
153798679 4 1404 19167
153898279 9 685 19198
153915784 4 1841 19203
153991087 0 2957 19224
154046711 9 2464 19242
154051907 2 135 19244
154068952 12 843 19249
154107664 6 2995 19261
154110041 18 1922 19262
154190010 3 1348 19285
154241057 18 998 19300
154247952 4 2679 19302
154274711 16 946 19311
154307549 16 297 19321
154424669 19 1067 19356
154436416 16 165 19360
154560812 10 1348 19397
154692185 1 2279 19438
154742021 13 2681 19452
154747233 10 2324 19454
154781024 13 340 19464
154841444 0 2160 19483
154859005 4 1632 19488
154868443 11 1828 19491
154893830 18 958 19499
154947712 6 1236 19514
154954104 17 1567 19516
154993612 19 479 19528
155030830 9 1161 19538
155067453 3 967 19549
155084861 10 534 19554
155115473 16 2930 19563
155128744 15 1298 19567
155134062 15 488 19569
155152448 2 215 19575
155163967 1 1114 19578
155207130 17 739 19592
155209386 15 2900 19593
155223791 6 1574 19598
155247787 13 2581 19605
155284224 13 2702 19616
155315815 2 1998 19625
155382313 15 785 19645
155410249 1 970 19654
155565595 16 748 19700
155586246 12 2193 19706
155645928 16 2949 19724
155675463 2 2214 19732
155681919 4 624 19734
155702522 14 1329 19740
155788744 4 2929 19765
155818238 4 216 19774
156035620 11 799 19837
156057678 11 2009 19844
156061922 15 650 19845
156119454 8 1847 19862
156148006 12 2514 19870
156184564 0 1946 19881
156217529 13 2834 19890
156231354 12 803 19894
156302777 8 1601 19915
156321098 15 2432 19921
156503806 8 627 19976
156526049 9 1553 19982
156614875 9 1083 20008
156682994 4 992 20029
156730422 15 1187 20044
156792947 10 1409 20063
156864213 11 2569 20084
156937872 11 2875 20107
156965636 5 1226 20115
156993079 1 1049 20123
157037684 12 1742 20137
157084884 9 234 20153
157097232 17 2889 20157
157133649 7 2357 20167
157249643 17 2029 20201
157300729 16 451 20215
157401202 12 2653 20247
157403327 10 60 20248
157432786 17 1670 20257
157466276 15 1687 20267
157509930 6 1726 20280
157517055 15 2498 20282
157545665 10 63 20291
157626745 17 2895 20314
157734795 12 2116 20347
157743564 16 188 20350
157767621 7 1346 20358
157881726 6 695 20392
157895983 1 1219 20396
157958339 0 2394 20415
157965954 11 2295 20417
157991289 19 485 20424
158014433 2 303 20431
158143006 10 822 20470
158149135 10 1522 20472
158170570 1 2687 20479
158178344 11 998 20481
158193985 6 521 20487
158197295 18 1178 20488
158228236 8 638 20497
158230797 16 2619 20498
158259935 4 1103 20506
158274019 2 490 20511
158297342 6 1702 20518
158399099 15 551 20549
158440627 18 2483 20561
158448012 13 483 20563
158468285 13 388 20569
158520946 15 239 20586
158541821 19 222 20592
158594934 11 2235 20609
158610042 19 1731 20614
158612794 8 787 20615
158637522 3 271 20622
158785783 16 596 20666
158788754 5 186 20667
158814028 6 1996 20675
158840157 13 999 20683
158904685 11 2313 20702
158954766 17 1553 20717
159074071 1 1546 20753
159207482 6 515 20794
159228401 15 2223 20802
159267025 7 2037 20812
159284826 19 1876 20817
159308036 1 2549 20824
159461342 16 448 20869
159510828 2 2218 20883
159564929 11 1086 20899
159640827 3 923 20922
159692900 8 1181 20938
159751271 15 1418 20955
159775266 14 2085 20962
159971263 15 2448 21021
160030756 2 1510 21039
160034508 14 2759 21040
160107752 0 499 21063
160180393 4 1171 21085
160257923 14 316 21108
160317133 17 2949 21125
160460055 14 2538 21167
160528949 12 2594 21186
160644183 17 315 21220
160776258 7 105 21260
160847500 1 551 21282
160908438 1 624 21299
160924754 7 2897 21304
160953433 16 273 21313
161024203 1 1099 21334
161036755 15 510 21338
161064565 19 45 21346
161131931 16 2857 21366
161264090 12 2496 21405
161314003 3 2348 21418
161332205 15 1970 21423
161389660 18 179 21442
161459076 2 2838 21461
161530910 10 2913 21482
161538282 12 469 21484
161664632 12 2218 21522
161687512 0 545 21529
161732972 4 1643 21543
161736109 0 2736 21544
161772233 9 2020 21555
161811586 3 1937 21566
161860102 4 1454 21582
161904090 3 1114 21594
162043400 10 2818 21635
162134399 4 1010 21663
162183630 7 2225 21678
162297203 3 818 21713
162338173 4 1336 21726
162372369 11 2784 21735
162394048 10 1796 21741
162575301 8 2321 21797
162634991 7 1524 21813
162660661 9 2519 21821
162667315 6 1004 21823
162726515 7 2167 21840
162825404 19 984 21871
162907973 4 594 21896
162910965 14 2438 21897
163016535 10 2744 21930
163086007 5 2315 21952
163160234 5 2564 21975
163196297 15 847 21986
163221163 0 1852 21993
163237684 2 1214 21998
163304690 4 826 22018
163387127 9 1050 22043
163400490 11 1244 22047
163513407 11 1791 22080
163560283 14 2795 22094
163599781 18 640 22106
163654447 1 2625 22123
163689023 11 973 22134
163753548 8 1819 22153
163774253 8 1702 22160
163788187 12 1415 22164
163828150 8 2782 22176
163863344 9 1934 22186
163875949 16 970 22190
163927517 9 746 22205
164000324 13 2943 22227
164028757 2 2529 22235
164100361 2 1455 22256
164153687 18 2595 22273
164436578 0 2670 22357
164476292 15 2638 22370
164480160 1 975 22371
164483303 4 1293 22372
164498558 6 311 22377
164536278 11 1236 22389
164565720 2 1116 22398
164625017 3 625 22415
164628585 9 1180 22416
164647970 6 2373 22422
164680416 9 662 22432
164685561 16 2261 22434
164746129 3 2693 22452
164840852 4 2257 22480
164887180 0 164 22495
164945523 4 1023 22512
165019043 14 2070 22534
165044357 12 391 22542
165092187 8 1725 22556
165099679 15 2459 22558
165112954 19 2711 22562
165312504 19 2345 22622
165365165 18 1616 22639
165386182 5 2648 22645
165419521 2 2961 22655
165441933 3 719 22661
165485402 8 2246 22673
165541928 15 2815 22691
165607780 14 2784 22713
165622851 13 1536 22718
165642287 13 1333 22724
165652161 5 1517 22727
165788008 4 380 22768
165790837 16 1744 22769
165858234 8 2723 22789
165907419 11 1648 22804
165945804 12 2908 22816
165955906 13 2354 22819
165974962 18 2504 22825
165993201 17 2081 22831
166009434 0 2029 22836
166018797 17 646 22839
166056684 7 2184 22849
166082665 8 864 22857
166110853 19 2005 22865
166243130 12 1256 22907
166259314 11 2538 22912
166336577 0 884 22934
166359244 14 685 22941
166373634 15 167 22946
166644122 15 1667 23027
166732536 11 1483 23054
166749990 2 1294 23059
166864535 16 2752 23093
166962497 11 612 23122
167026818 9 2801 23141
167087895 5 2152 23159
167181154 2 952 23187
167202403 5 1513 23193
167414379 9 2037 23258
167507309 13 1069 23285
167632475 5 1677 23323
167669907 4 2153 23334
167703940 3 2426 23344
167709874 14 687 23346
167730766 12 2745 23352
167745243 12 189 23357
167778569 10 513 23367
167792547 5 2896 23371
167805713 16 1380 23375
167866512 9 2258 23393
167913993 12 779 23407
167926789 3 2786 23411
167940964 16 53 23416
167994094 1 83 23432
168044119 9 872 23448
168070652 10 1512 23456
168162468 10 835 23483
168220214 14 1034 23500
168228381 10 2094 23503
168274737 19 2792 23517
168278068 13 1258 23518
168396275 0 2045 23556
168452523 3 1122 23572
168483666 12 971 23582
168507351 13 2231 23589
168611034 19 1495 23620
168640211 18 2735 23628
168663660 13 2396 23636
168704004 3 67 23647
168707162 16 2208 23648
168779365 4 1524 23669
168874443 4 108 23697
168943628 2 551 23718
169016199 7 2399 23739
169019803 1 2076 23740
169096686 11 2489 23762
169151017 17 2530 23779
169225542 18 1571 23802
169250834 13 410 23809
169293275 14 313 23822
169299688 13 404 23824
169305762 9 689 23826
169371340 17 1699 23846
169388556 19 801 23851
169394269 9 2923 23853
169461264 4 300 23873
169476686 16 2748 23878
169513707 14 205 23889
169541117 5 850 23897
169637933 13 2035 23926
169648748 4 162 23930
169655078 11 1717 23932
169792523 19 1559 23975
169808712 12 361 23979
169847646 19 1396 23990
169869601 6 2272 23997
169957678 1 1191 24023
170329340 13 1846 24133
170435353 16 1985 24166
170480962 19 699 24180
170492043 15 866 24183
170561851 19 581 24204
170657086 16 447 24232
170735355 7 1159 24256
170801205 14 1614 24276
170826808 0 2374 24284
170894578 18 1037 24304
170937791 19 920 24318
171007368 15 1192 24339
171055154 13 258 24354
171143026 4 647 24381
171211649 7 2602 24402
171328468 16 690 24435
171359062 19 2860 24445
171448938 6 2195 24473
171474297 7 961 24481
171489035 13 233 24486
171540159 4 256 24501
171562413 1 1013 24508
171613626 6 2411 24524
171635242 1 656 24530
171736289 5 2563 24561
171772565 2 1421 24572
171792622 18 266 24578
171813536 11 969 24584
171840696 2 2521 24591
171851251 7 1155 24594
171913697 11 58 24614
171952221 7 15 24627
171966056 12 2718 24631
172087368 14 2618 24669
172105630 8 313 24674
172146242 1 1823 24687
172149974 15 2336 24688
172212754 12 994 24706
172215730 5 2408 24707
172331558 5 700 24742
172418745 4 2413 24768
172459310 13 1799 24780
172505594 11 1753 24794
172562611 14 2242 24811
172566447 0 786 24812
172569084 19 2714 24813
172579782 12 1207 24816
172585195 1 2502 24818
172728047 12 244 24862
172802478 6 1696 24884
172885439 4 565 24909
172940019 10 932 24926
172960878 17 1757 24933
172988941 7 1698 24942
172992577 0 1331 24943
173002884 6 2481 24946
173039729 3 1885 24957
173045092 3 1689 24959
173150789 0 1093 24991
173278091 0 1763 25031
173387054 3 2323 25066
173538358 10 71 25111
173616999 4 248 25137
173632775 14 1176 25141
173791504 16 716 25187
173856438 11 1480 25206
173966970 14 2829 25241
173981061 19 2030 25245
173988044 15 1484 25247
173997512 8 771 25250
174004248 16 2955 25252
174048819 5 2387 25265
174092432 10 285 25277
174116523 16 494 25285
174133861 3 2889 25290
174143428 11 1435 25294
174225198 15 1302 25319
174257263 1 24 25329
174277098 5 2443 25335
174302029 18 2734 25343
174332119 14 283 25352
174377762 8 2622 25366
174451245 15 418 25388
174464853 5 2975 25392
174525793 4 2480 25410
174532306 15 197 25413
174636288 5 989 25444
174652475 18 707 25449
174906387 1 891 25523
174912975 7 2745 25525
174980160 13 1472 25545
175080918 4 1258 25574
175167296 4 1284 25598
175252127 12 172 25623
175289770 15 1177 25634
175346907 10 587 25652
175539161 2 2205 25709
175553782 5 2598 25714
175557193 16 1449 25715
175645501 16 870 25742
175768356 0 844 25777
175797996 17 2542 25786
175826436 6 34 25795
175840708 19 20 25799
175891185 3 2366 25813
175899828 9 248 25816
176032679 14 1389 25856
176049756 7 571 25861
176083658 19 140 25871
176093542 16 2106 25874
176229325 6 1045 25916
176241073 8 2176 25920
176268976 0 2895 25929
176407815 16 1399 25971
176431377 11 1801 25978
176542557 9 743 26012
176601394 12 2004 26030
176695172 5 2748 26060
176705908 8 2791 26063
176708754 12 791 26064
176789203 13 768 26088
176811171 3 2877 26095
176990263 15 2647 26148
177054015 8 2658 26166
177075378 12 2408 26172
177278606 5 1305 26234
177287272 7 2087 26237
177390592 0 1254 26268
177474880 16 1178 26293
177538429 16 1427 26313
177578982 17 1370 26326
177649911 5 131 26347
177670934 11 312 26353
177913207 12 647 26426
177916257 3 2054 26427
177923688 13 2771 26429
178036730 4 1802 26463
178041644 1 77 26465
178098489 14 2354 26483
178122613 3 1170 26490
178165989 9 1853 26503
178202312 5 2008 26514
178232292 14 1217 26522
178238845 14 2049 26524
178276255 6 2524 26535
178419810 14 826 26578
178446112 18 1538 26586
178457712 15 1861 26590
178472395 5 1741 26594
178498368 12 1926 26601
178524727 17 1767 26609
178641926 10 1237 26644
178664168 7 1430 26650
178715446 19 2938 26665
178738121 9 1247 26672
178758430 4 1409 26678
178783588 19 2562 26686
178814841 2 2546 26695
178922754 15 1998 26729
178927588 10 654 26731
178940627 7 1234 26735
179027785 6 1494 26761
179031626 11 2830 26762
179146487 17 804 26798
179204283 10 1928 26817
179248053 13 1078 26830
179293239 13 933 26844
179295648 12 433 26845
179325140 12 2373 26854
179368667 14 2622 26868
179444621 17 2966 26891
179460274 19 1630 26896
179483365 19 1581 26903
179523250 19 594 26914
179539262 18 1389 26919
179549041 7 847 26922
179606296 10 1923 26939
179610629 1 1133 26940
179933606 5 405 27039
179982051 14 1993 27054
180024721 15 1890 27068
180105088 3 683 27091
180126734 15 2237 27098
180253190 18 1090 27134
180267170 17 2849 27138
180353780 9 1555 27166
180442229 14 2922 27192
180482240 4 940 27203
180609136 3 2945 27240
180620296 6 520 27244
180630228 0 2489 27247
180693019 9 204 27266
180852032 10 2192 27316
180929892 5 1148 27339
181163807 0 1478 27408
181232237 14 1904 27427
181414507 2 2337 27481
181462620 7 580 27496
181525176 8 2209 27515
181544658 13 1801 27521
181548006 13 2561 27522
181589125 17 1319 27535
181614449 2 2883 27544
181625049 17 1317 27547
181634640 16 1929 27550
181641024 16 1546 27552
181683224 12 1076 27564
181722394 8 2126 27576
181727290 7 1314 27578
181744372 5 1177 27583
181773870 17 1176 27592
181784811 9 835 27595
181871614 0 2411 27621
181894353 6 233 27628
181914639 8 358 27634
181918520 9 2471 27635
182006920 4 2938 27662
182050290 14 507 27674
182125322 15 935 27697
182197939 0 1740 27719
182302185 6 1076 27748
182359084 1 2659 27764
182371164 7 1850 27768
182377027 0 165 27770
182390158 15 2180 27774
182438823 8 1435 27788
182529412 12 108 27816
182556427 5 350 27824
182586874 5 2276 27833
182630346 16 780 27846
182675850 12 2884 27860
182687225 7 2889 27863
182760022 12 2802 27885
182857124 16 1618 27914
182906222 8 470 27928
182936147 9 429 27936
182948425 18 277 27940
182963635 1 689 27944
183029865 1 1624 27965
183173464 9 1366 28011
183196163 6 1849 28018
183218165 16 1966 28025
183221835 13 1649 28026
183303382 13 247 28052
183345274 12 422 28064
183351666 4 1473 28066
183384398 13 1333 28076
183395611 19 2227 28079
183513019 0 1025 28114
183607556 11 2987 28142
183627803 19 713 28148
183773090 13 1510 28192
183805269 0 2210 28201
183829977 1 2120 28209
183889984 5 201 28228
183952249 3 2185 28246
183968379 5 2805 28251
184053364 8 266 28275
184132731 19 2234 28300
184285371 9 2970 28347
184357302 7 1583 28368
184359775 7 22 28369
184371339 0 108 28372
184416740 6 596 28386
184492433 6 505 28410
184515617 7 1468 28417
184519031 1 1408 28418
184605787 9 2150 28444
184647863 5 2757 28456
184703379 19 2113 28473
184771090 8 2149 28495
184791178 14 1056 28501
184800122 14 999 28504
184933576 2 1552 28544
185002049 5 2040 28565
185033588 0 2062 28575
185064318 3 1029 28584
185068399 5 298 28585
185079516 15 2081 28588
185087062 11 2986 28591
185093668 17 2878 28593
185096338 12 2213 28594
185103986 4 2835 28596
185130042 5 2973 28604
185175964 6 2885 28618
185454658 9 2752 28700
185463906 16 1953 28703
185542649 12 201 28726
185570202 14 2370 28734
185585431 15 1473 28739
185588587 6 2669 28740
185716148 11 1179 28777
185817758 14 113 28807
185866281 14 1785 28822
185925883 10 2318 28840
185997270 0 2011 28862
186139173 11 1344 28906
186148392 16 2539 28909
186187631 14 1799 28921
186239503 13 1958 28935
186247352 11 830 28937
186278615 14 2662 28947
186282118 12 819 28948
186329691 19 489 28964
186411279 14 1397 28989
186497961 5 282 29015
186647250 1 2924 29060
186800455 2 1438 29105
186823444 9 1286 29112
186906124 0 947 29137
186926269 7 1987 29143
186941675 13 2522 29148
186955536 10 1113 29153
187037668 17 640 29178
187108159 4 2395 29200
187119736 2 195 29203
187176629 2 1477 29220
187370635 19 766 29280
187373739 6 1666 29281
187509785 14 1175 29324
187519181 17 1189 29327
187544904 19 631 29334
187565045 9 2518 29341
187577135 19 1778 29345
187607550 0 2703 29354
187719043 14 271 29388
187746556 12 1919 29395
187894017 6 1844 29440
188059119 5 2251 29489
188141759 5 1485 29513
188146092 11 1295 29514
188233675 17 1241 29542
188246502 8 1879 29546
188320676 8 2403 29568
188342679 17 366 29574
188346656 0 2331 29575
188428547 6 816 29599
188488945 13 1833 29617
188536615 9 2175 29632
188558979 7 2636 29639
188584196 13 599 29646
188599624 12 2112 29650
188618055 2 1590 29656
188639881 1 1049 29663
188654811 19 1592 29668
188692999 7 917 29679
188779460 12 2031 29705
188837799 6 7 29722
188944310 6 2636 29753
189193573 10 1830 29826
189273141 5 1196 29851
189446529 16 1221 29903
189543215 1 111 29932
189564178 19 2639 29938
189567491 8 968 29939
189570757 5 1757 29940
189649436 11 2547 29964
