26086 112 1824 1
74341 105 182 5
912710 112 1959 67
1043951 105 1607 77
1250276 118 948 92
1794134 109 1139 133
1926967 114 2662 144
2046274 113 461 153
2358507 113 2729 176
2455015 119 1487 183
2773832 112 2650 208
3242366 107 414 242
4106531 110 421 306
4231540 115 2231 315
4633420 105 164 345
4727249 108 50 352
5155760 111 2757 385
5324134 117 2455 397
5381512 100 1205 401
5530951 118 2160 412
5825836 103 793 434
6126202 109 2617 455
6138882 110 481 456
6258210 101 1875 465
6347625 115 199 472
6785941 114 1381 504
6925750 116 27 514
7359269 110 1012 546
8007272 113 682 595
8330606 103 2574 619
8577540 106 227 637
8647745 104 1954 642
8951678 118 2160 664
9103255 101 527 675
9164335 103 2041 679
9412161 112 2537 697
9598639 114 1227 710
10168471 111 13 753
10298027 102 293 763
10376169 117 692 769
10683681 116 2271 793
10813425 102 1670 803
10846757 118 2364 805
11095113 106 931 824
11140402 117 2606 827
11207243 110 883 832
11523799 103 2639 856
11539533 109 1843 857
12031686 111 1151 893
12058321 106 2294 895
12168094 113 799 903
12200658 118 159 906
12323818 106 2304 916
12340162 119 2601 917
12366931 107 2718 919
12553063 109 1156 932
12811631 100 1402 952
12834952 107 246 954
12997174 114 1951 967
13218478 113 870 983
13323805 118 1356 991
13382373 116 1333 996
13399039 103 1054 997
13630744 107 888 1014
13786415 109 2833 1025
13857586 114 812 1030
13959041 102 1895 1038
14298190 110 330 1065
14309748 114 1330 1066
14728507 119 1135 1097
14766299 100 2003 1100
15140145 109 1541 1128
15245408 102 1066 1136
15648247 110 2618 1166
15853024 110 2104 1182
16107670 110 1826 1201
16916157 119 2067 1262
17379174 101 1600 1297
17406763 112 2184 1299
17488960 113 341 1305
17587994 100 1551 1312
17810194 101 2469 1328
17846851 100 369 1331
18142163 100 2486 1354
18169099 112 1760 1356
18275051 111 2745 1364
18572368 101 611 1386
18652817 108 2207 1392
18922968 109 1560 1413
19027858 111 2914 1421
19144870 113 1855 1430
19191832 109 660 1433
19229463 119 2028 1436
19310330 101 2543 1442
19403410 100 77 1449
19431520 111 1 1451
19607458 115 1235 1463
19732369 111 2102 1472
19798420 118 1858 1477
19824895 102 127 1479
19969774 107 418 1490
20099042 106 2438 1500
20211989 110 18 1508
20335402 101 1029 1517
20540804 118 548 1533
20550804 104 29 1534
20590204 105 1692 1537
20974297 110 1959 1566
21150827 107 626 1579
21341454 105 1389 1593
21541641 113 921 1607
21586510 107 1276 1610
21905144 105 394 1634
22062747 115 1792 1646
22306032 103 598 1664
22592207 114 786 1686
23016395 103 900 1718
23293126 100 2706 1739
23547343 103 25 1757
23794992 116 176 1776
24189939 117 638 1806
24509340 114 1272 1829
24560355 117 2655 1833
24716920 116 1103 1845
24969379 100 934 1865
25222803 103 717 1885
25435862 114 2495 1901
25473116 104 1719 1904
25645495 114 2084 1917
25670302 105 832 1919
25682365 116 1552 1920
26150078 112 1984 1955
26316834 101 2975 1967
26328469 118 812 1968
26523204 105 2542 1982
26588912 100 2443 1987
26715440 105 2122 1996
26813057 116 168 2004
26938445 104 611 2013
27140940 105 1155 2028
27269300 107 128 2038
28171402 111 1463 2105
28259084 115 323 2111
28782873 104 800 2151
28948711 105 163 2163
29078657 107 2950 2173
29147778 103 226 2178
29195638 107 1496 2182
29622949 114 380 2213
29924538 108 1435 2235
29967089 104 1006 2238
30016683 111 338 2242
30088031 106 2386 2247
30141573 105 2551 2251
30424981 112 2710 2272
30633178 109 2168 2288
30938449 116 2743 2310
30949233 118 2604 2311
31302264 103 2722 2337
31858566 102 429 2378
31934342 100 2428 2384
32638152 106 2873 2440
32812642 109 1354 2453
33094404 100 383 2475
33408797 107 738 2498
33422761 100 180 2499
33733278 104 2294 2522
33749272 119 1595 2523
34031265 109 1499 2544
34086560 105 606 2548
34377734 107 1642 2570
34416009 102 1992 2573
34590174 103 2447 2586
35069475 108 1086 2621
35168683 100 1829 2629
35883267 104 546 2682
35895615 105 1818 2683
36248859 114 36 2709
36745401 116 2784 2747
36976028 102 985 2764
37360821 108 1033 2792
37544358 113 1814 2806
37599827 114 2364 2811
37613505 105 2934 2812
37892808 106 1767 2833
38169101 107 422 2854
38577414 118 204 2885
38629289 101 1861 2889
38947705 106 1323 2913
39011590 103 2378 2918
39289939 114 1490 2939
39609818 100 2171 2963
40060696 113 1710 2997
40216532 116 1013 3008
40462096 108 2478 3027
41023704 112 1513 3068
41089834 105 627 3073
41188158 115 2196 3081
41226803 109 1013 3084
41768681 101 1840 3126
42513487 108 406 3182
42749900 110 695 3200
42805051 112 30 3204
42945463 106 2191 3215
43048216 106 1433 3223
43118094 102 2334 3228
43175057 118 1035 3232
43360604 100 1879 3246
43392273 118 1635 3248
43425748 100 2334 3251
43575914 104 1181 3263
43588029 112 2386 3264
43818322 106 1831 3282
43833224 108 1611 3283
43848025 112 1103 3284
43859914 106 1625 3285
44295041 103 1353 3316
44419110 114 1337 3325
44459537 112 2324 3328
44561643 115 2509 3336
44716172 114 1188 3348
45199721 107 190 3385
45452521 106 467 3404
45497824 107 2980 3407
45510361 106 1899 3408
45577328 100 2688 3413
45739673 115 1442 3425
45817574 106 314 3431
45992571 110 2256 3444
46191512 105 998 3460
46222594 119 2207 3462
46237680 108 1708 3463
46301121 108 1078 3468
46393573 105 2386 3475
46423740 106 896 3477
46522450 112 1980 3485
46591262 117 1594 3490
46779960 116 2209 3504
47254510 108 762 3539
47420294 106 1833 3552
47912925 104 1551 3589
48435001 117 266 3627
48506684 106 2940 3632
48612217 119 2201 3640
48699177 103 2049 3647
48737259 105 94 3650
48894829 100 1366 3662
49075630 114 2254 3675
49470797 117 2627 3703
50148837 106 1734 3753
50523327 101 1797 3781
50762273 103 2007 3800
50823700 109 1875 3804
50912138 111 1985 3810
51607352 117 750 3863
51704484 114 1240 3870
51718949 118 2845 3871
51749646 110 938 3873
51847258 108 994 3880
51900246 118 1825 3884
52011978 114 1107 3892
52197466 107 328 3906
52400691 110 712 3921
52877177 116 1848 3958
53081389 110 813 3974
53271740 107 2035 3989
53428977 111 791 4000
53529848 112 419 4008
53582258 106 2439 4012
53878617 113 2469 4034
54008330 110 1489 4044
54100610 100 79 4051
54394139 119 2263 4074
54544904 113 2600 4085
54627193 111 1792 4091
54722410 107 2579 4098
54986254 117 2657 4118
55068454 101 2492 4124
55398781 100 2880 4149
55454889 108 886 4153
55770979 103 695 4177
55862490 116 655 4184
56292795 110 2218 4217
56381071 113 2000 4224
56470409 115 880 4231
56777713 104 2289 4255
56960427 118 2991 4269
57272516 112 272 4293
57294748 113 598 4295
57367849 109 2341 4301
57395030 114 1128 4303
57672145 114 1229 4324
57702320 103 2770 4326
58053965 113 390 4352
58176810 114 561 4361
58294289 109 764 4370
58742484 105 2476 4402
58753996 105 367 4403
58968704 112 1788 4419
59137624 104 2622 4432
59233368 109 525 4439
59338453 115 2901 4447
59372806 102 579 4450
59471950 110 297 4458
59514883 114 35 4461
59530208 103 241 4462
59625579 112 1824 4469
59719569 109 950 4476
60143372 112 1122 4509
60198309 101 2330 4513
60275703 111 2879 4519
60457920 105 1339 4533
60600454 103 2435 4544
60851738 112 2371 4563
60861738 103 1357 4564
61099852 108 290 4581
61137061 107 218 4584
61234158 106 1672 4591
61545311 117 2864 4614
61653337 106 1221 4622
61666909 103 1718 4623
61784529 101 1583 4631
61850918 107 1417 4636
61864380 101 1000 4637
62064524 110 2449 4652
62151641 117 1769 4659
62197606 100 2339 4662
62241728 116 2539 4665
62416976 119 2919 4678
62545527 103 1863 4687
62691964 106 2277 4697
62919566 116 1664 4714
63069342 108 1095 4725
63371988 101 238 4747
63461862 112 2731 4754
63697959 116 807 4772
63980875 113 2081 4794
64196266 118 1269 4810
64354463 110 1805 4822
64420597 107 1691 4827
64602592 114 2447 4841
64695777 101 2971 4848
64736677 100 1029 4851
65677018 115 1205 4922
65983652 109 1992 4944
66040847 101 1824 4948
66777190 102 2512 5003
66816277 114 406 5006
66832943 114 2763 5007
66996647 105 582 5020
67872892 117 1978 5087
68242737 100 82 5114
68511949 104 249 5134
68553450 107 2543 5137
68623009 107 220 5142
68888759 105 1390 5162
68923271 108 2345 5165
69078539 103 821 5177
69104251 103 1853 5179
69136338 104 1358 5181
69465164 110 2535 5206
69517312 111 1236 5210
70198308 113 200 5261
70305058 104 1710 5269
70475570 116 55 5282
70656550 100 2097 5295
70775987 108 2585 5304
70894344 109 1393 5313
70973759 102 419 5319
70986060 106 401 5320
71175806 113 1071 5334
71512564 105 977 5360
71787877 104 1843 5381
72069465 105 1541 5402
72418923 119 2035 5428
72494980 107 854 5434
72656873 109 1513 5446
72762231 102 1320 5454
72885172 116 953 5463
72957036 116 2154 5468
73178556 101 981 5484
73736886 117 2811 5525
73764402 111 2346 5527
73867133 104 2231 5536
73892660 101 1178 5538
73905058 105 1624 5539
73985899 118 2890 5545
74063717 111 1755 5551
74078692 116 2035 5552
74192830 112 1633 5560
74203010 100 1002 5561
74494996 113 2194 5583
74901283 119 2577 5613
74996948 103 1532 5620
75168714 116 641 5632
75569234 105 469 5663
75973589 108 2783 5693
76045913 100 612 5699
76139393 107 145 5706
76207421 106 2887 5711
76220616 101 1102 5712
76441083 104 831 5728
76581332 113 2212 5738
76991597 106 128 5769
77087919 104 2763 5776
77304011 108 1188 5792
77436427 119 2131 5802
77865460 115 827 5833
78046457 115 1596 5846
78208141 109 1120 5859
78224005 111 1988 5860
78234296 111 2415 5861
78636048 108 2384 5892
78663723 106 1614 5894
78720196 109 1103 5898
79282271 111 1180 5940
79606297 100 1305 5965
79741680 103 351 5976
80155000 118 2041 6007
80260750 106 1508 6015
80447443 100 1888 6029
80505291 106 2575 6033
80544030 115 1081 6036
80585289 100 505 6039
80629059 116 39 6042
80778662 108 2849 6053
82179891 107 1796 6155
82561098 110 1161 6183
82886621 113 1734 6206
82900814 119 1074 6207
82940816 100 2088 6210
83071501 119 412 6220
83176468 107 909 6228
83628474 114 20 6262
83739046 118 630 6271
84206900 117 1869 6306
84297496 113 2852 6313
84340758 108 2181 6316
84377932 114 2645 6319
84501797 114 1900 6328
84572875 100 1973 6333
84674351 112 1709 6341
84796361 108 1647 6350
85004319 105 2169 6366
85372733 101 2791 6393
85494268 105 2822 6402
85547166 106 671 6406
85822229 114 447 6425
86302953 103 1208 6461
86352777 102 2913 6465
86806463 115 2301 6498
86951248 105 21 6509
87075562 108 2505 6518
87589279 112 2607 6557
87638199 101 1604 6561
87951169 110 2066 6585
88259712 106 1905 6608
88361001 109 1932 6615
88455871 105 2862 6622
88702189 102 1607 6640
88812447 118 461 6648
89266426 108 2872 6681
89841183 106 223 6725
89897200 111 2786 6729
90324191 111 196 6761
90428300 119 103 6769
90786085 115 471 6796
91143787 117 1796 6823
91171523 112 2622 6825
91213899 104 1571 6828
91585861 106 320 6855
91804401 119 2499 6871
91875469 107 2330 6877
91979800 109 293 6885
92045709 105 626 6890
92284051 111 385 6908
92750221 110 2454 6942
93224013 102 1120 6978
93267739 102 1029 6981
93499246 107 500 6998
93654802 114 1140 7010
93691533 100 85 7013
93964262 116 2607 7033
94067689 106 1641 7041
94119078 101 1490 7045
94321303 110 1550 7060
94689607 107 683 7087
94799766 119 1215 7096
94827761 112 379 7098
94839696 104 805 7099
95209890 107 1512 7127
95358812 106 251 7138
95403873 111 930 7141
95620981 118 2955 7157
96416718 118 227 7216
96872698 103 170 7249
96996967 107 493 7258
97033164 106 1693 7261
97141060 116 1016 7269
97552289 115 2119 7300
97580301 112 2838 7302
97751514 107 2897 7315
98023594 101 2344 7335
98120898 102 1549 7342
98204736 101 174 7348
98236590 102 2637 7350
98372509 107 242 7360
98404947 107 1675 7362
98645089 119 1528 7380
98732191 116 2764 7387
98953478 103 2972 7404
99004918 109 297 7408
99253424 113 1483 7427
99306275 109 2359 7431
99448604 118 2963 7442
99887782 104 2720 7474
99900811 113 1456 7475
100407515 110 861 7513
100679745 103 906 7534
100817845 106 2952 7544
100847355 100 1494 7546
101038098 110 2262 7561
101260913 110 772 7578
101738659 102 605 7614
101870602 104 1388 7624
102432394 117 1769 7665
102662707 100 279 7683
102769159 109 2479 7691
103197875 102 2557 7723
103823587 105 920 7770
104661245 100 1876 7833
105131027 117 812 7869
105160120 109 1351 7871
105226898 116 2494 7876
105540892 104 1881 7899
105893852 112 727 7925
106148835 104 2504 7944
106272471 112 2544 7953
106616753 105 1342 7980
106749780 101 1039 7990
106773233 115 2208 7992
106920146 116 2091 8003
107250121 111 261 8028
107260121 106 502 8029
107298630 117 2958 8032
107788520 101 2049 8069
108060578 102 704 8089
108211555 105 1586 8100
108481681 108 1637 8120
108796164 118 1319 8144
108868650 118 2079 8150
108956695 108 505 8157
109305148 102 1041 8183
109489533 105 622 8198
109688305 104 1236 8213
110121882 119 87 8245
110397661 104 1837 8265
110504822 117 2954 8273
110751992 110 1947 8292
111013150 101 1399 8311
111084679 118 432 8317
111169406 114 2271 8323
111219339 117 2705 8327
111229882 111 1100 8328
111375590 117 1354 8339
111451845 113 1017 8345
111487171 112 1932 8348
111672950 114 1722 8362
111869622 109 2619 8376
112043215 117 2505 8389
112152097 107 2830 8397
112454416 102 1264 8421
112638453 105 1659 8435
112710683 110 1710 8440
112779452 119 2338 8445
112898549 117 2873 8453
113067502 100 2318 8465
114016495 102 1134 8536
114309478 105 988 8558
114461539 116 518 8570
114705506 111 2086 8588
114883478 117 2697 8601
114953456 114 1572 8606
115105686 117 2065 8617
115135475 114 2484 8619
115178550 103 2242 8622
115593458 105 2473 8654
115785822 103 1436 8668
115839557 100 1694 8672
115879517 110 422 8675
115892537 115 463 8676
115932337 119 2859 8679
116117412 101 1377 8692
116205374 110 2218 8699
116285097 115 603 8705
116478321 102 704 8720
116557799 117 2167 8726
116644269 113 1161 8732
116658760 117 2563 8733
117180170 101 102 8773
117477684 109 1171 8795
117590692 100 817 8803
118150322 109 780 8845
118300331 106 2006 8856
118328957 106 315 8858
118706795 112 92 8886
118895500 101 1832 8900
119327012 112 463 8934
119471354 114 125 8945
119502071 114 2310 8947
119706129 106 2750 8962
119834387 115 458 8971
119848998 112 353 8972
119992043 102 205 8983
120272272 109 2068 9014
120307665 112 2374 9024
120389867 117 1672 9049
120429745 105 1990 9061
120499635 101 24 9083
120503268 109 54 9084
120534455 107 85 9094
120540045 114 2661 9096
120549641 107 1181 9099
120561654 117 327 9102
120618263 110 1046 9120
120777029 109 1507 9167
120824138 101 1518 9181
120954283 100 2007 9220
120967500 117 2181 9224
120971160 109 2355 9225
120997540 116 1471 9234
121131928 102 1259 9275
121155629 105 2405 9282
121219791 103 782 9301
121329637 116 2770 9335
121336076 100 1609 9337
121443395 118 1537 9369
121482073 108 624 9380
121526556 105 937 9393
121564731 106 1266 9405
121637339 118 1758 9427
121721897 106 2471 9453
121773437 107 2006 9468
122011363 102 1291 9539
122116968 108 2666 9570
122128035 108 1651 9573
122183847 102 1869 9589
122198087 113 1958 9593
122242580 113 2551 9606
122253493 100 2469 9609
122282119 114 1967 9618
122308784 110 1951 9626
122332663 111 2090 9634
122346887 116 848 9639
122351020 117 2703 9640
122411933 112 1083 9658
122447795 104 236 9668
122462381 111 2177 9672
122542265 111 709 9696
122620767 104 1524 9720
122735202 107 1805 9754
122754997 107 1423 9760
122806906 118 1125 9776
122845282 110 215 9788
122869575 111 2349 9795
122880245 107 720 9798
122903339 116 1814 9805
122927561 103 1516 9812
123008693 109 2388 9838
123025624 109 904 9843
123051725 119 2726 9851
123055305 106 2269 9852
123133884 101 1128 9876
123167219 109 2646 9886
123195453 109 318 9895
123283012 109 2858 9921
123288001 102 1315 9923
123297618 113 641 9926
123337925 118 1135 9938
123360598 117 1837 9945
123434222 114 2534 9968
123470770 104 1615 9980
123497755 118 669 9988
123583282 118 1035 10014
123635086 101 907 10030
123684558 111 1591 10045
123697796 110 1209 10049
123716925 103 1750 10055
123724076 114 2848 10057
123861790 103 2881 10098
123875913 115 2629 10102
124063889 112 290 10160
124097566 113 728 10170
124116544 105 1918 10176
124256074 119 122 10218
124377495 105 1485 10255
124447852 112 571 10276
124569473 114 122 10313
124572947 106 862 10314
124598923 100 2948 10321
124671297 119 756 10343
124717389 105 771 10356
124736081 118 57 10361
124785210 100 1131 10376
124804616 106 223 10382
124906048 101 2890 10413
125036641 114 1898 10451
125058664 114 2625 10458
125092816 104 2117 10469
125178218 101 1444 10497
125209553 112 789 10506
125361906 105 1860 10552
125411215 107 2394 10567
125462872 115 1219 10582
125553207 107 2430 10608
125671585 104 293 10644
125683795 108 1385 10648
125721782 115 1193 10660
125744402 100 1023 10667
125775633 108 1327 10677
125822303 107 2282 10692
125903800 112 1354 10718
125917488 113 2432 10722
125986492 119 463 10742
126076028 119 2352 10769
126103624 118 1828 10777
126228385 112 867 10814
126287692 107 2598 10831
126383615 111 13 10860
126387653 107 1732 10861
126393752 107 2294 10863
126491726 109 2915 10894
126615016 118 1090 10931
126714446 103 2807 10962
126791668 118 2145 10988
126802680 112 650 10991
126823300 112 2798 10997
126936606 112 854 11032
126942925 107 246 11034
126958097 117 595 11038
126977680 115 2369 11044
126983833 117 2264 11046
126985877 108 147 11047
126996497 106 1001 11050
126999372 107 2267 11051
127007461 104 428 11053
127021300 114 1628 11057
127024515 111 1833 11058
127028104 113 2236 11059
127039112 103 2938 11062
127101214 110 1257 11080
127109910 100 1287 11083
127157135 106 2014 11097
127213319 104 1375 11114
127224656 109 2177 11117
127291001 116 2627 11136
127306421 106 1648 11140
127329219 102 996 11147
127367591 115 2755 11158
127409096 100 2820 11170
127412310 108 1842 11171
127419583 113 1676 11173
127454294 106 1636 11183
127527752 106 2638 11206
127538280 113 2715 11209
127569882 101 1131 11219
127586254 116 100 11224
127590027 106 1463 11225
127657428 112 159 11244
127746361 105 328 11268
127818783 106 1292 11289
127829151 108 2782 11292
127949064 106 1335 11329
127967954 106 312 11335
128011557 110 2529 11348
128028200 114 1502 11353
128030541 111 682 11354
128149281 102 1725 11390
128304859 119 2780 11438
128330963 107 2837 11447
128403780 118 1525 11468
128474777 102 764 11491
128478731 109 1484 11492
128497305 115 2211 11498
128672592 117 1905 11551
128752400 102 1333 11575
128815286 112 2908 11593
128836702 113 2987 11601
128865432 112 1580 11609
128888480 108 227 11616
128896668 100 1354 11619
129000144 110 2938 11651
129021464 101 46 11657
129080355 115 743 11675
129127094 116 114 11689
129132827 109 994 11691
129175571 118 651 11705
129200607 115 438 11712
129204002 107 2362 11713
129288286 115 961 11738
129296069 104 1904 11740
129369816 106 1275 11761
129418762 109 190 11777
129430051 104 1720 11781
129453257 116 98 11788
129460544 119 42 11790
129476012 103 247 11794
129514513 101 999 11805
129586187 110 868 11826
129638516 103 1026 11842
129730846 104 2493 11870
129811776 100 1113 11894
129837682 107 416 11902
129905570 101 2075 11923
129939260 110 976 11933
129990901 112 863 11949
130194131 107 1123 12010
130212613 114 2301 12016
130225333 105 1922 12020
130313050 101 766 12048
130341720 119 1427 12057
130427079 118 2156 12082
130454588 108 15 12090
130467640 101 30 12094
130483626 107 2241 12099
130490596 104 2981 12101
130567451 103 2315 12125
130622182 107 295 12141
130639676 119 1780 12146
130733088 118 1336 12174
130764546 106 1309 12184
130872562 117 2619 12217
130983994 117 2420 12251
131065640 116 161 12275
131241109 119 1305 12327
131283580 100 1784 12341
131290439 114 2794 12343
131305570 102 526 12347
131318198 118 2850 12351
131353452 118 956 12362
131360660 113 2884 12364
131494822 108 2650 12403
131517790 117 196 12410
131551929 118 1448 12420
131608160 112 1678 12436
131809842 101 245 12498
131898402 108 2425 12523
132184246 101 1168 12610
132233965 108 2963 12625
132251986 104 1763 12630
132283760 112 2633 12640
132382066 102 603 12670
132416599 116 794 12681
132491181 108 2733 12705
132535661 104 380 12719
132562917 116 2748 12727
132573784 105 2085 12730
132638642 107 1905 12750
132653795 119 2772 12754
132733914 101 2017 12780
132780343 117 2081 12795
132783487 107 2518 12796
132883644 118 1372 12825
132912741 115 2407 12833
132993563 102 2096 12858
133040008 112 253 12872
133050715 104 1483 12875
133089288 109 347 12887
133102770 114 2032 12891
133118688 100 511 12896
133188531 101 2828 12919
133280179 119 836 12947
133295079 113 2847 12951
133418019 101 601 12987
133544177 102 396 13027
133580477 110 2342 13038
133626157 119 224 13051
133640841 103 2650 13055
133655117 107 777 13059
133684379 110 2385 13068
133719944 102 2169 13078
133800486 105 1288 13102
133827194 110 40 13110
133831357 102 1169 13111
133834968 111 2090 13112
133902732 106 2572 13132
133912017 114 2064 13135
133925799 103 2632 13139
133987086 111 912 13157
134069975 116 1807 13182
134089110 100 2170 13188
134103032 103 2794 13193
134111968 110 1055 13196
134117026 100 27 13198
134378225 104 1549 13277
134397985 110 1315 13283
134451492 112 368 13298
134476563 104 2922 13306
134508323 116 2623 13317
134548944 103 2094 13329
134706696 100 1694 13376
134892864 109 2759 13431
134937990 109 1232 13445
135079378 106 157 13490
135132808 109 2041 13507
135237040 109 879 13539
135333249 113 956 13570
135369387 103 66 13581
135426943 106 1485 13599
135603063 113 1086 13652
135778484 108 908 13703
135811185 117 1093 13713
135818758 101 1177 13715
135844545 102 676 13722
135905684 107 2374 13741
135950608 114 993 13755
135960951 117 2835 13758
136029420 118 193 13779
136053687 108 1690 13787
136100732 113 2785 13801
136111394 114 2788 13804
136143881 103 2155 13813
136208129 105 1481 13832
136250647 118 721 13846
136278767 113 2144 13855
136416473 119 1232 13896
136436428 119 443 13902
136530098 100 1329 13931
136541974 109 2762 13934
136565956 107 1261 13942
136615494 112 1936 13957
136684568 100 128 13977
136697248 112 1132 13981
136743837 107 1822 13995
136754783 103 366 13998
136777194 110 2234 14005
136781315 112 2663 14007
136820780 119 1994 14019
136859908 119 749 14031
136873272 107 857 14035
136952410 106 282 14060
137000484 110 2511 14076
137116224 104 414 14110
137204911 107 602 14136
137245045 102 2335 14148
137248459 107 910 14149
137262285 100 1940 14153
137326514 103 315 14173
137353996 119 283 14181
137356614 119 1132 14182
137403661 102 785 14195
137447994 104 2651 14207
137465047 106 1294 14212
137518729 109 1211 14229
137527093 108 2255 14232
137561395 102 2243 14244
137608679 105 2847 14259
137682611 111 928 14280
137748557 115 2144 14300
137809516 104 2473 14317
137826173 119 2864 14322
137874566 118 2949 14337
137945432 107 2460 14358
137989485 101 2827 14371
138007181 119 1335 14376
138029227 108 1726 14382
138060603 107 1065 14392
138063935 108 972 14393
138079201 111 550 14397
138161719 113 756 14420
138226764 117 561 14439
138276505 105 2307 14454
138332269 116 1786 14470
138352569 116 933 14476
138370894 110 761 14482
138470946 113 548 14514
138488964 102 319 14519
138515830 106 2983 14528
138527833 106 453 14532
138614637 110 2782 14558
138625770 106 1034 14562
138668491 100 972 14575
138705769 110 1672 14586
138714357 100 862 14588
138780726 112 2938 14608
138784815 118 1509 14609
138817221 112 2963 14618
138845928 100 557 14627
138915339 117 2329 14647
138922842 111 1559 14649
138926300 103 685 14650
138933113 111 900 14652
139072730 107 1663 14693
139080455 105 494 14695
139117595 104 2637 14706
139138788 119 672 14712
139154185 118 1297 14717
139284534 109 2849 14757
139313591 114 2393 14766
139345300 105 1180 14776
139350972 116 331 14778
139360600 109 55 14781
139513481 110 2100 14827
139584260 103 949 14850
139648570 113 91 14869
139655642 113 2938 14871
139679360 119 1159 14878
139736958 108 1999 14895
139740137 108 2755 14896
139743253 115 856 14897
139787928 107 1612 14910
139794362 110 1461 14912
139803561 116 192 14915
139934571 115 2093 14955
139967931 103 910 14965
139970900 116 1966 14966
140016847 116 1181 14980
140050033 110 2261 14990
140052723 102 2510 14991
140079227 119 990 14999
140134642 105 1329 15017
140138004 104 664 15018
140279172 116 1624 15059
140288995 107 1078 15062
140337226 118 2329 15077
140364520 108 1785 15085
140391730 107 2231 15093
140424051 114 1449 15103
140480103 106 76 15119
140557736 118 1497 15142
140594510 109 2507 15153
140710948 100 1259 15188
140730836 107 741 15194
140760472 103 805 15203
140791538 113 2406 15212
140869147 105 1479 15236
140876138 103 974 15238
140882974 110 1984 15240
140886279 116 1135 15241
140962909 114 1009 15264
140969071 103 416 15266
141145069 117 1335 15320
141210235 104 2014 15340
141229259 116 2303 15346
141250306 104 1206 15352
141310889 105 1169 15370
141384865 109 44 15393
141478885 111 500 15424
141552611 112 404 15448
141588151 111 889 15459
141757901 106 1773 15510
141782134 115 1390 15517
141798193 102 1322 15522
141908762 115 2115 15556
142019966 113 1162 15590
142032812 105 1209 15594
142154981 108 603 15629
142163551 110 1179 15632
142185004 103 1657 15639
142207794 111 2705 15646
142210937 117 1784 15647
142231581 101 2089 15653
142318570 100 1725 15679
142340461 119 1780 15685
142346609 109 1528 15687
142356744 116 2714 15690
142382506 119 1644 15697
142425686 100 1884 15711
142442993 103 312 15716
142631504 106 2698 15774
142646779 116 1150 15779
142663229 117 2216 15784
142699792 109 910 15795
142741568 119 658 15807
142789412 113 2669 15821
142803038 109 403 15825
142866929 102 2806 15845
142893128 111 135 15853
142896153 111 243 15854
142899188 102 2041 15855
142903322 102 855 15857
142926575 113 62 15865
142953174 107 1208 15872
142967622 107 151 15876
143023803 101 276 15892
143048294 100 2930 15900
143051847 103 921 15901
143057177 103 2594 15903
143059368 106 616 15904
143268297 112 2259 15966
143331639 102 503 15986
143341389 117 1863 15989
143391308 101 2857 16005
143446435 119 89 16022
143455148 103 2335 16025
143550470 107 1022 16055
143567771 119 2595 16060
143628740 108 130 16079
143667170 105 673 16091
143721907 107 1981 16108
143795260 104 2298 16130
143799526 107 1717 16131
143815239 113 1522 16136
143963425 117 583 16182
143992917 101 774 16192
144003380 113 993 16195
144019842 105 2473 16200
144086810 118 2719 16220
144132016 104 1879 16233
144317557 110 1317 16289
144330602 113 2391 16293
144363602 112 2340 16302
144406852 116 1465 16315
144415298 108 1241 16318
144462142 108 1344 16332
144467807 111 1096 16334
144482772 106 1958 16339
144507319 118 1420 16347
144560308 100 1353 16363
144580003 103 2894 16369
144612842 113 2180 16379
144616360 107 37 16380
144652063 101 2741 16392
144843400 119 1352 16449
144867530 116 197 16456
144980756 116 1097 16491
145017568 105 2434 16503
145020651 108 241 16504
145156965 102 2399 16545
145164559 100 2787 16547
145205672 110 302 16560
145283082 100 2746 16583
145345034 101 2149 16601
145403050 107 1578 16619
145423392 114 2120 16625
145479440 104 2631 16641
145618423 102 2911 16685
145673353 107 764 16702
145775770 117 1957 16732
145788648 104 2582 16736
145862958 106 762 16758
145943526 112 171 16783
145983701 101 2128 16795
145986612 101 144 16796
146105979 108 1026 16835
146193563 111 323 16862
146199103 104 1436 16864
146223352 101 1678 16872
146229726 115 2305 16874
146239255 119 1939 16877
146368383 113 1608 16916
146410995 116 2782 16929
146449675 116 647 16940
146524800 119 1947 16962
146545435 104 158 16968
146576810 118 648 16977
146585364 106 1190 16980
146621894 109 1580 16992
146628264 107 645 16994
146689364 100 811 17013
146749105 103 2734 17032
146854209 106 1949 17063
146873381 117 435 17069
146889788 101 383 17074
146893714 106 861 17075
146982293 115 162 17102
146986141 118 260 17103
147037606 101 1139 17119
147052118 101 972 17123
147055299 102 2960 17124
147066941 118 1759 17128
147265622 118 2502 17188
147300820 104 1948 17199
147326334 104 2588 17207
147376775 114 994 17222
147385905 103 775 17225
147464413 100 2435 17249
147475510 114 1359 17252
147567511 109 1858 17279
147578110 118 695 17282
147613918 104 339 17293
147691892 104 1516 17317
147731490 101 2601 17328
147773245 116 2884 17341
147779596 105 294 17343
147895818 101 1784 17379
147902278 118 1642 17381
147981090 119 1344 17405
148035196 111 1697 17421
148050602 111 2212 17425
148054113 101 2383 17426
148065409 106 148 17429
148116956 117 2184 17446
148171821 119 1560 17463
148262630 115 2023 17491
148297136 115 98 17501
148371001 100 1976 17524
148385170 112 87 17528
148392017 105 1450 17530
148438469 104 2522 17545
148455408 108 550 17551
148564715 105 978 17584
148566990 116 854 17585
148573150 100 1396 17587
148639686 115 1195 17607
148664722 115 1149 17614
148704680 110 1923 17626
148724675 111 600 17632
148733185 113 1747 17635
148815375 115 498 17658
148848416 114 1414 17668
148939226 102 1638 17696
148953442 108 811 17700
148962101 103 1843 17703
149034829 110 58 17725
149057187 103 503 17732
149105057 109 1099 17746
149123344 108 2301 17751
149155365 117 2799 17760
149159120 110 2897 17761
149186101 108 80 17769
149230506 105 2796 17782
149340127 107 2326 17815
149430226 107 2276 17842
149462965 112 639 17852
149522198 102 102 17870
149594467 119 1874 17892
149658009 107 1275 17911
149706951 107 752 17926
149713068 113 188 17928
149770499 100 68 17947
149845775 103 1789 17971
149897955 107 1438 17987
149925628 101 743 17995
149998777 118 372 18016
150021074 102 672 18023
150163695 108 2862 18066
150224344 118 910 18085
150315329 116 2716 18111
150328821 106 2183 18115
150335121 118 496 18117
150360483 106 320 18125
150442931 104 2813 18150
150454433 104 1651 18153
150479511 105 1942 18161
150509632 115 343 18170
150560924 110 1786 18185
150606717 115 172 18199
150657561 107 903 18214
150670348 116 756 18218
150705806 111 1519 18229
150730260 113 2591 18236
150745475 102 1546 18241
150801036 106 1080 18256
150836239 101 2663 18266
150858559 102 2616 18273
150866066 105 2480 18275
151026846 110 389 18324
151043854 101 2471 18329
151050570 111 647 18331
151055020 114 2163 18333
151185146 103 2558 18371
151202993 112 2160 18377
151228902 109 2901 18384
151258456 102 1834 18393
151272632 109 1215 18398
151313630 107 2767 18411
151320003 103 241 18413
151465664 113 1341 18456
151508716 116 997 18468
151583213 118 230 18491
151690365 109 1371 18524
151725503 103 2125 18535
151871895 110 2298 18578
151943794 107 1941 18600
151975045 104 2005 18610
152142751 109 1696 18660
152152419 102 946 18663
152225688 116 2911 18686
152274629 119 1696 18700
152290722 109 2707 18705
152352633 109 1960 18724
152460815 113 2485 18756
152494214 113 2867 18767
152508974 103 586 18771
152612113 119 370 18803
152627470 107 1417 18807
152779053 107 2197 18853
152812104 106 355 18862
152849654 106 1966 18874
152963681 102 2255 18908
152987737 100 1191 18916
153000491 111 2037 18920
153060546 109 1636 18938
153084952 113 986 18945
153091100 115 2807 18947
153109299 102 2312 18953
153144613 116 1189 18964
153148503 102 1798 18965
153284865 111 2170 19007
153347538 106 2187 19027
153364643 112 2021 19034
153383074 116 680 19039
153434355 115 1073 19054
153455216 111 1332 19060
153458020 115 2203 19061
153494002 108 380 19072
153585088 111 551 19099
153597518 110 2504 19103
153634342 104 148 19115
153692024 117 2261 19133
153723437 115 1455 19143
153743990 102 1315 19149
153759197 107 2041 19154
153771312 114 563 19158
153855850 116 2904 19185
153861462 105 510 19187
153886400 119 94 19195
153961298 113 2975 19216
153994255 116 1242 19225
153996780 119 272 19226
154072553 108 645 19250
154120728 102 246 19265
154199696 101 1115 19288
154318119 115 191 19324
154333105 106 537 19328
154373097 111 1158 19339
154379507 101 371 19341
154439151 104 909 19361
154475215 118 1665 19372
154575001 119 354 19401
154599746 118 815 19409
154694808 109 527 19439
154777488 116 995 19463
154838576 107 997 19482
154978323 108 1707 19524
155005358 106 689 19531
155061867 116 1077 19547
155138395 116 970 19570
155193828 111 2160 19588
155203318 100 1091 19591
155260701 114 1006 19609
155417395 111 1210 19656
155421042 114 134 19657
155487981 103 1642 19676
155490510 109 2745 19677
155550883 106 510 19696
155692729 105 103 19737
155714005 114 269 19743
155765194 104 4 19758
155824517 103 1238 19776
155931803 107 1868 19806
155981803 119 1464 19821
155984340 118 2352 19822
156116711 114 2102 19861
156318409 110 2125 19920
156332397 108 486 19924
156380473 117 2906 19938
156386519 100 1594 19940
156400704 111 2997 19944
156441591 107 2679 19957
156530043 110 807 19983
156605486 114 2059 20005
156627868 102 2407 20012
156631215 103 1329 20013
156648555 112 2676 20018
156654905 108 1815 20020
156689170 101 397 20031
156842110 114 1322 20077
156867433 100 1692 20085
156918766 104 1588 20101
157005600 111 1790 20127
157079990 103 2529 20151
157087486 115 163 20154
157125994 119 849 20165
157148085 117 2403 20172
157234208 110 1000 20197
157371907 111 2192 20238
157406900 114 1009 20249
157444005 113 2848 20260
157469038 108 1025 20268
157512921 117 147 20281
157551972 108 2540 20293
157710906 117 1712 20340
157778465 103 659 20361
157798457 116 67 20367
157947782 110 492 20412
157955583 113 1742 20414
158059213 106 2750 20445
158100042 103 810 20457
158182893 117 855 20483
158320434 114 1361 20525
158370036 105 883 20540
158451707 110 1278 20564
158512367 111 2090 20583
158553331 104 2387 20596
158670584 107 789 20632
158675571 114 1837 20634
158686924 106 1378 20637
158872264 102 2072 20693
158880098 112 2150 20695
158907836 115 734 20703
158912169 102 361 20704
158941524 115 312 20713
158968739 105 735 20721
158975927 108 2542 20723
158978725 103 1928 20724
159010255 101 2521 20734
159030563 116 563 20740
159067052 114 1694 20751
159070150 117 459 20752
159133174 100 58 20772
159190323 117 1337 20789
159296931 118 2679 20821
159339889 119 2815 20834
159372764 102 2709 20844
159376745 100 1868 20845
159398216 116 1385 20851
159458942 114 1768 20868
159477047 108 352 20874
159503928 103 314 20881
159555992 102 455 20896
159593663 108 1630 20907
159615350 117 2461 20914
159643214 112 2172 20923
159719542 113 1713 20946
159785284 111 52 20965
159889768 101 2669 20998
159991186 108 2796 21027
160002371 117 584 21030
160039681 113 1603 21042
160091156 105 2877 21058
160140078 100 2825 21073
160237825 118 455 21102
160303450 101 1587 21121
160326263 110 2692 21128
160396495 116 163 21148
160449115 107 2443 21164
160535393 113 2029 21188
160615103 101 2153 21211
160695159 118 2705 21235
160698174 111 1124 21236
160728572 103 1894 21245
160855040 115 2884 21284
160982651 106 840 21321
161001778 107 1780 21327
161007576 109 764 21329
161114101 110 607 21361
161182758 102 1471 21381
161186171 118 2298 21382
161191220 113 1090 21384
161275846 100 1872 21408
161349107 108 1142 21429
161372272 118 1273 21437
161414232 102 2137 21449
161508616 111 2415 21475
161533965 111 1726 21483
161546006 117 519 21487
161706976 109 215 21535
161720505 113 2490 21539
161741499 103 827 21546
161797316 115 148 21562
161824377 101 1425 21570
161828584 102 1020 21571
161892214 115 1838 21591
161963077 101 2930 21611
161982679 108 1530 21617
162040065 109 1541 21634
162089915 116 1383 21649
162130627 108 2707 21662
162137808 113 2660 21664
162158471 103 156 21670
162167382 106 2714 21673
162236440 115 622 21694
162269142 114 434 21704
162552339 118 1541 21790
162615849 105 1191 21808
162653865 118 1065 21819
162693054 113 2925 21831
162750247 111 841 21848
162835328 119 2767 21874
162849721 103 112 21878
162854440 103 1247 21880
162863621 110 501 21883
162881088 106 164 21888
162892303 100 1772 21891
162943226 117 1969 21907
162988714 101 13 21922
163009202 103 2091 21928
163042430 118 1485 21938
163141570 109 2875 21969
163207235 101 1214 21989
163234423 118 2139 21997
163310743 108 2599 22020
163348513 116 1173 22031
163517740 118 2481 22081
163589967 116 143 22103
163593364 104 773 22104
163596835 110 1860 22105
163602905 100 2727 22107
163645546 104 2069 22120
163970586 105 268 22217
164011500 103 610 22230
164018546 104 2290 22232
164038387 119 1156 22238
164131849 114 1556 22266
164202148 113 2414 22288
164219839 106 425 22293
164269182 114 2958 22307
164358313 105 765 22334
164372676 112 2373 22338
164376255 111 2810 22339
164379601 102 57 22340
164428737 111 2034 22355
164458595 100 1474 22365
164473401 115 2152 22369
164589874 119 2280 22405
164645383 113 1939 22421
164657375 117 1384 22425
164704986 115 2997 22440
164714528 110 68 22443
164732373 103 1388 22448
164739126 112 2628 22450
164779739 108 2716 22462
164883578 103 1013 22494
164902382 118 1707 22499
164912698 114 2315 22502
164949661 107 1076 22513
164975906 108 654 22521
164983014 110 2721 22523
165007015 100 2801 22530
165022295 114 1293 22535
165136763 118 1052 22569
165275987 108 1645 22611
165358441 104 35 22637
165523228 104 267 22685
165547933 119 1658 22693
165563001 100 501 22697
165646028 118 2510 22725
165696978 118 1067 22741
165729638 104 551 22751
165752392 108 2186 22757
165761194 108 2403 22760
165771221 107 158 22763
165792859 111 2755 22770
165917880 115 2356 22807
165959272 102 950 22820
166048675 113 2944 22847
166062604 105 2604 22851
166150087 104 534 22878
166164579 101 867 22883
166174631 115 1184 22886
166236322 105 2838 22905
166292028 106 2690 22921
166343951 108 1927 22936
166437560 114 1272 22965
166669313 101 2043 23035
166791249 118 1294 23070
166795539 103 2649 23071
166800046 100 852 23073
166845031 112 2475 23087
166859132 111 2318 23091
166875041 113 563 23096
166887490 106 768 23100
166959566 100 295 23121
167041315 110 1061 23145
167044103 110 914 23146
167116282 114 1412 23168
167194988 110 2616 23191
167350011 101 1936 23238
167469426 100 1710 23274
167515741 109 2079 23288
167579333 115 2811 23306
167597145 100 2030 23312
167603635 107 2770 23314
167619351 114 1676 23319
167672542 102 1854 23335
167679049 116 953 23337
167699975 115 1369 23343
167733512 114 304 23353
167808809 108 2735 23376
167895942 104 569 23402
167958031 105 2667 23421
167971735 114 595 23425
168009772 116 911 23437
168102752 107 2036 23465
168180914 110 1500 23489
168271723 101 2976 23516
168364626 119 728 23546
168428818 112 726 23565
168439448 109 677 23568
168463113 100 822 23575
168526813 110 1528 23595
168544775 101 547 23600
168548954 113 770 23601
168555278 103 186 23603
168763735 103 2719 23665
168833278 100 1069 23686
168982274 102 1390 23729
169116063 113 2888 23768
169121445 101 2372 23770
169131405 111 479 23773
169159528 114 2221 23782
169203289 103 1864 23796
169239293 102 2958 23806
169316939 101 2619 23829
169472940 111 2070 23877
169547339 105 1512 23899
169626429 106 1869 23922
169643516 104 972 23928
169777383 118 1301 23970
169781129 112 330 23972
169826712 117 2963 23984
169854033 115 2327 23992
169859269 102 2026 23994
170002363 113 1339 24036
170180250 118 6 24089
170211116 102 1678 24098
170299585 114 2816 24124
170392727 104 2874 24153
170438016 112 1968 24167
170501735 108 1678 24186
170508027 108 267 24188
170707020 119 995 24246
170743632 118 551 24259
170758481 104 1025 24263
170795105 116 2802 24274
170804297 119 1736 24277
170834144 111 2586 24286
170925690 100 1490 24314
171023136 111 418 24344
171045163 116 1010 24351
171068312 115 1261 24358
171079749 119 565 24361
171106432 103 1231 24369
171176298 111 2606 24391
171219101 104 2405 24404
171356045 115 2719 24444
171401320 105 204 24458
171453136 111 1065 24474
171569175 103 1077 24510
171588970 118 1535 24516
171604296 101 214 24521
171661646 110 1416 24538
171742736 111 1381 24563
171759117 108 2964 24568
171865883 105 959 24598
171876401 101 2178 24602
171895439 111 2274 24608
171898114 115 55 24609
171922297 102 2323 24617
171935327 112 113 24622
171948624 114 1578 24626
172071929 107 197 24663
172091701 112 279 24670
172126231 109 1933 24681
172158867 107 1676 24691
172206603 101 2071 24704
172346576 105 275 24746
172389696 119 1139 24759
172395230 115 2180 24761
172596417 108 2906 24821
172633614 100 1821 24832
172653187 107 2012 24838
172677209 102 2191 24845
172680737 114 535 24846
172683615 105 1669 24847
172833145 100 53 24893
172896634 101 2578 24913
172935467 110 1808 24924
172986341 117 1641 24941
173016480 114 1527 24950
173049425 100 1627 24960
173062273 105 1594 24964
173071679 106 1176 24967
173075048 106 2248 24968
173095905 100 2100 24974
173101988 112 1942 24976
173120219 114 2521 24982
173143259 108 1629 24989
173153610 100 1538 24992
173186644 104 360 25002
173196267 102 2013 25005
173216656 116 2256 25011
173248648 105 1996 25021
173255560 117 667 25023
173316468 106 2658 25043
173380091 111 1396 25064
173402474 117 1191 25071
173418648 119 1505 25076
173518680 109 2317 25105
173521539 102 2694 25106
173553956 106 1474 25116
173557516 119 2385 25117
173574813 113 2622 25123
173599213 105 393 25131
173628938 109 1515 25140
173676518 118 1015 25153
173680851 105 1070 25154
173688889 105 524 25156
173703494 119 2088 25160
173707552 112 2508 25161
173734102 105 654 25169
173757369 105 2236 25176
173896343 115 336 25218
173944824 100 498 25233
173959995 118 1063 25239
174000750 104 80 25251
174070119 118 836 25271
174102778 106 1340 25280
174112861 109 1174 25284
174152585 117 785 25297
174158849 112 1487 25299
174179763 100 2489 25306
174243895 114 2833 25325
174290261 116 183 25339
174319250 106 2322 25348
174325946 112 2651 25350
174352057 114 2232 25358
174410578 117 722 25376
174458501 104 566 25390
174778174 118 235 25486
174881815 111 2152 25516
174915529 109 507 25526
174938693 102 2464 25533
175004757 110 559 25552
175178088 106 1133 25601
175271780 114 22 25629
175299852 114 329 25637
175311172 114 1952 25640
175332228 113 1442 25647
175372482 105 566 25660
175400464 104 2203 25669
175484005 100 199 25693
175520209 119 1155 25704
175566667 107 926 25718
175760802 112 146 25775
175778563 114 106 25780
175822686 112 1393 25794
175883926 114 288 25811
175931044 106 2004 25825
176026236 104 636 25854
176074092 116 708 25868
176111630 111 1780 25880
176118549 118 1094 25882
176128228 100 2181 25885
176130790 101 77 25886
176328236 113 902 25947
176347329 105 2330 25953
176365476 108 2329 25959
176385843 110 238 25965
176415311 117 62 25973
176531477 111 1631 26009
176550825 111 2169 26015
176557672 106 55 26017
176564605 100 1930 26019
176571388 118 2098 26021
176575104 106 2703 26022
176583580 106 2781 26025
176591201 106 616 26027
176621166 104 2705 26037
176639755 105 2170 26043
176687611 101 2803 26058
176748708 111 176 26075
176782911 109 2582 26086
176792526 100 2178 26089
176805428 118 1883 26093
176833161 118 2423 26102
176860592 112 54 26110
177000323 112 1971 26151
177057122 116 376 26167
177071102 105 1360 26171
177092134 118 1744 26178
177104916 107 1419 26182
177114448 116 1315 26185
177218073 116 1516 26217
177329433 101 2864 26250
177341530 113 2516 26253
177364087 117 2745 26260
177485655 107 1660 26297
177511030 117 2452 26305
177586015 105 2914 26328
177607529 104 282 26334
177663656 107 1696 26351
177738212 103 1471 26374
177791520 103 2893 26389
177823746 103 2599 26399
177843475 117 331 26405
177929273 112 2600 26431
177942799 109 132 26435
177999781 118 2629 26452
178185018 113 1230 26509
178262345 102 733 26531
178296888 105 682 26541
178366514 100 1840 26561
178370154 119 1605 26562
178373271 110 145 26563
178404543 107 1946 26573
178416951 115 376 26577
178453985 118 595 26589
178634847 107 28 26642
178646161 109 832 26645
178654118 103 2661 26647
178674318 113 1678 26653
178711977 113 1696 26664
178768858 114 1804 26682
178794222 117 1885 26689
178811856 116 1572 26694
178831309 106 1109 26701
178844734 105 244 26705
178884149 104 983 26717
179139775 104 584 26796
179162184 103 2353 26803
179274964 106 1815 26839
179417374 107 2111 26883
179467455 113 2073 26898
179563022 113 1736 26926
179599655 103 2326 26937
179672895 112 66 26960
179757781 104 1085 26986
179878628 101 127 27023
179945220 106 2827 27043
179971598 109 2850 27051
179998318 112 1866 27059
180015354 110 681 27065
180056932 105 2023 27077
180122529 104 1656 27097
180152698 112 35 27105
180160423 102 1292 27107
180229689 108 651 27128
180261174 117 1575 27136
180319166 106 844 27154
180324965 109 2030 27156
180346867 105 2786 27164
180386854 100 173 27176
180397779 101 1472 27179
180464104 119 417 27198
180575058 118 850 27230
180643895 108 1149 27251
180680942 103 929 27262
180717275 116 58 27273
180796866 109 1296 27298
180827394 116 1924 27308
180842811 101 2815 27313
180854784 119 2850 27317
180950700 108 673 27346
180986590 105 1190 27356
180989673 108 1508 27357
180994651 102 2960 27359
181045240 100 639 27373
181087209 113 842 27386
181114970 100 223 27394
181312132 114 1313 27451
181319626 102 1834 27453
181352645 118 1018 27463
181418840 106 2591 27482
181424536 117 2211 27484
181434976 119 1244 27487
181441359 101 560 27489
181448543 106 70 27491
181582744 101 2045 27533
181608852 104 638 27542
181709949 103 1107 27572
181753303 108 46 27586
181864141 115 1122 27619
181934637 107 83 27640
181968978 102 2720 27651
182018027 118 2391 27665
182041350 107 607 27671
182140962 117 601 27701
182316717 118 198 27752
182320389 111 639 27753
182355124 106 2628 27763
182386791 119 1685 27773
182414765 108 1163 27781
182451711 100 1793 27792
182463156 106 85 27796
182490543 106 482 27804
182503225 102 1878 27808
182510655 110 157 27810
182558418 103 584 27825
182564306 104 1146 27827
182589680 110 952 27834
182707472 110 2477 27869
182724846 117 1978 27874
182735019 108 1136 27877
182765843 104 1122 27887
182797460 114 61 27897
182969990 115 1046 27946
183057811 104 731 27973
183156108 114 2699 28005
183205604 103 415 28021
183284861 107 2723 28046
183323124 104 2261 28058
183337015 101 1007 28062
183354586 102 2659 28067
183461430 118 785 28099
183470813 113 1999 28102
183522852 106 885 28117
183564315 116 2057 28129
183584940 101 472 28135
183636977 106 1385 28151
183678788 119 1917 28164
183751575 108 1471 28185
183897564 117 236 28230
183912872 111 1456 28235
183923500 116 1617 28238
183966289 108 1334 28250
184024875 109 1657 28267
184059030 103 793 28277
184121352 111 1619 28296
184155438 108 2052 28307
184217379 115 380 28327
184242716 101 565 28334
184248842 100 405 28336
184522213 119 1426 28419
184538693 100 1020 28424
184561333 102 2654 28430
184657939 114 1356 28459
184765657 118 1162 28493
184776580 111 1783 28497
184796827 106 2109 28503
184843687 117 426 28517
184875368 110 1412 28528
184917650 109 990 28540
184954421 113 2632 28550
184967909 102 1912 28555
185037814 117 1489 28577
185071643 118 49 28586
185075787 109 235 28587
185118969 106 179 28601
185126846 100 2212 28603
185162583 109 2875 28614
185166916 101 2521 28615
185188791 117 97 28622
185198709 119 1498 28625
185301874 105 2566 28656
185422270 105 1792 28690
185563112 105 181 28732
185634472 113 2042 28754
185679112 117 2576 28767
185727886 106 2368 28781
185752042 108 1074 28788
185804628 117 2888 28803
185811006 115 1257 28805
185814739 118 647 28806
185834111 105 1786 28812
185855263 112 49 28819
185868808 119 1385 28823
186021898 100 289 28870
186126077 105 2724 28901
186151679 118 2875 28910
186160555 118 2964 28913
186307320 108 2836 28956
186343349 111 1556 28968
186348299 116 974 28970
186574086 114 2507 29038
186597370 115 1694 29045
186666045 117 754 29066
186740362 113 1416 29087
186764139 105 1213 29094
186767091 119 438 29095
186786700 113 595 29101
186977878 119 1894 29160
187002607 104 504 29168
187111854 106 833 29201
187115403 102 673 29202
187153414 118 2451 29213
187183648 111 1402 29222
187195293 115 1416 29225
187255038 103 1155 29244
187262348 105 722 29246
187386873 107 1118 29285
187506732 114 1967 29323
187523451 101 2312 29328
187594067 108 1769 29350
187620872 100 1325 29358
187624653 103 2335 29359
187627985 106 1270 29360
187640608 111 453 29364
187650167 104 469 29367
187725955 109 2411 29390
187759427 105 457 29399
187844679 118 1593 29425
187914716 104 792 29446
187973383 115 2469 29463
187982704 118 1671 29466
188019443 116 1215 29477
188077552 115 1664 29494
188095922 118 2658 29500
188127882 115 1246 29509
188147653 106 2766 29515
188207941 119 1095 29534
188213158 106 1299 29536
188230239 116 2418 29541
188263090 105 835 29551
188336324 115 1776 29572
188350796 110 973 29576
188418053 118 1299 29596
188624805 105 778 29658
188626684 112 481 29659
188686061 105 81 29677
188721658 101 2852 29688
188731549 104 414 29691
188765535 104 73 29701
188794798 110 1324 29709
188859024 118 1832 29728
188865376 103 2891 29730
188969441 101 1723 29760
189004880 110 1530 29771
189180907 106 1018 29822
189230875 116 1758 29837
189286177 110 1017 29855
189392080 101 1942 29886
189502490 117 843 29920
189589049 113 2023 29945
189656146 103 1629 29966
189692132 105 219 29977
189696196 102 1523 29978
189762626 109 2837 29997
