16666 85 2274 0
109805 95 708 7
187613 88 1655 13
199966 93 2699 14
210917 80 2282 15
577354 82 992 43
1121773 86 1734 83
1299577 85 817 96
1491994 95 1140 111
1998947 96 1773 148
2050034 85 2713 152
2324999 85 2393 172
2365727 85 226 175
2436420 81 2353 180
2610147 80 2585 194
2722757 85 233 203
2944972 99 1228 220
3092318 87 823 231
3153549 83 1541 236
3230712 95 2236 242
3329873 87 435 250
3467838 94 2264 260
3762940 81 387 283
3853469 92 1469 290
3870135 86 2800 291
4277884 87 263 321
4326608 93 1965 325
4588779 91 2440 344
4972211 84 181 373
6161560 92 2279 462
6199610 91 375 465
6446212 88 2325 483
6830261 97 1260 512
6932759 81 1872 519
7047416 96 2741 527
7465440 81 2141 557
7491231 81 2256 559
7560359 95 1904 564
7636995 97 1176 570
7795298 90 1867 582
8036268 90 1572 601
8867551 82 493 664
9038317 86 117 676
9356221 90 2167 700
9633096 80 2415 720
9810784 95 1708 734
9930092 89 1474 743
10124640 95 1497 758
10363172 88 1007 775
10434676 95 64 781
11155151 85 90 835
11368676 96 228 851
11537969 97 846 863
11607631 86 170 868
11619411 93 57 869
11632564 84 2816 870
11748626 98 1294 879
11830284 80 970 885
12438232 82 941 931
13238985 80 846 992
13308919 96 1989 997
13320671 80 2475 998
13407963 99 757 1004
14216145 86 1564 1064
15284420 83 2175 1145
15498338 89 1570 1161
15672284 97 978 1174
15823370 82 2724 1186
15836647 80 1507 1187
15859569 95 2212 1189
16325787 90 1133 1224
16382701 80 657 1228
16600621 96 525 1244
16830056 98 1969 1262
17029845 90 1871 1276
17055476 87 1570 1278
17317483 88 680 1298
17520817 92 1889 1313
17590975 90 2862 1318
17766803 85 298 1332
17803609 90 1626 1335
17849238 80 2234 1338
18380556 99 1811 1379
18645491 82 2180 1399
19002469 97 2978 1425
19546271 80 216 1467
19667924 85 2415 1476
20048601 80 682 1504
20102840 85 1933 1508
20446340 91 103 1533
20961998 87 2457 1571
21017366 88 304 1575
21099525 86 1918 1581
21705739 82 671 1625
22077398 83 585 1654
22155471 86 2961 1660
22206001 90 2178 1664
22553531 94 585 1690
23225042 89 272 1740
23293245 81 2387 1745
23464625 98 2611 1758
23506136 87 2788 1761
23688246 97 1823 1775
24343999 97 1957 1824
24526257 88 1377 1837
24650103 94 2860 1846
24663930 95 1793 1847
24720147 87 1691 1851
24749924 89 757 1853
24990385 98 2111 1871
25032759 98 1118 1874
25107438 91 1731 1880
25268257 85 2671 1891
26224809 86 275 1961
26317740 96 2209 1968
26484275 98 2109 1981
26667037 99 395 1994
26678420 83 1508 1995
26731396 96 2539 1999
26800827 81 979 2004
26890453 92 1545 2011
26966453 91 1962 2017
27450880 81 1693 2053
28053083 96 2626 2098
28413848 88 589 2125
28520227 81 2132 2133
29182824 96 999 2183
29401710 93 1787 2199
29452349 84 1783 2203
29789915 80 1325 2229
29833474 96 716 2232
29985583 98 2630 2243
30619611 80 1405 2289
30762471 86 150 2300
30778769 80 2695 2301
30968609 88 2440 2317
31071529 99 1116 2325
31197458 96 256 2334
31436615 88 187 2352
31823873 87 1968 2381
31886461 91 775 2386
32264726 80 210 2415
32380604 83 1749 2424
32465972 95 2680 2430
33062068 93 841 2475
33104743 91 2987 2478
33158453 83 91 2482
33462272 84 831 2504
33648487 89 788 2517
34028026 90 125 2545
34261793 87 2913 2563
34547134 90 302 2585
34678222 92 1407 2595
34767047 95 137 2602
34886792 83 787 2611
34952765 84 1166 2616
35081159 92 1394 2625
35170495 94 2016 2632
35196496 80 1865 2634
35211392 93 2458 2635
35221648 86 2745 2636
35342638 98 553 2645
35525725 80 2192 2658
35773563 80 2607 2677
35873985 90 1523 2684
36020187 95 1572 2695
36493177 98 1428 2730
36506705 94 503 2731
36615116 81 1173 2739
36729373 98 1813 2748
36908044 80 2458 2761
37316224 84 1720 2791
37451653 85 2323 2801
37969375 96 2333 2840
37996396 97 1151 2842
38103195 84 1923 2850
38420972 95 2530 2875
38483318 95 2276 2880
38727607 80 719 2898
38808703 97 434 2904
39000357 80 766 2918
39577813 92 513 2961
39646622 87 2888 2966
39804113 86 2074 2978
39816076 84 260 2979
39867908 95 518 2983
39929810 89 1575 2988
40005758 92 853 2994
40300384 83 1592 3015
40410810 89 578 3024
40639992 98 2276 3041
40675195 98 1932 3044
40995570 93 2631 3068
41037263 83 1176 3071
41087752 90 2842 3075
41167604 92 1496 3081
41593473 88 1011 3114
41629026 93 1159 3117
41872802 87 2557 3135
42024887 89 2740 3146
42102173 80 846 3152
42518394 95 2649 3182
42713556 99 2346 3197
42833022 84 1428 3206
42857589 84 1579 3208
43122291 94 453 3228
43310344 82 1259 3242
43446798 92 1702 3252
43712835 99 2155 3273
44045760 90 2900 3298
44380759 84 2470 3323
45021427 81 2609 3370
45035677 84 1617 3371
45173892 95 1634 3381
45534155 94 1423 3409
45631334 85 770 3416
45763619 84 1128 3426
45923073 97 97 3438
45983679 80 2019 3442
46586006 89 939 3488
46739062 91 731 3499
46899533 88 2677 3512
46956283 86 1910 3516
47150980 83 1926 3530
47248450 86 2251 3537
47411436 80 2456 3549
47710316 81 51 3572
47853112 94 971 3583
48091489 90 2198 3600
48972675 80 2109 3665
49412056 80 1876 3697
49424903 98 64 3698
49444903 85 1945 3700
49604268 80 2097 3712
49655689 80 446 3716
49919315 80 110 3736
49934442 99 2308 3737
49959434 81 2133 3739
50186272 96 111 3756
50294425 88 2841 3764
50903432 84 1014 3811
51165829 86 149 3830
51219095 90 1398 3834
51275505 99 2116 3838
51559755 87 869 3859
51631839 87 977 3864
51782618 86 911 3875
51797158 88 567 3876
52571623 82 2247 3934
52598936 91 1862 3936
52867306 88 2749 3956
52991119 82 1786 3966
53058353 80 2931 3971
53264548 99 1470 3987
53317747 85 765 3991
53583839 90 1979 4011
53633258 94 2984 4015
53657157 90 523 4017
53931306 96 721 4037
54027434 85 2743 4044
54148581 88 702 4053
54257549 92 314 4061
54523783 86 2135 4081
54611366 87 1841 4088
54738581 92 803 4097
54981123 95 151 4115
55199821 83 1282 4132
55346853 83 2692 4143
55391396 84 879 4146
55440262 97 2307 4150
55612278 91 2838 4162
55749443 98 2625 4173
55762389 94 2922 4174
55819374 87 216 4178
55873457 97 464 4182
55968749 99 2994 4189
55980767 94 965 4190
56022817 95 2073 4193
56202631 81 1696 4206
56469421 84 2813 4227
56783053 98 933 4251
56870238 83 2589 4258
57685387 82 2051 4319
57882448 91 261 4334
58161173 91 742 4355
58436548 89 2215 4375
58558652 86 2363 4384
58729175 94 1677 4397
58816824 88 688 4403
58996087 96 1151 4416
59193558 90 2764 4431
59269561 84 2924 4437
59300063 95 2819 4439
59407086 98 498 4447
59704266 98 1753 4470
60419939 98 2784 4524
60432123 80 2942 4525
60461997 90 235 4527
60485348 82 1940 4529
60685337 93 1540 4544
60915480 88 1692 4561
61060806 91 1609 4572
61166301 81 872 4580
61189143 90 2336 4582
61318742 82 590 4592
61345513 98 749 4594
61414846 98 661 4599
61531666 95 334 4608
61807328 94 1187 4629
61946167 90 2595 4640
62147389 95 79 4655
62282212 81 646 4665
62827716 97 589 4706
62838940 81 850 4707
63060831 88 2775 4725
63156189 89 1757 4732
63364076 97 1039 4748
63729268 87 1421 4775
63917717 97 2144 4790
63994552 87 2131 4796
64279579 86 43 4817
64394033 83 334 4825
64434680 89 2285 4828
64546106 97 2315 4836
64652178 97 2295 4844
64817395 83 2422 4856
64867737 80 62 4860
65020957 84 73 4872
65092927 91 2666 4877
65719975 90 2646 4924
65759744 99 881 4927
65773939 86 2253 4928
65809543 94 1213 4931
65962806 93 1769 4942
66095205 96 1949 4953
66195897 88 2371 4961
66208075 89 383 4962
66548907 94 674 4988
66626518 93 961 4994
66711916 80 55 5000
66800915 94 1914 5006
66814300 82 1019 5007
66874353 90 2978 5012
67919074 83 2054 5091
67987969 83 1676 5096
68025569 81 336 5099
68438962 87 1330 5130
68478273 95 2969 5133
68521430 80 1658 5136
68749385 90 2162 5153
69018032 86 2304 5174
69080200 86 226 5179
69145943 98 2110 5184
69285161 83 2203 5195
69339114 86 2312 5199
69752445 94 458 5231
69855081 85 1569 5239
70223920 84 2466 5266
70278297 91 248 5270
70406538 94 1624 5279
70545188 88 278 5290
70701732 97 144 5301
70999031 96 1125 5324
71038130 94 540 5327
71620961 81 1213 5371
71774464 80 1855 5383
71958835 82 977 5397
72136161 96 341 5411
72756564 99 1301 5457
72772254 84 89 5458
72892269 96 183 5467
73092402 82 1412 5483
73107365 97 986 5484
73177353 82 2358 5489
73260910 90 1016 5495
73272907 98 2943 5496
73652465 86 1041 5524
73864033 81 1300 5540
74147871 93 206 5562
74639197 87 2378 5600
74822426 98 45 5613
74969171 92 2995 5624
75092974 81 2227 5633
75234318 85 182 5644
75361977 96 529 5653
75388101 85 2032 5655
75498290 81 84 5663
75688528 90 1913 5677
75742621 99 2306 5681
75820263 81 946 5687
76085878 85 1970 5707
76194737 97 135 5715
76420870 98 2025 5732
76556094 85 2089 5742
76634381 90 2387 5748
76855666 83 2437 5765
77077124 82 54 5782
77182465 87 1924 5790
77218379 83 2131 5793
77418320 89 2220 5809
77492426 85 2610 5815
77675652 80 653 5829
77703418 89 2035 5831
77917050 82 1906 5847
78245552 91 2676 5873
78301925 96 47 5877
78513897 95 2655 5892
78605856 93 2539 5899
78685382 81 2022 5905
78980994 83 28 5926
79008989 87 428 5928
79307385 84 2725 5951
79366155 82 2680 5955
79886822 93 695 5995
79952693 80 1334 6000
80330825 96 2802 6029
80557664 89 2829 6047
80725612 82 2470 6060
80738160 80 523 6061
81193564 96 2428 6095
81318998 91 1025 6104
81692693 90 731 6132
81856170 81 302 6144
82073264 82 297 6160
82230424 86 419 6172
82416486 87 609 6186
82495133 84 1297 6192
82842909 85 2636 6217
82922899 80 74 6223
83213387 95 1919 6246
83382203 94 2823 6258
83545055 80 882 6270
83626798 97 1333 6276
83727283 95 1779 6283
83755650 89 2542 6285
83795654 98 1185 6288
84165883 94 2582 6316
84343275 88 89 6329
84366370 89 2844 6331
84472370 95 346 6339
84671160 82 2240 6354
84763416 92 1208 6361
85282163 88 1593 6400
85715823 81 876 6433
85814437 88 2102 6440
85927644 87 762 6448
86041319 96 976 6457
86163204 98 1232 6466
86312471 90 2638 6477
87111072 90 2066 6536
87504159 89 1351 6566
87642063 82 1835 6577
87813168 99 2017 6590
88207446 99 1065 6619
88480345 97 943 6639
88521590 83 1601 6642
88531590 98 1488 6643
89116164 99 611 6687
90561197 85 2714 6794
90613330 85 600 6798
90644990 97 1140 6801
91003281 88 1471 6827
91143260 96 583 6838
91941544 91 2295 6897
91969165 98 693 6899
92256737 98 750 6921
92492416 98 38 6938
92834576 85 2199 6965
92858066 83 588 6967
92899205 94 218 6970
93110797 85 1170 6987
93194411 88 1363 6994
93588933 97 1773 7025
94116706 99 780 7064
94175282 91 1785 7068
94217057 84 2107 7071
94335540 94 2810 7080
94550538 89 2026 7095
94690377 92 782 7105
95009896 89 2406 7130
95064136 83 1877 7134
95239412 94 2768 7147
95396958 92 2839 7159
95492470 94 1135 7166
95502470 91 1628 7167
95540545 98 2856 7170
95639002 90 1111 7177
95766069 98 136 7187
95800116 83 1438 7190
96036951 91 1004 7208
96190107 96 471 7220
96216914 98 2867 7222
97151450 84 238 7294
97244112 85 422 7301
97474066 97 854 7319
97732961 88 936 7338
97783154 87 2330 7342
97821007 89 2177 7345
98104095 82 2093 7366
98160917 93 1057 7370
98223153 80 643 7375
98308456 83 825 7381
98355362 85 2772 7385
98383632 83 487 7387
98490021 85 1791 7395
98568637 98 1083 7401
98633502 93 1931 7406
98784489 86 2852 7417
99002208 92 809 7433
99183438 92 673 7446
99457350 84 214 7466
99471419 98 1748 7467
99718559 87 678 7486
99758081 99 2367 7489
100290421 97 2554 7528
100683138 90 1426 7558
100725727 90 1974 7561
100776373 93 508 7565
101204560 89 533 7596
101256643 89 288 7600
101484585 85 2120 7617
101822802 82 531 7643
102127402 90 2467 7666
102359008 97 2303 7684
102959387 80 2026 7728
103356710 84 295 7757
103431556 87 322 7763
103470995 95 2376 7766
103647443 82 22 7779
103880686 89 994 7796
103925676 91 758 7799
104080940 93 2231 7811
104321293 84 1362 7829
104633745 98 1855 7852
104685788 91 200 7856
105167522 91 1458 7894
105198549 95 768 7896
105243538 91 2847 7899
105685563 93 1380 7932
106103768 87 1530 7964
106135665 81 560 7966
106257703 80 1717 7975
106441738 94 2244 7989
106616280 99 502 8002
106911082 95 2950 8024
106925203 93 920 8025
107381391 84 1339 8060
107393314 84 2875 8061
107482763 82 2513 8068
107554424 96 722 8073
107753809 90 1378 8088
108072376 84 2137 8111
108502987 80 2156 8143
108602448 96 1071 8151
109312173 88 1565 8203
109703554 96 789 8232
109781185 95 1482 8238
109868633 91 2784 8245
109933653 98 2339 8250
109972176 91 80 8253
110079491 90 1580 8262
110093338 83 1206 8263
110181735 99 1729 8270
110320938 82 2819 8280
110361294 91 2972 8283
110399318 92 1349 8286
110701893 83 140 8309
110726581 83 2813 8311
110827394 86 1630 8318
110884038 95 530 8322
111010729 81 1572 8331
111390086 80 1087 8359
111639930 81 1191 8377
111750557 83 2331 8385
111960238 83 1170 8401
112140798 93 1168 8415
113090112 91 2908 8486
113566239 89 736 8523
113641747 97 562 8529
113654614 95 1488 8530
113874591 91 1154 8546
114277606 93 2404 8578
114845667 87 644 8621
114884891 93 191 8624
115014844 86 2412 8633
115108536 87 626 8640
115188081 93 1043 8646
115318024 97 1086 8656
115332095 83 1866 8657
115791911 85 1898 8692
115864286 97 1716 8698
116086396 95 911 8715
116111661 98 1452 8717
116259532 98 1789 8728
116654989 96 602 8758
117029447 91 2530 8786
117197811 93 490 8799
117308134 90 2277 8807
117446531 91 438 8817
117691950 92 183 8835
117762050 88 895 8840
117858143 96 902 8847
118127486 99 1673 8868
118449066 92 524 8891
118856995 85 1800 8922
118897701 96 244 8925
119100770 84 2847 8941
119180592 92 1951 8947
119251729 87 1204 8952
119603598 97 2072 8978
119658629 94 1457 8982
119827308 96 1654 8994
119918861 85 1024 9005
119947458 86 1192 9013
120067396 92 1360 9048
120085699 83 1744 9053
120107557 85 475 9060
120278813 86 1619 9111
120386978 85 1586 9143
120401287 89 1015 9147
120486415 82 1529 9173
120514203 83 11 9182
120616340 95 910 9215
120651991 80 2319 9227
120694343 82 919 9240
120840033 83 889 9285
120875442 88 1760 9295
120949249 81 2664 9317
120998479 86 2576 9331
121040474 91 227 9343
121044194 89 2270 9344
121100555 84 1034 9361
121136803 87 2594 9371
121158894 81 1181 9378
121219329 87 2571 9394
121359093 93 2195 9436
121388006 88 317 9444
121393863 84 2392 9446
121427054 97 1100 9455
121437095 80 2819 9459
121530981 97 796 9487
121544928 88 1006 9491
121593468 90 482 9505
121611549 83 2483 9510
121624480 93 2257 9514
121749405 83 1912 9550
121779673 97 1260 9559
121785257 92 1160 9561
121863590 99 1407 9586
121866850 90 2787 9587
121875263 88 2838 9590
121922006 97 2381 9603
121957019 83 1025 9614
121963760 91 330 9616
122010291 82 755 9630
122147574 80 931 9672
122234724 93 28 9698
122280359 91 2970 9712
122295248 98 2635 9716
122309189 99 710 9720
122384885 94 1204 9742
122388779 99 2026 9743
122429910 93 1126 9755
122490294 84 1538 9773
122507277 90 1622 9779
122552115 97 811 9793
122581763 88 1258 9802
122700736 84 1270 9838
122708016 99 1091 9840
122761867 95 2701 9856
122768110 85 2007 9858
122775092 84 1344 9860
122782851 96 1656 9862
122849605 93 2361 9881
122862833 88 1607 9885
122906489 83 2235 9898
122926752 95 2948 9904
123063175 86 2927 9947
123070181 99 354 9949
123135313 95 246 9967
123200977 89 1306 9987
123225681 84 1345 9995
123296313 99 902 10016
123300619 87 2342 10017
123331898 81 2022 10026
123334325 80 2067 10027
123456831 97 1422 10064
123533511 99 546 10086
123607379 83 1131 10109
123610328 95 1412 10110
123727187 81 441 10144
123813859 87 676 10170
123839268 95 2362 10178
123868580 85 1075 10188
123873872 94 1627 10190
123900847 87 1813 10198
123993329 80 1630 10225
124034442 96 2162 10238
124045559 88 485 10242
124113742 89 657 10261
124128739 85 2288 10266
124171495 96 1764 10279
124192182 95 1427 10285
124266716 80 1912 10308
124358761 89 285 10335
124389889 93 2024 10345
124404154 84 1103 10350
124529697 80 2819 10387
124603271 94 2599 10410
124689643 93 972 10437
124736036 92 2762 10451
124819956 80 1880 10476
124931675 97 353 10510
124940820 91 1561 10513
124947292 80 2016 10515
124984008 82 1031 10526
125106110 88 1134 10562
125120296 93 1782 10566
125143314 92 1470 10573
125219019 99 2452 10596
125232567 95 2755 10600
125251564 90 1563 10606
125287951 94 1422 10617
125303608 98 2295 10622
125374654 85 2475 10643
125532735 98 2663 10688
125603912 94 588 10708
125632620 94 1394 10716
125719576 80 935 10743
125982475 86 309 10821
125990199 83 1057 10823
126048475 91 425 10840
126068105 82 2116 10847
126071053 80 1468 10848
126079239 84 1815 10851
126094323 90 30 10855
126108635 97 1113 10859
126173834 88 288 10880
126190640 99 1554 10886
126212388 84 1927 10892
126245904 80 2458 10902
126255071 89 240 10905
126359772 86 1715 10936
126445904 86 2590 10960
126454570 83 2334 10962
126513600 80 1780 10980
126528294 91 1069 10985
126598991 88 354 11005
126619473 92 1646 11012
126622146 96 2987 11013
126631565 88 484 11016
126654200 82 2508 11023
126678656 97 2750 11032
126702507 84 2390 11039
126754366 89 541 11055
126801642 99 1569 11069
126881905 99 615 11093
126953126 94 974 11115
126996565 87 732 11129
127064592 80 1411 11148
127087863 95 1252 11155
127113791 95 1648 11163
127176931 83 1032 11182
127387749 95 1178 11247
127455845 86 169 11267
127465845 99 465 11270
127470178 87 1279 11271
127522205 96 2966 11288
127534049 83 3 11292
127598933 96 2961 11312
127614036 94 2596 11317
127645479 81 2602 11327
127877724 98 2533 11399
127896999 86 864 11405
127942099 83 2051 11418
127949032 89 621 11420
127960987 95 1071 11423
127971782 95 2708 11426
128007147 95 1630 11437
128050125 80 1008 11449
128062591 87 1869 11453
128068427 92 732 11455
128093739 81 3 11462
128149408 98 876 11479
128174601 85 1231 11487
128206845 80 33 11497
128218127 84 737 11501
128272585 92 2684 11517
128279757 93 611 11519
128358538 86 834 11543
128362670 91 2505 11544
128408704 84 1400 11557
128415967 86 1880 11559
128436732 83 1321 11565
128446129 88 159 11568
128479722 84 1579 11578
128488484 84 2406 11581
128500497 99 2473 11585
128526054 90 2623 11593
128616259 88 2559 11619
128660898 83 1960 11632
128735159 96 899 11654
128832049 89 316 11683
128944765 90 2410 11717
128964680 90 52 11723
128998781 92 1323 11733
129026008 94 1459 11741
129040704 96 1576 11745
129045647 93 1829 11747
129067133 84 10 11753
129187234 99 653 11790
129252210 88 1842 11810
129258830 89 14 11812
129284659 83 1201 11820
129316429 98 114 11829
129347358 87 283 11839
129443095 94 1798 11867
129450090 86 496 11869
129662303 99 636 11933
129665904 88 2664 11935
129710301 96 246 11948
129727308 87 2726 11953
129771627 88 44 11966
129779853 99 1229 11968
129804620 96 1605 11975
129814238 87 2739 11978
129883192 97 1333 12000
129935035 83 1545 12016
129937886 82 81 12017
129992878 99 1583 12034
130009941 91 386 12039
130059375 81 2843 12053
130078301 84 121 12059
130159813 92 784 12083
130163239 81 2844 12084
130180932 80 1751 12090
130486830 95 2729 12182
130585023 85 32 12214
130603386 86 2698 12220
130615524 98 771 12224
130622173 80 1345 12226
130641542 91 2067 12232
130665437 87 2264 12240
130725640 91 969 12258
130791085 98 0 12278
130834836 80 438 12291
130878602 91 706 12303
130896069 84 961 12308
130904299 95 545 12311
130952491 93 1013 12325
130977474 86 2832 12333
131015601 99 1584 12344
131104881 88 279 12371
131138128 86 2871 12381
131161282 89 1595 12388
131236210 87 1160 12410
131295611 91 2356 12428
131308782 88 222 12432
131347094 87 1257 12444
131398969 88 191 12460
131416417 93 1159 12465
131481079 95 1355 12484
131521687 80 1356 12496
131546891 86 2399 12504
131566653 92 2093 12509
131598281 96 2982 12518
131620215 86 1444 12524
131671647 96 1720 12540
131719705 93 2541 12554
131726608 80 958 12556
131783823 87 122 12572
131809796 84 434 12580
131823644 94 684 12585
131894802 84 1269 12607
131924416 80 1261 12616
131995316 96 2828 12637
132081485 91 2955 12663
132142661 98 54 12681
132145735 85 861 12682
132222331 89 305 12705
132230900 97 2548 12708
132292376 97 524 12728
132325611 87 2860 12738
132352630 90 2437 12747
132397188 95 654 12760
132400307 80 2883 12761
132406987 82 2940 12763
132505970 93 2891 12793
132561824 97 729 12810
132678378 92 2680 12846
132681319 95 1170 12847
132808397 94 55 12886
132857281 96 2365 12901
132974526 93 2261 12937
133054876 97 956 12961
133065162 89 1778 12964
133118133 84 182 12980
133160795 93 1210 12993
133193390 85 266 13003
133207888 88 1897 13007
133221735 92 21 13012
133310908 80 1392 13039
133387163 80 2431 13061
133398112 81 814 13064
133512204 82 550 13099
133686557 91 217 13153
133707264 83 1066 13159
133768602 83 1829 13178
133798466 85 2009 13186
133878031 97 807 13210
133945160 80 556 13230
133991196 97 1631 13244
134006283 88 520 13248
134068367 85 2090 13267
134091617 99 2281 13274
134103940 81 2399 13278
134186913 97 1599 13302
134286539 89 2404 13332
134352923 91 2549 13352
134360284 90 1019 13354
134398299 96 32 13365
134431280 86 1191 13375
134491299 85 142 13394
134507092 98 331 13399
134550152 98 1360 13413
134591197 83 211 13425
134616030 91 2846 13433
134631251 88 1930 13438
134662971 92 1861 13447
134715731 84 1322 13463
134739779 95 2154 13471
134748947 97 1756 13474
134764983 81 942 13479
134772482 88 1131 13481
134892408 82 981 13516
134900420 95 2551 13518
134980823 83 860 13543
134984538 86 2500 13544
134996759 97 182 13547
135009064 83 465 13551
135150323 89 2935 13594
135152042 91 1498 13595
135155404 84 1286 13596
135184010 85 1303 13605
135247725 93 616 13625
135300369 84 2769 13640
135318621 97 917 13645
135334744 95 524 13650
135338095 85 1118 13651
135352297 91 303 13655
135414398 85 2083 13674
135449600 83 536 13684
135532823 83 795 13708
135546489 92 1513 13712
135564278 97 837 13718
135633782 91 2919 13739
135655403 97 1270 13746
135658716 95 216 13747
135767928 87 2588 13781
135780850 99 1508 13785
135791886 83 1250 13789
136009155 92 2277 13854
136113817 86 1800 13885
136123321 97 685 13888
136148641 82 1400 13896
136166547 80 2009 13901
136196128 84 2331 13910
136299687 85 779 13942
136541800 91 2624 14016
136570834 90 2128 14024
136606060 93 2394 14035
136682879 89 1855 14058
136841027 97 1427 14104
136999067 88 1509 14153
137074367 85 2701 14176
137168237 82 1317 14206
137218342 83 249 14221
137228016 89 75 14224
137241654 84 2428 14228
137261146 83 856 14233
137328245 86 1981 14254
137340915 92 2696 14258
137348707 81 505 14260
137426499 91 253 14283
137580218 86 2653 14330
137599949 88 320 14336
137626728 97 1760 14344
137709553 94 1354 14370
137758350 80 323 14384
137784961 88 2440 14392
137888442 83 1544 14422
137924607 85 2513 14432
137928430 89 683 14433
138046672 82 1747 14468
138109449 94 901 14488
138117581 88 2087 14491
138145405 90 266 14499
138227253 83 2256 14523
138233933 86 2006 14525
138236785 96 474 14526
138262364 84 175 14534
138374090 97 640 14568
138625976 94 555 14642
138694397 85 1931 14663
138718675 96 460 14670
138751258 93 2629 14679
138980201 97 1298 14747
139016500 98 980 14758
139039016 89 1395 14764
139070390 80 2723 14774
139101938 89 877 14783
139220778 88 2421 14818
139255018 90 847 14828
139358906 97 2935 14859
139366385 99 2124 14861
139406379 82 2428 14873
139436106 88 2089 14882
139492930 87 2063 14899
139496172 83 1850 14900
139618571 82 1845 14938
139706963 96 1147 14964
139793849 93 1322 14991
139797610 80 1488 14992
139911891 89 128 15027
140172212 92 482 15105
140252005 85 1172 15129
140316792 88 1851 15148
140402319 96 79 15172
140491657 86 522 15200
140528949 85 472 15211
140585957 98 606 15227
140609211 92 900 15234
140672075 85 1462 15252
140685625 83 563 15256
140782981 85 2474 15285
140867859 91 11 15311
140900865 93 2348 15321
140908929 82 1500 15324
140918602 87 232 15327
140933370 97 2773 15331
140937668 84 1124 15332
140997949 92 1513 15351
141026986 88 2114 15360
141038105 98 1393 15363
141120061 94 1794 15388
141169531 99 1129 15403
141374799 87 2844 15464
141384093 86 2485 15467
141396531 80 596 15471
141542098 90 2917 15514
141544433 87 2954 15515
141585639 95 2551 15527
141661224 90 1704 15551
141670752 95 613 15554
141742232 86 2535 15576
141753835 87 704 15579
141781808 97 1789 15588
141787463 85 2826 15590
141833644 89 358 15604
141882000 91 2547 15619
141938473 86 1730 15636
141981444 92 1630 15649
142006541 81 2175 15656
142048113 99 1841 15669
142074228 88 932 15678
142114779 87 1873 15692
142133603 97 1390 15697
142225584 94 2575 15726
142290026 96 1627 15745
142413971 90 2762 15783
142428868 85 2076 15788
142454319 94 1353 15795
142501673 93 1174 15809
142551175 86 2767 15825
142582627 89 439 15835
142792646 81 2632 15901
142818020 99 2834 15909
142849549 91 344 15919
142864128 86 2090 15923
142867808 99 2911 15924
142872141 81 1311 15925
142900688 96 269 15934
143171293 85 1009 16014
143196125 96 1535 16021
143221121 95 1290 16028
143256336 88 2437 16038
143259337 99 2705 16039
143284123 90 1499 16046
143449608 85 1568 16096
143494652 89 1230 16109
143543116 84 2957 16123
143573186 82 569 16133
143618037 81 68 16147
143666367 98 2087 16163
143673136 98 724 16165
143726714 98 779 16180
143763229 81 2373 16191
143772422 85 707 16194
143790847 92 664 16200
143871332 80 1549 16225
143897461 93 215 16233
143986197 86 2311 16260
143988896 94 1322 16261
143992049 94 2953 16262
144068296 85 2537 16285
144072427 91 429 16286
144101298 95 33 16295
144110826 96 1235 16298
144147630 90 1733 16310
144161435 95 581 16314
144165188 90 682 16315
144208461 93 2871 16328
144217615 84 1206 16331
144328180 91 507 16363
144409742 98 1906 16387
144481779 83 2363 16407
144498608 82 2357 16412
144558214 98 2040 16431
144678185 86 400 16467
144680819 80 2998 16468
144702347 88 724 16474
144870638 98 1776 16526
144934898 96 389 16545
145029843 82 427 16573
145089813 89 1893 16591
145117330 92 2766 16599
145128489 95 974 16602
145213200 84 2468 16627
145247774 94 244 16638
145456448 95 1257 16700
145526558 83 1551 16720
145540110 92 203 16724
145575582 99 968 16735
145614650 86 1265 16746
145649628 85 1701 16756
145652434 95 27 16757
145663333 97 2172 16760
145679535 82 677 16765
145796637 88 2930 16800
145822771 81 1768 16808
145857881 97 24 16818
145965655 81 1569 16851
145996741 88 2054 16860
146069351 82 721 16882
146129864 87 2279 16901
146265081 88 2394 16942
146395114 81 1083 16981
146499724 84 1421 17015
146638381 92 2113 17055
146670168 82 1491 17064
146704195 85 254 17075
146722199 93 615 17080
146839180 83 801 17115
146876821 90 491 17127
146895796 81 1593 17133
146956309 96 1343 17152
146978858 84 1092 17159
147001216 82 1233 17166
147020125 80 2116 17172
147127193 89 1305 17203
147184002 80 2602 17221
147206984 95 1437 17229
147223293 90 1326 17234
147251209 80 1843 17242
147289700 99 896 17255
147362758 94 289 17276
147381330 83 1040 17282
147484436 93 141 17313
147502074 91 2262 17319
147534216 98 2602 17328
147544550 90 1311 17331
147677864 94 655 17371
147720055 98 1101 17384
147730234 97 2660 17387
147732983 98 1877 17388
147754536 82 1066 17395
147962549 81 1867 17458
148031624 97 1278 17479
148121119 85 501 17505
148124520 92 1389 17506
148139194 84 580 17510
148157714 83 154 17515
148169995 83 2973 17519
148237792 84 50 17539
148249931 86 1605 17543
148297647 87 2096 17557
148426374 97 2748 17596
148430707 95 668 17597
148443643 91 582 17601
148470020 80 2624 17609
148561126 90 1920 17636
148582223 80 2207 17642
148667236 87 1804 17668
148732064 89 2743 17686
148747470 96 2118 17691
148806284 91 1662 17710
148969948 85 1404 17761
149045587 93 1587 17784
149133174 85 2541 17810
149199502 80 369 17829
149216696 96 1311 17834
149308447 83 1674 17862
149325973 90 1823 17867
149362834 90 1624 17879
149369445 97 2240 17881
149423008 95 1518 17897
149538790 97 734 17935
149567548 80 1949 17944
149617841 94 2417 17961
149635039 95 1603 17966
149670060 95 2972 17977
149821387 97 1618 18024
149961082 95 1636 18069
149986606 88 1035 18077
149995335 89 1160 18080
149998242 88 2071 18081
150018733 91 2391 18087
150103108 91 955 18112
150119349 99 412 18117
150128341 95 1656 18120
150153993 82 142 18128
150192048 86 1342 18140
150250040 94 2233 18157
150262833 83 2775 18161
150273918 97 24 18164
150313154 99 260 18176
150400670 97 410 18201
150411893 81 2972 18204
150442043 98 1625 18212
150589293 97 1424 18257
150613356 81 2730 18265
150637515 80 1922 18272
150657718 93 2095 18278
150668388 94 239 18281
150735441 84 936 18301
150822316 83 1022 18325
150857349 83 205 18336
150868455 91 738 18340
150989368 97 2495 18376
151027468 81 2034 18388
151050128 92 71 18397
151083002 83 485 18408
151109770 85 910 18417
151235835 93 1574 18456
151280429 93 938 18470
151290973 92 2285 18473
151389387 91 868 18504
151400789 99 1245 18507
151468326 98 111 18527
151573767 88 266 18558
151590694 89 1434 18563
151643025 97 1678 18579
151654808 89 2832 18583
151696048 86 1677 18596
151751507 97 2970 18614
151766028 96 669 18619
151864417 95 2026 18646
151885334 99 1633 18652
151920576 86 1586 18663
151949115 86 2165 18673
152033621 95 2613 18700
152053914 94 665 18706
152055834 80 190 18707
152064428 95 2567 18710
152102146 84 393 18722
152185819 91 2462 18748
152334794 88 1181 18794
152553505 83 2824 18860
152574759 85 145 18866
152595984 90 1608 18873
152598876 83 453 18874
152638128 88 218 18886
152686578 82 1688 18900
152864014 88 780 18952
152889415 84 2273 18959
152898674 98 2354 18962
152908583 97 1780 18965
152911995 99 1833 18966
153021601 88 810 18999
153207880 81 2950 19058
153211244 99 368 19059
153400649 99 2971 19115
153472347 80 202 19137
153531293 94 648 19156
153578317 82 234 19170
153666229 83 1918 19196
153687762 98 2090 19202
153799777 86 1739 19236
153841242 81 311 19249
153855991 97 2692 19253
153884579 95 1968 19262
153888563 96 1048 19263
153891626 93 1353 19264
153901646 94 2515 19267
153919467 91 14 19273
153944626 97 1451 19281
154028224 92 598 19307
154131212 85 1382 19338
154153087 83 1087 19344
154179382 96 2259 19352
154188848 95 2693 19355
154367709 97 1609 19406
154388937 93 1791 19413
154471603 86 503 19438
154501006 98 406 19446
154605784 87 1169 19479
154624264 85 1023 19484
154632805 87 962 19487
154842473 94 921 19551
155156697 99 1305 19645
155244821 95 1599 19672
155249154 83 2763 19673
155296626 95 2449 19687
155325124 85 1944 19696
155354053 94 1787 19705
155386414 80 781 19715
155447320 98 548 19734
155468652 81 1276 19741
155505112 97 507 19751
155544077 80 584 19763
155548735 96 2348 19765
155562023 92 2764 19769
155677411 92 537 19804
155686355 98 2351 19807
155689672 90 2542 19808
156027725 93 2435 19910
156102176 84 871 19931
156125465 97 1941 19937
156227983 93 2911 19967
156420925 87 2363 20025
156487112 83 1357 20046
156520151 86 887 20055
156559385 97 2950 20067
156587927 94 2214 20076
156674070 82 1034 20102
156704376 81 1831 20111
156718492 97 2577 20115
156782162 83 1094 20134
156899149 98 2144 20169
156910501 81 1549 20172
156916111 88 1024 20174
157017589 83 2778 20206
157038518 96 1672 20213
157092713 80 703 20230
157116860 98 1854 20237
157123782 95 204 20239
157131691 95 2440 20242
157239200 90 2332 20274
157243245 93 1230 20275
157305287 89 1706 20293
157442098 87 586 20334
157459510 85 2802 20339
157568026 96 1078 20371
157571945 93 1257 20372
157594114 91 1365 20378
157638971 84 2907 20392
157688090 89 412 20407
157770921 86 1050 20432
157788616 86 1058 20438
157824439 90 1409 20449
157847018 83 2067 20456
157937191 91 1868 20481
157951591 80 520 20486
158019563 90 1455 20507
158096256 92 2247 20530
158163416 94 853 20551
158214174 99 2463 20567
158247645 87 930 20578
158303602 88 58 20594
158396611 87 2054 20623
158406308 95 140 20626
158410078 86 258 20627
158421455 82 1143 20631
158500806 91 2389 20655
158521404 91 2061 20661
158541184 98 45 20666
158598043 98 2889 20682
158604606 87 150 20684
158607608 90 235 20685
158638016 86 1109 20694
158686775 81 2320 20709
158766047 86 1179 20734
158785684 89 2355 20740
158792986 98 1705 20742
158803688 97 2792 20745
158831846 85 777 20754
159001629 91 2624 20806
159005800 84 2216 20807
159058090 91 944 20823
159076684 86 1628 20828
159123944 99 2401 20842
159155530 84 1030 20851
159185244 96 1068 20860
159190122 91 1376 20862
159246277 89 2988 20880
159270906 98 972 20887
159307785 90 958 20899
159364543 92 1051 20915
159379434 85 2944 20919
159383767 84 1447 20920
159420866 88 1190 20931
159515027 83 415 20958
159536780 81 1989 20965
159539654 92 745 20966
159608485 94 2530 20986
159622218 88 1220 20990
159641341 96 1190 20996
159700767 88 7 21015
159754304 95 1032 21031
159759873 94 2354 21033
159936930 97 1632 21086
160083083 86 815 21131
160157984 98 2326 21153
160170402 85 1280 21157
160198495 92 1566 21165
160210856 80 987 21169
160282676 87 198 21190
160293470 95 765 21193
160320094 89 2079 21200
160357132 88 634 21211
160425642 97 2413 21232
160494807 92 2270 21253
160568506 84 1395 21276
160731836 84 2752 21326
160783917 90 931 21342
160850809 90 2798 21362
160896155 88 1395 21375
160941279 87 1356 21389
160962909 99 1350 21396
160994319 88 720 21406
161020073 89 2948 21414
161092203 86 1816 21435
161106084 86 1956 21439
161145708 94 1622 21451
161180579 87 1870 21462
161273714 91 527 21489
161426504 84 1319 21536
161450640 86 529 21543
161460725 96 828 21546
161509697 95 2451 21562
161621113 83 634 21597
161624246 80 1327 21598
161663632 95 2063 21610
161706449 93 1925 21622
161788193 84 1786 21646
161808724 97 1099 21652
161890606 96 2580 21677
161980504 88 1667 21703
161997535 93 2121 21708
162001148 87 942 21709
162033759 87 224 21719
162196662 90 1006 21770
162226752 96 331 21779
162239895 90 1762 21783
162264348 97 336 21790
162285846 98 1868 21796
162289220 96 2794 21797
162314425 93 985 21805
162338493 97 2184 21813
162399228 94 2377 21832
162403392 92 915 21833
162410219 82 957 21835
162430658 86 1785 21841
162439696 91 499 21844
162445871 96 2229 21846
162515331 84 1540 21867
162546349 85 215 21876
162558238 89 141 21879
162612543 94 2043 21895
162618698 83 1986 21897
162781267 88 2763 21947
162919429 96 1254 21990
162939851 89 89 21996
163043991 93 2318 22028
163086454 97 218 22041
163093778 97 1422 22043
163151566 83 1627 22060
163167057 97 2033 22065
163334718 99 768 22116
163380915 89 501 22130
163411125 95 2542 22139
163435947 93 285 22146
163440168 86 1133 22147
163472403 81 130 22157
163476673 89 926 22158
163513691 95 1810 22169
163531447 80 2780 22174
163555041 87 197 22181
163827600 99 503 22263
163988218 86 2411 22311
164016744 85 1464 22320
164071621 98 1396 22337
164147126 93 208 22359
164155350 89 1131 22362
164173732 96 1663 22367
164211316 93 509 22378
164264930 80 738 22393
164273371 89 2518 22395
164322689 85 2174 22409
164364687 95 2476 22423
164425967 97 2562 22442
164559085 88 2263 22481
164573314 91 461 22485
164584695 82 1663 22489
164631300 82 886 22503
164720605 93 475 22528
164765697 93 2497 22542
164819100 91 2781 22559
164889336 81 2923 22580
164907341 99 119 22585
164921905 81 1678 22590
164969670 95 1384 22604
165011739 96 1598 22617
165139359 81 2711 22655
165145212 94 1832 22657
165174799 85 108 22665
165178043 89 1907 22666
165222997 92 2493 22680
165243697 93 1164 22686
165269700 93 1242 22694
165382791 81 2717 22730
165415572 84 2688 22740
165418378 92 348 22741
165448027 92 771 22752
165472456 80 634 22760
165489424 95 990 22765
165529756 90 585 22776
165536185 91 2401 22778
165628218 84 2791 22806
165698839 80 2752 22829
165709833 87 1690 22832
165742562 85 1349 22842
165765953 96 1823 22849
165861716 81 2305 22877
165922267 90 1631 22895
165966603 82 2566 22909
165984720 98 967 22914
166167641 95 636 22971
166177186 91 2351 22974
166211717 82 2641 22985
166215123 89 2044 22986
166237356 91 1688 22992
166394549 89 1363 23040
166499137 99 2246 23072
166544806 88 1939 23087
166555222 94 596 23090
166821883 92 1643 23169
166909486 97 2931 23195
167025878 97 1885 23230
167204468 90 2790 23285
167257828 90 1423 23301
167291291 83 893 23311
167304940 94 2016 23315
167312009 98 71 23317
167342545 93 2007 23326
167454796 89 1625 23359
167536161 81 877 23385
167549657 80 1243 23389
167565058 99 80 23394
167584587 92 1913 23399
167613193 95 2162 23407
167620590 95 1900 23409
167679787 83 1322 23427
167686711 81 1543 23429
167729901 93 2138 23441
167842089 91 2726 23474
167913791 90 558 23495
167949205 89 2364 23507
167997890 85 1719 23522
168143501 91 108 23567
168174007 91 502 23576
168272467 98 1426 23606
168343173 91 960 23627
168404378 85 2301 23645
168413994 98 2920 23648
168432398 88 507 23654
168488396 84 2433 23670
168502752 97 1943 23674
168564937 97 886 23694
168590356 93 2079 23702
168616077 93 1905 23710
168739922 82 141 23746
168789864 82 1601 23762
168809379 97 2365 23767
168819976 86 743 23770
168829073 84 163 23773
168980964 94 1831 23817
169035607 95 1183 23832
169065561 81 846 23841
169281270 98 687 23908
169340746 99 2178 23925
169449252 94 35 23957
169461025 89 1297 23961
169522530 98 1563 23979
169755969 88 1512 24050
169759229 81 1686 24051
169837356 93 2817 24074
169867834 80 472 24083
169873217 93 98 24085
169888672 95 2937 24090
169899563 83 2568 24093
170052629 95 386 24141
170062196 90 2204 24144
170168285 85 1419 24176
170180318 98 258 24180
170209589 86 1638 24189
170220064 81 13 24192
170254120 82 1605 24202
170335168 95 2235 24226
170376693 80 1371 24238
170433454 85 914 24256
170440657 82 939 24258
170481376 81 2328 24270
170520649 84 7 24281
170526979 85 1349 24283
170551053 98 933 24291
170604564 82 2886 24307
170784666 90 902 24361
170799425 91 390 24365
170945464 95 14 24410
170975176 81 970 24419
171018549 81 1268 24432
171054664 92 2404 24443
171132961 87 2489 24468
171173783 90 750 24480
171189915 80 332 24486
171318981 98 1910 24525
171353370 89 686 24535
171412116 87 985 24553
171486135 97 324 24575
171549308 94 1395 24593
171573100 97 285 24600
171589255 89 1872 24605
171641789 86 279 24621
171681460 81 457 24633
171718560 95 99 24644
171756518 92 1725 24655
171768807 97 75 24659
171779748 89 329 24662
171903743 85 1062 24700
171906510 80 2873 24701
171959057 81 642 24717
172233369 98 1656 24800
172247197 88 640 24804
172252942 97 1030 24806
172328281 81 2019 24828
172433418 97 101 24858
172483912 93 211 24873
172499836 99 2944 24878
172534359 86 2797 24889
172537781 81 2688 24890
172562168 80 1157 24897
172637978 85 848 24921
172774437 81 1279 24963
172833161 98 2224 24980
172850767 88 398 24985
172872622 81 659 24992
172889477 95 1363 24997
172933713 91 2665 25010
172976264 95 1113 25023
172984131 97 2758 25025
173025341 91 2624 25038
173176458 82 1246 25084
173227803 82 2463 25100
173234088 97 2397 25102
173310942 98 1221 25125
173333871 95 1262 25132
173336253 80 2033 25133
173516934 92 2563 25186
173673007 83 646 25233
173723123 92 2088 25249
173944092 82 2077 25315
173981236 81 110 25326
174064935 84 2862 25351
174093312 89 2171 25360
174173337 83 425 25384
174227922 81 1551 25400
174257326 81 619 25409
174266500 94 1779 25412
174371800 89 2319 25444
174408007 81 2279 25455
174426249 90 2376 25461
174443375 83 1391 25466
174595645 98 2931 25510
174685044 98 2975 25539
174711515 96 2217 25548
174739510 91 866 25556
174851546 98 2963 25592
174884690 82 2670 25602
174926145 80 1613 25616
175073392 94 1300 25662
175080756 93 778 25664
175086917 92 825 25666
175114480 98 456 25674
175117327 82 1672 25675
175144457 82 676 25684
175155773 84 2912 25687
175162477 91 422 25689
175209910 84 760 25703
175232007 91 1653 25710
175254785 81 91 25717
175274430 95 1161 25723
175305595 88 324 25733
175340917 88 2726 25745
175368398 80 534 25755
175426170 93 1822 25774
175437485 95 1588 25777
175440815 90 2409 25778
175463865 95 1456 25785
175536342 89 1186 25807
175553186 86 1939 25813
175566402 84 2256 25817
175803017 82 1877 25888
175889529 92 2336 25913
175932408 89 1188 25926
175974027 88 2924 25938
176009067 97 1071 25948
176025738 98 2738 25954
176135987 86 899 25987
176156057 92 1491 25993
176204675 93 2101 26007
176235095 91 625 26016
176251032 99 2583 26020
176253852 91 1656 26021
176294455 84 353 26033
176316560 94 718 26040
176351147 85 1840 26050
176382585 94 186 26059
176415012 87 1562 26069
176498309 88 2955 26093
176581341 83 209 26119
176663599 83 373 26146
176756769 93 562 26173
176819932 98 2977 26191
176915317 99 421 26220
176953496 90 1737 26232
177183342 88 1716 26301
177188511 83 2829 26303
177226896 97 811 26315
177317814 84 1184 26342
177321658 81 1855 26343
177347579 81 1392 26351
177421330 95 2105 26373
177477603 81 1037 26389
177572647 99 1745 26419
177628596 80 2376 26436
177670338 96 2204 26449
177738580 81 445 26470
177779076 99 1268 26482
177781628 94 2958 26483
177796834 92 2620 26487
177823720 87 2390 26495
177848365 94 543 26503
177850624 97 2071 26504
177903930 93 2838 26520
177943357 84 2688 26532
177958269 92 2226 26536
178018962 89 2367 26554
178024243 82 1904 26556
178056732 92 2256 26565
178063640 96 1342 26567
178141578 85 1566 26591
178169333 88 2802 26599
178180828 96 2077 26602
178202473 83 842 26609
178346016 84 494 26652
178349212 82 662 26653
178355438 80 1128 26655
178453093 80 473 26685
178471168 93 2225 26691
178565951 91 2145 26719
178593250 96 2520 26728
178616536 98 1805 26735
178618866 90 679 26736
178666238 92 389 26749
178712230 83 975 26763
178796559 93 2683 26788
178822875 92 661 26796
178860522 88 481 26807
178868631 90 2082 26809
178894758 92 407 26817
178899955 82 1467 26819
178934721 98 1225 26830
179092214 90 2913 26878
179153684 97 455 26897
179235416 87 2269 26921
179286956 81 502 26937
179346907 86 1551 26954
179381883 90 2824 26965
179389291 83 567 26967
179464098 83 1601 26989
179514970 82 2914 27005
179519303 84 1465 27006
179620132 81 2834 27036
179692497 88 2616 27058
179718565 99 661 27066
179738482 84 1687 27072
179756033 90 1906 27078
179822265 92 1847 27098
179832534 87 281 27101
179858329 82 431 27109
179864110 85 2429 27111
179936892 84 2304 27133
179940983 84 2581 27134
179985601 87 2290 27148
179991663 98 1155 27150
180066989 84 2511 27173
180092749 99 2899 27181
180168714 94 269 27203
180199848 93 161 27212
180204157 93 241 27213
180384261 85 1072 27269
180445063 92 735 27288
180560102 82 2300 27322
180608279 85 2121 27338
180610993 93 73 27339
180664102 93 2143 27354
180805251 96 1832 27396
180878446 86 1215 27418
180980969 91 1941 27450
181000610 85 1666 27456
181072848 83 2699 27478
181113676 93 2969 27491
181175108 80 327 27510
181209802 86 941 27521
181312187 85 1148 27552
181336239 82 228 27560
181349794 86 1818 27564
181362014 80 2699 27568
181510621 83 1480 27612
181609852 99 1557 27642
181615191 85 348 27644
181682077 94 2412 27663
181705256 90 1579 27670
181715196 81 2804 27673
181760868 96 2657 27687
181817650 91 1551 27704
181857015 85 2394 27715
181870529 93 2643 27719
181898253 83 1931 27727
181923979 92 907 27735
181927123 93 245 27736
181934068 91 2700 27738
181943068 89 2628 27741
181981566 99 2222 27753
182015810 97 319 27763
182045579 89 2510 27773
182122822 82 850 27797
182126389 85 1138 27798
182130406 96 2574 27799
182156655 82 164 27808
182187818 87 46 27816
182191258 81 2469 27817
182252575 81 1 27835
182299907 96 1095 27850
182304139 98 2625 27851
182370973 94 1506 27871
182376512 87 32 27873
182433030 81 628 27891
182477363 84 2785 27904
182573402 92 1005 27933
182628479 83 2094 27950
182677017 93 2248 27965
182693966 83 2637 27970
182701361 93 2308 27972
182917131 97 1332 28038
182948991 85 1400 28047
183011476 97 873 28066
183155041 84 647 28108
183199503 88 2841 28121
183214191 83 1472 28125
183232670 94 119 28131
183239360 91 2920 28133
183311696 86 907 28154
183324192 86 1272 28158
183335777 94 2079 28162
183376004 99 844 28175
183438794 85 1195 28196
183477062 91 995 28208
183492618 91 650 28213
183530556 94 2274 28225
183584363 80 1226 28241
183593640 87 952 28244
183604334 95 1912 28247
183612605 97 2774 28249
183634774 92 1182 28256
183656224 97 1435 28262
183717912 83 2327 28280
183758262 92 2489 28292
183764291 93 624 28294
183851533 83 2836 28321
183916385 81 1103 28341
183929498 89 318 28345
183954004 87 343 28353
183958001 91 1087 28354
184002520 92 2047 28367
184094255 87 2367 28396
184152991 86 1509 28413
184165426 90 1511 28417
184182665 84 2019 28422
184239864 88 1259 28440
184243099 95 1046 28441
184269348 99 384 28449
184315976 80 294 28463
184384147 89 1939 28485
184394147 83 2458 28488
184407922 83 1404 28492
184427672 87 2307 28498
184474935 85 728 28514
184500673 84 2809 28522
184527219 81 58 28530
184624963 85 382 28560
184632504 98 2027 28562
184658094 86 2286 28570
184733749 84 2130 28594
184742335 86 2979 28596
184752988 91 2051 28600
184869216 90 2247 28634
185027429 82 426 28682
185145916 90 1951 28719
185181164 99 890 28730
185257494 90 1456 28753
185300009 97 1215 28766
185301916 84 675 28767
185335253 96 171 28778
185339002 90 168 28779
185344379 89 2225 28781
185369918 83 1927 28789
185399438 96 476 28799
185458443 99 2110 28818
185523558 98 2826 28839
185526167 87 2954 28840
185587016 88 1382 28858
185601779 98 1673 28862
185633307 99 2537 28872
185642711 87 1368 28875
185697465 91 2430 28891
185702986 83 2160 28893
185730055 91 665 28901
185818397 85 365 28928
185827501 94 2887 28931
185834297 92 1937 28933
185887307 93 403 28949
185911446 91 2203 28957
186051411 91 2383 29001
186112371 99 1189 29019
186121979 81 1499 29022
186125415 93 2973 29023
186191237 95 854 29043
186257917 87 2134 29062
186330307 89 2169 29084
186349227 80 1116 29090
186358032 82 1777 29093
186386192 87 1292 29101
186456740 86 600 29122
186546825 85 2379 29149
186622302 83 2203 29172
186655349 93 1225 29181
186665177 91 2743 29184
186671311 83 2056 29186
186714631 98 2458 29199
186797616 87 1902 29223
186829442 96 1553 29231
186842694 91 1942 29236
186854060 96 833 29240
186928600 80 578 29262
186983411 97 1424 29278
186989992 95 659 29280
187070809 99 1184 29304
187080534 95 1755 29307
187143380 82 2518 29326
187155275 84 2024 29330
187168091 89 1773 29334
187283241 90 2021 29368
187317678 80 1716 29379
187324737 91 2217 29381
187361628 95 1940 29393
187415265 90 805 29410
187457592 99 2753 29423
187554059 80 0 29451
187671072 95 1174 29486
187703007 91 963 29496
187736872 89 2676 29506
187769431 95 849 29515
187775680 81 1255 29517
187894294 91 1761 29555
187952743 88 2692 29574
187988579 92 2414 29584
188026850 80 692 29596
188132104 90 370 29628
188144205 91 236 29632
188162760 95 1509 29638
188184782 89 1104 29645
188188134 90 1713 29646
188253486 83 608 29666
188418323 97 1257 29716
188464277 97 407 29731
188520821 87 2132 29748
188577112 86 1951 29765
188581445 82 1404 29766
188648792 94 783 29785
188694945 86 2291 29799
188726746 97 1733 29808
188765663 97 1189 29819
188799741 92 2621 29830
188844412 88 587 29843
188898886 82 2111 29859
189016048 90 378 29893
189043249 93 2436 29901
189193278 85 1458 29945
189214731 90 954 29951
189218556 92 2139 29952
189293585 84 249 29977
189308147 82 142 29981
189328394 80 1865 29987
