453832 208 2705 33
537538 219 436 40
591085 213 17 44
623830 213 716 46
636151 200 805 47
848059 213 2745 63
1080412 202 1014 80
1260438 202 604 93
1616667 215 1029 120
1889444 202 585 140
2062581 210 2659 153
2598842 203 1755 193
2650807 218 355 197
2747689 210 2986 205
2891666 214 1952 216
3686798 201 1912 277
3785844 205 370 285
3970644 216 1010 298
4238042 219 688 318
4387130 216 184 329
4643276 206 2898 348
4739600 213 778 355
5048336 218 1559 378
5272774 201 1405 395
5642275 201 443 423
5926865 204 633 444
5964603 210 1716 447
6235642 210 1143 468
6295379 201 388 472
6483548 216 1445 486
7153784 217 678 535
7207012 219 336 539
7294643 210 367 545
7362528 212 2577 550
7882730 203 1993 589
8012283 218 837 599
8208027 201 656 615
8277525 205 2850 620
8330466 212 2206 624
8391983 207 1052 629
8459951 202 2646 634
8491992 219 1251 637
8560995 212 1431 642
8673932 204 357 650
8797550 217 2398 659
9094083 217 2416 680
9423503 204 2989 705
9518364 211 773 712
9917805 205 2857 742
10041783 215 579 752
10081442 216 880 755
10486895 201 2929 785
10611452 219 2764 794
10979264 219 2802 822
11165295 206 960 836
11450407 203 2151 857
11892746 208 743 890
12089315 202 2090 905
12273527 210 1930 919
12331194 206 2854 923
12690667 214 962 950
12725679 203 2311 953
12798057 200 510 959
12808256 216 1362 960
12953033 218 1336 971
13023934 216 2795 976
13066055 204 2722 979
13122665 208 1657 983
13693151 216 2294 1024
13719516 205 1823 1026
14468372 215 1535 1084
14698840 213 1402 1101
14845571 214 2254 1112
15033932 206 350 1126
15591331 203 817 1168
15683220 203 1531 1175
15753900 211 173 1181
15871859 206 248 1190
16031722 200 1731 1202
16270311 213 2892 1220
16617287 209 558 1245
16681773 218 2692 1250
17173868 214 1340 1287
17354539 215 652 1301
17717963 219 1733 1328
17925133 200 419 1344
18138372 202 531 1361
18328650 217 1020 1375
18394141 209 1372 1380
18460384 202 990 1385
18550217 207 2385 1392
18685952 201 2360 1402
18752968 218 246 1407
18811937 208 10 1411
18850037 206 2155 1414
19076976 204 1832 1430
19409038 209 1379 1457
19574552 214 2754 1469
20649960 218 703 1548
21111299 204 23 1582
21167078 208 1215 1586
22281554 207 1592 1670
22322987 200 1982 1673
22707708 219 389 1701
22781947 200 2678 1706
23068747 207 1837 1728
23663052 215 1504 1773
24422340 214 361 1830
24436080 217 1878 1831
24679914 215 1528 1848
25236876 213 1113 1889
25294194 211 2552 1893
25348262 214 2130 1897
25454103 201 1258 1905
25469833 218 2866 1906
25583892 200 748 1914
25779683 207 2511 1929
25911325 200 926 1938
25924903 218 2030 1939
25992512 211 2548 1944
26062163 207 1183 1949
26135435 213 1406 1954
26166101 200 304 1956
26200957 207 1482 1959
26279512 218 1199 1965
26332962 204 1152 1969
26498768 202 1817 1982
26612096 218 425 1990
26705360 210 1819 1997
26848970 207 2540 2008
27031601 211 419 2022
27253038 217 2358 2038
27605465 211 121 2065
27709469 210 2846 2073
27803504 219 2712 2080
27859580 206 2599 2084
27972468 208 2969 2092
28067737 206 967 2099
28251277 203 2888 2113
28599784 215 291 2139
29117875 202 1975 2178
29195328 219 1925 2184
29325235 212 144 2193
29336416 218 2795 2194
29491549 208 0 2206
29575161 209 2414 2213
29661935 218 2387 2219
29738049 201 1679 2225
29816808 202 262 2231
29891031 217 2287 2236
29906180 211 2592 2237
29971872 218 457 2242
30297927 212 298 2266
30426925 206 626 2275
30511763 211 2740 2281
30673781 205 2182 2293
30740836 211 2975 2298
30792106 214 379 2302
30823806 211 2606 2305
30833806 207 2558 2306
30879881 211 1752 2310
30893892 219 578 2311
31585151 219 607 2363
31778246 219 1996 2377
32495941 207 2611 2432
32779607 206 290 2453
32910871 207 817 2463
33072875 218 2857 2476
33130948 212 2244 2480
33260602 217 1470 2490
33321173 206 2613 2494
33334653 201 2363 2495
33377988 217 1175 2498
33403346 214 1773 2500
33418161 216 1271 2501
33505880 200 160 2507
33624769 211 2520 2515
33716839 215 2907 2522
33780381 206 79 2527
34052378 213 1946 2547
34079721 210 1164 2549
34588352 215 1085 2588
34629360 218 2723 2591
34844470 212 778 2608
34861136 204 1924 2609
34998704 204 2127 2619
35330959 207 2275 2644
35962461 206 2204 2691
36005691 207 1874 2694
36040187 203 375 2697
36080135 200 1308 2700
36175071 215 2920 2707
36230572 216 1565 2711
36266586 206 1899 2714
37535186 214 620 2807
37725487 201 1493 2822
37835271 211 492 2830
38190941 200 794 2857
38202614 205 2886 2858
38270825 203 2748 2863
38431332 208 1830 2876
38633795 210 311 2891
38738796 215 380 2899
38765508 200 774 2901
39147454 209 2548 2929
39618755 200 629 2964
40065999 211 507 2998
40095928 216 1561 3000
40188158 219 2896 3007
40358578 218 2463 3020
40481079 219 2069 3029
40534351 211 1648 3033
40651105 211 1631 3042
40918088 212 1204 3062
40969178 215 101 3066
41009087 218 2415 3069
41120571 212 1199 3078
41194443 216 383 3083
41363345 207 916 3096
41531203 203 2308 3109
41898816 216 226 3137
41954694 200 1478 3141
42450228 200 1346 3177
42529334 205 318 3183
42752976 209 2974 3200
42913669 212 976 3212
42980981 208 1146 3217
43521868 217 320 3258
44166079 209 319 3307
44652486 217 231 3342
44666937 219 238 3343
44706670 201 1573 3346
45066375 217 456 3373
45119982 213 287 3377
45329733 212 2883 3393
45442754 205 452 3402
45520113 209 2006 3408
45557820 214 2132 3411
45574367 210 251 3412
46469371 201 1493 3479
46558910 210 623 3486
46600673 212 2659 3489
46887798 215 2009 3511
47174011 205 2735 3532
47189008 201 1331 3533
47301680 209 1218 3541
47466207 200 685 3553
47492919 203 2373 3555
47583247 204 2056 3562
47619686 205 1214 3565
47738655 204 2228 3574
47940381 213 2642 3589
48296401 205 2579 3615
48310386 210 2873 3616
48323366 215 1533 3617
48870428 204 533 3657
49059417 211 2075 3671
49290843 203 1519 3688
49774601 203 1404 3725
50085055 212 678 3748
50174293 203 2965 3755
50546961 212 2385 3784
50630230 206 543 3790
50656501 215 2356 3792
50956196 207 2747 3815
51235274 215 2281 3835
51249323 210 2663 3836
52489110 206 216 3928
52980196 211 675 3965
53021272 204 2590 3968
53112139 211 165 3975
53543389 203 2222 4008
53741427 212 41 4023
53753295 218 362 4024
53864047 204 1827 4032
53914940 216 1061 4036
53984651 205 1171 4041
54488297 208 1494 4078
54641731 219 1504 4090
54768013 213 2578 4099
54895777 204 1614 4109
55148772 215 2734 4128
55622278 215 1319 4163
55702401 207 1101 4169
55862088 205 327 4181
55941084 208 2615 4187
55993733 210 1429 4191
56573114 217 1702 4235
56729262 212 977 4247
57303084 212 706 4291
57358463 206 1614 4295
57474449 205 722 4304
57602180 207 201 4313
57615774 211 2238 4314
57921644 217 1830 4337
58012485 201 2763 4344
58026774 206 1153 4345
58220503 214 1263 4359
58493008 206 344 4379
58542810 203 2753 4383
59179657 212 566 4430
59337186 215 1310 4442
59502875 214 1062 4454
59733245 200 1827 4472
59987296 219 2681 4491
60000280 218 1647 4492
60062104 204 2401 4497
60340130 218 1703 4518
61257333 204 2333 4587
61543272 217 1114 4609
61746917 207 1285 4624
61957961 200 2483 4641
62044390 213 2514 4647
62321502 216 2990 4668
62569209 211 68 4686
62923790 213 2351 4714
63008584 206 2418 4721
63171280 215 1931 4733
63322356 203 1635 4745
63375699 208 2881 4749
63445914 201 1840 4754
63472629 210 1982 4756
63576047 212 267 4764
63601063 207 2847 4766
64378733 200 2841 4824
64447704 209 1747 4829
64693689 213 264 4847
64854507 207 2578 4859
64973425 209 453 4868
65050163 204 748 4874
65150628 212 2380 4881
65206383 202 1736 4885
65557612 213 1790 4911
65920423 215 2525 4939
66538907 200 755 4987
67392584 218 531 5051
67744580 206 1453 5077
68038132 211 1416 5100
68266517 211 515 5117
68628919 213 1240 5144
68866941 218 2499 5162
68904082 202 2788 5165
68940015 207 222 5168
69043707 206 1995 5176
69132111 208 543 5183
69197049 203 2283 5188
69327844 204 2639 5198
69551560 214 2982 5216
69738727 202 2984 5230
69779421 215 2047 5233
69959915 212 547 5247
70098836 200 1590 5257
70111334 217 129 5258
70167101 216 1316 5262
70250872 210 2050 5268
70291925 200 2964 5271
70483276 206 2678 5285
70647528 219 1017 5297
70791393 202 1696 5308
70986601 206 2238 5323
71028130 206 581 5326
71052780 206 2273 5328
71523694 200 1453 5363
71649395 201 2182 5373
71922984 218 400 5394
72164130 211 1946 5413
72492355 206 2878 5437
72561138 219 1388 5442
72608770 204 1910 5446
72639337 214 2394 5448
72864706 215 2605 5465
72937673 201 81 5471
72991978 209 1387 5475
73075736 215 2023 5482
73152256 206 794 5487
73425088 208 1808 5507
73781488 204 2140 5534
73875953 205 2490 5541
73887135 202 2136 5542
74219077 213 1033 5567
74615525 203 1638 5598
74806118 217 1051 5612
74833258 213 753 5614
75118658 203 318 5635
75132898 213 1576 5636
75572526 216 465 5668
76272734 205 2658 5721
76436331 200 2785 5733
76611017 205 1445 5746
76682028 208 1972 5752
77142810 209 1924 5787
77443274 216 1547 5811
77464407 216 2358 5813
77479012 213 2197 5814
77640384 212 1402 5826
78130742 212 987 5864
78146428 206 613 5865
78865052 202 1047 5918
79147476 214 2091 5939
79667887 215 2401 5979
79705461 206 2262 5982
79776710 214 894 5987
79831054 213 2717 5991
79901233 211 1651 5996
79987992 212 2996 6003
80533831 201 1578 6045
80662069 218 2710 6055
81167865 207 2255 6093
81814188 209 2162 6141
81884933 210 1703 6146
82285147 215 541 6176
82310956 213 2868 6178
82428344 212 2237 6187
82829868 207 2138 6216
82856302 214 225 6218
82961197 219 1910 6226
83016156 207 2617 6230
83419671 210 1112 6261
83682894 211 2378 6280
83901549 214 113 6296
84180121 201 2218 6317
84601005 215 1796 6349
84883677 210 1071 6370
84912900 207 478 6372
85222405 210 2513 6395
85374718 205 742 6407
85435212 216 115 6412
86148195 215 1339 6465
86580413 212 133 6497
86834490 209 772 6516
87015491 216 523 6529
87071643 217 571 6533
87123419 206 2421 6537
87209369 214 110 6544
87396494 201 2038 6558
87447779 207 2534 6562
87894162 209 1046 6596
87906355 218 1918 6597
88493049 204 760 6640
88800551 211 87 6664
88964007 216 2264 6676
89005529 204 1320 6679
89131412 202 1225 6688
89160956 203 2131 6690
89382872 209 201 6706
90057141 210 1497 6756
90217454 210 1244 6768
90258921 201 2273 6771
90409977 204 1899 6782
90933978 212 647 6822
91056990 219 1759 6831
91584039 203 1654 6870
91782134 203 2173 6885
91928142 219 2039 6896
92010838 212 484 6902
92099854 209 2173 6909
92421321 206 1912 6933
92552689 211 2942 6943
92748099 212 754 6958
93840319 206 705 7043
93865873 203 2482 7045
93880296 207 2458 7046
93907299 205 518 7048
94161320 205 623 7067
94201121 204 1287 7070
94565438 206 2590 7096
94925774 218 2492 7123
95034829 207 2840 7132
95624831 218 1618 7176
95909854 219 2078 7198
96097511 214 1711 7213
96965216 211 2024 7280
97230220 217 83 7300
97334681 217 18 7308
97577461 219 2513 7327
97663501 215 860 7333
97847234 214 2943 7347
98958414 207 235 7429
99108426 214 2501 7441
99168844 216 2236 7445
99495958 206 883 7469
99888152 200 1171 7498
100079449 203 970 7512
100327974 207 1882 7531
100548498 209 150 7548
100640645 208 417 7555
101033177 217 2069 7583
101110873 201 342 7589
101339337 202 84 7606
101499746 210 1657 7618
101527672 209 2274 7620
101633401 211 1651 7628
101969955 201 659 7654
102295603 209 81 7679
102397583 215 1538 7687
102527140 215 1164 7696
102599894 210 1840 7701
103301888 202 2878 7753
103344469 209 2896 7756
103404435 202 2208 7761
103540924 203 2144 7771
103744561 207 507 7786
103781749 214 2052 7789
103962133 215 77 7802
104000503 211 1832 7805
104700277 216 2136 7857
105036832 211 828 7884
105080092 200 1366 7887
105305673 217 1542 7904
105539264 218 130 7921
105787918 203 1014 7940
105863929 219 1384 7946
106286848 213 292 7977
106327054 218 2605 7980
106520309 214 2390 7995
106532078 214 1576 7996
106544345 202 44 7997
106556961 206 1631 7998
106672565 210 698 8006
107131991 212 1665 8041
107216095 217 1862 8047
107238101 215 2909 8049
107308804 217 2650 8055
107365596 216 1982 8059
107868681 202 2959 8096
107955703 203 1257 8103
107969539 202 2583 8104
108556450 200 253 8147
108656100 209 2012 8155
108696810 212 2499 8158
108817304 201 465 8167
109191633 213 1542 8194
109231530 218 1467 8197
109490018 206 1456 8216
109842953 201 683 8243
110066773 216 2041 8261
110279513 208 246 8277
110413888 219 2269 8287
110438799 214 1951 8289
110514348 218 1526 8295
110622163 203 2966 8303
110810766 204 1195 8317
111032973 209 2116 8333
111267674 213 947 8350
111305178 203 2102 8353
111665414 200 56 8379
112051162 202 892 8408
112223784 218 169 8421
112475045 218 1017 8440
112554515 212 812 8446
112698991 200 185 8457
112753302 207 556 8461
112845702 211 2557 8468
113020033 219 822 8481
113300446 204 252 8502
113315585 203 326 8503
113589259 200 731 8525
113701463 202 197 8533
113999105 205 588 8556
114235209 217 1566 8575
114248471 200 480 8576
114262601 211 2256 8577
114432406 202 1260 8590
114623405 207 883 8605
114703475 219 1765 8611
115302947 214 2507 8655
115409854 218 669 8663
115852895 201 496 8697
116423668 210 916 8740
116513232 212 2310 8747
116779307 208 949 8767
116890928 218 1487 8775
117071811 203 1999 8789
117335025 207 2571 8809
117390622 202 1214 8813
117420887 208 1479 8815
117814976 207 2312 8844
118049548 212 2344 8862
118100530 208 2795 8866
118486352 202 624 8894
118510809 201 756 8896
118601975 206 2483 8903
118792192 205 1402 8917
118982473 210 713 8931
119088941 211 1660 8940
119224530 218 951 8950
119324715 219 1609 8957
119393335 204 796 8962
119499271 203 1660 8970
119863983 203 1100 8997
119940417 215 1832 9011
120007916 206 1248 9031
120071407 207 1088 9049
120122398 200 2046 9064
120230991 210 2432 9097
120275302 209 2122 9110
120291407 219 2097 9115
120324097 209 1286 9124
120334193 200 655 9127
120337100 217 1800 9128
120440981 215 2599 9159
120482610 204 1292 9172
120489179 211 1147 9174
120508222 218 253 9180
120532066 218 1342 9188
120569877 208 1270 9200
120780923 214 1361 9266
120789999 208 466 9269
120871655 210 1837 9294
120892007 202 541 9300
120899232 204 2363 9302
120903297 203 930 9303
120971633 212 37 9323
121075997 211 1904 9353
121087355 203 1851 9356
121091402 219 408 9358
121117416 214 937 9365
121151993 200 2912 9376
121209289 206 252 9391
121278153 209 931 9411
121311574 207 1812 9422
121370789 205 2385 9439
121586576 209 928 9503
121641909 209 2176 9519
121652025 204 1949 9522
121655841 205 912 9523
121717279 219 1582 9541
121721454 200 2850 9542
121885196 204 418 9593
121937561 211 2076 9608
122032357 211 1010 9637
122059668 218 1026 9645
122091256 208 83 9654
122138273 211 1787 9669
122144305 200 1612 9671
122174737 201 965 9680
122237398 212 1648 9699
122265488 211 2427 9708
122315701 211 282 9722
122329584 218 778 9726
122362069 204 75 9735
122435956 204 2311 9757
122465500 204 235 9766
122493408 200 2431 9774
122524936 200 1130 9785
122623483 211 1647 9815
122625699 205 2693 9816
122673682 210 2327 9830
122865554 207 1361 9886
122882871 213 1083 9891
122970495 217 246 9917
122976280 202 582 9919
123120807 211 1008 9963
123169460 217 1431 9977
123272235 204 2189 10009
123277786 212 1912 10011
123340135 218 2878 10029
123429495 212 2047 10056
123476737 218 2463 10070
123488486 209 890 10073
123619859 201 1764 10113
123624192 201 166 10114
123762467 214 1118 10155
123785093 203 1658 10162
123792460 212 2434 10164
123800962 204 1977 10166
123832967 208 1419 10176
123886580 207 344 10194
123904247 214 2236 10199
123959427 203 556 10215
123972927 208 33 10219
124006526 214 2067 10229
124028606 201 77 10236
124042259 214 1498 10241
124102861 219 1334 10258
124126449 207 2866 10265
124220374 218 2043 10293
124235053 212 1491 10298
124290131 212 1219 10315
124296900 212 340 10317
124347920 216 2794 10332
124419851 202 1606 10354
124422055 209 2724 10355
124425852 201 382 10356
124443503 219 2078 10361
124481271 209 2292 10372
124526325 213 268 10386
124552246 217 2333 10394
124624648 204 1324 10416
124661560 211 2002 10428
124996564 212 366 10530
125096135 216 2611 10559
125161635 202 1481 10578
125167930 200 654 10580
125248247 216 2949 10605
125277268 214 734 10613
125280859 219 2757 10614
125333934 202 1981 10631
125389729 200 598 10647
125443565 212 1219 10663
125543256 219 1141 10691
125582758 207 176 10702
125597210 207 2643 10706
125645794 209 2862 10720
125698868 202 2488 10736
125756620 215 1669 10754
125844312 212 1877 10778
125855501 205 1882 10781
125902071 203 1646 10796
125922524 211 2674 10803
125997416 214 396 10825
126032384 203 729 10835
126098656 205 2067 10856
126112147 210 1593 10860
126149521 215 2718 10872
126183069 218 1815 10883
126264648 217 2698 10908
126309019 203 1721 10921
126376023 204 638 10940
126509267 203 1711 10979
126538395 212 1706 10988
126554479 204 2197 10993
126560479 212 2989 10995
126574801 208 2442 10999
126605374 213 2861 11007
126668775 201 949 11028
126737363 208 1148 11050
126841610 213 1815 11081
126856388 215 1949 11085
126905117 208 1231 11101
126973923 213 855 11122
126990944 206 2020 11127
127071514 209 740 11150
127123333 203 2052 11166
127131378 219 1605 11168
127203485 208 1601 11190
127210955 212 2564 11192
127250602 201 367 11204
127318424 201 1653 11225
127383416 204 1914 11246
127448328 206 592 11265
127546694 212 1153 11296
127604291 217 2328 11314
127700696 208 1334 11342
127737514 210 681 11354
127774238 215 1602 11365
127867245 205 2163 11395
127929422 215 2107 11414
127985168 206 2554 11430
128001050 204 448 11435
128014753 201 22 11439
128016561 210 1639 11440
128043135 218 491 11447
128129120 207 646 11473
128167283 219 2956 11485
128202512 209 1566 11496
128212620 204 233 11499
128304618 208 86 11526
128355336 206 741 11542
128426752 210 2086 11562
128457132 203 2554 11571
128459847 201 924 11572
128506886 200 1109 11587
128556164 208 58 11602
128566643 217 2084 11605
128577260 208 2977 11608
128622655 200 813 11621
128707417 218 2245 11646
128728831 205 330 11652
128754608 211 370 11660
128785108 214 1381 11669
128788340 203 2104 11670
128827716 203 1167 11682
128905089 208 494 11704
128912913 211 621 11707
129076678 204 2884 11756
129154033 211 2945 11780
129170745 209 812 11785
129190339 207 1575 11791
129234512 218 1226 11805
129339130 208 2959 11836
129350135 218 1655 11840
129404253 208 1180 11855
129525056 207 1465 11893
129539539 218 1805 11897
129567148 208 207 11906
129599276 203 814 11915
129693007 215 665 11943
129713872 201 1272 11949
129730605 211 1003 11954
129746318 218 13 11958
129807818 213 434 11976
129824057 218 1696 11981
129850211 201 2761 11989
129877227 214 2105 11998
130124316 212 1292 12072
130128536 210 957 12073
130171784 209 2423 12087
130211384 217 2921 12099
130240960 203 1741 12108
130347254 205 102 12140
130384670 205 145 12151
130536538 213 1475 12198
130577047 210 966 12211
130659598 213 475 12238
130678748 216 2348 12244
130693580 209 981 12248
130822929 214 1408 12288
130853184 214 1973 12296
130922239 219 129 12316
130955548 208 71 12326
131018459 213 1709 12345
131022312 213 742 12346
131084404 206 2152 12364
131087085 208 1906 12365
131142178 208 1610 12382
131151483 217 1393 12385
131191304 200 2005 12397
131194947 215 1012 12398
131200869 200 1515 12400
131239789 208 2699 12411
131242417 211 1951 12412
131413116 208 2581 12464
131422830 207 1313 12467
131459552 200 648 12477
131540815 214 1588 12502
131586862 209 374 12515
131617004 207 791 12523
131709646 214 1748 12551
131772543 204 1933 12569
131796254 214 2077 12576
131820974 200 2803 12584
131978809 214 482 12632
131986551 205 1943 12634
132039258 212 2756 12650
132155842 200 793 12685
132201793 203 1359 12699
132209314 208 858 12701
132253644 202 2936 12716
132337957 208 1407 12742
132341173 202 1908 12743
132482473 206 2836 12786
132486186 213 68 12787
132528975 205 2466 12800
132614609 208 792 12826
132625863 200 1522 12829
132779976 211 896 12878
132860383 213 335 12902
132891255 205 403 12911
132918360 218 1203 12919
133140056 217 1574 12987
133150444 200 1592 12990
133182443 204 897 13000
133249719 211 1421 13020
133272462 216 2101 13028
133315171 216 2509 13040
133391104 201 4 13062
133401092 203 1340 13065
133547806 200 621 13110
133563070 214 1355 13114
133572631 200 2366 13117
133631718 208 1953 13136
133646744 214 1622 13141
133726814 213 1892 13165
133738612 211 751 13169
133762928 214 1650 13176
133801563 203 1792 13187
133861994 213 472 13205
133887413 219 1989 13213
133909236 217 2387 13219
133912230 208 684 13220
133925974 207 2596 13224
133951284 218 112 13232
134010896 206 2131 13250
134037984 204 2820 13258
134088652 215 486 13273
134132053 200 1423 13287
134173121 213 1712 13298
134252166 208 2599 13322
134296975 216 987 13335
134351084 215 1869 13351
134421075 204 2259 13372
134471554 210 2233 13388
134519736 211 856 13403
134635584 207 2159 13439
134666194 215 2267 13448
134697735 203 1461 13458
134783136 200 1588 13484
134794133 212 533 13487
134854792 204 1138 13505
134875130 213 2232 13511
134988426 202 2145 13545
135012321 216 2667 13552
135028283 209 2122 13556
135054590 217 255 13564
135098742 213 142 13578
135161345 210 2492 13598
135271452 209 273 13632
135314288 217 1604 13644
135383350 201 1192 13665
135386946 206 2278 13666
135557638 214 1557 13716
135617055 207 466 13734
135652461 211 2569 13745
135696011 205 2465 13758
135715492 207 25 13764
135739239 218 413 13772
135828905 216 1754 13801
135838975 203 57 13804
135920973 200 446 13828
135931091 213 915 13831
135996069 203 29 13850
136013488 211 2024 13855
136048497 203 124 13866
136065188 204 2012 13871
136068856 204 2866 13872
136099216 219 1685 13881
136139900 202 826 13893
136269144 216 2462 13932
136279968 212 1143 13936
136305522 214 1478 13944
136403803 216 1828 13975
136437162 211 99 13985
136442007 201 610 13987
136452828 207 2105 13990
136483147 205 2409 13999
136502608 203 2305 14005
136564409 217 2724 14022
136622076 209 764 14039
136686276 218 1775 14059
136849399 215 2190 14106
136855766 205 733 14108
136903824 216 1697 14122
136909619 207 255 14124
136935124 217 1106 14133
136951198 213 1023 14138
136964220 203 2694 14142
136979232 214 624 14147
136981643 210 1755 14148
137055398 205 2573 14170
137157893 211 72 14203
137188691 214 2239 14212
137252593 217 915 14231
137256926 210 125 14232
137290854 216 1969 14242
137308300 219 227 14247
137310468 211 1505 14248
137377834 213 5 14268
137384583 211 1704 14270
137481453 209 433 14300
137531513 212 1369 14316
137541508 210 1890 14319
137547911 203 2056 14321
137641155 215 735 14348
137720702 214 1719 14373
137789109 216 893 14393
137868424 206 1553 14416
138141072 214 926 14498
138160024 207 2170 14503
138326092 218 1676 14554
138383396 215 2931 14571
138389678 216 991 14573
138433826 216 2665 14585
138446463 215 2779 14589
138449282 207 1271 14590
138494119 204 2860 14603
138559134 213 716 14623
138610358 207 2163 14637
138805885 210 2219 14696
138850739 214 2342 14709
138910301 211 2539 14727
138956528 218 1802 14740
138982647 205 613 14748
139041814 212 2396 14765
139051723 205 2 14768
139105628 208 1174 14784
139172903 206 503 14803
139183091 209 1006 14806
139293694 205 2298 14839
139321068 218 1078 14847
139458018 204 2317 14888
139543266 209 2410 14915
139602449 200 365 14933
139809815 214 2067 14996
139830065 202 2039 15002
139848516 214 943 15008
139859921 202 1785 15011
139892798 208 1450 15020
139935441 218 730 15034
139942013 219 656 15036
139970512 204 1348 15045
139973643 209 2675 15046
140030922 202 2931 15063
140114580 217 2275 15087
140162313 204 990 15102
140216675 205 1366 15119
140296664 214 1352 15143
140323641 212 104 15150
140411462 211 2000 15175
140539003 218 1526 15214
140559610 207 318 15220
140755606 210 1320 15277
140801084 218 800 15291
140826733 219 1038 15299
140830267 215 1046 15300
140856432 207 2377 15308
140887497 205 94 15317
141153592 203 2825 15398
141242750 218 1447 15426
141270947 207 1512 15434
141281386 208 1436 15437
141320617 219 1692 15448
141496285 209 364 15501
141531658 200 2183 15511
141576832 214 864 15524
141597584 218 800 15531
141642356 205 435 15545
141646689 215 827 15546
141685683 205 2254 15559
141760028 206 1557 15581
141805644 206 2553 15595
141865212 217 1508 15614
141920774 213 2300 15631
141931186 219 1860 15634
142025070 216 2349 15662
142176402 213 2328 15711
142192929 217 2899 15716
142202524 212 912 15719
142206155 203 1294 15720
142237487 217 675 15729
142311295 213 2664 15751
142315046 202 2765 15752
142321955 209 2068 15754
142648901 212 494 15856
142702324 215 542 15872
142746563 209 2725 15887
143042110 216 2934 15976
143130178 208 2917 16002
143269122 209 2277 16042
143302803 210 2329 16052
143390069 212 228 16078
143403893 205 1788 16082
143457000 218 1335 16098
143467705 209 730 16101
143477840 210 2083 16104
143546495 212 541 16124
143549162 214 842 16125
143564429 213 1832 16130
143663379 219 447 16162
143856273 212 2348 16221
143867437 202 937 16224
143925602 206 102 16242
144020047 200 2740 16270
144085608 209 1287 16290
144138502 215 1385 16307
144154992 200 575 16312
144183044 214 1032 16320
144214845 219 1734 16330
144243134 210 38 16338
144342467 213 1129 16367
144374220 203 330 16376
144383760 217 887 16379
144424419 203 146 16391
144488902 209 1216 16409
144646567 203 787 16458
144672692 209 1786 16465
144696229 204 1447 16472
144724999 209 833 16481
144739678 215 2511 16486
144799470 206 1390 16504
144805763 217 741 16506
144823800 212 189 16511
144865182 212 2572 16524
144887908 201 102 16531
145000045 205 2066 16564
145009207 206 2504 16567
145072726 206 2181 16586
145270675 207 1561 16645
145309447 210 427 16656
145315680 210 583 16658
145400978 214 1381 16683
145408171 206 293 16685
145518972 215 1418 16718
145666566 208 1024 16761
145682237 205 339 16766
145762339 215 2133 16790
145809543 213 1622 16804
145897168 207 1638 16830
145929529 209 1201 16841
145974973 218 2981 16854
145989185 212 739 16858
146052664 209 1286 16877
146065117 215 243 16881
146079583 219 347 16885
146121041 202 1101 16898
146174867 218 375 16915
146184437 210 2896 16918
146239778 204 1167 16934
146359822 203 217 16970
146362427 209 583 16971
146364281 205 2361 16972
146387779 202 326 16979
146477844 217 1663 17008
146481688 212 2043 17009
146496967 205 620 17014
146502241 215 1244 17016
146545376 214 2358 17028
146601604 211 2768 17044
146687640 211 2647 17070
146835843 209 62 17114
146959549 207 2019 17153
147084913 210 148 17191
147161189 210 2048 17213
147177393 207 759 17218
147237446 218 159 17238
147283509 200 2717 17253
147310043 206 2819 17261
147355506 215 2312 17274
147399072 200 2903 17287
147407219 205 2312 17290
147438470 211 207 17299
147466844 212 711 17308
147505024 204 2902 17320
147549680 219 2972 17333
147556114 218 1844 17335
147561988 215 32 17337
147603473 211 399 17349
147614222 204 2029 17352
147635455 208 85 17359
147761889 210 1724 17397
147839127 209 231 17419
147874485 219 996 17431
147919916 204 1964 17445
147974002 205 1439 17462
148054995 209 2084 17486
148077886 200 2032 17493
148092155 200 1442 17497
148146917 207 1940 17512
148177389 218 449 17521
148179986 213 1658 17522
148240541 219 1806 17540
148278640 209 538 17551
148374128 204 79 17580
148517814 202 469 17624
148698482 200 99 17677
148712757 213 471 17681
148720969 213 2701 17683
148798547 210 1915 17707
148891967 206 288 17737
148966156 211 2646 17760
149005553 218 2217 17772
149009117 209 143 17773
149028570 217 2351 17779
149148682 219 835 17814
149223389 215 1830 17836
149249700 203 2265 17844
149266986 205 1054 17849
149285824 216 192 17855
149291783 200 2901 17857
149354216 202 778 17876
149435744 202 784 17901
149497127 218 2236 17921
149512879 202 1258 17926
149522149 206 835 17929
149620637 219 1538 17962
149693548 216 1846 17985
149718742 206 2947 17993
149740245 204 224 18000
149785650 201 773 18014
149799431 200 221 18018
149811206 219 2996 18021
149857395 213 487 18036
149867735 200 1726 18040
149870293 213 2542 18041
149932682 214 1455 18060
149938624 217 2920 18062
150122511 208 1847 18118
150141563 214 2826 18124
150160939 216 70 18130
150229352 204 446 18151
150284916 210 2480 18168
150376899 217 1223 18194
150397460 201 989 18200
150545158 205 1192 18243
150556183 208 1051 18247
150694078 212 1295 18289
150727236 205 2526 18299
150842287 217 1850 18331
150849754 205 740 18333
150886489 216 2349 18346
150913625 210 1229 18354
150929626 202 1669 18359
150971297 206 184 18371
150978275 210 2865 18373
151014227 200 1784 18384
151146896 218 2305 18428
151167269 216 2458 18435
151171602 207 1451 18436
151182506 210 898 18440
151430711 206 1740 18516
151507859 211 1893 18538
151532519 208 1907 18545
151535786 202 712 18546
151639662 219 546 18578
151710994 206 2237 18601
151842088 217 2112 18640
151849065 202 936 18642
151909915 211 1407 18660
151951998 210 335 18674
152085368 209 52 18717
152125643 206 763 18730
152149736 208 2335 18737
152213728 200 2960 18757
152227544 217 2994 18761
152233161 211 2055 18763
152280414 201 1638 18777
152343116 213 2349 18796
152444323 200 1389 18826
152521237 207 235 18850
152602619 206 1767 18875
152642461 210 779 18887
152786350 202 635 18929
152789263 211 2569 18930
152802225 214 391 18934
152839552 203 1826 18945
152875512 214 923 18955
152951117 216 675 18978
153097085 204 201 19022
153100946 210 345 19023
153130425 211 1515 19033
153136159 216 2912 19035
153146087 205 1273 19038
153167133 200 2802 19044
153174957 204 941 19047
153313615 219 1073 19089
153525322 208 687 19154
153603640 213 2232 19178
153631485 219 1303 19186
153702798 216 2990 19207
153874202 216 995 19259
153907150 216 290 19269
153941130 204 1262 19280
154013003 209 559 19302
154047084 218 2355 19312
154066981 216 1050 19318
154122713 213 1910 19335
154128056 216 2753 19337
154192069 212 2810 19356
154235594 211 2150 19368
154255811 218 2782 19374
154316743 216 2255 19391
154352517 210 2407 19402
154370193 216 2462 19407
154375493 210 882 19409
154553631 200 2869 19463
154662267 219 1101 19496
154818826 216 2316 19544
154869928 201 1787 19559
154965087 214 2725 19589
155015557 213 2151 19604
155028209 205 2537 19608
155082849 209 2096 19624
155202952 201 349 19659
155287462 214 417 19684
155294807 219 858 19686
155395121 212 2030 19718
155457341 215 1330 19737
155538411 206 1882 19761
155551083 209 2430 19766
155621308 213 1381 19787
155656833 216 1833 19798
155692051 201 2324 19809
155706379 212 2670 19813
155775908 216 1186 19835
155840086 200 2045 19854
155885342 206 2903 19867
155888533 217 700 19868
155973623 219 1414 19893
155976968 204 135 19894
156039016 213 2361 19913
156184668 211 2670 19955
156260745 211 489 19977
156267848 201 56 19979
156285730 201 1646 19984
156289241 208 813 19985
156299764 201 2706 19988
156326299 210 2177 19996
156344432 202 290 20001
156347940 203 2351 20002
156391279 215 2568 20016
156448656 214 1859 20034
156516801 210 1078 20054
156562457 214 2900 20068
156578263 207 927 20073
156593706 210 1744 20078
156641694 206 708 20092
156694582 202 1033 20108
156754883 202 162 20126
156774308 210 1241 20132
156797429 217 20 20139
156839072 208 2633 20152
156843405 200 203 20153
156850463 213 626 20155
156866512 205 1165 20159
156941460 206 2594 20182
156944871 209 2534 20183
156961575 219 621 20188
157005621 205 927 20202
157063155 203 2348 20221
157191184 214 616 20259
157193474 212 1962 20260
157228924 210 2291 20271
157254767 205 491 20278
157272733 205 1960 20283
157335868 204 1087 20303
157528153 215 614 20360
157564126 216 625 20370
157590237 207 21 20377
157694361 218 2784 20409
157703865 213 2200 20412
157715609 212 766 20416
157719769 208 2421 20417
157735999 207 234 20422
157785193 203 2212 20437
157806259 215 1399 20444
157863333 215 1523 20460
157959404 207 2585 20489
158009435 219 273 20504
158108266 217 2248 20534
158124281 209 593 20539
158134142 217 495 20542
158296868 218 2230 20592
158360337 218 1433 20612
158458761 206 2296 20643
158481217 201 585 20649
158550853 204 2351 20669
158692516 216 2080 20711
158716276 207 1379 20718
158732143 219 2636 20724
158854756 206 2739 20761
158858575 210 1771 20762
158993080 210 2142 20803
159217658 211 2843 20870
159222861 203 2664 20872
159231502 218 2744 20876
159279708 201 1028 20890
159319420 216 2734 20902
159329399 218 425 20905
159350356 204 2173 20911
159449963 201 1542 20939
159464316 204 356 20943
159687724 218 0 21011
159808287 217 1000 21048
159826577 219 1159 21053
159862168 214 2072 21064
159914861 202 2889 21080
159953963 217 234 21091
159978266 204 2377 21099
160045846 211 2 21119
160102723 207 2870 21137
160141761 210 2039 21148
160219808 204 45 21172
160233912 208 2724 21176
160313355 208 2380 21198
160501126 217 2580 21255
160520017 201 1782 21261
160566083 218 2658 21275
160610998 209 1436 21289
160619583 210 2469 21292
160623041 212 2064 21293
160660757 214 1719 21304
160701203 214 1975 21317
160704763 203 597 21318
160716396 204 168 21321
160747671 206 938 21331
160794033 210 1215 21345
160861426 207 996 21365
160871987 215 2478 21368
160893852 205 2186 21374
160906482 217 391 21378
160971221 206 739 21398
161013075 212 1595 21412
161069052 209 111 21427
161083836 217 1862 21432
161155848 212 1813 21454
161218463 211 2668 21472
161231889 206 227 21476
161289698 201 2865 21494
161350011 210 1500 21512
161372354 202 1375 21519
161400494 218 2325 21527
161466435 201 927 21548
161534853 211 1114 21570
161542359 203 1453 21572
161551382 202 1954 21575
161566226 200 1003 21580
161582133 210 244 21585
161596366 211 2148 21589
161616935 212 1283 21596
161654034 219 2788 21607
161717157 205 1754 21625
161728468 207 1355 21628
161735714 210 1916 21631
161802755 218 2568 21650
161857850 211 848 21667
161883787 211 404 21675
162116794 215 1010 21745
162187694 204 118 21767
162190650 216 236 21768
162209569 201 2903 21774
162235562 216 774 21782
162333246 210 1529 21811
162342646 204 1271 21814
162348470 219 1986 21816
162426776 209 2493 21840
162470364 211 2287 21853
162724042 210 550 21929
162732242 210 2853 21932
162744684 209 2000 21936
162774327 208 553 21945
162822515 209 1378 21959
162828607 206 2855 21961
162837255 214 2092 21964
162844969 208 1075 21967
162860487 207 1367 21972
162926416 204 2985 21992
163073435 203 252 22037
163089689 201 2318 22042
163100338 219 1248 22045
163137604 216 1691 22056
163169485 212 2164 22066
163227600 217 872 22084
163254821 210 963 22092
163276401 217 1002 22099
163280734 203 2371 22100
163371923 206 2455 22127
163433302 217 978 22145
163485677 202 2093 22161
163538828 206 766 22176
163595732 218 1413 22194
163604881 204 1446 22197
163691309 208 2006 22223
163750129 208 1725 22240
163786357 213 409 22251
163800077 209 536 22255
163868831 203 1652 22276
163882535 215 2242 22280
163913722 219 581 22289
163945156 213 2818 22298
163955294 203 1375 22301
163958626 211 2782 22302
164013504 201 1098 22319
164051303 217 167 22331
164082462 201 78 22340
164119981 213 1816 22351
164123480 211 2534 22352
164194616 201 2932 22373
164277349 200 2138 22396
164287435 209 2498 22399
164410496 216 2903 22437
164452454 202 1389 22450
164521082 217 2131 22470
164527646 213 2055 22472
164544729 208 238 22477
164597773 211 1202 22493
164832901 207 2851 22563
165063156 214 1620 22633
165086823 202 932 22640
165229841 212 2285 22682
165240643 207 128 22685
165245707 200 34 22687
165255725 204 428 22690
165293706 217 1026 22702
165335954 215 1658 22716
165464341 215 676 22758
165505755 214 240 22769
165516948 213 1681 22772
165565067 202 1018 22787
165618536 219 1475 22803
165620919 214 280 22804
165653073 203 663 22814
165661830 215 2322 22817
165735274 206 1025 22840
165751968 202 1476 22845
165759454 213 474 22847
165817862 219 937 22865
165831918 217 2409 22869
165940536 217 956 22901
166003662 212 2265 22920
166045982 208 2720 22933
166073528 216 2818 22941
166107888 201 1120 22952
166145035 201 1478 22964
166185880 213 2260 22977
166204621 213 2220 22983
166300453 209 263 23011
166341580 214 2885 23024
166344590 202 40 23025
166470291 217 2638 23063
166607857 201 1579 23105
166685630 207 2673 23128
166699152 210 1140 23132
166731879 203 1122 23143
166759810 214 2783 23151
166808758 205 886 23165
166927635 204 2019 23200
166976170 215 1502 23215
166985679 209 1152 23218
166989141 212 1325 23219
167054312 205 2547 23238
167072083 200 1799 23244
167207745 216 906 23286
167255268 209 1752 23300
167277250 219 946 23307
167280025 210 2053 23308
167339908 217 442 23325
167349622 204 1311 23328
167381608 208 2668 23338
167421987 215 1781 23350
167436182 207 1014 23354
167447997 210 613 23357
167487717 202 867 23369
167500308 203 2580 23373
167588666 211 17 23400
167632991 207 2606 23413
167642530 212 2345 23416
167759624 217 2926 23450
167798685 214 1019 23462
167812185 210 1 23466
167848108 215 1642 23476
167986707 201 2226 23518
168010940 208 2091 23526
168014045 217 1282 23527
168029132 201 1826 23532
168074694 209 2907 23545
168120901 202 2269 23560
168241670 200 2182 23597
168257911 204 1669 23602
168268171 214 1242 23605
168304842 214 1409 23615
168310204 216 1405 23617
168345570 208 2871 23628
168552045 215 242 23690
168557652 202 1718 23692
168579347 218 2107 23698
168631048 216 2931 23715
168662803 209 1745 23723
168710031 213 2373 23736
168826185 205 1508 23772
168847931 203 612 23779
168873107 218 2449 23786
168891105 203 750 23791
168897717 200 2622 23793
168903560 213 1700 23795
168926012 210 2840 23801
169076590 218 183 23845
169097587 203 632 23851
169198856 204 2240 23883
169311589 206 844 23917
169318845 207 2533 23919
169333555 208 2953 23923
169368608 211 2828 23933
169591550 212 454 23998
169686222 204 1644 24028
169692937 200 2566 24030
169695703 205 459 24031
169714187 208 2469 24036
169720445 211 1252 24038
169742646 210 2096 24046
169793756 202 1261 24061
169806336 211 1612 24065
169841171 210 2225 24075
169854827 211 2578 24079
170072887 214 1643 24147
170079916 210 366 24149
170094072 202 2153 24154
170149429 207 1757 24171
170177142 215 573 24179
170263631 211 1808 24205
170331367 209 1808 24225
170450419 203 1879 24261
170543506 206 182 24288
170681119 217 2296 24330
170866540 217 2706 24385
170876314 210 9 24388
170880100 211 62 24389
170982029 209 119 24421
171021859 201 763 24433
171116560 201 1361 24463
171160521 218 2462 24476
171199701 209 29 24489
171242511 209 2596 24502
171272932 217 315 24512
171357703 210 2074 24536
171399479 204 1360 24549
171452662 217 2339 24565
171476749 202 1640 24572
171742270 211 2295 24651
171943036 202 1780 24712
172045900 208 2661 24743
172094766 207 123 24758
172122100 202 1339 24766
172129146 208 998 24768
172306422 205 1111 24822
172320758 206 2192 24826
172358185 214 233 24837
172397909 203 2465 24848
172410066 205 75 24852
172429114 212 2169 24857
172436374 200 2050 24859
172439348 213 2354 24860
172578157 209 1141 24902
172650256 216 967 24925
172669677 205 2566 24931
172709124 208 2849 24943
172732524 214 2186 24950
172736182 204 2997 24951
172760553 205 1129 24958
172794259 214 2857 24968
172814652 218 1498 24974
172823205 204 2914 24977
172846820 215 572 24984
172860340 208 851 24988
172897274 203 2270 24999
173003913 219 330 25031
173063645 219 720 25049
173066293 209 820 25050
173069362 217 970 25051
173091703 204 1573 25057
173153158 207 604 25077
173163840 205 969 25080
173183679 216 1485 25086
173200285 208 766 25091
173224679 203 482 25099
173283813 201 2136 25117
173362144 201 2568 25141
173402040 207 1575 25153
173409750 205 633 25155
173416745 202 2353 25157
173472478 200 855 25173
173525230 213 181 25188
173552784 203 591 25197
173611988 206 2736 25215
173710796 216 1095 25245
173730339 212 919 25251
173783464 200 1069 25268
173786999 214 1348 25269
173807069 205 2193 25275
173837205 213 2514 25283
173856246 214 1492 25288
173904794 215 646 25303
173914833 205 1270 25306
173924673 215 2955 25309
174046134 200 2210 25345
174088183 217 634 25358
174187029 210 2866 25388
174356213 205 242 25439
174465002 211 2307 25472
174481333 210 430 25477
174490223 208 864 25480
174609731 213 1666 25514
174624414 219 2829 25519
174643457 217 2857 25525
174695542 204 1728 25542
174741770 217 312 25557
174775775 216 2654 25568
174837445 214 371 25588
174871429 211 2506 25598
174877610 214 1048 25600
174893811 212 930 25605
174971170 208 1607 25629
175010036 219 2058 25641
175019559 202 2699 25644
175095373 206 2962 25668
175108077 219 1230 25672
175221515 203 1387 25707
175236309 205 2348 25711
175240464 213 1511 25712
175394391 200 2646 25764
175406211 216 1612 25768
175444749 215 1442 25780
175474138 217 846 25788
175496665 212 1154 25795
175513519 203 1496 25800
175706144 204 863 25859
175732699 206 2479 25868
175778122 202 888 25881
175929510 207 1307 25925
175985062 217 31 25941
176023811 202 1199 25953
176060643 217 2718 25964
176096847 213 1944 25975
176183546 207 541 26001
176283761 206 1921 26030
176327296 218 2397 26043
176347962 205 1876 26049
176361482 203 1735 26053
176372799 212 1569 26056
176444188 214 172 26077
176596581 218 880 26124
176602303 218 1271 26127
176607343 212 2248 26129
176647420 216 2163 26141
176650850 211 1913 26142
176703919 212 983 26157
176740323 206 2646 26168
177111022 216 787 26280
177192769 210 2531 26304
177252079 214 2711 26323
177286104 213 2310 26332
177425115 208 2150 26374
177451704 218 74 26382
177523827 216 610 26404
177549661 207 1628 26412
177611447 217 1916 26431
177661058 204 1534 26446
177701559 208 31 26458
177723234 205 962 26465
177842086 216 1714 26501
177918016 200 36 26524
177930430 209 1341 26528
177965508 209 2599 26538
178049957 211 2904 26563
178124816 211 1718 26586
178206073 216 1962 26610
178343406 208 216 26651
178415577 200 2052 26674
178429597 207 865 26678
178436535 203 2563 26680
178499503 210 2814 26699
178536698 217 183 26710
178599621 211 2337 26730
178629008 211 297 26739
178670446 200 2988 26751
178794479 216 2661 26787
178808841 218 2190 26792
178830634 204 2585 26798
178967907 211 2975 26840
178974119 215 1505 26842
178980492 219 2268 26844
179040379 212 2895 26862
179061787 213 1098 26869
179128380 201 2938 26889
179181329 201 2528 26905
179328682 216 1111 26949
179361047 216 1716 26959
179496179 207 552 26999
179589969 205 1642 27027
179626677 206 2547 27038
179773076 208 2564 27083
179815243 201 1376 27096
179897472 217 459 27121
179907134 207 155 27124
179916567 208 2080 27127
179969935 212 1282 27143
179974268 212 569 27144
180022537 211 2329 27159
180104858 213 2542 27184
180157878 203 2972 27200
180259350 212 550 27230
180261844 201 785 27231
180272703 211 2446 27234
180348242 215 2647 27258
180426309 201 95 27282
180458896 210 921 27292
180465001 203 2183 27294
180505412 216 1068 27305
180509484 211 1371 27306
180527386 219 2083 27312
180550755 210 2393 27319
180554395 216 810 27320
180556984 216 1245 27321
180582676 207 1324 27330
180649101 211 1243 27350
180725731 201 2269 27372
180753916 219 1036 27381
180832647 201 2819 27405
180861505 205 1087 27413
180875566 213 1967 27417
180910005 218 641 27428
180913413 207 2703 27429
180938258 205 670 27437
181011046 205 66 27459
181076565 203 2803 27479
181082904 214 680 27481
181090998 216 2634 27484
181101507 203 2621 27487
181156348 210 2617 27504
181166018 203 106 27507
181301694 213 2887 27549
181463437 209 2699 27598
181485711 213 2075 27604
181533680 207 1049 27619
181546576 217 2737 27623
181730727 211 1597 27678
181801264 217 1585 27699
181884965 201 1643 27723
181991835 202 2911 27756
182020873 217 2430 27765
182033239 207 1517 27769
182041482 214 1338 27772
182115518 207 407 27795
182160855 204 1916 27809
182264415 215 259 27839
182330961 218 74 27859
182356525 203 2834 27867
182386826 211 2786 27876
182563132 201 2062 27930
182649745 217 1259 27956
182660858 217 1741 27960
182664161 208 1293 27961
182680763 202 365 27966
182747035 208 555 27986
182889759 214 1886 28030
182930698 200 2363 28042
182979977 212 1152 28057
182993349 214 2393 28061
183020411 200 1573 28069
183023271 200 2091 28070
183054947 214 61 28079
183114873 217 1244 28096
183131986 215 461 28101
183188632 214 2430 28118
183220612 210 2148 28127
183236604 210 47 28132
183251554 205 2945 28136
183315187 201 719 28155
183362383 212 1397 28171
183396684 216 62 28182
183435966 200 1120 28195
183456617 214 1861 28201
183470660 200 1295 28206
183495503 203 764 28214
183506774 207 2456 28218
183601727 219 1292 28246
183766902 211 522 28295
183769354 217 2884 28296
183869361 210 1220 28327
183950799 207 2453 28352
184047751 218 2494 28382
184081917 213 1062 28392
184107606 204 138 28400
184209699 213 1987 28430
184300340 207 1782 28458
184324071 200 862 28466
184335317 208 2417 28469
184346206 219 920 28473
184451491 204 1492 28506
184487126 202 2261 28518
184579574 202 2441 28546
184586061 210 131 28548
184614055 216 944 28556
184682799 206 1644 28579
184713012 217 1619 28588
184725668 203 2994 28592
184747665 210 2538 28598
184856897 206 26 28630
184910498 200 1856 28647
184912510 206 2298 28648
184923181 214 1614 28651
185006777 216 309 28676
185068588 211 2291 28694
185095929 205 2563 28702
185104910 205 2964 28705
185136054 209 1491 28716
185158350 204 1794 28723
185283449 212 2622 28761
185322770 215 1026 28774
185373882 218 2933 28790
185379882 215 2745 28792
185451061 203 898 28815
185483938 215 1688 28827
185541587 205 1922 28845
185599012 210 714 28861
185747661 200 285 28906
185783692 217 1478 28918
185793477 216 1649 28921
185808067 210 257 28925
185821523 216 485 28929
185923895 207 1277 28961
185993302 214 2057 28983
185996014 219 2733 28984
186023588 218 1977 28992
186048844 202 909 29000
186078500 200 1128 29009
186131264 216 2451 29025
186137597 212 2226 29027
186151140 206 1059 29031
186231134 214 1519 29055
186254510 204 2328 29061
186287882 219 2168 29072
186294938 219 309 29074
186305600 212 2766 29077
186396775 210 696 29104
186418338 208 1005 29111
186550428 208 515 29150
186581243 218 763 29160
186895349 214 2874 29252
186898639 217 2447 29253
186957039 209 994 29270
186974200 217 2896 29275
187021396 210 872 29290
187063637 206 36 29302
187131420 209 2717 29322
187234869 206 161 29354
187279696 204 143 29367
187488658 206 972 29433
187569387 208 2684 29456
187590209 208 2544 29462
187683191 208 1732 29490
187831883 206 922 29536
187847729 215 344 29541
187864056 203 631 29546
187916169 209 2387 29562
187936499 206 2010 29569
187949063 208 2386 29573
187992505 218 186 29585
188023884 200 1243 29595
188172696 207 335 29641
188181471 201 2606 29644
188266952 217 736 29670
188420691 218 1147 29717
188548675 218 1112 29756
188629119 204 1351 29779
188663330 215 2223 29789
188688721 201 2886 29797
188862779 214 1218 29848
188890758 217 2554 29857
188973864 213 2348 29881
188977519 214 2505 29882
189040184 201 1030 29900
189090214 206 2150 29914
189093911 209 1176 29915
189232114 205 1504 29957
189275057 216 2153 29971
189352569 203 1671 29995
189361140 200 1765 29998
