42238 114 1790 2
238353 113 822 17
296131 101 1274 21
418090 115 83 30
938998 110 1661 70
1042177 101 463 77
1236152 100 2468 91
1309577 106 985 97
1669613 115 1435 124
1948318 115 1146 144
2009998 116 2745 149
2147776 108 1225 159
2293895 107 1816 170
2310140 101 2088 171
2905376 100 899 217
3439028 110 1336 258
3644795 106 23 274
3735895 116 2159 281
3901253 118 2589 293
3915865 115 1448 294
4157253 109 54 312
4265193 102 772 320
4454626 100 231 334
4526729 102 2801 339
4630495 115 879 347
4670640 104 1970 350
4911958 106 1114 369
5001711 111 371 375
5032173 118 1130 377
5074414 113 448 380
5113483 102 2679 383
5149592 110 1838 386
5161968 101 2271 387
5212279 115 1922 391
5464899 103 2055 409
5617989 103 2658 421
5822330 111 121 436
5991370 114 2643 449
6263383 103 823 470
6349414 103 1967 476
6429546 118 1500 482
6719385 108 750 504
6734118 115 2199 505
6802977 119 2657 510
6960989 111 2071 521
7264756 118 2362 543
7543693 111 1093 563
7771789 118 2503 580
8023929 106 1666 600
8356005 100 2248 626
8481992 102 817 636
8544329 110 2668 641
8658674 106 283 649
8773034 102 2212 657
9290105 115 847 695
9461020 104 1821 708
9787022 102 169 732
10336951 119 2099 773
10397281 107 1302 778
10472866 107 1316 784
10665659 115 1664 798
11463769 114 1615 858
11774510 112 64 881
11856023 118 2708 887
11996316 102 2043 898
12141911 105 1398 909
12481752 103 450 934
12557789 118 2631 940
12610247 117 2527 944
12633052 107 1359 946
12738323 102 953 954
12895090 108 1065 967
13160196 107 1635 986
13820494 107 1091 1034
13884149 117 151 1039
14257359 118 1547 1067
15298882 101 2354 1146
15645090 107 802 1172
15720320 112 188 1178
16180702 106 2606 1213
16694156 103 2954 1251
16739983 115 1219 1255
16767816 116 1624 1257
16884763 111 314 1266
17160005 117 2920 1286
17343800 108 2776 1300
17440356 105 271 1307
17577196 101 366 1317
17613239 110 1824 1320
17707144 117 2034 1327
17742659 117 2228 1330
17790046 117 2170 1334
17817896 109 68 1336
17859759 101 1572 1339
18186398 118 1244 1364
18355578 113 1884 1377
18781516 108 2166 1409
19063208 107 902 1429
19100323 104 1034 1432
19423577 112 1662 1458
19451682 112 1470 1460
19600360 116 707 1471
19971756 112 1263 1499
20197826 110 1417 1515
20713686 110 2382 1552
20861089 111 2575 1563
20975385 103 2984 1572
21057095 101 693 1578
21326421 111 2340 1598
21758121 106 2958 1629
21793855 105 2292 1632
21843339 102 849 1636
21898748 113 1008 1640
22266481 116 1401 1669
22350062 115 1784 1675
22378523 106 1820 1677
22464213 101 188 1683
23020399 107 1870 1724
23046969 118 2785 1726
23247404 115 2315 1742
23264070 103 2790 1743
23407788 113 2437 1754
23540773 108 805 1764
24215393 103 1143 1814
24332263 105 1903 1823
24882258 116 1905 1863
24919203 118 2578 1866
25192001 109 2691 1886
25430963 109 176 1903
27073826 110 211 2025
27210400 111 2404 2035
27324598 109 1244 2043
27335665 119 2848 2044
27365603 111 681 2046
27579640 102 102 2063
27721490 109 976 2074
27751349 118 528 2076
27844657 104 1928 2083
28388511 109 1243 2123
28494664 108 1985 2131
28589784 114 2926 2138
29465582 108 1723 2204
29564669 106 2802 2212
29590489 118 678 2214
29603104 103 1493 2215
30495725 119 1860 2280
30536711 112 580 2283
30712865 103 1047 2296
30803806 107 2429 2303
30908081 100 1428 2312
30979214 110 1634 2318
31005448 117 1899 2320
31330657 119 2906 2344
31461271 115 1045 2354
31501784 114 531 2357
32657162 103 2732 2444
32819627 105 854 2456
32834439 115 2095 2457
33701957 119 669 2521
33823296 119 2776 2530
34066335 114 932 2548
34154174 117 2125 2555
34350876 117 2075 2570
34390496 104 1591 2573
35369720 100 2405 2647
35466803 105 720 2654
35605398 102 2805 2664
35844530 105 81 2682
35949955 108 2263 2690
36149243 117 2201 2705
36378913 106 1567 2722
36439172 107 741 2726
36743466 119 364 2749
36827641 111 1789 2755
36838595 117 1276 2756
36852931 112 2523 2757
36993059 114 942 2767
37006190 107 975 2768
37185123 104 407 2781
37235920 104 2412 2785
37506690 104 2506 2805
37644862 105 1060 2815
37715487 111 254 2821
38060493 106 2339 2847
38129991 112 2233 2852
38217846 104 886 2859
38387256 104 1380 2872
38715959 112 2055 2897
39246786 110 13 2937
39968339 118 2944 2991
40146669 110 951 3004
40163335 108 1697 3005
40511043 103 511 3031
40612481 104 1167 3039
40686210 105 230 3045
40795736 106 2762 3053
40931281 117 197 3063
40955799 119 2461 3065
41236554 107 787 3086
41261424 110 475 3088
41275055 118 2187 3089
41555195 103 1281 3111
41774209 116 2210 3128
42327070 104 896 3168
42383721 108 552 3172
42541777 104 2243 3184
42551945 104 1749 3185
42780424 111 2825 3202
42808565 102 2039 3204
43044863 102 1407 3222
43060262 116 1502 3223
43257586 112 2175 3238
43368850 102 1980 3246
43636361 104 1982 3267
43779546 117 240 3278
43792818 109 1370 3279
44084924 111 2866 3301
44124383 100 2604 3304
44137934 106 372 3305
44234259 110 819 3312
44245266 101 266 3313
44271841 114 2384 3315
44550380 101 2213 3335
44727279 111 880 3348
44929888 117 2984 3363
45231688 106 444 3386
45339744 100 2317 3394
46482101 103 1532 3480
46546712 103 1331 3485
46630215 104 643 3491
46668916 109 2050 3494
46775428 105 2908 3502
47275942 112 511 3539
47676090 113 627 3569
47869778 114 2897 3584
48020543 116 2052 3595
48078114 103 917 3599
48267119 108 11 3613
48700611 113 1260 3645
48726095 108 1218 3647
48854018 102 2111 3656
49592053 101 2760 3711
50161891 110 1092 3754
50446168 109 2971 3776
51149246 101 2453 3829
51344800 106 1473 3843
51359078 106 178 3844
51462501 118 2227 3852
51576421 100 624 3860
51658809 115 1038 3866
51824067 102 2668 3878
52075950 102 621 3897
52280740 109 41 3912
52382907 110 1465 3920
52657681 113 2615 3940
53005865 106 906 3967
53086994 111 2645 3973
53701773 115 1571 4020
53891212 103 1141 4034
54340987 111 2685 4067
54366882 105 2482 4069
54534371 113 1059 4082
55806062 102 2280 4177
56066069 108 1553 4196
56536174 106 1798 4232
56856696 119 1804 4257
56963834 109 2725 4265
56995589 117 198 4267
57126084 101 1971 4277
57462218 104 125 4303
57833251 102 21 4330
58070046 113 71 4348
58426548 107 1857 4374
58599810 115 2091 4387
58650442 111 64 4391
58718304 111 2411 4396
58969460 114 1284 4414
59256018 102 1414 4436
59532279 114 844 4456
59638202 115 2138 4465
59781544 111 2164 4476
60050398 106 1613 4496
60101136 117 644 4500
60281239 116 2863 4514
60595006 115 931 4537
60812074 106 1636 4553
60826116 105 831 4554
61216283 100 2612 4584
61400690 112 11 4598
61652947 114 1184 4617
61692628 112 1960 4620
61832746 115 1239 4631
62187071 116 2278 4658
62363303 119 1603 4671
62849332 117 658 4708
63197674 117 887 4735
63664125 108 1387 4770
63818628 101 529 4782
64180536 102 2080 4810
64337119 111 2184 4821
64530650 110 1388 4835
64780583 119 2347 4853
64906550 117 1941 4863
64921008 111 819 4864
64933967 106 2329 4865
65221813 107 98 4886
65359670 103 185 4896
65428920 111 2233 4901
65476180 108 1019 4905
65610649 100 1424 4915
65646845 119 2334 4918
65691751 118 2903 4922
65707056 114 2843 4923
65840223 104 1919 4933
66061675 108 81 4950
66472268 114 168 4982
67352491 108 781 5048
67526363 101 566 5060
67706615 110 1464 5074
67869692 112 8 5087
67959866 117 666 5094
67972041 114 670 5095
68452606 114 190 5131
68592134 103 2154 5141
68671187 102 1494 5147
68893511 112 1603 5164
69093253 102 497 5180
69273166 100 1444 5194
69539277 112 2098 5215
69767047 118 2553 5232
70196778 102 704 5264
70632497 111 113 5296
70918980 104 2936 5318
70959422 104 1506 5321
71081097 113 2048 5330
71443406 105 2878 5357
71699783 101 681 5377
71934797 100 1372 5395
71970723 118 2274 5398
72022940 104 2786 5402
72663587 116 1537 5450
73004228 109 1025 5476
73699895 102 122 5528
74045785 103 1580 5554
74288107 111 293 5572
74298473 116 577 5573
74309468 119 311 5574
75063757 111 1607 5631
75076308 109 2627 5632
75212439 117 387 5642
75224318 105 2042 5643
75249195 106 1456 5645
75323095 113 2856 5650
75400106 112 2386 5656
76148609 108 263 5712
76351453 116 2680 5727
76508386 108 133 5738
76697036 109 1822 5753
76983301 102 1786 5775
76997696 112 1195 5776
77650384 101 2045 5827
77811837 104 1394 5839
78002313 116 363 5854
78015859 118 513 5855
78090151 108 2943 5861
78403818 107 2775 5884
78755444 102 2700 5910
78792271 101 2431 5913
79427779 101 578 5960
79451998 117 2610 5962
79557253 110 445 5970
79620958 103 1743 5975
79631656 116 2662 5976
79912564 112 650 5997
80082203 107 2913 6010
80346890 117 2089 6030
80398910 103 1203 6034
80434521 101 944 6037
80869887 104 1327 6071
82084072 102 1138 6161
82217759 106 1198 6171
82272315 118 1571 6175
82323950 108 1562 6179
82456538 103 2138 6189
82570271 116 1198 6197
82668357 114 1884 6204
83119017 100 1956 6238
83158021 113 485 6241
83227066 113 1786 6247
83242271 104 723 6248
83455368 113 2050 6264
83471052 113 1404 6265
83533065 113 2822 6269
83640014 107 1307 6277
83666746 101 444 6279
83992194 106 1602 6303
84142079 114 1477 6314
84287174 113 862 6325
84828106 117 212 6366
85004764 101 185 6379
85047185 103 1016 6382
85161273 119 2291 6390
85336402 111 145 6404
85462226 107 1672 6414
85508269 103 2422 6418
85631093 104 1796 6427
85726392 109 1886 6434
85828156 117 2126 6441
85869321 113 2074 6444
86608008 100 2931 6499
86809348 116 2357 6514
86847906 102 770 6517
86904666 118 208 6521
86956209 108 1730 6525
86983106 111 1939 6527
87186426 100 1428 6542
87258874 111 2338 6548
87318094 103 969 6552
87386494 119 694 6557
87407721 117 1573 6559
87463877 106 1338 6563
87762788 100 246 6586
88100524 111 1479 6611
88224077 102 1136 6620
88322771 107 2144 6627
88454262 106 2466 6637
88699434 100 230 6656
89104859 105 1952 6686
89146053 116 92 6689
89174861 104 1417 6691
89474165 102 2707 6713
89693688 108 1740 6729
89759170 103 1968 6734
89921292 113 1802 6746
90161992 116 2632 6764
90289232 117 872 6773
90524678 105 682 6791
90633625 113 2915 6800
90797931 112 291 6812
91081655 103 538 6833
91374054 110 2088 6855
91553386 110 667 6868
91569661 112 845 6869
91689220 115 2707 6878
92163612 104 24 6914
92585794 103 2240 6946
92646589 101 337 6951
92663255 114 1786 6952
92951047 100 377 6974
93156465 118 1070 6991
93470805 112 1617 7016
93627465 111 1299 7028
93997893 103 8 7055
94375160 101 927 7083
94406490 105 1240 7085
94806641 102 359 7114
94832446 116 2661 7116
94954026 101 1904 7125
95583856 110 2323 7173
95663692 114 89 7179
95842213 112 2092 7193
95994022 102 506 7205
96759401 115 1891 7264
96824638 118 404 7269
96851242 115 1453 7271
97018306 113 1304 7284
97204501 105 2922 7298
97404894 115 239 7313
97438661 110 2846 7316
97539764 113 2356 7324
97623572 106 679 7330
97872553 113 2786 7349
98175139 104 2028 7371
98399573 110 649 7388
98675547 119 366 7409
98861694 104 646 7422
99562307 111 2625 7474
99742722 117 747 7488
99861878 114 2816 7496
99931779 104 971 7501
100217803 118 1952 7523
100233834 105 2045 7524
100352236 101 1099 7533
100421097 104 1970 7538
100432757 115 233 7539
100739312 110 178 7562
100765056 103 1419 7564
100804621 117 2756 7567
100919381 116 1132 7575
101162049 106 2883 7593
101243732 104 1159 7599
101605649 104 354 7626
101707059 100 799 7634
101847685 113 187 7645
101979955 112 2883 7655
102343830 118 2687 7683
102640911 100 2639 7704
102933759 108 2319 7726
103011583 103 240 7732
103056109 105 2783 7735
103190779 104 2796 7745
103217893 114 83 7747
103445684 116 52 7764
103511088 113 1465 7769
103610432 119 894 7776
103703978 107 1293 7783
103936612 101 2749 7800
104566650 107 706 7847
104805236 119 953 7865
104872592 106 1690 7871
105212943 115 1726 7897
105389384 104 1944 7910
105457651 109 1153 7915
105759809 101 299 7938
105774093 105 2020 7939
106118999 114 220 7965
106206353 102 534 7971
106483831 101 2846 7992
106745439 108 334 8011
107176744 100 1600 8044
107455441 116 1589 8066
107584340 117 2519 8075
107641418 113 1853 8079
108398404 113 898 8135
108750672 102 2709 8162
108804489 112 2434 8166
108915681 117 2153 8174
108942870 108 761 8176
109205310 119 517 8195
109461964 106 2590 8214
109516364 104 2452 8218
109571035 115 2206 8222
109805425 112 1744 8240
109829868 108 783 8242
109948451 106 2945 8251
109959898 105 2541 8252
110257959 113 586 8275
110387953 108 889 8285
110464866 105 2254 8291
110540777 116 2608 8297
110607731 108 1151 8302
110691893 103 2468 8308
110712961 116 2763 8310
111241863 114 1126 8348
111279166 112 2101 8351
111293939 111 607 8352
111486454 101 1272 8366
112253003 113 41 8423
112299642 111 2041 8427
112338773 112 73 8430
112526779 100 2666 8444
113076207 115 1053 8485
113897215 119 908 8548
114290729 115 2225 8579
114368226 115 85 8585
115199443 100 1390 8647
115500530 112 314 8670
115631020 102 818 8680
115842180 104 1857 8696
116023876 101 362 8710
116061040 109 1108 8713
116100804 104 2893 8716
116463611 119 186 8743
116961693 118 2508 8781
117785730 102 1034 8842
118224930 117 1233 8875
118263383 117 2164 8878
118437273 113 1786 8890
118548059 104 2551 8899
118573529 110 2848 8901
119194088 106 2543 8948
119298230 100 357 8955
119470093 116 685 8968
119954849 111 314 9015
119968445 103 778 9019
119985210 115 2966 9024
120145974 103 1186 9071
120152194 103 1394 9073
120167072 104 2839 9078
120181115 102 1198 9082
120249308 116 477 9102
120256681 103 2833 9104
120313333 103 2382 9121
120340390 112 1002 9129
120539274 119 808 9190
120606494 116 2054 9212
120633488 111 508 9221
120690642 119 773 9239
120748989 111 714 9257
120787441 117 2463 9268
120986610 107 2098 9327
120995768 115 644 9330
121015840 106 1717 9336
121019519 106 137 9337
121133333 109 1220 9370
121139339 107 2767 9372
121178055 110 501 9383
121265902 114 1153 9407
121423684 112 1908 9454
121453099 104 861 9464
121535024 118 502 9488
121558707 114 517 9495
121615855 109 1417 9511
121621924 115 2193 9513
121667530 112 523 9526
121755334 117 709 9552
121776707 118 2291 9558
121859257 117 2945 9585
121910885 102 1156 9600
122025614 104 209 9635
122094622 114 852 9655
122107749 119 78 9659
122161509 118 2553 9676
122168502 102 495 9678
122199071 117 113 9688
122216271 100 1371 9693
122291404 103 1869 9715
122312494 114 2565 9721
122451168 117 783 9762
122469833 119 2277 9767
122503917 113 1950 9778
122579034 107 2593 9801
122595110 102 2629 9806
122600129 100 99 9808
122613069 108 2337 9812
122671178 113 1324 9829
122682032 100 433 9833
122795380 106 140 9865
122816808 102 1294 9871
122852116 101 811 9882
122856449 104 2813 9883
122869570 100 510 9887
122873371 116 1341 9888
122948267 100 876 9910
122986048 111 898 9922
123015744 103 438 9931
123190641 113 1652 9984
123281368 108 1920 10012
123288705 115 944 10014
123292996 110 1591 10015
123304272 111 1611 10018
123357333 109 427 10034
123399144 117 1036 10047
123495007 100 833 10075
123567274 102 243 10097
123586217 106 2775 10103
123640274 118 2124 10119
123667209 117 492 10127
123698890 106 1912 10136
123712299 104 1168 10140
123729579 119 1188 10145
123788231 114 1597 10163
123925306 118 1783 10205
123950913 107 2384 10212
123986504 100 1519 10223
123996891 110 2865 10226
124039191 116 1571 10240
124155793 110 2653 10274
124174763 119 289 10280
124237614 105 385 10299
124355389 107 1753 10334
124376345 104 764 10341
124470235 112 554 10369
124592679 100 1297 10407
124596417 104 252 10408
124652504 101 1266 10425
124680629 100 1522 10434
124709177 101 1917 10443
124763933 100 2008 10459
124956467 103 2293 10518
125012346 107 2158 10534
125068466 102 398 10551
125088968 109 733 10557
125154040 104 4 10576
125378540 113 410 10644
125420676 111 2543 10656
125458062 119 1680 10667
125555012 106 173 10694
125650488 102 2303 10722
125722355 113 2631 10744
125752997 108 616 10753
125759490 103 2004 10755
125770628 109 1315 10758
125795696 114 473 10764
125819308 116 1372 10771
125823550 100 2544 10772
125929322 114 1132 10805
126076050 111 747 10850
126122257 116 1566 10863
126124697 101 1544 10864
126155656 103 730 10874
126162191 117 100 10876
126239921 116 100 10900
126268920 119 999 10909
126287521 110 1451 10915
126390892 110 29 10944
126403968 105 593 10948
126406992 103 365 10949
126625123 111 2271 11014
126787173 117 981 11065
126839189 110 2940 11080
126868755 110 2475 11089
126877872 115 243 11092
126900784 102 456 11100
126908637 117 2698 11102
127049932 114 776 11144
127150885 119 2337 11174
127207818 107 2197 11191
127229199 109 404 11197
127245094 104 2107 11202
127267567 104 1678 11209
127321365 103 1784 11226
127419419 105 959 11256
127554747 112 2507 11298
127601724 109 2485 11313
127643039 109 1765 11326
127741054 106 1500 11355
127744664 109 1347 11356
127804453 106 2637 11374
127852939 102 1051 11390
127887819 111 307 11402
127975185 112 1475 11427
128010719 109 2153 11438
128045904 113 2244 11448
128078140 104 360 11458
128161127 116 728 11483
128193096 105 2106 11493
128240639 105 406 11508
128275751 113 2831 11518
128283368 117 1758 11520
128320319 110 1534 11531
128454629 109 1727 11570
128562977 109 1989 11604
128595756 107 476 11613
128601900 116 610 11615
128619284 111 170 11620
128738477 119 2100 11655
128871900 114 1447 11695
128890624 117 2951 11700
128908194 102 594 11705
128934614 119 1445 11714
129009991 115 573 11736
129015403 109 599 11738
129030004 106 1595 11742
129063886 100 660 11752
129074134 105 2122 11755
129127131 113 1104 11771
129151156 115 120 11779
129205623 108 1392 11796
129279301 109 1118 11818
129302599 101 1546 11825
129371747 117 210 11846
129427904 102 907 11862
129514409 104 2822 11890
129552592 106 1142 11901
129587401 119 1043 11912
129609976 102 1850 11918
129690091 100 866 11942
129702102 103 1739 11946
129866178 104 172 11995
129894076 103 251 12003
129918542 100 1693 12011
129929371 114 1350 12014
130048517 103 952 12050
130113663 115 472 12069
130139994 115 449 12077
130174739 110 169 12088
130234091 106 845 12106
130323783 105 2899 12133
130344000 113 210 12139
130377537 101 177 12149
130450610 115 2992 12171
130512002 108 2567 12190
130545230 104 1202 12201
130559479 111 2418 12205
130591678 104 1502 12216
130606328 103 1102 12221
130695732 105 1391 12249
130708778 119 2104 12253
130714662 103 1828 12255
130830744 107 2410 12290
131033838 102 2319 12349
131059825 112 2639 12357
131214562 116 1052 12404
131231877 101 134 12409
131271072 107 1408 12421
131324124 100 142 12437
131362294 105 1678 12449
131456163 108 671 12476
131486553 118 17 12486
131525676 105 2114 12497
131629686 109 1991 12527
131649160 101 2880 12533
131658396 116 2714 12536
131803156 112 2266 12578
131827596 119 1897 12586
131864886 103 1756 12598
131961195 110 2920 12627
131964834 117 1833 12628
132003458 117 2855 12640
132031172 107 940 12648
132076291 118 1683 12661
132268095 111 752 12720
132273750 110 938 12722
132281161 108 2109 12724
132307822 108 2486 12732
132525824 104 665 12799
132557510 100 2173 12809
132590691 117 1300 12819
132642076 113 570 12834
132649354 110 2011 12836
132675146 110 1887 12845
132695541 102 1453 12851
132698433 108 2726 12852
132712969 102 2493 12857
132867689 102 2600 12904
132885250 112 1097 12909
132898781 113 114 12913
132904529 108 2402 12915
133004223 105 143 12946
133057965 118 2607 12962
133111938 115 1271 12978
133125622 113 1899 12982
133170433 104 1415 12996
133216125 103 2119 13010
133307150 115 1322 13038
133341994 100 1660 13048
133347752 105 2471 13050
133364810 103 2687 13055
133368476 104 1953 13056
133433563 100 1128 13075
133495579 103 626 13094
133545452 107 1987 13109
133565853 108 2929 13115
133678396 100 2992 13151
133731276 110 664 13167
133734279 101 2190 13168
133745019 101 1316 13171
133758910 104 2479 13175
133779867 103 1942 13181
133841519 111 1859 13199
133905585 104 2106 13218
134059012 102 2151 13264
134079674 112 216 13270
134150075 112 970 13292
134240018 105 1112 13318
134332789 101 575 13346
134376713 106 1823 13358
134436841 108 182 13377
134553678 118 2865 13414
134595079 112 2716 13426
134601709 102 1988 13428
134815684 118 2471 13493
134817860 103 1521 13494
134842450 107 1398 13501
134903050 105 2531 13519
134935854 112 2329 13529
134940702 114 1633 13531
134958657 106 2215 13536
134971379 102 1997 13540
135061771 107 2605 13566
135078888 108 678 13572
135177748 110 2392 13603
135213176 114 2972 13614
135297476 102 2616 13639
135345974 101 1262 13653
135380198 116 2436 13664
135418050 112 1934 13675
135428650 102 865 13678
135487955 119 1839 13695
135509666 110 353 13701
135521870 116 621 13704
135548653 117 73 13713
135665657 102 2336 13749
135685315 106 1932 13755
135703367 117 409 13760
135736489 111 312 13771
135840989 114 2805 13805
135887280 102 1710 13818
135909038 116 1158 13824
135946062 116 1308 13836
135990050 115 2079 13848
136032266 113 2836 13861
136074519 113 2248 13874
136110275 109 1787 13884
136116754 119 2363 13886
136204029 105 375 13913
136207519 108 1741 13914
136217943 114 45 13917
136249825 101 416 13926
136328429 114 1083 13951
136445248 105 1806 13988
136468835 119 1635 13995
136537855 108 860 14015
136589411 119 1244 14030
136627733 106 1534 14041
136644811 118 947 14047
136670843 112 516 14055
136675176 114 1894 14056
136757740 115 2774 14079
136779168 119 2236 14085
136837744 105 1569 14103
136894417 116 159 14119
136900348 100 1893 14121
136947164 111 2127 14137
136958508 100 1253 14140
137030185 103 981 14162
137035615 119 1235 14164
137052738 101 1710 14169
137100586 105 2155 14184
137185513 108 2470 14211
137212523 103 171 14219
137237738 113 1098 14227
137302076 116 2287 14245
137335466 105 1778 14256
137370109 118 552 14266
137416980 116 2240 14280
137477812 110 1067 14299
137562366 114 2196 14325
137610948 113 1264 14339
137653887 119 2389 14352
137793095 113 2843 14394
137799358 106 230 14396
137853380 104 633 14412
137916144 114 2192 14430
137986879 110 2231 14450
137991958 103 1660 14452
138038690 114 854 14466
138053021 115 2010 14471
138056345 105 1338 14472
138062003 109 657 14474
138091502 109 1212 14483
138213179 117 1934 14519
138222920 112 1971 14522
138353407 119 1735 14562
138377388 111 1445 14569
138460942 104 1990 14593
138472178 114 1298 14596
138498086 112 2554 14604
138503185 106 2554 14606
138599321 117 704 14634
138615319 111 1067 14639
138641916 106 2508 14647
138669409 107 2307 14655
138676863 118 399 14657
138680318 107 1954 14658
138688360 102 2166 14661
138705481 119 2164 14666
138760332 106 965 14682
138780091 101 2164 14688
138785760 100 2913 14690
138905968 107 1159 14726
138986170 109 559 14749
139012874 102 1460 14757
139045623 102 1145 14766
139108788 113 1453 14785
139160563 106 1703 14799
139186021 116 910 14807
139262198 106 2254 14830
139348409 115 1505 14855
139355060 113 2662 14858
139540033 115 2492 14914
139576620 101 1401 14925
139663997 114 1899 14951
139681031 111 860 14956
139694545 119 513 14960
139713113 109 979 14966
139727374 108 2550 14970
139749112 106 723 14977
139786897 119 1146 14989
139847183 105 1255 15007
139856432 101 2602 15010
139903192 114 2651 15023
140010278 111 1319 15057
140023148 112 2408 15061
140063120 116 178 15072
140206244 101 180 15115
140207820 109 2226 15116
140222420 115 1724 15121
140270773 116 1415 15135
140326400 103 364 15151
140340256 107 1229 15155
140356635 117 1514 15159
140422043 103 1371 15179
140425596 106 1425 15180
140437358 104 937 15184
140461493 107 862 15192
140469130 107 227 15194
140696227 113 1539 15259
140710234 102 2640 15263
140713172 108 470 15264
140729808 114 1254 15269
140753619 119 2050 15276
140776876 102 2587 15283
140940701 115 1119 15333
140989226 103 2970 15348
141025063 106 56 15359
141031291 109 923 15361
141072805 102 1659 15374
141075855 105 1265 15375
141203817 102 2199 15414
141299998 118 1414 15442
141330847 104 886 15451
141450763 109 1160 15487
141477817 104 2199 15495
141493489 113 540 15500
141514826 110 1213 15506
141582445 118 2930 15526
141628279 112 2929 15541
141677473 115 2260 15556
141812591 103 2614 15598
141820353 117 2822 15600
141823368 101 473 15601
141885896 118 1253 15620
141902151 106 905 15625
141924617 114 305 15632
141935519 107 1395 15635
141992943 117 2631 15652
142020737 115 1782 15661
142031827 103 2247 15664
142170572 103 1927 15709
142261578 106 2376 15737
142273709 104 2743 15740
142325277 108 185 15755
142331821 108 431 15757
142375569 107 2368 15771
142406132 118 2711 15781
142410202 105 2073 15782
142512312 116 1718 15812
142566217 104 833 15830
142586105 118 25 15836
142611166 110 1314 15844
142631343 103 58 15850
142699274 109 1846 15871
142727160 114 549 15881
142732876 110 637 15883
142756049 115 2276 15890
142762351 118 2035 15892
142904444 111 2939 15935
142922153 116 1231 15941
142949114 117 56 15949
142976419 109 307 15956
142980374 108 1535 15957
142996481 111 89 15962
143003641 113 1625 15964
143059394 103 1929 15981
143072261 116 612 15985
143096103 113 2920 15992
143142276 115 833 16006
143148988 112 1244 16008
143235840 104 1278 16032
143320225 100 2335 16057
143386356 115 643 16077
143438173 102 2380 16092
143471776 100 208 16102
143474887 113 1157 16103
143529617 111 1227 16119
143576933 104 2009 16134
143622053 103 1756 16148
143646857 116 2902 16157
143651190 106 2980 16158
143687514 114 2967 16169
143690986 103 1712 16170
143698290 116 2077 16172
143704912 112 2954 16174
143722872 118 1500 16179
143739425 111 2564 16184
143745760 117 103 16186
143819518 118 2130 16209
143901766 100 2028 16235
143907721 116 141 16237
143943002 119 1988 16247
143963099 106 2940 16253
143970867 115 1254 16255
144098825 117 1912 16294
144104749 114 55 16296
144119318 116 2803 16301
144178711 112 1213 16319
144205981 100 2919 16327
144282054 105 1060 16350
144284668 111 235 16351
144435378 113 2979 16394
144439123 108 1436 16395
144512127 106 317 16416
144540092 119 2706 16425
144589170 111 2122 16440
144607196 108 147 16446
144623211 104 1821 16451
144709400 104 492 16476
144712549 107 2282 16477
144803440 111 202 16505
144821664 114 2973 16510
144953619 105 194 16550
144955933 106 2733 16551
144965711 110 197 16554
145013467 110 978 16568
145019257 119 255 16570
145079569 114 4 16588
145085480 112 2849 16590
145164744 112 644 16613
145201691 113 727 16624
145229783 114 1314 16632
145261161 101 1684 16642
145345090 103 619 16667
145348571 102 505 16668
145351821 104 2674 16669
145364347 114 2998 16673
145460781 111 1762 16701
145505700 102 1138 16714
145603601 103 2151 16743
145617858 106 1510 16747
145622128 115 855 16748
145727036 116 91 16780
145731369 116 1331 16781
145831277 116 2149 16810
145851478 114 529 16816
145866775 103 384 16821
145914621 113 1762 16836
145926609 108 1994 16840
146038327 100 2934 16872
146134845 107 1003 16903
146153317 101 2708 16909
146160270 113 481 16911
146181791 110 778 16917
146205171 113 1653 16925
146254567 109 2075 16939
146261448 104 1404 16941
146401457 102 1063 16983
146529015 104 649 17023
146589691 111 1991 17041
146616728 100 810 17049
146714294 105 2336 17078
146762510 105 1469 17092
146791905 108 2684 17101
146820781 114 367 17110
146966325 101 1370 17155
147036665 117 999 17177
147181077 109 1395 17220
147210878 103 906 17230
147271843 104 1608 17249
147293667 112 2029 17256
147318136 107 1589 17263
147321351 109 617 17264
147359344 112 1073 17275
147418854 116 723 17293
147457003 110 1494 17305
147460876 102 483 17306
147463831 104 1698 17307
147517197 117 173 17323
147547096 105 2534 17332
147594892 106 2378 17346
147598041 102 1742 17347
147624060 114 1866 17355
147630123 117 58 17357
147653592 102 1822 17364
147657315 100 1973 17365
147698167 112 2244 17377
147768188 115 2031 17399
147825990 103 985 17415
147858583 111 2528 17426
147895817 100 2222 17438
147959915 102 1744 17457
148049081 116 1680 17484
148112453 106 706 17503
148399152 111 1466 17588
148402986 117 1641 17589
148414674 110 1061 17592
148490911 108 864 17615
148512348 114 2920 17622
148538299 110 130 17630
148578225 108 1607 17641
148604982 112 2317 17649
148624245 113 102 17655
148635218 102 1578 17658
148664210 106 2043 17667
148676618 110 839 17671
148680166 103 2287 17672
148683734 114 386 17673
148751077 104 1471 17692
148778722 101 577 17701
148791369 101 598 17705
148814028 103 1404 17713
148853745 113 107 17724
148857289 109 1488 17725
148877327 107 568 17732
148882282 103 2542 17734
148895223 110 1579 17738
148905530 101 2218 17741
148908256 105 841 17742
148928564 109 490 17748
148952057 117 29 17756
149078278 112 849 17794
149100438 102 370 17800
149126459 100 777 17808
149155518 102 1569 17816
149164312 103 962 17819
149323232 105 1510 17866
149383925 102 1844 17885
149387762 107 1430 17886
149390448 110 1682 17887
149414248 119 1808 17894
149445390 105 2190 17904
149468409 107 806 17912
149478577 103 2465 17915
149524895 116 881 17930
149562835 107 2187 17942
149647950 110 840 17970
149683639 114 635 17982
149690517 114 120 17984
149714409 108 1917 17992
149756961 116 1373 18005
149791900 104 1327 18016
149877133 118 2875 18043
149895604 117 2168 18048
149929300 102 2168 18059
149935618 101 30 18061
149944611 103 690 18064
150028775 118 1113 18090
150040213 111 1204 18093
150042072 107 978 18094
150060071 113 1770 18100
150066751 101 609 18102
150096165 103 909 18110
150116368 112 2416 18116
150134876 110 542 18122
150138890 105 1737 18123
150177414 114 1047 18135
150183501 115 885 18137
150218778 100 1526 18148
150240623 103 239 18154
150257315 119 418 18159
150343972 111 1558 18184
150390915 111 1020 18198
150445157 105 1035 18213
150448491 116 1305 18214
150466893 108 2171 18219
150499079 116 2495 18229
150531750 116 2557 18239
150553494 119 2426 18246
150568055 118 159 18251
150623628 115 2951 18268
150674044 115 712 18283
150755791 113 2674 18307
150800660 100 2473 18319
150946210 119 1721 18364
150974715 114 2350 18372
151005114 111 319 18381
151030294 105 402 18389
151072911 111 421 18405
151097996 115 247 18413
151100189 114 2034 18414
151129490 108 1576 18423
151133751 118 2577 18424
151163303 114 2454 18434
151196563 102 1127 18444
151206068 105 1754 18447
151213354 113 513 18449
151232831 101 2305 18455
151269117 103 160 18466
151316625 110 1769 18481
151329243 117 281 18485
151340158 109 2527 18488
151343893 115 2286 18489
151410173 115 1581 18510
151521488 117 235 18542
151629189 111 33 18575
151684484 105 876 18592
151726588 102 2180 18606
151763159 112 236 18618
151932664 102 2231 18667
151935798 103 2469 18668
151968059 117 2182 18679
152061793 118 114 18709
152104935 117 231 18723
152118597 110 958 18727
152158993 113 2406 18740
152173181 114 1386 18744
152290074 119 1243 18780
152292930 107 614 18781
152296400 111 2906 18782
152310571 113 53 18786
152312948 101 1460 18787
152326148 104 2646 18791
152348526 119 858 18798
152362744 102 637 18802
152461012 116 1325 18831
152474933 105 2604 18836
152487876 104 2793 18840
152538234 106 602 18856
152649242 110 261 18889
152655890 119 360 18891
152670060 108 2540 18895
152833806 104 2381 18943
152837016 109 2199 18944
152885217 103 2877 18958
152902464 111 1733 18963
152921726 100 2926 18969
152926059 109 923 18970
152952557 102 1785 18979
152978374 113 1511 18986
153163439 112 2179 19043
153178106 114 617 19048
153204803 106 1416 19057
153372049 111 204 19106
153380850 105 2967 19109
153387889 103 1619 19111
153390334 118 1252 19112
153407723 103 611 19117
153451749 109 1734 19131
153465601 101 257 19135
153481106 108 794 19140
153537491 107 1750 19158
153559236 118 426 19165
153592179 103 52 19174
153641767 116 1780 19189
153670020 103 180 19197
153699373 106 1934 19206
153731002 115 2689 19216
153759399 105 788 19224
153779582 115 1450 19230
153796743 101 2098 19235
153922814 119 1862 19274
153970639 101 1833 19289
153973844 107 1789 19290
153989855 111 928 19295
154101931 104 241 19328
154135254 107 2723 19339
154296383 103 1722 19385
154328323 118 2149 19395
154441504 110 1244 19429
154496877 100 2480 19445
154557278 103 1566 19464
154761626 109 630 19526
154992569 111 1339 19597
155056091 116 199 19616
155077286 105 418 19622
155116862 117 1009 19633
155136349 109 1808 19639
155169193 106 2496 19649
155172372 104 70 19650
155254991 119 538 19675
155301921 102 2649 19689
155316422 104 139 19693
155329325 115 895 19697
155333151 102 2277 19698
155349375 119 689 19703
155367614 113 159 19709
155398513 104 206 19719
155410231 109 974 19723
155450427 107 1684 19735
155459778 101 1154 19738
155558580 108 2762 19768
155602591 109 684 19781
155604976 109 1903 19782
155645033 102 306 19794
155760933 117 1568 19830
155801556 119 1830 19843
155944664 112 355 19885
155958758 108 1524 19889
155987532 110 1286 19897
156007209 105 2911 19904
156041697 101 2817 19914
156068544 107 1117 19921
156086674 109 1981 19926
156169161 117 977 19951
156176721 110 666 19953
156199460 100 2214 19959
156231507 112 1197 19968
156253186 105 2434 19975
156410802 116 1064 20022
156482996 109 1680 20045
156506175 113 2150 20051
156527152 113 1528 20057
156540814 111 2483 20062
156590840 108 2988 20077
156616648 111 1199 20085
156680960 117 2762 20104
156738095 109 1329 20121
156759757 115 349 20128
156862927 100 2116 20158
156888749 102 689 20166
156922784 109 2904 20176
156934552 111 2353 20180
157007858 110 515 20203
157030026 107 1896 20210
157045358 100 408 20215
157051075 119 74 20217
157079270 114 1172 20226
157140092 107 1583 20245
157186886 105 2833 20258
157202409 105 741 20263
157205361 117 1624 20264
157208520 112 2741 20265
157219099 114 2803 20268
157251194 103 440 20277
157369488 105 1573 20313
157490180 118 427 20349
157519613 104 1473 20358
157523820 111 623 20359
157537358 114 1846 20363
157541333 105 2663 20364
157611374 110 1715 20384
157628221 107 2936 20389
157684712 105 2783 20406
157776726 101 2071 20434
157832145 111 2935 20451
157929635 114 1024 20479
157952924 100 1731 20487
158005102 104 1881 20503
158087328 104 505 20527
158102479 102 2305 20532
158167749 107 1090 20552
158203141 105 2643 20564
158206594 105 1338 20565
158269567 114 2049 20584
158293111 111 1615 20591
158384221 118 1145 20619
158419266 113 2564 20630
158445872 102 2827 20638
158497093 117 666 20654
158601873 103 1948 20683
158621273 109 1703 20689
158735392 119 1589 20725
158816831 112 2911 20749
158862631 109 693 20763
158875083 111 1451 20767
158886950 109 926 20771
158940429 106 2197 20787
159052454 103 194 20821
159087415 113 1868 20831
159106711 101 2369 20837
159116975 101 1288 20840
159130593 114 2167 20844
159174197 107 2041 20857
159225109 104 2050 20873
159256835 109 1627 20883
159298216 102 1683 20896
159386855 107 2807 20921
159511797 119 2852 20957
159533246 105 147 20964
159550093 118 2947 20969
159560242 103 1129 20972
159627823 108 2876 20992
159633917 114 2129 20994
159645049 112 183 20997
159657476 113 1993 21001
159660305 101 1239 21002
159731796 111 2761 21024
159741532 100 489 21027
159841362 114 2072 21058
159911206 118 28 21079
160013596 114 1712 21109
160033684 102 1144 21115
160056713 103 91 21123
160096996 117 1875 21135
160099833 118 1550 21136
160109461 118 823 21139
160164713 110 1461 21155
160230695 114 1853 21175
160286206 113 436 21191
160347175 109 2798 21208
160354011 107 2605 21210
160406367 109 1340 21226
160416503 117 1486 21229
160483743 113 1246 21249
160498041 116 2802 21254
160550951 104 2536 21270
160597187 103 1466 21285
160741365 117 1734 21329
160780802 100 894 21341
160839878 114 649 21359
160910937 118 2059 21380
161074947 101 620 21429
161089582 116 1560 21434
161137973 107 2382 21449
161158453 111 746 21455
161184833 111 951 21463
161195956 111 2202 21466
161267587 102 1204 21487
161311209 107 1303 21501
161382825 106 17 21522
161409089 108 1277 21530
161588658 115 2560 21587
161599145 102 1112 21590
161639913 110 2571 21603
161687303 105 636 21616
161690571 103 655 21617
161757726 119 2547 21637
161795132 104 1844 21648
161920650 115 2613 21685
161986960 103 2523 21705
162026858 101 2094 21717
162038727 116 2857 21721
162052768 111 27 21725
162060971 115 1481 21728
162132876 118 1500 21750
162298565 114 1638 21800
162306791 113 2541 21803
162345604 119 2373 21815
162407337 111 2808 21834
162571010 105 1802 21883
162667514 103 1149 21912
162785600 110 1707 21948
162801904 118 2504 21952
162864605 118 2090 21973
162879685 105 486 21978
162882217 103 477 21979
162953185 113 2494 22000
162962484 106 1998 22003
162992364 101 739 22012
163160385 114 894 22063
163196108 107 1045 22074
163251777 102 2428 22091
163304831 112 2925 22107
163327131 114 2350 22114
163461472 112 1360 22153
163601699 105 1591 22196
163612941 100 740 22199
163650330 110 2198 22210
163670290 105 2741 22217
163674353 100 32 22218
163704334 108 2935 22227
163714433 106 2115 22230
163775046 117 269 22247
163777238 103 52 22248
163997662 103 1638 22314
164019645 108 2963 22321
164029169 113 2104 22324
164079091 106 1635 22339
164094564 117 201 22343
164134259 101 1097 22355
164259415 107 1998 22391
164297616 113 988 22402
164357088 119 2695 22421
164449791 108 2617 22449
164471909 109 916 22456
164551857 114 2285 22479
164575268 116 513 22486
164601736 104 151 22494
164619889 102 1601 22500
164768726 105 1634 22543
164789691 111 2887 22550
164793046 115 1534 22551
164854435 118 795 22569
164861005 105 541 22571
164893303 106 1030 22581
164915587 118 563 22588
164966235 100 1944 22603
165210463 110 1733 22676
165252748 108 1580 22689
165290852 102 2314 22701
165312016 102 1916 22708
165318024 117 128 22710
165351883 102 1173 22721
165354599 119 2650 22722
165431247 116 1400 22745
165479827 119 2093 22762
165553564 103 35 22784
165572824 114 2317 22789
165598946 115 19 22797
165655717 109 215 22815
165658896 105 1127 22816
165679925 113 1942 22822
165692642 113 1301 22827
165712313 119 2648 22833
165725965 101 2216 22837
165814534 113 580 22864
165857763 101 1456 22876
165947397 107 2322 22903
165960078 106 549 22907
165994715 103 583 22917
166001391 117 1620 22919
166017366 117 1520 22924
166055391 114 2717 22936
166097855 109 1182 22949
166143018 108 2831 22963
166198138 105 1027 22981
166240940 115 518 22993
166273080 107 2850 23003
166279900 109 1873 23005
166454106 111 306 23058
166458082 100 1977 23059
166459630 107 1722 23060
166463225 107 1305 23061
166507225 102 366 23075
166591131 105 2664 23100
166612190 119 628 23106
166668433 101 2417 23123
166689504 110 2276 23129
166718143 109 2600 23138
166768907 119 2059 23154
166835981 103 938 23173
166853678 105 466 23178
166879687 112 966 23186
166932879 106 433 23202
166979789 108 1915 23216
166982785 108 70 23217
167003247 115 916 23223
167015872 100 1030 23227
167018763 108 2529 23228
167044312 104 1147 23235
167066457 115 1399 23242
167118415 115 2040 23258
167121672 117 795 23259
167140776 105 810 23265
167315444 119 1045 23318
167346103 108 1525 23327
167366591 104 2775 23333
167375164 106 1871 23336
167410664 102 2541 23347
167451436 105 688 23358
167476713 115 849 23366
167543427 114 2792 23387
167705491 115 1696 23434
167732498 118 1843 23442
167795340 118 902 23461
167821997 110 2390 23469
167875409 110 1397 23484
167920396 112 2796 23497
167925874 107 2092 23499
167977349 112 2100 23515
168019343 108 2117 23529
168103204 118 2876 23554
168111340 119 206 23557
168114538 105 2162 23558
168133453 102 30 23564
168206155 115 559 23586
168329375 107 745 23623
168339866 112 1847 23626
168423529 112 2753 23651
168478467 102 197 23667
168499627 103 1836 23673
168506377 119 2986 23675
168533296 119 1380 23684
168609172 111 2053 23708
168650416 109 823 23720
168666444 101 2877 23724
168706105 109 1503 23735
168767783 113 1015 23755
168918448 117 157 23799
168969601 117 514 23814
169070136 104 0 23843
169132278 117 1241 23863
169179639 103 1410 23877
169260403 104 1689 23902
169361801 112 2959 23931
169377666 114 246 23936
169434854 116 2825 23953
169438419 111 331 23954
169441441 105 2489 23955
169656747 113 838 24020
169689717 116 1786 24029
169745097 112 516 24047
169803840 104 1333 24064
169912450 101 607 24097
169952831 114 2414 24110
169992128 117 289 24122
170018931 100 1555 24130
170117234 105 1976 24161
170140267 107 2122 24168
170182657 106 2491 24181
170185837 106 805 24182
170202650 117 1808 24187
170345741 117 1323 24229
170392337 111 2230 24243
170427369 104 2891 24254
170623748 106 398 24313
170634910 116 2669 24316
170662288 112 1281 24324
170670876 115 237 24327
170719657 116 730 24342
170851710 104 1391 24381
170884662 110 1490 24391
170939690 106 1553 24408
170998279 115 2920 24426
171033005 116 1768 24436
171043871 116 1823 24439
171049212 109 1481 24441
171072148 114 940 24449
171074675 105 1599 24450
171127027 106 613 24466
171265328 110 2757 24509
171268578 114 2208 24510
171278792 109 2715 24514
171297317 116 753 24519
171304935 110 2442 24521
171380674 112 2764 24543
171390753 103 881 24546
171420733 114 2240 24555
171483350 104 2236 24574
171503021 117 2326 24580
171506601 114 934 24581
171628571 111 2153 24617
171659982 100 738 24626
171670532 105 1292 24629
171696234 103 253 24637
171716006 113 2362 24643
171771936 104 1649 24660
171789041 104 2577 24665
171797357 115 1883 24668
171802911 106 541 24670
171873346 114 2404 24691
171975683 116 570 24722
171987185 100 1657 24725
172013198 102 918 24733
172088226 103 2143 24756
172162930 111 2163 24778
172230083 104 1020 24799
172242864 100 1766 24803
172265393 115 544 24810
172324983 109 2283 24827
172382532 101 1395 24844
172386430 119 1235 24845
172476665 105 1704 24871
172685565 108 2846 24936
172738984 105 630 24952
172817229 109 904 24975
172857420 100 2569 24987
172867296 117 61 24990
172869626 105 357 24991
172987531 117 1467 25026
173016908 118 2382 25035
173053505 106 2689 25046
173136671 110 943 25071
173238189 112 605 25103
173271474 115 2286 25113
173355360 112 1745 25139
173369335 106 124 25143
173493640 102 697 25179
173528517 105 615 25189
173556343 105 2165 25198
173584185 115 2012 25207
173600137 101 1589 25211
173625942 117 2678 25219
173655166 113 821 25228
173696818 117 255 25241
173707471 116 286 25244
173715128 115 2421 25246
173833962 108 160 25282
173862440 115 1486 25290
173875409 112 1908 25294
173902145 106 140 25302
174019576 103 1576 25337
174038966 103 1800 25343
174084497 111 2765 25357
174169562 109 2266 25383
174190723 100 1970 25389
174241149 118 1722 25404
174302718 116 596 25423
174324470 112 2470 25429
174413371 101 2104 25457
174527847 104 2379 25491
174535450 112 2458 25493
174545381 105 2672 25496
174561054 105 2451 25500
174615661 114 603 25516
174680711 117 560 25538
174745038 101 1861 25558
174751010 114 1083 25560
174798182 109 1944 25575
174824267 119 591 25584
174943385 116 2942 25621
174993743 101 2915 25636
175070962 100 1501 25661
175100546 101 245 25670
175352531 114 2020 25749
175371288 103 1274 25756
175429961 114 1224 25775
175516914 110 1203 25801
175572981 117 2782 25819
175653682 106 2792 25844
175679160 112 1569 25851
175725986 116 1730 25866
175765565 115 1480 25877
175970554 109 2910 25937
175977419 112 340 25939
176109986 109 1090 25979
176196944 102 1201 26005
176224950 109 2997 26013
176436218 117 1512 26075
176478215 111 571 26087
176523692 116 1820 26100
176539204 104 1957 26105
176735990 119 179 26167
176761951 118 591 26175
176857560 112 2213 26203
176868277 106 2423 26206
176905220 102 2841 26217
176977320 118 2605 26239
176990606 114 1577 26243
177014983 110 1363 26251
177039365 109 2110 26259
177063030 101 1334 26266
177081746 110 89 26272
177088857 115 1163 26274
177273943 100 2979 26329
177409781 102 877 26369
177474188 111 542 26388
177530384 100 1027 26406
177566412 101 2129 26417
177621749 104 1156 26434
177719870 108 445 26464
177874473 106 316 26511
177884894 108 614 26514
177924608 104 2556 26526
177933576 116 2412 26529
177984317 106 1596 26544
178001660 115 2113 26549
178022267 106 1040 26555
178046725 110 44 26562
178070619 113 869 26569
178103051 112 1210 26579
178138669 106 1456 26590
178145001 109 986 26592
178193374 117 2484 26606
178272942 101 75 26631
178301070 102 478 26639
178336322 116 726 26649
178340275 115 127 26650
178402923 114 1444 26669
178410503 114 1673 26672
178475501 101 2623 26692
178643626 109 392 26743
178685283 116 2845 26755
178723920 106 2366 26766
178791804 118 103 26786
179043086 119 2863 26863
179189980 105 1809 26908
179275266 118 152 26933
179283919 103 2432 26936
179314956 118 1163 26945
179523636 105 1708 27007
179615799 118 261 27035
179664558 100 622 27050
179667498 110 2548 27051
179748127 105 833 27075
179798855 105 1521 27091
179886563 115 2862 27118
179958518 102 2631 27140
179980308 119 2601 27146
180009557 118 1460 27155
180063252 114 271 27172
180110468 119 167 27186
180130532 107 2389 27192
180142180 117 274 27195
180153805 105 635 27199
180255427 119 2349 27229
180376496 104 1597 27267
180514344 105 1892 27308
180574392 109 2504 27327
180576707 100 1289 27328
180590798 117 1331 27333
180593747 109 1440 27334
180621666 118 190 27342
180653434 119 2088 27351
180671555 104 1274 27356
180685828 102 762 27360
180689087 107 2316 27361
180702255 115 2506 27365
180706419 100 864 27366
180731757 107 1128 27374
180737676 107 777 27376
180743732 101 2174 27378
180757758 111 916 27382
180768644 105 106 27385
180801063 108 1723 27395
180826528 102 2122 27403
180828528 117 1565 27404
180836870 102 2500 27406
180843203 113 460 27408
180881598 100 2007 27419
180905021 108 1036 27426
180916707 117 376 27430
180926429 104 2163 27433
180941589 114 259 27438
180964987 110 1144 27445
181026317 110 198 27464
181035694 104 2754 27467
181057957 117 2000 27474
181068620 101 1133 27477
181152284 117 2747 27503
181186097 100 2116 27514
181199493 113 2213 27518
181246526 113 2784 27532
181274597 101 2844 27541
181543449 116 830 27622
181568517 110 135 27630
181631790 109 2708 27649
181668224 112 107 27659
181738139 119 1769 27680
181758486 116 1937 27686
181770736 103 753 27690
181844124 102 2178 27712
181877893 111 2053 27721
181915239 119 683 27732
181957138 115 2165 27746
181974990 108 744 27751
182150068 115 674 27806
182212568 117 719 27823
182240234 111 2524 27832
182281645 117 521 27845
182285892 104 384 27846
182307933 116 995 27852
182364216 118 91 27869
182461407 113 1436 27899
182473030 106 807 27903
182547752 117 2426 27925
182579405 114 2590 27935
182601936 117 1414 27943
182612703 103 1669 27946
182643412 110 1793 27954
182656001 103 2339 27958
182684338 110 2430 27967
182713543 116 1501 27976
182750962 108 2150 27987
182772849 115 804 27994
182844879 112 1140 28016
182854547 109 118 28019
183048173 118 655 28077
183259497 116 2577 28138
183359233 117 2168 28170
183399023 114 540 28183
183421478 115 1618 28190
183458876 117 1217 28202
183480776 103 1797 28209
183517069 107 1123 28221
183566563 100 1570 28235
183948540 111 2642 28351
184022264 108 935 28374
184045147 109 1596 28381
184097694 108 2790 28397
184127539 108 1851 28406
184149691 117 191 28412
184186598 109 1817 28423
184321266 101 2577 28465
184353526 110 1862 28475
184462513 106 1299 28510
184542526 114 1772 28535
184636300 101 1452 28563
184721854 119 2852 28591
184781452 100 181 28609
184897221 107 1777 28643
184949560 106 126 28658
184956108 113 2318 28660
185001340 105 1417 28674
185020771 118 1938 28680
185024131 116 877 28681
185046104 101 679 28687
185098447 103 1161 28703
185225762 103 1171 28743
185250025 105 865 28751
185268925 100 2414 28756
185358179 118 360 28785
185520590 104 1567 28838
185555213 113 1387 28849
185583201 116 316 28857
185605260 104 2006 28863
185736793 109 1109 28903
185744560 111 130 28905
185759990 108 620 28910
185789200 110 2325 28920
185797220 100 1209 28922
185800254 112 2142 28923
185804528 103 1867 28924
185811199 102 965 28926
185831120 116 2718 28932
185903353 110 847 28954
185941236 106 1829 28966
185969178 112 1443 28975
186017018 117 162 28990
186298598 101 2327 29075
186308808 107 1088 29078
186353222 117 1507 29091
186374978 107 966 29098
186393599 111 2416 29103
186402807 107 1589 29106
186466866 101 482 29125
186592256 117 2115 29163
186648948 110 2579 29179
186754596 108 2477 29210
187012514 112 103 29287
187205141 113 1814 29345
187321448 119 1753 29380
187347085 113 862 29388
187373326 114 2731 29397
187427110 117 1925 29414
187510346 113 570 29439
187513836 118 2415 29440
187517861 114 2358 29441
187521233 108 2929 29442
187758040 113 2521 29512
187761972 103 2591 29513
187795536 117 1451 29524
187819407 115 2923 29532
187858707 114 1614 29544
187925322 104 1913 29565
187928991 101 198 29566
187943316 113 1030 29571
188030539 108 4 29597
188049794 100 2694 29603
188091802 112 2090 29617
188221716 103 2086 29657
188242144 116 872 29663
188270291 100 2327 29671
188288090 101 933 29677
188364455 103 2653 29700
188490033 105 711 29739
188517557 110 92 29747
188588441 114 171 29768
188782932 114 1551 29825
188819712 113 570 29836
188826638 109 948 29838
188884649 111 77 29855
188887984 117 1118 29856
188914604 116 469 29864
188924669 107 770 29867
188927697 118 2550 29868
188955065 117 2400 29876
189021604 119 937 29895
189074242 109 242 29910
189097915 104 2451 29916
189111748 107 1710 29920
189118098 108 392 29922
189157792 110 2392 29934
189187746 109 1700 29943
189253825 118 273 29964
189311940 118 936 29982
189319235 110 934 29984
189354723 110 1652 29996
