938762 118 864 22
1089351 114 684 26
1201119 107 693 29
1241558 102 451 30
1452189 117 276 35
1678162 112 652 41
3052606 107 541 76
3839915 107 807 95
4722991 108 446 117
5103251 115 597 127
5495255 116 428 137
6131515 117 939 152
6181515 106 105 153
6391487 109 396 158
6475011 119 897 160
7492296 110 131 185
8296940 101 161 205
8981160 107 985 222
9017305 111 523 223
9248857 112 961 229
9829514 117 239 244
9910284 114 329 246
10012498 105 47 249
10386387 117 9 258
12396287 104 809 310
12985559 105 614 325
13212514 118 535 331
13729371 110 980 344
14219001 110 290 357
15100875 119 689 379
15620794 119 69 392
15771081 117 319 396
17402301 116 330 437
17482842 106 955 439
18192056 105 8 457
18228976 105 455 458
18501499 114 837 465
19514432 102 43 490
19761973 115 963 496
19879141 101 942 499
21019522 114 414 527
21331082 115 605 535
21529627 112 938 541
21746808 116 30 547
21879257 109 964 550
22339130 102 767 561
22683441 100 45 570
24437056 117 6 615
25078481 102 841 632
25274472 115 55 637
25502728 113 551 643
26076980 116 133 657
27428410 118 422 691
29012171 116 252 730
29086121 108 712 732
29223283 115 479 735
29379390 101 238 739
29577036 101 811 744
29748572 100 947 748
30336862 103 631 763
30715125 116 263 773
31679492 106 247 797
31860790 102 539 802
32321535 108 616 814
32357227 109 882 815
32675162 106 712 823
32959358 107 745 830
33238943 111 825 837
33892457 105 798 854
35124872 107 414 885
35629889 103 78 898
36672957 115 766 924
37831058 102 299 952
38072635 106 15 958
38799755 102 911 977
39186201 103 282 987
39355907 116 912 991
39680962 102 133 999
39724531 115 538 1000
40009086 114 621 1007
40971221 112 296 1030
41431593 115 141 1041
41626904 108 909 1046
41786782 102 807 1050
42594719 119 328 1071
42670786 100 606 1073
43861206 116 793 1102
45422148 115 621 1141
45653815 107 984 1147
45818768 111 91 1151
46822259 119 31 1176
47297761 101 647 1188
47422508 105 956 1191
48583257 104 910 1220
48621905 111 502 1221
48954489 113 482 1229
49182015 117 168 1235
49800473 117 257 1250
50353135 113 340 1264
51764150 114 864 1300
53710912 118 122 1347
56371447 102 376 1412
56906886 115 399 1425
57031965 103 150 1428
57278651 102 903 1434
57687689 108 416 1445
58658828 118 968 1469
58749604 104 3 1471
60601784 111 773 1517
62158106 115 316 1557
62875640 117 106 1575
63584223 109 686 1593
63993625 116 318 1603
64291894 117 470 1610
64440344 102 419 1614
65068214 113 475 1630
65848671 104 358 1650
66486540 110 352 1666
67035854 105 174 1680
67468534 110 976 1691
67799674 107 149 1699
67957153 113 90 1703
68210575 108 845 1710
68671763 114 610 1721
69288601 114 213 1736
69901740 100 187 1751
70093199 106 847 1756
70775859 117 275 1774
71359334 102 914 1789
71923948 111 395 1803
72027720 100 290 1806
72897900 111 231 1828
73080105 112 640 1832
73484182 102 957 1842
76270139 109 245 1910
76737673 101 501 1922
78189452 115 767 1958
78560445 110 300 1967
79056536 114 517 1979
79298241 113 475 1985
79841918 118 839 1998
81543950 100 320 2041
83168898 106 670 2082
84310524 112 492 2111
84475167 118 361 2115
84975917 112 308 2128
85580961 118 721 2143
85783456 104 674 2148
85813610 112 535 2149
86479764 105 463 2166
87312291 100 907 2188
87693813 104 740 2197
87826021 106 654 2200
87856241 107 114 2201
87931865 109 770 2203
88052791 102 183 2206
89203752 104 556 2235
89319513 117 78 2238
89629250 117 286 2246
89659364 113 601 2247
89984302 103 640 2255
90019736 104 575 2256
90787144 104 883 2274
91230708 105 646 2286
91887730 109 278 2302
92988685 113 488 2329
93190881 101 568 2334
94021665 117 799 2354
95216434 115 513 2384
95297973 100 889 2386
95377203 101 825 2388
97400554 106 636 2439
97694369 100 48 2446
98115120 102 360 2456
98784155 110 413 2473
98891839 113 565 2476
98963488 111 257 2478
99253632 117 843 2485
99343934 106 655 2487
100228343 113 466 2509
101330094 106 795 2535
102942076 119 727 2574
103548006 118 285 2590
104137424 106 206 2606
104571449 101 680 2617
109039716 114 623 2727
109608105 102 74 2741
109641431 109 916 2742
110772796 102 471 2771
111713185 107 617 2795
112107577 106 442 2805
112392614 119 512 2812
112661861 118 80 2819
114182836 110 481 2856
114377172 101 186 2861
115514541 101 682 2889
117270775 105 186 2933
117873347 104 788 2948
119509560 114 592 2987
120174463 100 142 3012
120261117 108 128 3020
120295765 103 28 3024
120358621 116 964 3030
120443453 107 424 3039
120706114 111 819 3064
120853993 102 497 3078
121306369 112 193 3123
121333521 114 120 3126
121338662 112 662 3127
121473556 106 497 3140
121622905 114 301 3156
121674726 100 203 3161
121740575 106 761 3168
121841431 104 117 3178
122124312 114 53 3208
122135181 101 548 3209
122218798 105 585 3217
122230607 114 769 3218
122240591 114 635 3219
122373225 119 532 3232
122423004 119 84 3237
122512626 109 834 3246
122681832 105 132 3264
122763484 108 492 3272
122810892 106 928 3277
122858166 110 993 3282
123016312 116 756 3297
123040790 105 159 3299
123154893 103 405 3311
123234820 107 679 3319
123695037 102 542 3367
123798774 107 731 3377
123817357 119 924 3379
124028741 119 382 3399
124159375 107 889 3412
124209072 114 386 3417
124229852 102 857 3419
124417154 116 182 3437
124482630 119 784 3444
124703373 101 974 3466
124772027 113 510 3472
125076672 110 151 3503
125214464 104 573 3516
125357241 102 852 3530
125550523 119 119 3549
125856172 110 72 3583
125929682 105 76 3591
126196924 109 383 3618
126227147 102 70 3621
126271893 109 425 3625
126638738 119 447 3662
126854664 108 377 3684
127405890 108 657 3738
127426421 105 82 3740
127957163 104 20 3794
128005134 115 920 3799
128186790 112 475 3818
128334449 119 566 3831
128392731 100 779 3837
128450167 101 214 3843
128642303 104 560 3862
128651133 109 791 3863
128768779 117 379 3876
128976143 105 871 3898
128992869 119 714 3900
129083878 101 965 3908
129348209 116 631 3937
129438914 108 702 3945
129473421 115 429 3948
129509551 108 648 3952
129651861 111 244 3968
129699231 109 993 3973
129966720 109 980 4000
130030657 117 873 4006
130139068 112 520 4016
130388806 103 837 4040
130450215 113 487 4047
130458729 107 383 4048
130520088 106 282 4054
130530771 118 178 4055
130586715 108 356 4060
130836625 107 500 4085
131114927 103 924 4112
131477843 114 402 4151
131664530 105 627 4170
131689341 109 409 4173
131699268 104 705 4175
131789448 117 574 4184
131876030 100 244 4193
131930694 114 571 4198
132004567 111 541 4205
132055054 100 895 4210
132290354 103 90 4233
132397953 101 406 4245
132550165 105 449 4260
132670648 117 977 4272
133018099 100 81 4307
133025835 109 875 4308
133090180 107 555 4314
133198410 109 714 4326
133362552 107 543 4343
133407521 110 251 4347
133586339 116 195 4365
133655490 106 65 4371
133750635 115 460 4381
133819738 113 299 4388
133830566 108 827 4389
134115046 101 454 4418
134122931 111 756 4419
134234113 118 229 4430
134501794 107 406 4458
134520803 112 982 4460
134598173 102 267 4467
134748012 107 294 4483
134865253 104 458 4494
135139410 100 988 4521
135470695 118 75 4553
135805588 119 169 4588
135958274 110 766 4604
136038134 109 840 4612
136336573 117 680 4641
136368934 101 466 4644
136415750 114 732 4650
136459475 115 792 4654
136607866 108 814 4670
136781791 109 445 4688
136832425 116 845 4693
136876397 104 817 4697
136925400 119 433 4702
137281218 114 50 4738
137330260 113 614 4743
137426203 106 974 4752
137583011 105 114 4768
137660285 108 292 4775
137743710 104 686 4783
137908466 103 210 4799
138513402 111 108 4858
138667515 111 44 4872
138711084 119 697 4876
138828055 112 30 4887
138903136 103 553 4894
139214796 106 979 4925
139358451 104 276 4939
139421036 118 909 4946
139686729 114 397 4973
139801881 102 980 4985
139826118 116 961 4987
139935069 103 796 4998
140031356 114 614 5007
140128668 101 947 5017
140214525 111 586 5025
140273675 112 473 5031
140578859 112 737 5063
140837720 110 844 5088
140902601 107 693 5094
140930197 103 428 5097
141065536 110 205 5111
141358270 117 1 5140
141445910 109 213 5149
141468676 117 531 5152
141510075 119 273 5156
141637283 115 735 5169
141656305 106 840 5171
142355909 107 653 5239
142599506 116 843 5264
142969226 112 18 5302
143551134 108 690 5359
143599659 112 141 5364
143756113 104 873 5380
143918682 116 300 5396
144376516 101 13 5445
144469178 116 241 5454
144657114 107 633 5474
144866343 116 770 5494
145011672 115 477 5509
145303151 113 911 5537
145350696 117 407 5542
145434638 102 931 5550
145466269 106 240 5553
145537288 102 176 5560
145717883 112 733 5580
145739679 107 19 5582
145812908 104 516 5589
146642677 112 891 5673
146710267 105 723 5679
146734772 104 862 5681
146790801 109 870 5686
146799943 114 459 5687
146809290 104 363 5688
147006748 115 949 5708
147284975 116 950 5736
147630586 107 109 5770
148051058 118 769 5813
148240873 102 946 5833
148339995 116 686 5842
148362243 109 184 5844
148527977 116 162 5862
148623466 104 77 5871
148732082 106 241 5882
148834597 118 519 5893
148989973 108 490 5909
149130707 115 842 5924
149350180 111 484 5947
149598585 118 409 5973
149690148 115 188 5982
149717748 119 300 5985
149838390 104 207 5998
150094263 107 592 6022
150264493 112 785 6039
150321841 118 31 6044
150434680 115 163 6055
150451474 111 949 6057
150712446 107 736 6083
150947885 118 190 6108
150955195 102 327 6109
151100743 108 374 6123
151164626 115 448 6129
151531081 105 143 6168
151559963 108 188 6171
151579273 115 524 6173
151728736 118 822 6187
152440944 104 719 6257
152704334 112 732 6284
152726119 104 343 6286
152988691 106 423 6312
153034798 116 212 6317
153296899 110 747 6342
153557425 106 583 6368
153728570 103 137 6384
153867390 102 814 6398
153916893 109 632 6403
153962997 118 268 6408
154090490 100 628 6421
154141470 109 472 6426
154315912 109 779 6444
154386039 103 18 6452
154402623 117 559 6454
154573965 108 415 6472
154698577 100 891 6485
154773018 110 412 6493
155089564 105 817 6524
155177344 114 817 6533
155355933 112 891 6550
156416432 112 31 6658
157222586 118 204 6740
157286928 108 616 6747
157349460 119 588 6753
157451597 112 993 6763
157661138 102 671 6785
157780925 103 127 6797
157984577 104 444 6818
158070942 105 674 6827
158160998 117 493 6835
158193675 110 962 6838
158242982 110 568 6843
158433876 102 337 6860
158726808 108 117 6890
159097154 100 355 6926
159169025 101 125 6933
159286999 102 109 6945
159308725 119 213 6947
160098162 114 616 7025
160380876 104 324 7053
160435072 112 655 7058
160549900 107 520 7069
160980380 108 314 7112
161020537 111 375 7116
161122382 112 797 7126
161382386 106 788 7151
161592935 119 184 7172
161672115 116 276 7180
161696007 118 300 7182
161944648 116 405 7206
162002575 114 4 7212
162168241 116 868 7230
162221506 108 288 7235
162230310 103 825 7236
162285490 119 421 7241
162528470 109 910 7266
162636372 103 846 7276
162694256 100 6 7282
162730128 117 772 7286
162853998 101 147 7298
163044729 103 749 7317
163064328 113 320 7319
163144184 118 304 7327
163151574 119 15 7328
163250673 117 478 7338
163275423 113 695 7341
163345552 113 491 7348
163443362 116 149 7358
163605084 111 227 7375
163889829 100 450 7403
163983525 109 195 7412
164006376 110 561 7415
164118829 114 384 7426
164267939 105 76 7442
164437976 107 760 7458
164474573 115 546 7462
164507541 107 561 7465
164764485 105 569 7490
165097698 111 608 7524
165307527 102 449 7545
165605653 102 299 7576
165737044 115 497 7590
166410279 117 367 7658
166427627 106 975 7660
166464395 106 294 7664
166532548 101 351 7671
166574234 100 486 7675
166583164 107 221 7676
166594537 108 217 7677
167123257 117 906 7728
167247168 109 342 7741
167333523 113 348 7750
167526095 109 635 7769
167727566 101 484 7789
168072054 103 512 7824
168174906 112 529 7834
168186935 110 236 7835
168462170 105 133 7862
168575084 114 725 7874
168839985 107 193 7901
168959547 114 749 7913
169304123 108 903 7951
169348561 114 844 7955
169357352 118 871 7956
169385336 113 530 7959
169468802 105 498 7967
169588663 119 370 7979
169837161 110 961 8004
170207293 105 557 8039
170262636 103 786 8045
170302201 116 493 8049
170426838 113 432 8061
170716885 103 908 8092
171008888 115 761 8121
171287399 100 633 8148
171753532 119 982 8194
172015448 104 544 8220
172054704 106 930 8224
172185554 111 763 8239
172362424 105 21 8257
172417321 107 405 8263
172582439 107 201 8279
172913937 109 361 8314
172983980 106 288 8322
173551033 108 920 8378
173855832 106 720 8409
174074682 119 535 8433
174133111 112 866 8439
174154655 102 550 8441
174283998 113 300 8454
174303819 110 943 8456
174479187 106 330 8473
174754546 116 156 8500
174884737 111 669 8513
175018482 110 267 8527
175546404 112 985 8580
175570894 106 925 8583
175919664 118 154 8618
176445216 109 632 8672
176605111 118 548 8688
176613167 114 393 8689
176953796 105 778 8724
176970637 101 45 8726
177108367 113 518 8740
177248445 102 810 8753
177970075 116 216 8825
178129958 113 261 8842
178161717 115 178 8845
178492563 105 642 8879
178731946 115 204 8904
179161243 113 762 8947
179207614 116 901 8952
179372043 119 808 8970
179740768 102 944 9005
179812894 114 61 9012
179887822 104 219 9020
180481191 105 961 9083
180499274 106 459 9085
180601806 119 838 9096
180722117 112 185 9109
180925438 107 156 9128
180944038 103 768 9130
181019205 104 657 9138
181269277 118 482 9164
181497029 118 300 9187
181715874 103 65 9209
181937608 113 875 9230
182186096 111 573 9256
182325802 103 535 9270
182884518 116 865 9324
182993404 107 500 9337
183063741 115 291 9344
183872801 118 279 9422
184038927 114 334 9439
184264584 116 780 9461
184306322 104 83 9465
184507341 111 835 9483
185051243 116 945 9536
185063542 115 374 9537
185240347 112 163 9554
185470394 113 684 9579
185528731 112 445 9585
185608031 100 685 9592
185895442 107 454 9620
186080984 108 885 9638
186090560 111 242 9639
186124987 116 61 9643
186360690 114 716 9667
186384700 108 283 9669
186467347 106 724 9677
186499052 100 664 9680
186643345 119 140 9694
186694970 113 12 9699
186884879 108 172 9719
187205481 104 425 9752
187784791 105 349 9809
188178226 104 479 9849
188196138 102 444 9851
188386577 100 770 9870
188450327 119 955 9877
188597239 102 561 9891
188651635 115 814 9897
188932821 107 72 9926
189188635 108 295 9951
189459663 100 914 9976
189673209 114 939 9998
