377966 76 106 9
457108 75 644 11
677903 76 277 16
976159 61 894 23
1499921 70 594 36
1999200 66 495 49
2085110 77 912 51
2250743 73 277 55
2294560 75 351 56
3967534 65 134 98
3997534 64 32 99
4284578 78 635 106
4522261 62 273 112
5138155 65 386 128
6756387 61 275 167
7032714 65 964 174
7364332 75 745 182
7703966 63 148 190
7833813 68 172 193
7873102 70 317 194
8588292 61 753 212
8632730 67 624 213
9099327 62 79 225
9973791 64 33 248
11235468 71 110 280
11891101 76 96 297
13175151 68 567 330
13602421 65 484 341
15166755 70 496 381
15374146 70 731 386
15695641 62 552 394
15960442 66 801 401
16662799 62 303 418
16885844 68 260 424
18891698 65 727 475
18982575 70 937 477
19115810 79 372 480
19335667 60 176 486
19595731 76 723 492
19716797 66 942 495
20002123 62 480 502
20437760 69 891 513
20606966 73 456 517
21402267 71 806 537
22926869 79 489 576
23650182 67 171 594
24579908 63 877 619
24890369 76 57 627
25048481 71 853 631
25923848 76 117 653
26653572 68 372 672
26724610 74 403 674
26803123 69 808 676
27056269 60 424 682
28097916 73 69 707
28173694 68 839 709
29338372 65 185 738
30409131 60 780 765
30776751 64 911 775
31906408 78 656 803
33849929 77 221 853
34173649 79 748 861
34357028 66 168 866
34399055 68 254 867
35077713 70 322 884
35284382 63 647 889
35364250 62 983 891
35761851 71 605 901
36410777 79 657 917
36575266 64 964 921
37191522 66 428 937
37361464 73 251 941
38040061 75 848 957
38227399 66 737 962
40293099 68 706 1014
40336197 62 676 1015
41746529 74 669 1049
42517705 64 461 1069
42887048 70 925 1078
43138001 69 654 1084
43782739 65 83 1100
43951536 65 432 1104
43992413 64 768 1105
44280959 68 718 1112
44679838 69 601 1122
44764504 74 31 1124
44923326 68 895 1128
45002561 60 75 1130
45620306 79 671 1146
45945731 67 350 1154
46022307 64 579 1156
46226534 67 884 1161
46271568 75 459 1162
46316286 63 600 1163
47037908 62 882 1181
47108687 62 257 1183
47791337 68 884 1200
48830236 78 658 1226
49291111 70 473 1238
49374486 60 757 1240
49621823 67 765 1246
50162039 67 487 1259
50505275 60 667 1268
52019699 70 69 1306
52056945 63 161 1307
52229970 75 877 1311
54920690 68 446 1377
55959006 64 981 1402
56535081 66 729 1416
56785131 77 222 1422
57076443 67 874 1429
57487283 71 26 1440
57848438 66 683 1449
58266190 77 327 1459
58457763 65 421 1464
58912007 79 403 1475
59111086 76 928 1480
59201217 70 938 1482
59357221 66 989 1486
59706355 69 392 1494
59831466 78 408 1497
59872330 73 239 1498
60067881 65 834 1503
61709511 72 463 1545
62086182 76 649 1555
63270013 61 396 1585
63617425 70 251 1594
63701620 65 405 1596
65373630 73 839 1638
65604642 72 905 1644
67990410 78 723 1704
69498046 60 253 1741
70406584 63 914 1764
70853228 60 181 1776
71801304 68 885 1800
72216606 60 378 1811
72701857 77 33 1823
73685929 64 950 1847
73730696 60 0 1848
73905955 79 682 1852
73953544 70 905 1853
74030942 62 336 1855
74105408 75 498 1857
74262700 72 508 1861
74753022 61 857 1873
75326995 62 887 1886
75414152 61 615 1888
75806866 70 896 1898
76382218 70 418 1913
76499137 70 68 1916
77609017 69 433 1943
78039272 71 545 1954
78834403 62 889 1974
78874272 62 898 1975
79540965 60 118 1991
80664729 64 351 2018
80788959 65 97 2021
81509936 65 13 2040
82217647 68 857 2058
82799756 61 38 2073
83327595 71 853 2086
86443755 61 374 2165
86804827 61 608 2175
87564350 72 47 2194
88129896 62 693 2208
90208525 76 125 2260
90405740 76 440 2265
92248849 78 679 2311
92287278 68 741 2312
93894285 79 696 2351
94449398 75 701 2365
94696461 65 635 2371
95779975 75 980 2398
95902408 65 813 2401
96621372 65 292 2419
96935018 70 126 2427
98546159 65 617 2467
99159151 70 791 2483
99604344 62 846 2493
99643900 65 462 2494
99881695 74 274 2500
100566201 64 793 2517
100976912 63 902 2527
102785381 79 646 2570
104426767 78 185 2613
104538696 61 692 2616
105301842 69 508 2635
106320105 79 312 2660
106643863 64 285 2668
106781905 67 909 2671
107113050 72 895 2679
107712649 72 812 2694
108928314 78 93 2724
109231187 70 992 2732
109691431 60 861 2743
110100505 79 567 2753
110130505 60 278 2754
110816754 71 245 2772
112806380 63 437 2823
113150453 73 625 2831
113369647 65 908 2836
113855291 76 911 2848
114055156 66 480 2853
114133663 63 117 2855
115592182 63 963 2891
117014930 76 740 2926
117313339 62 391 2934
118159873 74 963 2955
118754252 75 360 2969
118922857 74 594 2973
120221117 60 673 3016
120250780 72 718 3019
120392626 67 41 3034
120567691 60 705 3051
120912283 74 820 3084
121009628 61 833 3094
121052635 70 436 3098
121062020 62 718 3099
121232380 79 416 3116
121491960 65 635 3142
121528773 69 144 3146
121572866 76 353 3151
122113089 62 389 3207
122431276 61 280 3238
122439498 61 8 3239
122459433 68 35 3241
122608837 78 397 3256
122751091 70 72 3271
122782934 69 713 3274
122945929 66 212 3290
122976629 65 159 3293
123080185 70 238 3303
123547150 68 237 3352
123940728 60 577 3391
124051030 61 847 3401
124064030 65 89 3402
124792122 60 993 3474
124811259 74 828 3476
125389593 68 320 3533
125510059 79 711 3545
125700243 64 494 3566
126031200 73 853 3601
126083282 73 19 3606
126291149 77 582 3627
126629209 69 818 3661
126898517 76 188 3689
126976697 74 529 3696
127040784 75 749 3702
127174058 65 193 3715
127195110 67 790 3717
127222817 65 253 3720
127247724 78 708 3722
127460005 78 347 3744
127731032 76 917 3771
127902112 73 731 3789
128103779 67 831 3809
128111303 67 467 3810
128122399 76 966 3811
128159164 72 789 3815
128321449 68 472 3830
128430164 60 318 3841
128511752 75 666 3849
128603703 64 828 3858
128822373 74 981 3882
129005869 76 697 3901
129196865 67 236 3919
129929738 69 15 3996
129984962 68 917 4002
130063812 71 632 4009
130075176 67 996 4010
130335769 64 194 4035
130659030 78 110 4067
130667030 79 839 4068
130754091 61 250 4077
131441824 64 627 4146
131735164 67 451 4179
131817768 64 81 4187
131837332 64 403 4189
132119833 78 494 4216
132363519 65 187 4241
133188589 74 227 4325
133226608 78 485 4329
133312889 78 469 4338
133325565 73 312 4339
133576891 60 925 4364
133800462 74 73 4386
133952666 69 86 4401
133972834 68 536 4403
134010237 66 626 4407
134034269 71 720 4409
134043987 62 251 4410
134053074 66 166 4411
134196087 68 302 4426
134224387 69 484 4429
134556953 74 693 4463
134660393 67 482 4474
134695627 64 610 4478
134704927 76 507 4479
134776924 64 163 4486
134810786 78 100 4489
134951616 76 378 4503
135282384 74 534 4534
135299555 62 548 4536
135319576 73 586 4538
135428802 76 459 4549
135587937 64 129 4565
135605744 79 177 4567
135847986 69 943 4592
135894744 79 419 4597
135977175 68 902 4606
135987069 66 392 4607
135998396 74 139 4608
136070931 61 370 4615
136191136 75 845 4627
136410004 78 212 4649
136448257 60 181 4653
136544150 71 373 4663
136701724 79 381 4679
136709903 65 768 4680
136914063 66 80 4701
137061154 70 18 4716
137250619 60 922 4735
137384996 69 636 4748
137487073 75 922 4758
137896851 79 4 4798
137992073 75 559 4807
138014113 61 756 4809
138135470 66 629 4821
138257406 72 717 4833
138409163 69 443 4848
138592586 74 548 4865
138744690 70 752 4879
138764241 66 128 4881
139100425 74 268 4913
139241610 77 488 4928
139366475 62 338 4940
139564990 60 630 4960
139622459 62 682 4966
139749236 70 689 4980
139883695 77 907 4993
140140658 62 988 5018
140184269 70 685 5022
141002309 67 971 5105
141141343 72 57 5118
141183614 72 572 5122
141424973 70 776 5147
141608173 64 676 5166
141624661 62 303 5168
141719009 64 313 5177
141902111 63 571 5196
141984578 78 966 5204
142242024 64 670 5228
142403440 66 189 5244
142591165 71 481 5263
142620173 75 247 5266
143298714 70 42 5334
143364193 65 676 5340
143448655 62 985 5348
143700876 72 130 5374
143874320 61 892 5391
143909188 71 99 5395
144034285 78 371 5409
144117003 78 939 5419
144125071 74 302 5420
144179031 79 190 5425
144350183 66 330 5442
144445160 74 635 5452
144547984 72 197 5462
144596103 60 874 5467
144609304 70 867 5469
144638134 62 815 5472
144715704 75 123 5480
144734848 75 541 5482
144808338 76 637 5489
144907488 77 328 5499
145119276 62 684 5519
145272179 75 635 5534
145910683 63 6 5598
145939707 63 490 5602
145979592 67 132 5606
146013863 74 167 5609
146292319 66 46 5638
146511467 71 337 5659
146559198 78 629 5664
146575992 62 400 5666
146655677 65 388 5674
146860253 64 161 5693
146882993 69 845 5695
146984449 66 294 5706
147180678 77 375 5725
147372991 73 754 5744
147834124 61 956 5791
147992011 75 184 5807
148002448 68 468 5808
148250465 79 410 5834
148288913 67 846 5838
148500446 78 694 5859
148801578 63 284 5889
148880896 61 109 5898
149041385 60 24 5915
149150012 76 97 5926
149331636 79 22 5945
149555884 78 149 5969
149664076 74 186 5979
149987925 77 561 6012
150115383 73 886 6024
150381022 75 456 6050
150544299 72 985 6066
150771127 61 67 6089
151296449 64 747 6144
151446707 64 254 6160
151601935 70 225 6175
151757839 76 428 6190
151831774 77 490 6197
151848179 64 682 6199
151938608 63 593 6208
152270484 65 986 6241
152322894 61 600 6246
152492867 64 939 6262
152547273 71 885 6268
152763958 64 92 6290
152850780 73 287 6298
152877880 67 708 6301
152886878 61 78 6302
152927198 62 53 6306
153013956 69 624 6315
153077361 67 848 6321
153124467 79 261 6326
153187603 67 313 6332
153264623 61 708 6339
153348469 74 494 6347
153716428 74 782 6383
153805462 71 285 6392
153947509 60 946 6406
154037995 69 585 6415
154058140 74 73 6417
154379242 61 693 6451
154446590 64 559 6459
154646703 70 254 6480
154708437 70 328 6486
154739217 66 850 6489
154882047 62 493 6504
154952424 62 115 6511
155185200 67 424 6534
155201400 69 292 6536
155338412 64 276 6548
155368933 76 146 6551
155411747 71 136 6555
155998046 61 873 6616
156122433 64 441 6628
156146706 72 922 6631
156159706 79 917 6632
156195964 67 734 6636
156215540 64 745 6638
156226455 75 356 6639
156233034 71 950 6640
156274503 72 447 6644
156395577 60 405 6656
156403432 69 464 6657
156623883 76 92 6679
156641540 78 1 6681
156759197 66 861 6694
156850733 62 804 6703
157050711 72 462 6723
157081846 61 879 6726
157143194 61 336 6732
157481242 63 742 6766
157583731 78 163 6777
157607113 78 281 6779
157812180 72 650 6800
157931803 60 381 6812
157964193 74 992 6816
158168772 72 351 6836
158705637 71 961 6888
159159443 75 545 6932
159259485 70 185 6942
159296826 75 173 6946
159557266 65 819 6971
159826848 76 612 6998
159929564 78 397 7008
159978382 67 193 7013
160019346 74 960 7017
160113451 72 722 7027
160369252 61 571 7052
160596165 63 343 7074
160847693 63 849 7099
161112125 61 664 7125
161418678 77 273 7155
161542554 77 685 7167
161814155 67 184 7193
161823768 72 889 7194
161914236 65 502 7203
162384933 75 181 7251
162502367 75 553 7263
162552912 69 102 7268
162564262 65 116 7269
162885559 65 453 7301
162896701 71 919 7302
163269153 67 363 7340
163352283 73 220 7349
163507180 70 429 7365
163798219 61 307 7394
164018776 74 187 7416
164087284 79 232 7423
164097851 73 229 7424
164313287 72 9 7446
164553416 64 88 7469
164649431 63 246 7479
164667127 68 734 7481
164679599 69 699 7482
165219182 78 8 7537
165282957 61 502 7543
165317163 73 441 7546
165436770 60 356 7559
165464107 64 987 7562
165777309 72 801 7594
165890925 69 345 7605
166092765 73 79 7625
166109779 68 72 7627
166172435 74 966 7634
166357497 79 172 7652
166515543 69 546 7669
167084171 73 844 7724
167254475 69 512 7742
167293891 66 2 7746
167302562 69 795 7747
167437867 64 247 7760
167577470 79 376 7774
167623298 78 488 7779
167708415 67 943 7787
167748002 79 113 7791
167815899 75 477 7798
167871889 64 165 7804
167983481 63 517 7815
168325653 79 258 7849
168409726 76 598 7857
168438702 67 115 7860
168618088 61 486 7879
168640556 65 589 7881
168671113 63 114 7884
168756302 65 510 7893
168777037 70 681 7895
168830142 68 164 7900
168997456 60 761 7917
169610828 67 51 7981
169717478 67 103 7992
169743781 79 25 7995
169945613 70 910 8014
170170245 61 956 8036
170386060 60 959 8057
170418044 78 473 8060
170498926 71 985 8069
170561891 71 35 8076
170806320 69 784 8101
170852978 61 109 8105
170895908 72 195 8109
171256522 60 316 8145
171443588 61 241 8163
171494138 63 659 8168
171811307 69 72 8200
171943777 68 59 8213
172214118 62 86 8242
172463901 72 204 8267
172472611 63 176 8268
172538363 60 503 8275
172647264 76 537 8286
172673670 60 945 8289
172762309 67 875 8299
172824359 66 824 8305
173211473 60 9 8345
173731646 67 247 8396
173804866 61 680 8404
173937498 64 917 8417
174021938 67 937 8426
174104663 69 202 8436
174426840 60 458 8468
174512181 63 752 8476
174562403 66 52 8481
174662405 63 158 8491
174725132 79 659 8497
174812746 75 415 8506
174917112 70 602 8516
174946266 72 969 8519
174984526 60 61 8523
175222634 64 643 8549
175376100 69 454 8564
175724539 61 36 8598
176153384 62 428 8643
176267545 78 286 8654
176438809 79 421 8671
176472451 61 708 8675
176717760 79 272 8699
176850581 77 654 8713
176857617 76 456 8714
176904940 68 129 8719
177598490 76 138 8788
177854242 69 957 8813
177864042 66 536 8814
177987982 64 222 8827
178306320 70 253 8859
178356705 69 355 8864
178376187 76 94 8866
178389792 64 25 8868
178812577 71 134 8912
178975197 78 959 8928
179092313 62 489 8940
179189673 76 970 8950
179433246 60 356 8976
179574209 62 34 8989
179721661 70 582 9003
179767013 68 333 9008
179919729 64 581 9023
179953283 64 979 9027
180274062 71 969 9062
180394743 69 277 9075
180426152 65 658 9078
180447819 74 221 9080
180776777 66 266 9114
180876497 62 761 9123
180955842 69 256 9131
181077475 68 41 9144
181133645 63 348 9150
181205607 64 607 9158
181534358 66 55 9191
181618345 68 183 9199
181797850 64 815 9217
181816572 75 569 9219
181945247 60 213 9231
181961136 76 628 9233
181994375 72 623 9236
182605210 73 207 9297
182640114 67 281 9300
182713646 67 286 9307
182743326 72 579 9310
182866062 65 255 9322
183287102 68 243 9366
183520970 62 928 9389
183606220 69 993 9397
184331008 61 14 9467
184378562 74 121 9471
184422042 76 940 9475
184457928 70 682 9478
184465162 71 202 9479
184626021 75 174 9495
184724021 67 52 9504
184812405 75 905 9513
184823664 79 642 9514
184943435 77 629 9526
184995926 65 981 9531
185117724 63 327 9543
185178912 79 725 9548
185274412 72 708 9558
185565568 75 84 9588
185599044 73 629 9591
185791218 63 398 9609
185800839 61 671 9610
185850923 74 5 9615
185858922 62 472 9616
185994789 68 443 9630
186412980 69 46 9672
186474200 72 938 9678
186519077 76 777 9682
186759547 66 871 9706
186866509 73 994 9717
187106267 69 963 9741
187240515 69 868 9756
187250990 71 914 9757
187339751 72 608 9766
187419082 61 925 9773
187752481 61 73 9806
187910722 63 24 9821
187920074 74 81 9822
188263695 62 821 9857
188422147 77 926 9874
188478603 66 962 9880
189133557 73 301 9945
189168902 68 368 9949
