899640 210 103 21
3021166 203 503 75
3219653 211 343 80
3928411 212 890 97
5627931 206 465 140
5947546 211 861 148
6592961 217 884 163
6996589 201 694 173
7319793 200 106 181
8420110 215 12 208
8824898 210 907 218
9443259 216 695 234
9479249 210 512 235
10053860 203 983 250
10096224 219 612 251
10492852 218 973 261
10689334 211 341 266
10838047 208 440 270
11407200 217 178 285
11640627 216 812 291
11690627 203 946 292
11849986 213 125 296
12004912 200 850 300
12087865 203 343 302
12285161 207 673 307
12366287 214 920 309
13253280 214 507 332
14031008 219 483 352
14944718 212 655 375
15130875 203 399 380
16000264 206 905 402
16410720 205 706 412
16577095 216 527 416
16967440 217 18 426
17196550 216 711 432
18305244 201 244 460
19257950 219 200 484
19799779 215 189 497
20516884 218 598 515
21365862 203 20 536
21793299 213 775 548
22178345 213 179 557
23329331 204 481 586
23620182 205 772 593
24172060 210 871 608
24258852 206 428 610
24325691 207 914 612
25122955 204 316 633
28429040 212 241 715
28469854 209 29 716
28503083 206 327 717
28895503 218 420 727
32066429 219 569 807
32169827 202 604 810
32400734 209 970 816
33493676 201 515 844
33771351 203 7 851
34726301 218 824 875
34813292 209 959 877
34962772 205 377 881
35037891 218 301 883
35842072 211 62 903
36707703 215 515 925
37156365 206 133 936
37620286 210 917 947
38356760 201 918 965
38486291 211 292 968
39633987 217 872 998
40624345 203 209 1022
40791429 208 910 1026
41589096 210 383 1045
42198836 213 177 1060
45458968 203 375 1142
45504189 210 277 1143
47620193 206 131 1196
48311471 208 348 1214
48483830 201 645 1218
48533830 212 601 1219
51021608 210 308 1281
51560885 219 692 1295
51885521 207 136 1303
52148910 219 313 1309
53238266 219 63 1335
54180554 205 576 1359
55359734 211 440 1388
55916859 202 636 1401
56617338 218 354 1418
57314028 216 634 1435
58372572 206 439 1462
58541599 203 364 1466
58944930 205 386 1476
59233703 201 414 1483
59316056 216 241 1485
59912163 209 943 1499
60231334 209 389 1507
60268537 216 638 1508
60776398 216 580 1521
61315975 213 561 1535
61878856 213 252 1549
62320146 211 696 1561
62400161 211 536 1563
62796674 201 737 1573
63230309 208 514 1584
63867353 210 319 1600
64528366 206 881 1616
65416009 201 663 1639
66044650 219 316 1655
66284589 201 138 1661
66954014 206 446 1678
68302075 203 905 1712
68590768 200 625 1719
68994818 206 340 1729
69035258 207 437 1730
70172855 217 608 1758
70706136 219 156 1772
71402208 209 349 1790
71488761 205 465 1792
72339287 211 421 1814
73413333 210 221 1840
73445953 215 143 1841
74346138 201 802 1863
74506507 204 620 1867
75112555 207 285 1881
76692096 212 711 1921
76821350 204 770 1924
76867272 216 654 1925
78398244 201 139 1963
79672285 217 558 1994
79752787 215 777 1996
83490383 201 973 2090
83603328 211 444 2093
87110965 210 512 2183
88398900 210 213 2215
88511383 216 131 2218
88897543 202 353 2228
89583080 203 316 2245
89709282 212 233 2248
90114554 206 152 2258
90558016 212 679 2269
90649469 210 735 2271
91276148 207 628 2287
91599903 215 409 2295
92000074 202 326 2305
93637860 206 365 2345
93760065 202 30 2348
95021850 218 806 2379
95085802 218 102 2381
95858859 206 661 2400
96294764 211 434 2411
96969112 205 40 2428
98850419 209 112 2475
99472382 200 477 2490
99724906 214 543 2496
99916968 205 68 2501
102363741 206 506 2560
102471524 204 827 2563
103023662 219 989 2576
104610632 203 235 2618
106016822 218 795 2653
106685304 207 706 2669
106893450 200 250 2674
107280248 206 752 2683
107961013 215 209 2700
108770758 203 976 2720
109777786 216 503 2745
110491465 204 445 2764
110604404 214 86 2767
110683860 207 367 2769
111026702 218 711 2777
111406059 207 439 2787
111751373 218 667 2796
111908845 205 308 2800
112150219 214 473 2806
112620958 212 249 2818
112701924 210 911 2820
113415357 217 631 2837
114649776 218 692 2867
114729568 211 953 2869
114824410 203 23 2871
115882327 217 142 2898
116087193 206 399 2903
116345138 210 965 2910
116395138 206 13 2911
116934392 210 149 2924
117402232 208 692 2936
117442343 213 17 2937
118670006 209 477 2967
118800352 213 860 2970
119296031 209 344 2982
120130144 211 309 3007
120317907 214 867 3026
120372908 200 440 3032
120549409 206 710 3049
120591008 201 741 3053
120604008 207 71 3054
120778546 214 657 3071
120808646 217 412 3074
120931438 219 84 3086
120992891 212 486 3092
121152225 213 546 3108
121184840 207 262 3111
121393250 219 519 3132
121449545 215 468 3138
121999275 200 213 3194
122051716 218 810 3200
122059448 201 98 3201
122144997 209 178 3210
122273855 200 340 3222
122502200 201 93 3245
122579941 215 939 3253
122818762 203 388 3278
122851173 208 257 3281
122880386 208 512 3284
122912713 210 347 3287
123226196 212 613 3318
123416792 203 387 3337
123432704 212 167 3339
123531621 205 98 3350
123652909 212 472 3363
124087310 204 862 3405
124129296 219 632 3409
124218966 204 159 3418
124307213 214 520 3427
124341604 203 258 3430
124501123 208 2 3446
124801304 204 456 3475
124861353 216 688 3481
125030844 210 299 3498
125244246 205 448 3519
125363593 208 758 3531
125398742 219 99 3534
125642630 207 525 3559
125690397 217 960 3565
125764916 217 137 3573
125804045 213 696 3577
125874911 218 513 3585
126061347 213 425 3604
126101017 212 587 3608
126261268 218 840 3624
126449602 206 32 3643
126584925 206 620 3657
126786266 209 173 3677
126794068 200 653 3678
126907415 214 848 3690
126940075 204 987 3693
127136454 215 15 3711
127258461 209 710 3723
127417138 215 857 3739
127470884 211 918 3745
127575303 203 444 3755
127682405 215 670 3766
127694635 214 525 3767
127875500 211 335 3786
127912193 210 904 3790
127922063 210 128 3791
127934082 212 715 3792
128013418 213 895 3800
128072801 218 3 3806
128284524 215 816 3827
128437167 202 805 3842
128723134 200 599 3871
128792949 206 906 3878
128890608 204 272 3889
128968700 217 838 3897
129220761 207 722 3922
129541671 210 425 3955
129560138 210 789 3957
129585689 204 901 3960
129797524 202 152 3983
129897785 215 297 3993
130088141 206 423 4011
130159640 203 421 4018
130210260 216 320 4023
130266654 213 123 4028
130346709 211 711 4036
130553128 208 575 4057
130631398 207 130 4064
130648228 203 780 4066
130710097 201 131 4072
131018011 210 799 4103
131384132 204 278 4139
131397033 202 846 4141
131468881 209 360 4150
131652921 200 179 4169
131693783 209 998 4174
131808321 211 73 4186
131826087 209 102 4188
131908095 214 475 4196
131954196 207 350 4200
131984594 215 282 4203
132031416 207 684 4208
132237548 215 403 4228
132388750 218 311 4244
132409539 202 543 4246
132456169 209 984 4251
132521517 212 239 4257
132823550 219 761 4287
132832622 215 935 4288
132870047 207 856 4292
133206793 209 556 4327
133373766 202 577 4344
133546626 219 222 4361
134021269 201 943 4408
134152797 206 287 4422
134175211 211 624 4424
134186980 202 708 4425
134375212 208 910 4445
134481858 206 17 4456
135025333 203 989 4511
135084926 206 191 4516
135158654 213 554 4523
135260107 212 25 4532
135372190 212 392 4544
135757986 207 292 4583
135765364 216 581 4584
135969902 202 102 4605
136026795 214 738 4611
136049845 200 886 4613
136245115 206 14 4632
136746476 204 125 4684
136974260 217 930 4707
136994737 212 339 4709
137322845 219 614 4742
137403772 218 951 4750
137448402 212 877 4754
137456059 215 715 4755
137464049 218 317 4756
137669702 214 930 4776
137833894 200 752 4792
137866668 216 514 4795
138126566 219 445 4820
138159343 211 387 4823
138235028 202 435 4831
138341211 208 983 4842
138418246 204 295 4849
138491654 204 785 4856
138561729 218 773 4862
138581755 215 669 4864
138796666 201 376 4884
138807427 218 508 4885
138885990 202 644 4892
138972805 208 779 4901
139033854 217 770 4907
139189990 201 680 4922
139497638 211 467 4953
139541787 213 958 4957
139575017 214 273 4961
139613658 206 79 4965
139874722 208 798 4992
139953434 211 383 5000
140347806 215 703 5039
140363894 209 271 5041
140523659 213 582 5058
140672309 200 341 5072
140778347 209 106 5082
140797020 208 217 5084
140966636 208 407 5101
141042290 206 767 5109
141055290 215 985 5110
141199246 218 774 5124
141211143 204 389 5125
141920086 218 70 5198
142185220 203 483 5223
142206684 215 677 5225
142428437 206 652 5247
142449415 200 102 5249
142480400 215 296 5252
142769302 206 594 5281
143175849 214 434 5321
143251120 201 141 5329
143436371 205 243 5347
143475469 209 519 5351
143520622 200 173 5356
143619367 204 542 5366
143636212 202 341 5368
143710932 205 705 5375
143778531 208 332 5382
143862315 207 418 5390
143981147 218 873 5403
144267985 203 790 5434
144521101 218 857 5459
144556322 219 37 5463
144585223 219 146 5466
145022075 218 452 5510
145062661 204 109 5514
145138046 215 137 5521
145693962 217 722 5577
145880244 211 939 5595
146070898 202 557 5615
146080314 218 661 5616
146228553 212 352 5631
146344637 203 65 5643
146402706 211 669 5649
146498467 206 80 5658
146550174 207 62 5663
147198743 212 677 5727
147241732 216 554 5732
147315807 200 827 5739
147395879 213 558 5746
147578156 212 452 5764
147703018 211 89 5777
147711779 213 337 5778
147749475 202 754 5782
147797827 216 27 5787
147937657 218 595 5802
147957603 215 594 5804
148058273 200 895 5814
148300995 202 16 5839
148313995 206 696 5840
148439988 213 367 5852
148752347 204 695 5884
148892625 216 117 5899
149177490 208 688 5929
149482314 207 989 5961
149672763 202 384 5980
149848776 205 761 5999
149886150 200 290 6002
149924992 205 301 6006
149950083 200 340 6008
150072065 200 248 6020
150254854 212 490 6038
150353074 203 819 6047
150462953 208 140 6058
150894117 218 409 6102
151055687 210 372 6119
151386746 208 408 6154
151611110 204 67 6176
151774929 211 942 6192
151898222 218 910 6204
152211393 202 642 6235
152247667 206 74 6239
152347863 216 227 6248
152682082 202 218 6282
152807236 215 491 6294
153157268 212 619 6329
153285946 218 801 6341
153411026 205 789 6353
153519277 209 828 6364
153528045 204 854 6365
153634596 201 805 6375
153777028 202 542 6389
154000022 203 826 6411
154191533 206 448 6431
154202428 207 270 6432
154353405 200 807 6448
154515459 219 592 6466
155194176 210 39 6535
155267089 212 713 6542
155507301 206 64 6565
155539754 216 750 6568
155555635 202 524 6570
155636365 213 721 6578
155765010 204 147 6591
155841559 208 871 6600
155988604 201 771 6615
156007609 207 468 6617
156445069 217 692 6661
156546812 215 910 6672
156666162 210 836 6684
156683448 214 315 6686
156880613 208 405 6706
156963063 206 402 6714
156995555 213 679 6717
157236899 210 605 6742
157529357 209 617 6771
157596731 203 720 6778
157712344 206 721 6790
157725344 213 153 6791
157802814 204 144 6799
157884065 200 844 6807
157941198 216 515 6813
158009736 207 169 6821
158050932 216 567 6825
158149809 200 719 6834
158218068 207 948 6840
158530985 206 800 6870
158956809 217 595 6913
159104298 202 16 6927
159252467 213 352 6941
159788600 206 49 6994
159919506 214 841 7007
159987779 216 256 7014
160224985 216 307 7038
160348085 204 127 7050
160468039 215 687 7061
160560582 211 746 7070
160637991 212 901 7078
160665951 209 498 7081
160948401 217 438 7109
160959517 203 16 7110
161045903 203 752 7119
162079232 203 263 7220
162095588 200 617 7222
162133980 201 889 7226
162263396 215 334 7239
162471476 208 141 7260
162518424 204 130 7265
162764453 210 913 7289
162837221 217 399 7296
162906672 204 420 7303
162972660 210 693 7310
163084188 215 536 7321
163095808 201 359 7322
163379277 212 650 7352
163576128 218 726 7372
163585315 219 264 7373
163747581 215 128 7389
163964420 219 633 7410
164183519 219 688 7433
164252874 216 321 7440
164892715 203 619 7503
164987606 203 645 7513
165048976 204 592 7519
165295300 204 802 7544
165506722 202 149 7566
165558279 206 71 7571
165921243 205 93 7608
166148215 210 833 7631
166203145 214 172 7637
166236336 211 264 7640
166550911 217 872 7673
166759328 202 419 7693
166877251 216 595 7704
167048283 219 216 7721
167060241 213 681 7722
167143335 204 165 7730
167172568 215 901 7733
167219505 212 26 7738
167367126 209 593 7753
167489245 205 483 7765
167556857 218 774 7772
167858889 219 550 7803
167923048 212 826 7809
167941408 215 990 7811
167952251 209 784 7812
168103585 216 795 7827
168144413 203 346 7831
168163740 212 463 7833
168195423 219 513 7836
168275094 208 777 7844
168470412 200 645 7863
168508148 212 951 7867
168518982 202 112 7868
168535358 208 287 7870
168744677 208 289 7892
168881807 213 61 7905
168922719 204 529 7909
169146964 204 98 7934
169229549 218 953 7943
169288088 213 607 7949
169515974 200 154 7972
170019646 200 961 8021
170027212 217 372 8022
170115867 215 164 8031
170194763 205 248 8038
170254777 201 79 8044
170274155 200 386 8046
170322555 201 46 8051
170406148 202 206 8059
170591125 204 863 8079
170977842 201 535 8118
170989006 212 867 8119
171084071 218 181 8128
171092570 204 31 8129
171102988 214 192 8130
171146813 218 719 8134
171173818 217 545 8137
171216124 206 22 8141
171555885 215 369 8174
171651160 211 107 8184
171659884 201 841 8185
171689993 216 406 8188
171832099 215 694 8202
171873481 208 711 8206
171890313 205 382 8208
172035591 209 695 8222
172150837 210 283 8235
172194111 205 416 8240
172222466 204 916 8243
172326309 219 87 8253
172793631 210 188 8302
172920946 201 651 8315
173299221 209 432 8354
173460213 205 754 8369
173643483 217 998 8387
173700410 204 785 8393
173894231 206 539 8413
173903008 218 37 8414
174268147 214 267 8452
174595320 211 779 8484
174642068 207 22 8489
174716428 216 606 8496
174876948 215 743 8512
174926603 219 739 8517
175005482 216 978 8526
175037855 218 657 8529
175057312 208 334 8531
175291288 208 556 8556
175461098 202 343 8572
175518011 218 168 8577
175762050 218 688 8602
175950626 210 292 8622
176065406 204 564 8633
176259875 208 585 8653
176343176 212 139 8661
176464084 204 132 8674
176794097 200 265 8707
176805130 219 980 8708
176812786 204 307 8709
176923120 207 267 8721
177068037 215 411 8736
177087807 200 193 8738
177225492 203 642 8751
177299460 202 828 8758
177508849 207 408 8779
177739448 213 77 8803
178059750 206 45 8834
178067858 211 486 8835
178641710 219 488 8895
178790382 207 707 8910
179049669 201 652 8936
179058664 219 715 8937
179079324 213 734 8939
179266203 207 904 8959
179365905 209 833 8969
179393582 202 937 8972
180004555 206 994 9033
180243946 210 948 9059
180315691 205 696 9067
180335396 209 377 9069
180414271 211 952 9077
180458880 205 787 9081
180590302 207 743 9095
180664522 209 216 9103
180703027 217 264 9107
180916044 215 936 9127
181051405 219 504 9141
181098543 207 961 9147
181160628 217 244 9153
181184557 217 333 9156
181193836 217 223 9157
181238168 217 980 9161
181330626 211 556 9170
181487192 212 151 9186
181622345 211 649 9200
181694259 204 326 9207
181759216 202 110 9213
181891846 214 585 9226
182018362 216 233 9238
182228537 207 242 9260
182303346 213 49 9268
182346476 210 775 9272
182410391 208 348 9278
182513999 201 865 9288
182575403 203 635 9294
182674165 208 391 9303
182822903 218 225 9318
182908618 213 105 9327
182960573 217 651 9333
182998807 213 477 9338
183222497 215 835 9360
183399735 204 637 9377
183797910 204 359 9415
183931070 215 156 9428
184006888 210 175 9436
184148944 207 938 9450
184444928 215 603 9477
184478162 212 435 9480
184884890 212 151 9520
185039060 214 967 9535
185255394 219 169 9556
185480222 207 365 9580
185577000 201 221 9589
185708399 219 724 9602
186213242 208 898 9652
186257313 210 350 9657
186405072 209 448 9671
186570006 213 684 9687
186741917 207 574 9704
186823015 210 855 9713
186937100 204 267 9724
187078424 201 17 9738
187149422 200 700 9746
187370085 206 67 9769
187443511 201 688 9776
187453155 200 828 9777
187485165 203 908 9780
187583174 216 436 9790
187675060 217 816 9799
188108442 211 852 9842
188208714 205 208 9852
188367130 204 930 9868
188506934 201 50 9883
188551772 207 901 9887
188614882 206 379 9893
188871043 214 808 9920
189268383 214 173 9958
189388234 201 578 9970
189524827 216 404 9983
189597186 219 683 9990
