126717 114 596 2
715080 113 274 17
888419 101 424 21
1254309 115 27 30
2817075 110 553 70
3126620 101 154 77
3708565 100 822 91
3928847 106 328 97
5008983 115 478 124
5845120 115 381 144
6030164 116 914 149
6443507 108 408 159
6881872 107 605 170
6930608 101 695 171
8716353 100 299 217
10317336 110 445 258
10934654 106 7 274
11207960 116 719 281
11704046 118 862 293
11747882 115 482 294
12472064 109 18 312
12795889 102 257 320
13364205 100 77 334
13580519 102 933 339
13891824 115 292 347
14012261 104 656 350
14736232 106 371 369
15005497 111 123 375
15096886 118 376 377
15223613 113 149 380
15340823 102 892 383
15449153 110 612 386
15486283 101 756 387
15637217 115 640 391
16395094 103 684 409
16854374 103 885 421
17467408 111 40 436
17974543 114 880 449
18790604 103 274 470
19048700 103 655 476
19289102 118 499 482
20158638 108 250 504
20202839 115 732 505
20409421 119 885 510
20883467 111 690 521
21794797 118 787 543
22631631 111 364 563
23315940 118 834 580
24072380 106 555 600
25068633 100 748 626
25446606 102 272 636
25633622 110 888 641
25976665 106 94 649
26319753 102 737 657
27870998 115 282 695
28383756 104 606 708
29361782 102 56 732
31011614 119 699 773
31192607 107 433 778
31419367 107 438 784
31997756 115 554 798
34392147 114 538 858
35324397 112 21 881
35568945 118 902 887
35989835 102 680 898
36426629 105 465 909
37446184 103 150 934
37674301 118 876 940
37831677 117 842 944
37900095 107 452 946
38215917 102 317 954
38686234 108 354 967
39481568 107 544 986
41462510 107 363 1034
41653478 117 50 1039
42773137 118 515 1067
45897787 101 784 1146
46936431 107 267 1172
47162126 112 62 1178
48543305 106 868 1213
50083715 103 984 1251
50221201 115 406 1255
50304702 116 540 1257
50655551 111 104 1266
51481296 117 973 1286
52032692 108 924 1300
52322372 105 90 1307
52732903 101 121 1317
52841038 110 607 1320
53122758 117 677 1327
53229306 117 742 1330
53371469 117 722 1334
53455019 109 22 1336
53580612 101 523 1339
54560553 118 414 1364
55068104 113 627 1377
56345949 108 721 1409
57191041 107 300 1429
57302388 104 344 1432
58272179 112 553 1458
58356494 112 489 1460
58802539 116 235 1471
59916758 112 420 1499
60594992 110 472 1515
62142609 110 793 1552
62584834 111 857 1563
62927731 103 994 1572
63172865 101 230 1578
63980862 111 779 1598
65275993 106 985 1629
65383198 105 763 1632
65531654 102 283 1636
65697885 113 335 1640
66801111 116 466 1669
67051861 115 594 1675
67137245 106 606 1677
67394320 101 62 1683
69062914 107 623 1724
69142625 118 927 1726
69743949 115 771 1742
69793949 103 929 1743
70225112 113 812 1754
70624080 108 268 1764
72647988 103 380 1814
72998607 105 634 1823
74648637 116 634 1863
74759474 118 858 1866
75577892 109 896 1886
76294803 109 58 1903
81223502 110 70 2025
81633240 111 801 2035
81975845 109 414 2043
82009046 119 948 2044
82098863 111 227 2046
82740990 102 33 2063
83166550 109 325 2074
83256128 118 176 2076
83536063 104 642 2083
85167663 109 414 2123
85486130 108 661 2131
85771495 114 974 2138
88398971 108 574 2204
88696239 106 933 2212
88773703 118 225 2214
88811549 103 497 2215
91489478 119 619 2280
91612438 112 193 2283
92140918 103 348 2296
92413748 107 809 2303
92726577 100 475 2312
92939981 110 544 2318
93018685 117 632 2320
93994336 119 968 2344
94386188 115 348 2354
94507732 114 176 2357
97973946 103 910 2444
98461349 105 284 2456
98505785 115 697 2457
101108402 119 222 2521
101472428 119 925 2530
102201560 114 310 2548
102465083 117 707 2555
103055201 117 691 2570
103174065 104 530 2573
106111819 100 801 2647
106403078 105 240 2654
106818870 102 934 2664
107536279 105 27 2682
107852563 108 754 2690
108450440 117 733 2705
109139466 106 522 2722
109320247 107 247 2726
110233148 119 121 2749
110485684 111 596 2755
110518548 117 425 2756
110561556 112 840 2757
110981953 114 313 2767
111021346 107 324 2768
111558160 104 135 2781
111710553 104 803 2785
112522887 104 834 2805
112937416 105 353 2815
113149298 111 84 2821
114184345 106 779 2847
114392844 112 743 2852
114656415 104 295 2859
115164655 104 459 2872
116150797 112 684 2897
117743317 110 4 2937
119908043 118 980 2991
120443046 110 317 3004
120493046 108 565 3005
121536191 103 170 3031
121840510 104 388 3039
122061705 105 76 3045
122390291 106 920 3053
122796936 117 65 3063
122870491 119 819 3065
123712774 107 262 3086
123787386 110 158 3088
123828279 118 728 3089
124668717 103 426 3111
125325772 116 736 3128
126984405 104 298 3168
127154361 108 183 3172
127628540 104 747 3184
127659044 104 582 3185
128344496 111 941 3202
128428923 102 679 3204
129137833 102 468 3222
129184031 116 500 3223
129776016 112 724 3238
130109816 102 659 3246
130912370 104 660 3267
131341937 117 79 3278
131381755 109 456 3279
132258093 111 954 3301
132376471 100 867 3304
132417125 106 123 3305
132706105 110 273 3312
132739128 101 88 3313
132818855 114 794 3315
133654498 101 737 3335
134185207 111 293 3348
134793047 117 994 3363
135698467 106 147 3386
136022639 100 771 3394
139449809 103 510 3480
139643646 103 443 3485
139894162 104 214 3491
140010268 109 683 3494
140329806 105 968 3502
141831389 112 170 3539
143031863 113 208 3569
143612939 114 965 3584
144065252 116 683 3595
144237966 103 305 3599
144804995 108 3 3613
146105502 113 419 3645
146181955 108 405 3647
146565737 102 703 3656
148779899 101 919 3711
150489461 110 363 3754
151342318 109 989 3776
153451603 101 817 3829
154038277 106 490 3843
154081112 106 59 3844
154391387 118 741 3852
154733153 100 207 3860
154980328 115 346 3866
155476120 102 889 3878
156231788 102 207 3897
156846175 109 13 3912
157152683 110 488 3920
157977030 113 871 3940
159021607 106 302 3967
159264996 111 881 3973
161109369 115 523 4020
161677698 103 380 4034
163027054 111 894 4067
163104741 105 826 4069
163607217 113 352 4082
167422386 102 759 4177
168202430 108 517 4196
169612778 106 599 4232
170574368 119 601 4257
170895791 109 907 4265
170991060 117 66 4267
171382554 101 656 4277
172390984 104 41 4303
173504110 102 7 4330
174214514 113 23 4348
175284046 107 618 4374
175803842 115 696 4387
175955740 111 21 4391
176159331 111 803 4396
176912808 114 428 4414
177772501 102 471 4436
178601302 114 281 4456
178919078 115 712 4465
179349117 111 720 4476
180155701 106 537 4496
180307916 117 214 4500
180848240 116 953 4514
181789567 115 310 4537
182440790 106 545 4553
182482917 105 277 4554
183653441 100 870 4584
184206675 112 3 4598
184963464 114 394 4617
185082510 112 653 4620
185502873 115 413 4631
186565871 116 758 4658
187094576 119 534 4671
188552700 117 219 4708
189597750 117 295 4735
190997142 108 462 4770
191460665 101 176 4782
192546413 102 693 4810
193016174 111 727 4821
193596780 110 462 4835
194346601 119 781 4853
194724515 117 646 4863
194767889 111 273 4864
194806766 106 776 4865
195670327 107 32 4886
196083910 103 61 4896
196291667 111 744 4901
196433450 108 339 4905
196836868 100 474 4915
196945459 119 777 4918
197080179 118 967 4922
197126095 114 947 4923
197525610 104 639 4933
198189985 108 27 4950
199421795 114 56 4982
202062519 108 260 5048
202584141 101 188 5060
203124906 110 487 5074
203614144 112 2 5087
203884672 117 222 5094
203921198 114 223 5095
205362929 114 63 5131
205781525 103 717 5141
206018690 102 497 5147
206685682 112 534 5164
207284916 102 165 5180
207824667 100 481 5194
208623023 112 699 5215
209306352 118 850 5232
210595573 102 234 5264
211902760 111 37 5296
212762227 104 978 5318
212883555 104 501 5321
213248590 113 682 5330
214335536 105 958 5357
215104685 101 226 5377
215809747 100 457 5395
215917529 118 757 5398
216074183 104 928 5402
217996175 116 512 5450
219018112 109 341 5476
221105169 102 40 5528
222142863 103 526 5554
222869849 111 97 5572
222900947 116 192 5573
222933933 119 103 5574
225196848 111 535 5631
225234501 109 875 5632
225642906 117 128 5642
225678545 105 680 5643
225753177 106 485 5645
225974884 113 951 5650
226205920 112 794 5656
228451481 108 87 5712
229060037 116 892 5727
229530851 108 44 5738
230096817 109 606 5753
230955633 102 595 5775
230998820 112 398 5776
232956939 101 681 5827
233441312 104 464 5839
234012755 116 121 5854
234053393 118 171 5855
234276276 108 980 5861
235217303 107 924 5884
236272207 102 899 5910
236382689 101 810 5913
238289252 101 192 5960
238361909 117 869 5962
238677681 110 148 5970
238868802 103 580 5975
238900896 116 886 5976
239743645 112 216 5997
240252575 107 970 6010
241046654 117 696 6030
241202718 103 400 6034
241309553 101 314 6037
242615683 104 442 6071
246258335 102 379 6161
246659402 106 399 6171
246823074 118 523 6175
246977983 108 520 6179
247375756 103 712 6189
247716964 116 399 6197
248011230 114 627 6204
249363242 100 651 6238
249480258 113 161 6241
249687399 113 595 6247
249733016 104 241 6248
250372324 113 683 6264
250419377 113 467 6265
250605421 113 940 6269
250926274 107 435 6277
251006471 101 147 6279
251982841 106 533 6303
252432508 114 492 6314
252867804 113 287 6325
254490644 117 70 6366
255020631 101 61 6379
255147897 103 338 6382
255490168 119 763 6390
256015575 111 48 6404
256393058 107 557 6414
256531189 103 807 6418
256899673 104 598 6427
257185577 109 628 6434
257490876 117 708 6441
257614374 113 690 6444
259830492 100 976 6499
260434532 116 785 6514
260550208 102 256 6517
260720492 118 69 6521
260875126 108 576 6525
260955817 111 646 6527
261565790 100 476 6542
261783135 111 778 6548
261960800 103 322 6552
262166009 119 231 6557
262229691 117 524 6559
262398159 106 445 6563
263294911 100 82 6586
264308140 111 492 6611
264678808 102 378 6620
264974896 107 714 6627
265369379 106 821 6637
266104905 100 76 6656
267321215 105 650 6686
267444799 116 30 6689
267531226 104 472 6691
268429159 102 901 6713
269087747 108 579 6729
269284197 103 655 6734
269770578 113 600 6746
270492696 116 876 6764
270874425 117 290 6773
271580779 105 227 6791
271907631 113 971 6800
272400559 112 97 6812
273251753 103 179 6833
274128974 110 695 6855
274666984 110 222 6868
274715809 112 281 6869
275074499 115 901 6878
276497701 104 8 6914
277764281 103 746 6946
277946669 101 112 6951
277996669 114 595 6952
278860070 100 125 6974
279476333 118 356 6991
280419383 112 538 7016
280889378 111 432 7028
282000685 103 2 7055
283132513 101 308 7083
283226504 105 413 7085
284426988 102 119 7114
284504403 116 886 7116
284869154 101 634 7125
286758682 110 773 7173
286998192 114 29 7179
287533769 112 697 7193
287989206 102 168 7205
290285412 115 630 7264
290481125 118 134 7269
290560940 115 484 7271
291062145 113 434 7284
291620744 105 973 7298
292221939 115 79 7313
292323240 110 948 7316
292626554 113 784 7324
292877985 106 226 7330
293624941 113 928 7349
294532721 104 675 7371
295206041 110 216 7388
296033980 119 122 7409
296592442 104 215 7422
298694323 111 874 7474
299235575 117 248 7488
299593048 114 938 7496
299802757 104 323 7501
300660847 118 650 7523
300708941 105 681 7524
301064154 101 366 7533
301270738 104 656 7538
301305720 115 77 7539
302225399 110 59 7562
302302632 103 472 7564
302421332 117 918 7567
302765619 116 377 7575
303493646 106 960 7593
303738703 104 386 7599
304824480 104 117 7626
305128720 100 266 7634
305550610 113 62 7645
305947432 112 960 7655
307039096 118 895 7683
307930356 100 879 7704
308808920 108 772 7726
309042399 103 80 7732
309175977 105 927 7735
309579999 104 931 7745
309661342 114 27 7747
310344734 116 17 7764
310540952 113 488 7769
310838995 119 297 7776
311119641 107 430 7783
311817562 101 915 7800
313707724 107 235 7847
314423498 119 317 7865
314625571 106 563 7871
315646651 115 574 7897
316175990 104 647 7910
316380798 109 384 7915
317287295 101 99 7938
317330148 105 673 7939
318364891 114 73 7965
318626962 102 178 7971
319459415 101 948 7992
320244256 108 111 8011
321538198 100 533 8044
322374306 116 529 8066
322761011 117 839 8075
322932251 113 617 8079
325203275 113 299 8135
326260105 102 902 8162
326421559 112 810 8166
326755147 117 717 8174
326836715 108 253 8176
327624056 119 172 8195
328394034 106 862 8214
328557239 104 816 8218
328721255 115 735 8222
329424445 112 581 8240
329497775 108 260 8242
329853530 106 981 8251
329887873 105 846 8252
330782083 113 195 8275
331172070 108 296 8285
331402818 105 751 8291
331630558 116 869 8297
331831425 108 383 8302
332083917 103 822 8308
332147121 116 920 8310
333733872 114 375 8348
333845782 112 700 8351
333890103 111 202 8352
334467671 101 423 8366
336767381 113 13 8423
336907304 111 680 8427
337024699 112 24 8430
337588730 100 888 8444
339237055 115 350 8485
341700158 119 302 8548
342880728 115 741 8579
343113224 115 28 8585
345606936 100 463 8647
346510218 112 104 8670
346901698 102 272 8680
347535195 104 618 8696
348080300 101 120 8710
348191796 109 369 8713
348311093 104 963 8716
349399542 119 62 8743
350893822 118 835 8781
353365997 102 344 8842
354683629 117 410 8875
354798990 117 720 8878
355320668 113 594 8890
355653031 104 849 8899
355729445 110 948 8901
357591178 106 847 8948
357903608 100 119 8955
358419212 116 228 8968
360339537 111 104 9015
360501916 103 259 9019
360702807 115 988 9024
362626942 103 395 9071
362702931 103 464 9073
362886857 104 945 9078
363053266 102 399 9082
363868085 116 158 9102
363954456 103 943 9104
364636429 103 793 9121
364960967 112 334 9129
367376010 119 269 9190
368203698 116 684 9212
368540601 111 169 9221
369235074 119 257 9239
369940250 111 237 9257
370397374 117 820 9268
372786515 107 699 9327
372898955 115 214 9330
373139636 106 572 9336
373182748 106 45 9337
374547738 109 406 9370
374621797 107 921 9372
375082277 110 167 9383
376116552 114 384 9407
378012783 112 635 9454
378377567 104 287 9464
379355967 118 167 9488
379639146 114 172 9495
380313527 109 472 9511
380388151 115 730 9513
380930650 112 174 9526
381982923 117 236 9552
382235306 118 763 9558
383248383 117 981 9585
383867320 102 385 9600
385258231 104 69 9635
386081378 114 283 9655
386239526 119 26 9659
386899232 118 850 9676
386982176 102 165 9678
387360867 117 37 9688
387565679 100 457 9693
388466349 103 622 9715
388716181 114 854 9721
390375394 117 261 9762
390594397 119 758 9767
391014756 113 649 9778
391926719 107 863 9801
392121423 102 876 9806
392186607 100 33 9808
392343091 108 778 9812
393038225 113 441 9829
393180517 100 144 9833
394524768 106 46 9865
394777636 102 431 9871
395205435 101 270 9882
395254781 104 937 9883
395412894 100 170 9887
395457103 116 446 9888
396352250 100 292 9910
396812330 111 299 9922
397169628 103 146 9931
399289047 113 550 9984
