1221628 195 200 29
1297590 189 367 31
2669611 183 847 66
3658565 188 441 90
3867252 199 13 95
4313394 191 392 107
5226428 197 918 129
5364727 186 799 132
6234740 192 931 154
6264744 182 462 155
6488295 182 753 160
7646179 182 659 189
8952867 196 705 223
9619545 194 527 240
9831314 197 144 246
10057474 190 335 252
10510428 184 722 263
13657543 185 119 341
14294321 189 648 357
14625755 186 956 366
14783358 188 484 370
15050825 193 165 376
15260823 193 224 381
16782033 180 682 419
17588926 192 542 439
18262104 186 237 456
18836890 184 837 471
19215420 186 952 480
19532541 186 409 488
21190598 192 199 528
22549266 187 303 561
22714846 185 169 565
22999586 193 411 572
24325764 180 819 607
24921532 184 524 622
25108429 189 255 627
25720003 180 291 643
27830558 186 477 694
28343637 182 364 707
28672718 190 510 715
28720334 199 241 716
28817611 183 147 718
29236113 195 965 729
29511537 198 28 736
29671900 192 522 740
29712741 184 168 741
29982627 183 19 748
32348236 192 750 807
32900526 187 269 821
33025459 181 450 824
33298114 180 973 831
33374556 182 989 833
33805763 198 464 844
34021140 187 106 849
35141219 183 65 876
35646129 187 725 889
37237788 191 168 929
38653268 182 70 966
39560303 194 702 988
41238966 180 956 1028
41268966 184 928 1029
41776566 190 372 1042
42498125 190 690 1060
42999127 188 689 1073
43641264 197 570 1090
44139904 181 212 1102
44770321 199 590 1118
45440104 195 351 1134
45513214 182 192 1136
45627329 188 754 1139
47428077 194 179 1185
48453113 187 83 1211
49184853 189 572 1229
49542952 184 9 1238
49672911 182 12 1241
50738168 182 401 1268
51563861 190 4 1288
51807943 183 61 1294
52366655 195 252 1308
52487691 185 236 1311
53611291 180 51 1340
53651742 188 17 1341
53967964 180 47 1349
54050060 191 277 1351
54200212 197 526 1355
54950702 188 490 1374
55105449 184 583 1378
56019408 182 123 1401
56482022 197 853 1412
56752713 192 473 1419
57403521 197 700 1435
57917593 181 849 1448
58313714 188 123 1459
59192727 190 361 1481
60678775 190 658 1517
62372788 193 272 1558
62463361 198 363 1560
63098363 189 129 1576
64330966 194 457 1606
64503904 186 868 1610
64911799 185 988 1620
65982562 185 468 1647
66657461 182 340 1665
68818923 188 334 1718
69025549 191 578 1723
69388756 182 956 1733
70656571 185 52 1765
70827990 191 243 1769
71532596 191 252 1787
72137449 189 42 1802
72520485 183 98 1811
73667349 189 78 1839
74418326 185 244 1857
74687555 185 195 1864
74849667 194 310 1868
75667290 188 78 1888
76324803 185 696 1904
76585818 185 540 1910
78452518 183 776 1955
79156205 197 620 1973
80156661 184 196 1998
80443152 190 149 2005
80868368 193 656 2016
81141613 192 762 2023
82859900 186 713 2066
83096756 181 26 2072
83214673 191 95 2075
83302051 191 633 2077
83492102 181 146 2082
83621474 187 901 2085
83880734 180 318 2091
84483096 187 259 2106
84601726 189 640 2109
85059883 190 606 2120
85900523 181 10 2141
86159987 189 972 2148
86405387 184 205 2154
86760932 183 406 2163
88051115 196 601 2195
88128632 192 266 2197
88659186 192 104 2211
89099357 185 183 2222
89294769 191 748 2227
90311440 181 233 2252
91068469 185 489 2270
91737023 191 607 2286
93093226 190 692 2322
93459627 196 81 2331
94080712 186 689 2346
94199572 188 811 2349
94238971 199 318 2350
94555865 195 226 2358
95219492 184 65 2374
95620712 193 546 2385
95899771 192 766 2393
96388725 190 144 2405
96596416 189 87 2410
98059449 196 140 2446
98096233 197 714 2447
98694421 187 156 2462
98812914 182 784 2465
99427847 188 531 2481
100045644 180 740 2496
101973290 196 412 2542
102046775 199 772 2544
102511559 191 986 2556
102628962 198 907 2559
102712000 194 924 2561
103283381 193 828 2576
103469362 198 935 2581
104466666 180 195 2606
104496666 190 339 2607
104778779 185 842 2614
105041256 193 807 2620
105119422 192 827 2622
105753745 186 135 2638
106326269 180 666 2652
107250556 192 782 2675
107450300 194 247 2680
109818091 183 757 2738
110149615 185 443 2747
111354396 186 322 2776
112398684 198 143 2802
112492165 185 418 2804
113792795 196 635 2837
116726505 185 308 2911
117399652 193 466 2928
117515391 194 764 2931
117808938 184 244 2939
117945205 198 357 2942
119264362 183 212 2974
119684241 195 602 2985
122717649 194 898 3061
122833828 191 597 3064
123077431 184 768 3070
123148863 195 383 3072
124554802 197 487 3108
126158952 195 744 3148
127861166 186 403 3190
128704812 191 603 3211
129300453 190 330 3226
130259485 186 345 3250
131254260 194 741 3276
132626339 192 163 3310
133183314 196 181 3324
133749971 183 947 3337
134218042 182 760 3349
134987142 192 267 3368
135032571 189 896 3369
136442493 186 311 3405
136763241 198 71 3413
137213828 187 25 3424
137254651 185 787 3425
137995287 190 724 3443
138075374 181 202 3445
138445001 187 4 3454
138648814 187 512 3459
138802931 187 312 3463
138870037 189 378 3465
139334889 180 258 3477
141084965 199 56 3521
142070255 197 445 3545
142549322 193 88 3557
143367893 181 618 3578
144192330 184 780 3598
144445071 197 876 3604
144762018 189 558 3612
145313221 180 931 3625
145423559 191 61 3628
145780619 194 824 3637
145859513 191 245 3639
146030489 186 99 3643
147095519 196 489 3669
147967117 189 584 3690
148079739 185 964 3693
148589196 195 43 3706
149055568 195 863 3718
149132657 183 275 3720
150000865 181 181 3742
150336290 181 836 3750
150811245 188 915 3762
151806277 183 591 3788
152013338 191 194 3793
152748842 183 994 3812
153077129 181 438 3820
153245071 196 534 3824
154240567 194 553 3848
154356788 192 579 3851
155443149 194 410 3877
156391348 189 826 3901
156768160 189 126 3910
157074957 188 528 3918
157426895 195 563 3927
158052275 198 907 3942
158389235 197 147 3951
159535266 199 706 3980
160557809 197 931 4006
160587809 183 300 4007
161348064 197 230 4026
161843588 192 863 4038
162242649 194 130 4048
162285866 183 960 4049
162571775 182 382 4056
162936426 195 368 4065
164106651 192 818 4094
164473929 185 786 4103
165643345 187 657 4133
165811766 190 29 4137
165969310 181 243 4141
166003880 183 477 4142
166586111 182 983 4156
166669984 188 73 4158
169002298 190 112 4216
169103947 194 787 4219
170012137 191 69 4242
170457479 195 123 4254
171034091 180 476 4268
171079043 180 45 4269
171123953 199 98 4270
171237171 192 384 4273
171500267 196 314 4280
172634379 182 637 4309
172928934 187 361 4316
172973396 184 905 4317
173131607 185 234 4321
173264668 186 4 4324
175196001 191 860 4372
175523177 192 178 4380
176324451 198 120 4400
176411316 199 603 4402
176953847 193 67 4415
177511297 189 841 4429
179155932 190 685 4471
181430584 186 553 4528
182995426 185 857 4567
183352085 195 72 4576
184799836 196 671 4613
186691836 196 364 4661
187225584 192 977 4674
187433846 185 188 4679
188615712 187 335 4710
188701900 182 952 4712
188953541 199 762 4719
189259265 182 96 4727
190468578 186 161 4757
190903546 183 541 4768
191111717 181 14 4773
191358104 193 425 4779
191394844 191 355 4780
191722965 183 584 4789
191843175 196 614 4792
191913205 180 586 4794
192360159 183 21 4805
192397518 180 415 4806
193512919 186 200 4833
193693150 181 71 4837
194209272 197 883 4850
194533626 190 339 4858
194955144 180 893 4869
195416041 187 750 4880
196565472 182 812 4908
196611408 193 978 4909
196723006 188 569 4912
198949515 189 303 4970
198992116 199 695 4971
199469468 195 915 4983
199741688 187 711 4990
200228637 191 197 5002
200523547 196 505 5009
201450257 196 88 5033
201622671 188 260 5037
201707429 185 254 5039
202136524 182 5 5050
202783460 190 459 5065
203644144 190 173 5088
204969290 185 92 5121
205399409 192 580 5132
205613206 185 300 5137
205974507 182 290 5146
206060809 195 861 5148
206906912 186 713 5170
207176751 191 66 5177
207479689 192 817 5185
208769912 197 93 5219
209014039 180 632 5225
209453960 196 334 5236
209846509 182 754 5246
210089113 199 714 5252
210180529 199 194 5254
211308707 180 477 5281
211338707 191 258 5282
211502731 186 995 5286
211768986 195 728 5293
212030906 182 917 5299
212341762 180 521 5307
212417574 191 321 5309
212535176 181 525 5312
212923659 199 704 5322
213446608 188 128 5335
213740550 184 121 5342
214181109 193 622 5353
214424013 197 802 5359
215415888 185 280 5385
215964695 188 272 5399
216043963 196 630 5401
217060610 187 727 5427
217231178 180 642 5431
217873423 188 198 5447
218196251 188 41 5455
218244842 196 892 5456
218445746 192 787 5461
218854145 195 370 5472
220064349 195 78 5502
220485056 193 893 5512
220693803 199 896 5517
220845374 195 296 5521
220930113 192 197 5523
222217188 191 717 5556
222339907 193 763 5559
222415867 186 777 5561
224077686 189 403 5604
224124374 188 242 5605
225109279 181 54 5629
225528292 197 969 5639
226331142 194 836 5659
226372914 194 289 5660
226680582 192 2 5667
227030704 196 87 5676
227696262 199 397 5693
227771195 186 338 5695
227960306 183 404 5700
228747663 181 446 5719
229184959 181 770 5730
229788751 194 629 5745
230232030 191 993 5756
230374398 186 137 5760
230642800 182 914 5767
231037297 185 943 5777
231197934 190 380 5781
231623627 189 587 5792
232088935 193 866 5804
232300800 190 497 5810
233353775 194 612 5837
233726047 185 180 5846
234628852 188 170 5870
234826754 196 668 5875
234949419 195 809 5878
235134941 180 612 5882
235267303 196 188 5885
235577549 189 909 5893
236028252 191 909 5904
236312111 182 654 5911
236776919 194 853 5922
238059453 190 493 5954
238721311 198 413 5971
239294758 198 906 5986
239588831 182 285 5993
240121487 182 382 6007
241643757 191 19 6046
242530742 191 176 6069
242653650 182 768 6072
243025624 190 341 6081
244442752 180 792 6116
244849599 180 20 6126
245372017 198 890 6139
245694512 191 496 6147
245857323 197 896 6151
247069149 180 823 6181
248045127 192 40 6205
248257320 181 608 6210
248856125 181 858 6225
250113001 188 703 6257
251597391 198 794 6293
251838158 185 161 6299
252150657 189 416 6307
252655295 182 344 6320
253932496 192 433 6352
254837959 192 626 6374
255353403 194 643 6387
256359726 185 412 6413
257066341 180 943 6431
257970011 187 39 6453
258704290 196 775 6471
258737425 182 642 6472
258783708 193 574 6473
258901096 184 727 6476
259912513 183 190 6501
261003719 181 974 6528
261289726 180 466 6535
261865635 195 319 6550
261915635 196 287 6551
262747048 183 911 6572
263258391 198 709 6585
263762013 190 759 6598
264463550 187 342 6615
264503216 180 3 6616
264589414 184 325 6618
265686937 190 312 6645
266491681 193 203 6666
266868466 181 537 6675
268037676 182 75 6703
268072609 197 866 6704
268108951 189 876 6705
268268667 191 740 6709
268304818 194 469 6710
268631483 180 57 6718
268797092 193 378 6722
269358831 186 328 6736
269848512 188 18 6748
270043591 180 667 6753
270091949 195 973 6754
270830339 189 670 6772
272450559 185 971 6813
272720814 181 24 6820
274061713 182 828 6853
274167709 181 194 6856
274236776 195 654 6858
274842333 198 944 6872
276273187 199 551 6908
276537888 192 620 6915
277111543 198 399 6929
277634966 198 328 6942
277694966 181 130 6944
279069807 192 166 6980
279193543 191 604 6983
279654059 192 470 6996
279697837 193 815 6997
279961095 181 34 7004
280084509 185 450 7007
281357148 193 350 7039
281837547 180 697 7051
282702501 191 497 7072
284234535 185 856 7109
285832642 199 67 7150
286318709 186 356 7162
286398209 186 918 7164
287092371 187 206 7182
288261181 181 502 7212
290984859 197 143 7282
291500560 193 342 7295
291574042 180 392 7297
291939753 191 45 7306
292360725 198 925 7317
292391548 183 827 7318
292660071 182 633 7325
292910853 192 959 7331
293711255 186 147 7351
293797415 194 368 7353
294194834 197 202 7363
294763523 198 523 7377
295374709 187 944 7392
295995154 195 408 7408
297096474 199 479 7435
298333443 193 818 7465
298649612 193 406 7473
299125806 197 81 7485
299411992 182 909 7492
300166397 196 837 7510
300620631 194 222 7522
300927687 190 650 7529
300961366 180 753 7530
302589555 190 461 7571
302683995 193 93 7573
303189542 197 96 7585
303577986 189 745 7595
303862427 190 730 7602
304781351 189 86 7625
306595196 199 49 7671
307368421 193 586 7691
308181908 182 2 7710
308503221 192 9 7718
308773619 180 676 7725
309252968 192 253 7737
310750510 192 714 7774
311474468 198 744 7792
312281955 184 248 7812
312755419 190 990 7824
313334479 197 19 7838
314272212 187 17 7861
314453498 197 879 7866
314783491 187 103 7875
315017259 198 720 7881
315798439 197 378 7901
316094212 181 600 7908
316225990 188 456 7911
317125111 189 918 7934
317701508 187 668 7949
318158050 192 772 7960
318234495 191 262 7962
318950895 196 638 7979
319188106 191 293 7985
320066531 185 959 8007
320156956 185 50 8009
320349666 180 643 8014
320536900 183 416 8019
321493906 199 762 8043
322227203 199 939 8062
323233039 191 43 8087
324705733 180 391 8123
324885912 181 150 8127
325482248 184 348 8142
325640107 197 885 8146
326545015 187 405 8169
326626210 185 128 8171
326672805 187 348 8172
326878679 193 543 8177
326959502 182 674 8179
327187054 197 737 8185
327782055 183 111 8199
327994653 196 835 8204
328038581 194 77 8205
328121231 184 176 8207
328305690 181 451 8212
328765684 187 90 8223
328959238 191 822 8228
329009238 189 632 8229
329080118 194 447 8231
329319615 195 514 8237
330076495 193 851 8257
330406423 183 283 8266
332276548 199 607 8313
333238819 188 745 8336
333374057 187 881 8339
333554772 196 888 8344
335175133 195 146 8383
335602611 185 477 8394
335769522 181 369 8398
335928174 182 189 8402
336046985 182 476 8405
336991477 193 85 8429
337355689 191 330 8438
338806727 189 206 8475
339110097 193 147 8482
339348587 183 147 8488
340855738 180 776 8527
342680025 196 844 8574
343480025 186 402 8594
345873285 192 16 8654
346164007 184 200 8661
346199959 195 820 8662
346593744 196 405 8672
347031830 184 783 8683
347070192 186 24 8684
347150957 185 267 8686
348515068 180 792 8721
348912075 188 586 8731
349075857 192 757 8735
349690922 181 159 8751
350512822 195 893 8771
351009936 194 205 8784
351265326 196 900 8790
351309848 184 643 8791
351693404 199 316 8801
352437163 199 463 8819
352483150 197 933 8820
353043298 199 851 8834
354504859 188 246 8871
355274316 197 797 8889
355579160 189 512 8897
355612961 180 670 8898
357724756 190 786 8951
357859637 181 293 8954
358059787 189 679 8959
359070712 199 383 8984
359243186 196 430 8988
359283877 189 788 8989
361528307 180 148 9044
362467986 183 603 9067
362670825 180 178 9072
362970524 199 660 9080
363776630 192 9 9100
364299817 199 466 9113
366209621 194 619 9160
367217519 185 293 9186
367494620 191 395 9193
368848382 190 99 9229
369544182 193 321 9247
369733547 182 52 9252
369779551 198 981 9253
369856060 195 785 9255
370234299 191 630 9264
370640933 193 222 9275
370854440 182 333 9280
370891052 190 442 9281
371914692 191 994 9306
372042251 181 488 9309
373276978 187 969 9339
374726692 190 57 9375
375123230 182 709 9384
375894610 191 877 9402
375944610 187 595 9403
376018021 198 249 9405
376846937 196 177 9426
376877981 181 962 9427
377423708 190 811 9440
377540666 185 17 9443
377793450 183 885 9449
377971272 194 99 9453
378651615 184 21 9471
379218796 193 617 9485
379597638 194 98 9494
379761799 189 579 9498
381012567 196 707 9528
381390861 191 567 9538
382018317 189 986 9553
383006718 181 376 9579
384114179 197 788 9606
384226191 192 878 9609
384551934 191 411 9617
385028777 187 747 9629
385296448 193 574 9636
385583862 185 343 9643
386321827 182 200 9661
387023746 185 431 9679
388128394 192 347 9707
388198909 180 225 9709
388801088 190 55 9723
390454923 197 657 9764
390953325 191 150 9776
391247773 188 850 9784
392156387 181 105 9807
392300391 180 682 9811
395016790 198 42 9877
395695307 198 871 9894
397010893 199 143 9927
397229628 196 459 9933
397557481 191 949 9942
398317254 180 973 9960
399325088 194 555 9985
