253390 128 217 5
498716 126 103 11
528716 138 203 12
2498712 120 102 62
2916659 125 697 72
3968172 135 649 98
4240482 120 926 105
4559674 137 965 113
4594076 138 916 114
5403393 122 565 133
5716769 123 373 141
6796687 132 94 168
7213451 131 39 178
9543063 137 294 238
11125730 133 915 279
11160737 138 882 280
12177920 139 829 305
12871852 128 101 322
14099604 128 313 352
14131056 129 777 353
14443001 127 385 361
14516255 133 929 363
14590500 136 708 365
15290823 126 667 382
15412276 136 425 385
15598769 137 50 390
17629089 129 616 440
17698178 134 531 442
18179708 139 585 454
18373751 133 713 459
18454384 129 765 461
19801252 128 367 495
19895032 133 22 497
22004856 128 421 548
23123455 129 11 575
23244660 137 94 578
23546942 138 431 586
24542341 131 722 613
24876592 136 123 621
25561653 135 89 639
25849590 130 563 646
26765739 121 493 668
26803266 129 881 669
27521306 131 214 686
27599048 138 351 688
28514030 135 46 711
28932873 125 228 721
29054623 135 237 724
29328470 126 939 731
30726774 134 934 766
30893332 126 815 770
32658816 138 345 815
33212237 123 619 829
33682955 124 54 841
34065039 131 212 850
34320708 130 863 856
35174620 120 861 877
36456629 135 961 910
36574573 137 1 913
36954323 139 910 922
38032159 122 414 949
38541488 138 423 963
38951254 134 179 973
42018816 122 709 1048
42915331 126 446 1071
43179627 133 647 1078
43718893 129 898 1092
43835247 127 443 1095
44021192 131 600 1099
44462710 123 986 1110
45699448 136 42 1141
46054940 131 939 1150
46380899 130 223 1158
46656826 121 417 1165
46894185 122 268 1171
47312869 139 160 1182
48328646 132 486 1208
48622137 136 258 1215
49012413 135 781 1225
49496227 123 3 1237
50340182 136 157 1258
51910374 120 259 1297
52613761 131 563 1314
52805912 123 81 1319
53082477 124 687 1326
54667857 129 645 1367
55342659 139 825 1384
55570298 137 30 1390
56883917 132 100 1422
57058817 125 112 1426
57262347 120 179 1431
58677700 127 355 1468
58840212 133 590 1472
58960017 137 373 1475
59231444 129 315 1482
59421066 121 20 1487
59460041 121 613 1488
59664936 129 928 1493
61544974 137 272 1538
62544221 133 280 1562
62776360 120 681 1568
63372433 128 875 1583
63581959 138 561 1588
63631959 127 493 1589
63674992 139 188 1590
64293500 137 28 1605
66052169 139 535 1649
66503628 125 560 1661
67303820 129 62 1681
68388371 126 942 1707
68558461 125 980 1711
68935777 127 506 1721
69438208 121 715 1734
69598325 125 627 1738
70036809 128 433 1749
71098123 123 807 1776
71662909 126 617 1790
72484164 136 675 1810
72798811 122 461 1818
73079177 139 604 1825
73112483 131 0 1826
73228707 137 819 1829
74501006 126 732 1859
75417701 137 243 1882
75761383 123 963 1890
75970401 125 773 1895
76127184 123 571 1899
76495655 133 842 1908
76827173 138 298 1916
77549489 131 717 1934
77637495 124 440 1936
78315462 121 535 1952
78765564 127 68 1963
78800926 128 547 1964
79038330 134 432 1970
79314264 124 534 1977
79385262 122 992 1979
79533653 137 244 1983
79788277 130 129 1989
80074842 122 177 1996
82433724 127 940 2055
82590141 139 544 2059
83051002 129 550 2071
83377168 138 297 2079
84123843 128 413 2097
84255319 125 878 2100
84635085 138 458 2110
84840000 131 428 2115
85014398 122 634 2119
85850523 136 845 2140
86199967 126 394 2149
86680671 121 995 2161
86724006 138 164 2162
87084357 124 662 2171
87465964 130 388 2181
88895357 139 519 2217
88941649 138 146 2218
89183330 133 342 2224
90135211 128 291 2247
90973240 137 637 2268
91239512 125 396 2274
91321664 127 448 2276
93170262 133 82 2324
93307787 130 790 2327
93786535 133 370 2339
94030719 132 876 2345
94720431 135 150 2362
96759974 128 664 2414
97350360 128 997 2429
97658035 133 135 2436
97782968 130 518 2439
99870614 125 934 2492
99920614 125 150 2493
100300054 120 121 2502
100744514 122 728 2512
101186398 135 511 2523
101603315 120 725 2533
101834979 126 749 2539
102980507 137 680 2568
103215797 123 594 2574
103253381 128 419 2575
104078242 139 147 2596
104950778 131 977 2618
105283342 132 737 2626
106738034 137 789 2662
107775840 128 271 2688
108163109 125 512 2698
109093961 122 486 2721
110845142 136 143 2764
111994658 128 435 2792
113050687 125 975 2818
113088216 132 763 2819
113831502 120 405 2838
115677833 123 362 2885
115717366 133 522 2886
116508128 129 716 2906
116596319 120 912 2908
116682332 128 629 2910
116811677 138 723 2913
118318591 135 270 2951
118497581 130 632 2955
118895442 120 606 2965
119214362 126 892 2973
120242848 138 295 2999
120531965 136 931 3006
120696187 125 321 3010
120855346 137 104 3014
120972349 120 798 3017
121200712 139 658 3023
122146287 122 672 3047
123189453 136 564 3073
123682774 120 29 3085
124398253 138 865 3104
124512550 123 832 3107
125780363 126 447 3139
126821949 122 232 3164
127068593 122 958 3170
127110252 136 938 3171
127472231 136 533 3180
127824384 128 164 3189
128873621 126 79 3215
129067208 120 630 3220
129224741 137 795 3224
130759302 127 840 3263
131023210 123 0 3270
131561729 132 981 3284
133231411 136 831 3325
133268983 128 294 3326
133474961 132 96 3331
133524961 121 520 3332
134155207 137 744 3347
134350752 127 828 3352
134434581 136 962 3354
134592076 135 768 3358
135159775 126 487 3372
136105329 139 944 3396
137861258 124 903 3440
138037672 138 56 3444
140835729 134 494 3515
141247976 136 256 3525
141416114 129 95 3529
141617388 130 923 3534
142195147 127 531 3548
142320265 123 556 3551
142905316 138 952 3566
143291996 120 414 3576
143482244 120 986 3581
143738124 130 338 3587
144023895 135 981 3594
144849147 133 917 3614
145269479 138 760 3624
146394577 120 990 3652
146689624 127 172 3659
148658160 124 47 3708
149257857 138 923 3723
149659036 121 44 3733
149840388 132 349 3738
149919230 138 646 3740
150297699 138 797 3749
151734834 134 695 3786
152229612 137 487 3799
152275444 125 951 3800
153155899 122 783 3822
153368918 136 463 3827
153416283 138 751 3828
153625577 129 649 3833
154938296 134 131 3865
155792485 125 508 3886
156597848 138 879 3906
156801728 128 625 3911
158247527 125 727 3947
158788803 129 766 3961
159141486 121 594 3970
162325258 128 490 4050
164060635 126 976 4093
164536211 123 758 4105
164901839 127 910 4114
165138508 120 956 4120
165382300 125 634 4126
167148732 139 681 4170
168808129 132 869 4211
169210816 128 711 4222
169453111 129 786 4228
169897290 137 977 4239
170277601 132 648 4249
171155725 127 789 4271
171461864 135 982 4279
171794794 125 792 4288
172501610 128 670 4306
172588366 123 417 4308
173174365 132 416 4322
173534110 139 46 4331
173801751 124 892 4338
173884721 135 644 4340
174001619 122 697 4343
174127970 124 887 4346
174777868 129 681 4362
175997184 126 163 4392
176613314 139 470 4407
177074858 130 370 4418
177233275 127 405 4422
178334257 133 849 4450
179396018 132 72 4477
180465899 124 268 4504
182319198 129 794 4550
183147870 132 346 4571
183383438 130 7 4577
183699632 136 852 4585
184326473 139 602 4601
184721321 131 264 4611
185464648 136 141 4630
185692791 124 279 4636
185920822 138 186 4642
186087820 130 32 4646
187792248 122 364 4688
187955568 130 16 4692
188005271 129 348 4693
188228258 121 366 4699
188880466 130 18 4717
190050436 120 633 4747
190652799 121 885 4762
190764104 137 662 4765
190953546 121 711 4769
191799618 130 608 4791
192461384 132 353 4808
193265080 134 904 4827
194251187 132 335 4851
196465472 128 824 4906
197399218 128 73 4930
197558458 123 351 4934
198395167 126 766 4956
199055991 129 124 4973
199087336 135 563 4974
200063360 135 338 4998
200178940 132 328 5001
200271965 139 639 5003
200556281 136 381 5010
201825074 128 84 5042
201974323 137 725 5046
202344987 132 150 5055
202391122 124 764 5056
202437217 126 513 5057
202938485 120 138 5069
203359220 125 767 5080
203389220 125 492 5081
205744215 131 691 5140
207324931 136 255 5181
207785027 139 204 5193
208549124 128 144 5213
208736098 133 682 5218
210975125 123 835 5273
211019340 138 280 5274
211579315 125 718 5288
212067939 123 741 5300
213690550 131 539 5341
213866120 128 83 5345
214012419 137 565 5349
215168814 121 362 5379
215457631 125 387 5386
215644958 129 756 5391
216533899 126 465 5414
216845523 137 400 5422
217530117 137 315 5438
218116177 133 746 5453
219161295 131 782 5480
219906663 128 611 5498
219979016 139 18 5500
220567744 126 665 5514
220616477 133 669 5515
220992878 131 550 5525
222106596 123 238 5553
224257237 123 893 5608
225068365 125 514 5628
225319815 120 172 5634
226871672 125 339 5672
227662515 129 891 5692
228008177 131 923 5701
228407082 131 197 5711
230187953 123 431 5755
231167934 120 778 5780
232554151 138 396 5817
232602998 127 12 5818
232765698 121 592 5822
233156019 135 934 5832
234702464 130 472 5872
235167303 122 266 5883
236555719 131 364 5917
237333472 129 719 5936
237691482 122 548 5945
238181818 132 865 5957
238488091 121 332 5965
238526932 138 646 5966
238645415 125 145 5969
239077556 128 239 5981
239823456 139 411 5999
240684537 121 998 6021
242059210 136 148 6057
243219108 136 935 6086
244035294 139 911 6106
244610633 139 789 6120
244653126 134 577 6121
246155355 132 404 6158
246741146 133 439 6173
247022958 134 795 6180
247103191 139 755 6182
249219457 122 341 6234
249300820 122 419 6236
249867208 130 539 6251
250774139 135 899 6273
251675315 124 148 6295
251950178 129 735 6302
252078247 122 637 6305
252120657 122 119 6306
252356010 134 567 6312
252772654 138 334 6323
253069509 122 288 6330
253386630 122 77 6338
254206914 136 863 6359
254339686 123 393 6362
254567980 132 518 6368
254787959 124 111 6373
254918442 137 694 6376
254953810 124 551 6377
255103196 128 846 6381
257659089 124 902 6445
257705111 131 923 6446
257820417 137 856 6449
257924253 128 19 6452
259168758 131 15 6482
259355417 127 976 6487
259397089 137 275 6488
259875092 120 697 6500
260681982 134 602 6520
260796533 125 483 6523
260835831 121 95 6524
261087678 136 431 6530
261252743 130 419 6534
262079990 129 172 6555
262434745 124 506 6564
263008731 135 182 6579
264388412 129 683 6613
265532601 122 608 6641
266021891 132 434 6654
266286234 123 315 6661
267626950 127 46 6693
267676950 128 975 6694
268717539 126 951 6720
269052141 124 303 6728
270327770 131 774 6760
270450489 136 235 6763
270584282 133 345 6766
271733780 124 56 6795
271779653 139 488 6796
272594229 139 137 6817
273137303 132 804 6830
273286521 138 947 6834
273553782 135 407 6841
273675578 122 215 6844
274417661 137 756 6862
275992655 121 260 6901
276086448 134 51 6903
276336424 120 145 6910
276422320 139 54 6912
276902144 127 304 6924
277026667 129 635 6927
277067102 122 437 6928
277438551 137 988 6937
279253898 131 841 6985
281272394 131 633 7037
282579049 134 710 7069
283608662 129 957 7094
283912276 135 880 7101
284305234 130 77 7111
285570000 135 546 7143
285878113 136 362 7151
287174067 121 988 7184
287339411 131 100 7188
287483769 132 162 7192
287572061 128 858 7194
287615681 131 567 7195
288346820 137 651 7214
288498913 139 510 7218
288735252 136 39 7224
289264693 135 354 7238
289616865 135 155 7247
290404814 123 785 7267
290516370 129 825 7270
292251939 126 756 7314
292464583 136 858 7320
294115895 134 585 7361
294636526 138 313 7374
296751503 120 938 7426
297885845 133 543 7454
298085311 138 717 7459
299504606 128 271 7494
299721872 121 970 7499
300276507 137 788 7513
301150494 139 331 7535
301502530 139 516 7544
301851612 136 701 7553
302847213 139 279 7577
303306333 127 892 7588
304135211 135 736 7609
304178518 128 791 7610
304268400 137 282 7612
304874234 121 495 7627
305327142 124 388 7639
305513510 126 714 7644
306235251 132 557 7662
306435718 129 807 7667
306634078 130 588 7672
306789754 125 159 7676
307548510 130 537 7695
308427574 124 120 7716
309793260 135 724 7750
309828928 135 210 7751
309863332 138 404 7752
310138373 135 724 7759
310457507 120 288 7767
310704093 135 319 7773
310799541 126 172 7775
310920030 139 26 7778
311158000 126 624 7784
312052138 133 936 7806
312210266 138 873 7810
312439838 131 710 7816
312508083 134 576 7818
312623089 132 14 7821
313015676 130 36 7830
313165105 126 577 7834
313423258 121 46 7840
313627768 130 121 7845
314518833 136 952 7868
314832966 128 890 7876
315168303 128 909 7885
315973478 120 399 7905
318065302 128 558 7958
318822520 128 451 7976
319116666 126 491 7983
320614043 132 263 8021
321752648 132 438 8050
322800304 137 239 8076
323010597 126 195 8081
324446021 127 963 8116
324598614 138 839 8120
324675165 135 975 8122
325119583 129 548 8133
325274866 125 92 8137
326017855 134 51 8156
326916001 134 586 8178
327227026 122 851 8186
327484951 120 628 8192
328202250 138 710 8209
329200659 122 758 8234
330001449 124 366 8255
330738503 121 273 8274
330929880 133 605 8279
331045595 127 820 8282
331366529 139 470 8290
331796710 127 238 8301
332004700 124 458 8306
332363587 134 97 8315
332533721 134 149 8319
334093616 126 599 8357
334429602 130 941 8365
334517308 129 268 8367
335730928 124 226 8397
337152133 132 190 8433
338318315 138 527 8462
338509789 123 578 8467
338757366 137 88 8474
338978788 125 312 8479
339622258 126 912 8495
339991102 132 292 8504
340025108 130 441 8505
340169134 130 983 8509
340307909 130 427 8513
340429514 137 228 8516
341316641 132 568 8538
341892118 137 832 8553
341926753 121 785 8554
343227598 136 81 8588
343389556 122 342 8592
343563900 130 260 8596
343839229 137 43 8604
344157741 120 380 8612
344963027 125 577 8631
345372247 124 312 8641
345527207 138 198 8645
345645967 125 951 8648
346318919 122 260 8665
347116113 121 715 8685
347646042 126 363 8699
347720128 120 302 8701
347843022 123 958 8704
347972665 125 781 8707
349030528 138 214 8734
349113726 139 297 8736
349735519 123 388 8752
350826299 125 301 8779
351189322 125 739 8788
351854431 125 656 8805
352921628 134 160 8831
352959052 138 458 8832
353210689 129 273 8838
354351421 136 979 8867
356990558 124 584 8932
357073222 124 52 8934
357173042 131 564 8937
357357064 127 152 8942
358027179 127 722 8958
358662186 131 173 8974
358696921 131 763 8975
360383872 128 295 9016
360666581 133 813 9023
361136626 125 319 9035
361393658 134 980 9041
361576260 121 933 9045
361614233 137 288 9046
361772291 133 854 9050
361970499 121 148 9055
363131248 124 240 9084
363236294 139 437 9087
363522054 136 590 9094
363562767 137 889 9095
363691729 129 546 9098
364503458 122 57 9118
364805957 131 934 9125
365191842 120 842 9135
365775270 123 637 9149
366876910 132 489 9177
367339442 127 263 9189
367426010 130 428 9191
367605908 127 260 9196
368395286 133 518 9217
368425286 124 549 9218
369074772 120 373 9235
369312850 122 137 9241
369988143 135 61 9258
370464377 126 710 9270
371367379 124 640 9293
372309529 132 174 9316
373017238 139 675 9333
373564659 130 328 9346
373804097 123 356 9352
374095720 123 796 9359
375767388 122 468 9399
376501328 123 848 9417
376961746 130 479 9429
377339583 132 373 9438
377628881 120 738 9445
378083330 122 823 9456
378409994 124 548 9465
378492862 130 687 9467
378898186 124 534 9477
379019128 131 516 9480
379176015 127 307 9484
380009377 123 201 9504
380142876 135 64 9507
380584841 131 371 9518
381122341 120 125 9531
381748594 137 156 9546
382709542 123 274 9571
382866365 129 678 9575
383791083 126 639 9598
383834863 129 567 9599
385702484 138 489 9646
386383996 124 820 9663
386942419 132 439 9677
387524078 121 205 9692
388051229 123 85 9705
388243325 133 314 9710
388836468 126 212 9724
388879079 122 973 9725
389131877 131 595 9731
389339213 133 965 9736
389408071 131 112 9738
389535703 129 635 9741
389755761 123 900 9746
391202159 125 372 9783
391559964 124 740 9792
391770321 133 432 9797
392534841 139 645 9817
393145221 138 132 9832
393365872 136 607 9837
393567524 134 29 9842
394017400 132 868 9853
394050263 132 409 9854
395290986 121 825 9884
395774547 133 717 9896
396146503 138 186 9905
396271824 122 608 9908
396540129 137 903 9915
397412591 131 57 9938
397872452 128 515 9950
398140238 138 182 9956
398270689 137 689 9959
398528657 139 37 9965
398645995 131 328 9968
398912009 128 439 9974
399189047 123 71 9982
399453985 124 310 9988
