1054572 63 939 25
1945070 74 740 48
3200794 62 270 79
4043878 76 268 100
4086789 70 469 101
4726426 68 329 117
4925677 66 736 122
5047969 70 304 125
5518999 67 630 136
5625099 64 781 139
5798431 75 712 143
6561832 72 351 162
6594647 75 364 163
8764626 69 993 218
9310475 62 807 232
9347411 65 599 233
9908021 77 146 248
10227684 78 364 256
10442877 78 517 261
10709660 62 540 268
10754487 77 450 269
10834909 71 470 271
11090667 67 514 278
11473303 71 133 288
11993048 72 539 300
12636490 75 345 316
13028083 62 237 326
13535947 63 455 338
14482106 77 582 362
14964181 66 780 374
16026267 79 45 400
18092495 79 190 452
19937172 77 1 498
20566730 61 65 514
20840188 63 766 520
20925573 67 749 522
21229645 65 652 529
21345445 71 61 532
21760859 61 155 542
21834461 69 96 544
22227742 67 120 553
22590771 71 28 562
23163654 70 148 576
24457590 70 605 611
26557712 71 434 663
26685578 76 200 666
27399344 65 782 683
28144871 61 478 702
28433756 68 241 709
29010998 69 643 723
29085715 75 619 725
30288512 74 158 756
30336465 76 139 757
30761668 65 368 767
30803203 72 615 768
30851411 65 328 769
31268849 78 454 780
31335875 63 589 782
31879355 77 494 795
33607896 64 338 839
33851136 72 13 845
34781141 78 274 867
35287206 70 575 880
36614304 73 69 914
36858813 72 561 920
36908813 60 287 921
37079919 79 917 925
38254666 67 744 955
38907569 66 752 972
39153570 77 830 978
39846012 65 628 995
40710718 65 807 1015
40951187 60 61 1021
41536194 70 726 1036
41891894 77 306 1045
42181156 78 255 1052
42225184 78 233 1053
42384093 61 321 1057
42541131 75 646 1061
42577336 79 445 1062
44260248 64 400 1105
44889422 72 873 1121
45277336 73 902 1130
46974203 71 492 1173
48050231 71 974 1201
48180452 62 15 1204
48219778 77 294 1205
49307651 76 169 1232
49421392 77 815 1235
50123278 60 21 1252
50460342 66 31 1261
50534225 75 712 1263
52282452 64 273 1306
52963497 75 572 1323
54092397 62 186 1352
55227984 66 803 1381
55417594 75 151 1386
56688291 61 767 1417
58081739 62 833 1453
58395624 72 52 1461
58440806 69 738 1462
59626967 64 612 1492
60184343 78 775 1505
60967157 68 39 1524
61079942 78 888 1527
61204468 70 0 1530
61507098 66 516 1537
62815152 70 497 1569
63262660 72 281 1580
65501654 66 623 1635
65940476 73 824 1646
67180517 68 311 1678
67263096 65 890 1680
67502560 60 284 1686
68003958 72 276 1698
68041396 75 645 1699
68167737 75 955 1702
68704300 74 980 1715
68854558 62 293 1719
68898608 74 206 1720
69355137 67 526 1732
69640315 72 39 1739
69928607 61 713 1746
70786862 67 776 1768
71372879 64 564 1783
71934900 61 39 1797
71972076 79 832 1798
72276713 71 299 1805
72314608 75 663 1806
72392803 62 916 1808
73360064 72 281 1832
73394175 75 458 1833
73490951 63 785 1835
74464576 67 402 1858
75488452 75 821 1884
76170119 76 333 1900
76627199 72 358 1911
76666499 60 387 1912
77102176 77 123 1923
77687133 70 854 1937
79230103 68 950 1975
81803740 77 996 2039
81853059 61 11 2040
83784162 63 73 2089
84440757 79 169 2105
84802272 74 361 2114
85723454 79 242 2137
86007150 71 980 2144
86528422 69 985 2157
86796668 66 679 2164
87122168 63 230 2172
87402927 61 484 2179
87624399 72 831 2185
88617363 60 808 2210
88851569 72 108 2216
89024721 61 369 2220
89143381 77 68 2223
90050586 62 702 2245
90246146 72 994 2250
90631201 76 617 2260
90673905 73 563 2261
91109776 68 272 2271
91705357 73 874 2285
92179403 71 630 2297
92756577 76 246 2313
93136127 70 393 2323
94160245 70 261 2348
94690431 73 631 2361
95048990 77 443 2370
95091070 63 615 2371
95303426 69 131 2376
95742699 60 177 2388
96100910 68 330 2398
97820044 78 541 2440
98300817 62 932 2452
98381413 61 468 2454
98545155 72 690 2458
98614217 78 750 2460
98660346 68 390 2461
98856265 66 757 2466
99826844 79 344 2491
101510862 75 630 2531
101793061 79 121 2538
102393308 68 393 2553
102948934 78 672 2567
104225062 71 181 2600
104811443 78 958 2615
105361334 70 973 2628
105478945 66 598 2631
105881347 73 341 2641
107130103 68 420 2672
108485688 70 704 2706
109639872 74 524 2734
110077839 73 720 2745
110351566 77 649 2752
111141286 62 928 2771
111522295 76 286 2780
111743561 68 638 2786
113118216 62 531 2820
114268534 78 258 2849
114772148 70 789 2862
114887289 68 414 2865
115502849 77 857 2881
115827388 64 663 2889
116861677 67 931 2914
118104774 61 863 2946
118282467 69 265 2950
118367119 71 868 2952
119567909 63 982 2982
119762452 63 305 2987
119827526 77 330 2989
121120355 62 548 3021
121495705 68 534 3030
121800086 63 386 3038
122553358 63 84 3057
122948097 74 843 3067
123221357 77 388 3074
123304513 69 170 3076
123414817 60 663 3079
124331360 64 385 3102
124436130 74 11 3105
125987923 70 371 3144
126117830 60 385 3147
126279695 66 73 3151
126646148 69 370 3160
127266707 70 175 3175
127437339 60 410 3179
129558308 76 735 3233
130301426 62 427 3251
131185814 78 889 3274
131299170 79 221 3277
131527421 79 829 3283
131810412 68 767 3290
131860412 60 682 3291
132044681 79 642 3295
133617431 77 913 3334
133878264 79 280 3340
135283342 65 55 3375
136135329 64 687 3397
136294623 79 740 3401
137537431 64 789 3432
137734406 70 179 3437
138356502 61 220 3452
139026561 79 825 3469
141042671 70 746 3520
141170790 63 984 3523
141330678 74 577 3527
141494696 63 748 3531
142272060 60 956 3550
143259127 66 517 3575
143447954 69 650 3580
143519513 64 239 3582
144601265 70 234 3608
145391891 79 958 3627
145570823 60 486 3632
147217914 65 170 3672
147340884 78 370 3675
147495601 69 947 3679
148420457 66 971 3702
148694532 79 330 3709
149169645 70 114 3721
149219124 64 179 3722
152437235 63 529 3804
152638560 61 772 3809
152792664 64 604 3813
153993119 69 203 3842
154470105 63 975 3854
154590300 72 328 3857
154853666 75 154 3863
155268571 62 234 3873
156680801 63 461 3908
156878887 77 448 3913
157645014 60 263 3932
157927765 76 702 3939
158281013 71 915 3948
158428453 66 863 3952
158716705 76 895 3959
160193920 65 598 3997
160507809 64 109 4005
160830620 66 620 4013
161718884 70 462 4035
162124119 79 654 4045
162489648 65 39 4054
163068336 72 777 4068
163389495 78 616 4076
163533876 65 474 4080
164136651 60 174 4095
165734672 73 501 4135
166796050 64 451 4161
167340400 71 537 4175
167703824 76 287 4184
168579119 70 910 4205
169565198 73 19 4231
171727658 69 55 4286
172172921 64 229 4297
172315897 60 984 4301
173575567 78 350 4332
174697848 61 480 4360
174819988 63 963 4363
176653118 65 230 4408
177860982 79 84 4438
178415942 71 748 4452
180895731 78 153 4515
181906178 79 548 4540
182102980 68 902 4545
182522438 69 721 4555
182672010 76 676 4559
182947822 64 9 4566
183040117 78 821 4568
183308324 71 693 4575
184171485 76 92 4597
184450930 72 656 4604
184487254 79 373 4605
184568779 63 856 4607
186532726 68 640 4657
186771452 72 274 4663
187139352 69 877 4672
187180168 71 973 4673
187302462 63 630 4676
187752328 67 994 4687
188154483 75 750 4697
188335386 60 558 4702
188407813 62 929 4704
188844696 69 935 4716
189068740 65 837 4722
189223008 79 191 4726
189388756 79 920 4730
189785442 65 227 4740
191610138 78 843 4786
192032209 67 819 4797
192596413 73 78 4811
192709074 75 905 4814
194301187 63 696 4852
194488976 68 379 4857
194994248 69 924 4870
195117744 61 471 4873
197246744 73 347 4926
197608458 66 183 4935
197930609 63 167 4943
198221442 62 828 4951
198551993 69 213 4960
198711605 68 575 4964
199025991 62 459 4972
199250183 60 356 4978
199505817 70 892 4984
200029010 66 358 4997
201665364 76 643 5038
201870404 75 8 5043
204360950 79 91 5106
204697804 62 216 5114
204890071 71 198 5119
205198654 67 393 5127
205822198 67 567 5142
208059029 62 18 5200
208519124 60 835 5212
208704345 61 562 5217
210049984 74 843 5251
210473499 68 714 5261
211680426 63 508 5291
212149308 73 119 5302
212842690 63 818 5320
213489165 74 795 5336
217021250 73 984 5426
217148802 63 515 5429
219713859 61 876 5493
220157623 65 872 5504
221154691 65 964 5529
221467885 70 577 5537
222537725 75 554 5564
223492135 61 788 5589
223742477 76 862 5595
223997684 69 621 5602
224755964 60 604 5620
225844205 75 201 5647
228312760 70 505 5708
228940305 73 701 5724
229950009 60 961 5749
230016201 60 723 5751
230804006 60 550 5771
231464177 63 25 5788
231509362 75 620 5789
231741006 78 678 5795
231857698 65 560 5798
234208204 76 386 5859
234358278 79 447 5863
235627549 60 71 5894
235978252 71 997 5903
236647324 65 722 5919
236820764 77 502 5923
237062857 79 549 5929
237169402 62 258 5932
237847938 65 946 5949
237969570 63 209 5952
238939727 78 782 5977
240404241 64 977 6014
240927689 77 253 6027
242100310 70 157 6058
242418141 79 882 6066
243338429 62 471 6089
243993355 60 277 6105
245212235 67 277 6135
245248813 67 308 6136
245331369 73 250 6138
246368432 66 125 6164
246531723 72 576 6168
247177280 71 689 6184
247795041 69 249 6199
248287359 66 274 6211
248448383 72 115 6215
248618962 70 505 6219
248974865 67 961 6228
249333242 65 268 6237
249582128 73 90 6244
249612128 60 769 6245
249950718 73 764 6253
250516901 70 295 6267
250684119 72 741 6271
251138085 65 549 6282
251230935 63 224 6284
252394160 72 62 6313
252943573 64 0 6327
252988359 79 732 6328
254883137 73 265 6375
255054348 76 597 6380
255636539 61 769 6394
255704434 60 539 6396
255965575 67 978 6403
256052213 70 456 6405
256171367 71 362 6408
257358973 72 422 6438
259074947 79 782 6480
259438266 69 811 6489
263048076 76 139 6580
263164711 73 662 6583
264894687 75 884 6625
266320531 60 842 6662
267102409 62 549 6681
267882066 73 975 6699
269562473 70 79 6741
270137611 62 531 6755
271441015 72 621 6787
272056642 76 633 6804
274199410 75 234 6857
274461001 60 786 6863
275152986 73 375 6880
276865085 60 286 6923
277311094 73 769 6934
277874239 67 814 6949
278206218 77 428 6957
278282724 72 106 6959
278540649 66 694 6966
279731444 63 424 6998
279843173 64 279 7001
280383916 78 684 7015
280506497 75 653 7018
280659154 72 693 7022
281018582 66 262 7031
281572342 75 938 7044
282789180 63 125 7074
282945507 68 318 7078
284150607 64 918 7107
284931795 60 181 7127
285245723 62 289 7135
285480663 61 661 7141
286239327 70 881 7160
289109761 75 895 7234
289854156 76 173 7253
290324122 65 92 7265
291183373 68 123 7287
291220956 75 452 7288
291973547 60 17 7307
292059587 66 470 7309
292288584 69 585 7315
293913306 65 476 7356
293954085 62 451 7357
294244834 75 629 7364
294444650 72 180 7369
295670456 70 348 7400
296501304 69 784 7420
296950605 71 593 7431
297136338 77 450 7436
297709959 61 476 7450
297840977 64 864 7453
298248240 61 114 7463
298561419 68 655 7471
298815490 69 698 7477
299898817 73 175 7503
300590118 62 444 7521
300793904 77 105 7526
302546655 73 429 7570
302970939 70 967 7580
303538753 68 487 7594
304553171 71 781 7619
304973190 65 893 7630
305878415 69 76 7653
307453357 73 243 7693
307765174 71 401 7700
308088079 74 344 7708
309299866 62 859 7738
311194435 76 697 7785
312166515 70 551 7809
312800924 79 554 7825
313206944 72 132 7835
313548558 61 632 7843
314242212 64 439 7860
314355221 65 213 7863
315768439 66 733 7900
316265458 70 687 7912
316430241 69 729 7916
316584521 78 877 7920
316671220 74 290 7922
318199439 66 91 7961
318589283 78 398 7970
318904333 62 285 7978
319034432 62 258 7981
319250442 71 883 7987
319371539 64 947 7990
320116531 60 176 8008
320418921 66 39 8016
321133669 64 500 8034
321223998 64 796 8036
322887021 72 418 8078
323041176 63 44 8082
323079503 72 751 8083
323120991 64 808 8084
323987830 70 9 8106
324488630 79 156 8117
324533730 73 166 8118
325443643 66 809 8141
326218480 72 78 8161
326588223 60 986 8170
326795258 67 531 8175
327311668 77 488 8188
327666107 75 528 8196
328885460 66 685 8226
329762921 60 831 8249
330595230 61 840 8271
331290693 76 598 8288
331726587 71 894 8299
332041194 62 352 8307
332401251 65 372 8316
333000579 60 344 8330
333070855 64 683 8332
333780816 78 741 8349
334295010 66 300 8362
335565673 75 658 8393
336832937 77 596 8425
337220855 64 608 8435
337943883 68 719 8453
337989714 70 545 8454
338029887 61 360 8455
338150453 78 383 8458
338234998 73 82 8460
338897169 76 904 8477
340270383 62 726 8512
340630442 65 665 8521
341434268 66 368 8541
342146649 60 715 8560
342337402 67 375 8565
342630025 71 539 8573
343002942 68 802 8582
343154235 69 669 8586
344244368 61 885 8614
344366223 68 353 8617
344837349 61 529 8628
345176970 62 638 8636
345447813 69 559 8643
345831658 79 571 8653
346126943 66 39 8660
346985966 70 253 8682
347181843 73 631 8687
347221658 70 470 8688
347415546 70 617 8693
347760516 72 587 8702
347936519 63 801 8706
348472988 60 142 8720
348601333 65 93 8723
348669949 61 377 8725
348707464 69 618 8726
349163726 77 366 8737
349511239 65 43 8746
350296652 78 31 8766
350932662 62 388 8782
351533136 70 541 8797
351805300 69 234 8804
352602320 62 137 8823
353248896 71 131 8839
353732634 77 316 8851
353880464 79 600 8855
353920315 74 118 8856
353962318 78 48 8857
353999559 72 749 8858
354116646 65 783 8861
354236019 63 367 8864
354266019 64 781 8865
354843766 66 35 8879
355187994 61 135 8887
356020238 79 791 8908
356880174 66 387 8929
357034851 79 989 8933
357103222 73 257 8935
358552763 64 859 8971
358775626 76 777 8977
360085983 78 959 9009
360539279 70 547 9020
361060022 70 470 9033
361261930 62 651 9038
362293889 74 183 9063
362431767 72 415 9066
363092935 78 865 9083
363914766 69 53 9103
363989162 60 495 9105
365105925 63 49 9133
366005806 77 242 9155
366248108 61 830 9161
366313042 72 144 9163
367530662 70 470 9194
368648487 79 91 9224
368690751 63 681 9225
368961195 70 914 9232
370104321 67 83 9261
370195307 76 508 9263
370598091 79 293 9274
371004744 78 411 9284
371254279 65 480 9290
371498621 64 646 9296
371576919 61 77 9298
372092251 70 298 9310
372141932 70 574 9311
372742508 65 807 9326
373514659 64 271 9345
373895642 72 272 9354
374259705 78 167 9363
374304464 79 143 9364
374656391 77 801 9373
376301373 66 945 9412
376997837 64 613 9430
378337668 76 151 9463
378824779 79 943 9475
378985256 62 890 9479
379055724 78 227 9481
379563584 74 221 9493
379717198 65 88 9497
381345754 75 641 9537
382310630 75 66 9560
382627141 64 445 9569
383045135 77 138 9580
385788823 79 927 9648
385833643 79 799 9649
386197360 72 285 9658
386459574 66 839 9665
387482162 70 191 9691
387745482 70 441 9697
387885436 62 396 9701
387926516 79 908 9702
388596308 71 579 9718
388963164 70 355 9727
389174325 75 227 9732
389258204 65 256 9734
391810993 78 875 9798
392699407 61 407 9821
393447467 60 483 9839
398359182 78 816 9961
398741771 77 643 9970
399603647 77 115 9992
399802468 64 915 9997
