971800 72 690 24
1429972 62 445 35
1877386 66 439 46
2368286 65 93 58
3505998 63 653 86
4563810 76 895 112
6343080 76 35 158
6376015 60 60 159
8092117 70 559 202
8162581 79 376 204
8772912 75 43 219
9933120 73 614 247
10019963 62 472 249
10362381 74 565 257
11594283 76 6 288
11742632 71 235 292
12019433 74 847 299
12180885 78 319 303
12489132 64 38 310
13591789 68 261 337
14078423 71 950 349
14398620 65 201 357
14874179 61 25 369
15107991 71 476 375
15248596 73 409 379
15428811 64 349 384
17437315 75 499 433
19777384 76 343 490
20528589 63 916 508
20605389 60 738 510
22262146 60 212 551
22962808 62 741 568
23896125 71 828 592
24152261 68 979 598
24406729 72 434 604
25444010 76 462 630
26300917 76 600 651
26548574 76 595 657
27360443 74 683 676
27529346 72 840 680
30406494 68 457 750
31014168 71 77 766
31305487 68 705 773
31775605 76 321 785
31866166 71 0 788
33373122 78 837 826
33497514 75 317 829
33883800 71 37 838
34959457 62 292 865
35446268 72 334 877
36632892 68 891 907
36674377 62 776 908
37277723 72 257 923
37354529 75 560 925
39275232 60 121 974
40039148 64 3 993
40406402 69 14 1002
41285939 71 149 1023
43296682 77 876 1075
44072082 77 566 1094
45693720 60 576 1135
45979240 69 425 1142
47317433 69 659 1176
47477428 61 905 1180
47967849 69 349 1192
48284968 79 896 1200
48629703 62 586 1208
48748149 67 480 1211
49099026 78 210 1220
49182607 78 125 1222
49828136 79 125 1238
50057664 69 225 1244
51285151 61 688 1276
52378032 62 612 1303
53314559 67 703 1325
53474267 65 927 1329
53912885 70 775 1340
54240920 70 260 1349
54311933 79 316 1351
56425041 74 309 1404
56728408 61 58 1412
57175961 70 222 1423
57852649 75 396 1440
58477379 66 350 1455
58955742 61 687 1466
60077259 62 506 1494
60259298 64 789 1499
60854825 68 483 1513
61142936 62 159 1520
61364045 74 847 1526
61431854 76 447 1528
62970296 79 475 1567
63375054 79 960 1577
63537552 79 164 1581
64941872 67 53 1615
65060890 60 351 1618
65844036 76 362 1637
66614166 60 90 1657
67065052 76 83 1668
67999605 69 166 1691
68604262 67 432 1707
68842171 76 981 1713
69575894 63 829 1731
70853988 66 477 1762
71274720 66 140 1773
71501747 71 219 1779
71639678 69 808 1783
72109325 70 312 1795
72233624 70 961 1798
72992563 77 428 1816
73079755 69 693 1818
73406056 66 740 1826
73873040 78 973 1838
75177749 63 120 1872
75417883 76 65 1878
75855609 72 91 1890
77081999 76 930 1921
77123410 72 68 1922
77783103 62 381 1938
78308174 73 934 1951
81336917 79 21 2026
82011543 78 121 2043
83410809 69 975 2078
84604627 74 390 2107
84693132 71 816 2109
84737437 70 768 2110
85375467 60 482 2126
87047083 68 734 2168
87163274 64 791 2171
87517130 78 148 2180
87670387 68 106 2184
89072042 64 674 2218
89489066 75 488 2228
89972303 76 965 2240
90016286 63 4 2241
90172204 61 301 2245
91600686 60 161 2280
91674925 73 859 2282
91862453 70 47 2287
91984752 69 365 2290
92126470 75 269 2293
92251593 61 708 2296
92603692 60 152 2305
93048233 72 52 2316
93087379 69 858 2317
93867004 66 411 2336
94028027 76 201 2340
94078027 78 579 2341
94286039 63 974 2346
94571098 76 100 2353
95010832 71 628 2364
95690148 73 790 2381
95845421 61 939 2385
96105635 68 498 2392
96349149 66 739 2399
96783268 61 929 2410
97053518 75 521 2417
97407368 71 901 2426
97445047 76 58 2427
97547390 76 383 2430
97867981 69 644 2439
97955660 70 262 2441
99452349 63 125 2479
100031573 77 135 2493
100071760 74 610 2494
100767199 67 220 2511
100978339 60 313 2516
101163766 73 317 2521
101466590 74 697 2529
102024991 67 697 2542
102175025 63 472 2546
103059081 74 807 2568
103213691 75 903 2572
103299240 79 738 2574
103583226 77 138 2581
104548829 63 744 2605
104797308 62 941 2611
105040984 68 433 2617
105365296 70 824 2625
105545698 75 267 2630
106667000 76 739 2658
106702947 78 283 2659
107021116 65 206 2667
107189724 68 323 2671
107722989 79 36 2684
107798101 60 103 2686
108485417 69 165 2702
108781084 74 730 2710
109108548 73 131 2718
109980911 71 200 2740
110409559 68 525 2751
110810588 72 512 2761
112047549 73 833 2791
112400745 61 228 2800
116400597 67 813 2902
117997820 78 175 2942
118043491 66 678 2943
118154152 63 843 2946
118871854 67 47 2964
119120270 79 991 2970
119463056 69 171 2979
119828312 67 86 2988
120025378 63 374 2993
120227494 76 466 2998
120326752 75 953 3001
120460853 62 140 3014
120902684 77 353 3058
120924408 70 147 3060
121049143 76 221 3072
121119661 76 11 3080
121544897 74 880 3125
121620553 62 863 3133
121677944 65 592 3139
121804587 65 22 3151
121873273 71 694 3158
122021206 63 739 3173
122040354 64 112 3175
122313947 70 297 3203
122456543 75 670 3218
122591764 75 219 3231
122866085 61 277 3260
123194894 76 399 3293
123661167 60 190 3339
123730631 60 564 3346
123836810 74 88 3357
123977669 68 15 3372
124248950 71 277 3400
124349046 69 159 3409
124663636 71 172 3440
124773708 75 418 3452
124824692 61 528 3458
124887549 78 749 3464
124945108 76 866 3470
124953642 74 441 3471
125271684 79 640 3503
125335216 70 864 3509
125346008 68 879 3510
125384029 61 195 3514
125960126 73 552 3572
126044646 78 826 3581
126072957 74 214 3584
126165479 62 482 3593
126233972 71 441 3600
126298022 69 360 3606
126386938 61 555 3614
126398821 66 15 3615
126468866 62 467 3622
126584478 69 883 3633
126904547 64 509 3666
126980391 71 502 3673
127169747 72 276 3692
127200010 64 453 3695
127542354 77 939 3727
127592795 79 534 3732
127652940 79 652 3738
127846307 63 526 3757
127912565 76 274 3763
127919134 69 943 3764
128002701 61 272 3772
128031845 71 129 3775
128178376 65 504 3791
128482282 74 161 3822
128687110 67 554 3842
129115949 78 68 3885
129298482 72 75 3902
129343685 77 954 3907
129413803 67 798 3914
129436246 64 248 3916
129447603 72 681 3917
129529681 79 445 3926
129846047 61 664 3959
129941493 76 624 3969
129974971 60 859 3973
130022287 61 866 3978
130052455 63 390 3981
130098176 75 835 3986
130153376 72 21 3992
130300105 64 457 4006
130492919 74 417 4025
130501258 72 404 4026
130558628 76 526 4032
130665182 60 902 4043
130991770 77 786 4077
131030313 74 117 4081
131040382 62 453 4082
131151514 62 457 4093
131159559 62 259 4094
131450223 68 383 4123
131541249 62 381 4132
131634976 68 411 4141
131656625 75 205 4143
131854173 74 179 4164
132097353 78 589 4188
132735580 76 446 4256
132882950 68 53 4271
133070421 64 408 4291
133143848 63 409 4299
133502528 63 798 4335
133752627 76 323 4360
133772461 70 203 4362
134137646 76 551 4397
134145823 73 822 4398
134251477 69 261 4408
134289336 67 703 4412
134370575 61 367 4420
134492430 65 0 4433
134542791 62 172 4438
134782149 64 242 4463
134816681 70 877 4466
134855280 79 514 4470
134887732 72 420 4473
134941122 72 304 4479
135023531 77 292 4487
135236173 74 704 4510
135392783 60 744 4526
135586919 72 319 4546
135889968 63 365 4576
136466913 64 123 4632
136592215 76 129 4644
136699248 76 576 4656
136785945 76 155 4664
136887876 66 456 4674
137766056 63 497 4759
137775897 66 801 4760
137913833 68 744 4775
138169281 70 121 4801
138361681 68 86 4821
138383495 62 213 4823
138692316 66 912 4854
138716988 68 790 4856
138739929 68 445 4858
138918250 73 854 4877
139234008 69 447 4909
139319248 74 938 4918
139555804 72 108 4941
139859374 70 992 4971
140065731 76 290 4991
140121734 78 717 4997
140304737 62 33 5016
140573160 60 200 5043
140728447 78 992 5060
140815099 62 176 5069
141222366 79 487 5109
141413081 74 617 5129
141603652 67 839 5147
141637565 61 640 5151
142316722 62 723 5221
142582988 79 563 5247
142824783 79 790 5271
142903628 78 656 5279
142914884 63 39 5280
142923839 71 830 5281
143017749 77 953 5290
143039446 78 167 5292
143117870 76 657 5300
143184794 68 755 5306
143531315 77 227 5342
143596486 77 206 5349
143791331 68 418 5368
144062694 78 26 5396
144073236 78 178 5397
144101993 65 10 5400
144657975 64 493 5456
144834084 70 382 5472
144872735 68 887 5476
144937190 66 526 5482
145400971 70 85 5528
145520918 69 858 5542
145564498 63 140 5546
145975358 72 309 5587
146022298 67 544 5592
146083586 72 682 5598
146593392 61 580 5647
146604479 70 606 5648
147187403 66 518 5709
147317947 63 560 5722
147458040 76 660 5735
147597125 64 652 5749
147699317 71 138 5759
147838904 66 482 5773
147873729 67 985 5777
148176650 72 247 5807
148384314 76 261 5827
148440132 77 225 5832
148462428 72 358 5834
148601466 71 592 5847
148675655 77 926 5855
148764217 62 118 5865
148841247 62 25 5874
148940026 79 564 5884
149034158 75 923 5893
149273887 60 427 5916
149465976 74 242 5936
149514865 68 179 5941
149540612 75 589 5944
149637866 70 538 5954
149666360 70 914 5957
149894139 69 985 5981
150101373 67 990 6002
150640659 78 265 6055
150768775 69 925 6068
150956494 77 111 6086
151141223 65 607 6104
151164496 70 610 6106
151186994 71 267 6108
151195257 67 859 6109
151238288 69 174 6113
151425480 71 481 6131
151523033 75 855 6140
151954295 65 94 6182
152072510 63 389 6193
152194432 75 990 6204
152359391 63 73 6221
152386757 68 145 6224
152431710 69 741 6229
152608203 63 25 6247
152638938 78 22 6250
152710281 74 864 6257
152752458 67 876 6261
152789275 74 734 6265
152882439 62 246 6276
152944866 70 653 6282
153006671 60 40 6288
153149558 72 722 6302
153223702 69 296 6309
153425420 67 398 6329
153681556 78 213 6356
153836286 69 232 6371
154176335 69 674 6404
154495732 65 163 6434
154659765 79 596 6450
154781946 79 111 6463
154879216 73 761 6473
154921475 66 220 6477
154980964 68 225 6483
154993138 72 490 6484
155003224 78 561 6485
155089667 77 39 6494
155102227 62 918 6495
155185329 72 315 6503
155369012 70 81 6521
155441381 71 508 6528
155515795 74 613 6535
155554765 60 685 6539
155853637 71 620 6571
156216238 65 947 6607
156403891 69 303 6625
156505787 69 313 6635
156670479 61 996 6651
156679231 69 652 6652
156692056 60 779 6653
156744832 72 875 6658
156774405 75 724 6661
156799026 60 622 6664
156882521 63 287 6672
157009422 65 813 6683
157235959 61 37 6705
157362873 63 534 6720
157461956 75 462 6730
157505513 61 691 6734
157653260 75 906 6749
157721842 66 550 6756
157930326 73 35 6778
157960997 63 668 6781
157971190 62 68 6782
158273801 75 25 6812
158517657 67 768 6836
158626588 75 506 6846
158674091 70 417 6851
158686758 78 703 6852
158749241 60 243 6858
159161911 63 401 6901
159471082 61 760 6931
159634010 70 249 6946
159721447 61 651 6955
160299128 73 808 7014
160329962 65 570 7017
160348678 69 925 7019
160377825 64 196 7022
161271203 65 685 7111
161349603 69 38 7119
161515016 79 310 7136
161556453 74 37 7140
161711471 77 677 7155
161767675 75 459 7161
161891240 79 156 7173
162067264 60 377 7190
162089945 68 863 7193
162100058 72 761 7194
162138473 69 12 7198
162266856 64 521 7211
162430885 68 976 7226
162697797 74 119 7252
162753233 78 882 7257
162883433 77 517 7271
163040909 61 148 7287
163332542 76 805 7316
163365586 68 906 7319
163456691 69 37 7328
163578511 61 144 7340
163610913 70 362 7343
163733000 62 605 7354
164068174 69 822 7388
164109547 65 552 7392
164251899 73 279 7407
164427028 61 931 7425
164466944 66 38 7429
164566265 62 5 7440
164647990 70 309 7448
164821307 60 271 7465
165016554 61 445 7484
165201046 79 442 7503
165279146 74 811 7510
165375199 60 29 7520
165568787 65 587 7540
165866962 74 613 7570
165914626 65 883 7575
166204004 60 361 7604
166242773 70 213 7608
166335768 66 567 7618
166494112 73 826 7634
167100628 69 558 7694
167295560 72 762 7714
167360441 69 491 7720
167427371 63 716 7727
167470126 64 60 7732
167489065 72 737 7734
167807047 60 332 7765
167897840 68 611 7774
168112798 64 906 7795
168447224 60 353 7829
168607206 69 992 7846
168699990 62 734 7855
169526689 77 154 7937
169605951 78 75 7945
169854048 74 985 7971
169928391 62 393 7979
170137717 75 783 8000
170242308 78 733 8012
170255308 78 356 8013
170322787 63 504 8020
170363076 62 118 8024
170395012 72 462 8027
170429512 77 590 8031
170449765 77 50 8033
170487427 72 934 8038
170866186 68 48 8076
170924649 69 578 8082
171198748 63 150 8108
171579432 79 370 8147
171640620 70 962 8154
171754479 64 748 8165
171823345 63 395 8172
171923475 70 149 8182
172334440 61 881 8226
172347172 70 867 8227
172357320 74 449 8228
172483367 61 948 8240
172969297 71 930 8288
173285303 74 766 8320
173379927 62 848 8330
173408479 63 40 8333
173796197 61 186 8372
173956969 63 798 8388
174126622 70 877 8404
174164040 75 631 8409
174346298 69 809 8429
174472506 66 978 8441
174795866 62 526 8471
174924532 71 306 8485
174995102 71 657 8493
175042564 63 898 8497
175116514 64 820 8505
175538178 66 552 8545
175649682 66 174 8557
175710881 60 19 8563
175736939 75 304 8566
176078052 62 141 8600
176505739 65 630 8643
176538069 64 613 8646
176709971 62 581 8663
176913746 75 914 8683
176946183 64 470 8686
176954617 75 186 8687
177128128 71 695 8704
177171463 79 121 8708
177247614 65 351 8716
177314082 65 799 8724
177392187 64 972 8731
177549551 77 574 8747
178031734 72 242 8796
178192617 76 516 8811
178317303 63 898 8824
178322895 78 567 8825
178390648 60 529 8832
178439968 64 133 8837
178499309 72 759 8843
178600142 71 585 8853
178620025 74 301 8855
178848948 67 732 8877
178983269 60 276 8890
179023056 78 24 8894
179236904 79 821 8918
179328177 67 399 8927
179649273 75 327 8959
179859368 71 632 8979
180112562 73 36 9004
180457146 66 890 9037
180600366 78 489 9051
180834203 64 527 9076
181099641 79 130 9103
181178646 78 837 9112
181283644 76 355 9122
181315752 72 666 9125
181336380 79 203 9127
181346456 64 651 9128
181705888 67 601 9164
181813509 73 682 9175
182116639 68 672 9205
182157262 67 61 9209
182296842 75 654 9223
182327137 77 195 9226
182429423 77 331 9237
182542426 79 268 9248
182669641 74 240 9261
182716151 67 533 9266
182923298 73 973 9287
182946760 77 54 9289
183240571 70 792 9319
183385703 72 596 9334
183537822 79 59 9349
183620683 70 95 9357
183651896 78 213 9361
183711985 66 963 9367
183869080 78 218 9382
183878973 77 975 9383
183939041 61 603 9389
184090933 72 134 9404
184132471 79 966 9408
184209039 64 105 9416
184539576 65 175 9450
184783137 63 813 9474
184857472 60 289 9481
185047314 65 938 9500
185377558 70 13 9533
185573309 77 150 9552
185745225 79 973 9569
185919980 78 461 9585
185990176 64 294 9592
186066725 77 869 9599
186113191 65 583 9604
186283783 77 602 9621
186661745 79 602 9660
186846951 79 673 9678
187066268 71 275 9699
187076040 64 936 9700
187230242 68 618 9717
187277139 62 850 9721
187330862 73 942 9727
187407513 78 227 9734
187528694 71 672 9746
187624783 69 362 9755
187795392 63 981 9773
187932805 71 585 9787
187971973 71 45 9791
188088180 76 978 9802
188971999 78 677 9893
189555176 61 98 9952
189573657 77 119 9954
189594336 78 238 9956
189611309 70 945 9958
189872220 73 227 9985
