849490 223 396 21
1464896 228 164 36
2577190 220 57 63
2895950 224 147 71
3168478 226 959 78
3827565 234 977 94
5465000 229 522 135
5684165 232 717 141
5714743 225 282 142
5931988 237 116 148
6268849 221 997 156
6490491 230 550 162
6725580 225 915 168
6818504 225 672 170
7288885 238 759 181
7595082 230 221 189
7705687 224 504 192
8290896 224 525 207
8397463 224 797 210
8443828 225 133 211
8941093 229 736 223
11446218 226 979 284
11659649 233 763 290
12999958 222 19 322
13072630 233 81 324
13228583 236 319 328
13478856 225 42 334
14028423 220 976 348
17148706 223 900 426
17313865 224 847 430
17731007 225 441 440
17873220 227 515 443
18203709 237 286 451
18661803 231 957 462
19155572 236 605 475
19644536 227 336 487
20025311 234 695 496
20057033 225 347 497
20641881 230 38 511
21548322 237 447 533
22009412 222 914 544
22554049 232 195 558
23977629 233 239 594
24478102 228 591 606
24811858 222 542 614
25035986 239 634 620
26340866 238 473 652
28616495 233 663 706
29374413 238 410 725
29551212 226 994 729
29770997 230 968 735
30097148 225 290 743
31094402 231 574 768
31450021 225 641 777
31836166 238 903 787
32374003 234 312 801
32491074 231 702 804
34116584 229 427 844
34345032 227 768 850
35605078 231 557 881
35845922 232 745 887
36569412 237 358 905
37320937 221 660 924
38020135 235 38 941
38091429 239 912 943
39525403 221 135 980
40114980 220 553 995
40242143 223 951 998
40281232 223 574 999
42658046 224 414 1059
42825513 239 214 1063
43014113 233 511 1068
43053747 232 77 1069
44030950 230 750 1093
44845808 237 786 1114
45008474 234 647 1118
45391593 222 302 1127
46145797 237 961 1146
47602185 227 892 1183
47645476 237 395 1184
47888677 233 761 1190
48047849 239 581 1194
48197795 234 565 1198
48247795 236 925 1199
49356301 230 19 1226
49489743 222 356 1229
50543225 229 373 1257
51142602 231 478 1272
51328590 230 117 1277
51705390 238 279 1286
51822553 224 525 1289
51867653 224 594 1290
52182440 231 293 1298
53828774 239 627 1338
53942885 232 119 1341
54464206 227 851 1355
54590291 239 770 1358
55314560 232 668 1376
56180418 233 21 1398
56352246 239 216 1402
56496963 225 475 1406
57311277 231 310 1427
59163428 220 966 1471
59307999 237 494 1475
59346765 230 511 1476
59747816 229 213 1486
59958240 232 460 1491
60686094 229 789 1509
60773463 235 584 1511
60977757 224 800 1516
61900076 229 582 1540
62357990 234 131 1552
63173694 239 877 1572
63294669 234 329 1575
63412638 224 20 1578
64582760 222 857 1606
64861174 239 176 1613
64891872 235 128 1614
64983437 226 725 1616
67347191 232 352 1675
67501312 223 154 1679
67629964 221 508 1682
67953162 227 35 1690
68140943 234 811 1695
70098362 227 582 1744
70678144 220 451 1758
71575281 228 198 1781
71911181 221 766 1790
72139325 227 578 1796
72485049 238 972 1804
73163661 237 788 1820
74239594 236 228 1847
75713657 229 346 1886
75982541 221 86 1893
76013199 221 6 1894
76906912 230 273 1916
78385866 229 930 1953
79521660 231 7 1981
79729636 223 405 1986
79811491 224 122 1988
80253270 239 521 1999
80473871 226 332 2005
80596394 223 826 2008
81374914 222 339 2027
81929574 237 626 2041
82970560 237 900 2067
83549555 227 467 2081
83675169 223 982 2084
84389958 235 300 2102
84436929 220 56 2103
84986897 230 729 2116
85190024 230 347 2121
85417440 233 441 2127
85899762 233 967 2139
86150420 236 529 2146
86804711 220 707 2162
86976772 238 194 2166
87629371 236 355 2183
89032740 222 251 2217
89861582 239 605 2237
90785380 238 593 2260
91037728 226 101 2266
94243603 232 461 2345
94752753 238 720 2358
94843093 237 31 2360
95119442 225 631 2367
95375950 238 148 2373
96004745 226 74 2389
96660097 232 602 2407
97155949 226 706 2420
97190504 231 747 2421
98161006 224 395 2446
98355437 224 213 2451
98516596 220 156 2455
98552433 224 681 2456
100184786 238 802 2497
100344536 235 383 2501
100513337 230 57 2505
101907567 225 796 2539
102857563 223 647 2563
103552075 222 654 2580
105003347 224 957 2616
105735582 225 486 2635
105814188 223 522 2637
105970812 238 747 2641
106205234 226 800 2647
106441449 224 174 2653
106826812 224 955 2662
106909661 226 239 2664
107105406 236 579 2669
108899166 220 300 2713
109760472 239 65 2735
110017425 232 858 2741
110113153 232 88 2744
110287016 226 169 2748
110703617 223 313 2758
110844555 221 179 2762
110892913 235 706 2763
111222119 225 985 2771
111351388 236 948 2774
111879678 222 62 2787
112764112 237 174 2810
113972894 222 79 2840
114628202 223 988 2857
114795440 226 898 2861
114905644 223 156 2864
115169944 237 227 2870
115778775 228 37 2886
116131510 234 91 2895
116805788 238 491 2912
117150776 228 571 2921
117224958 225 501 2923
119314593 221 200 2975
119593013 236 749 2982
119746972 226 474 2986
120432008 225 615 3011
120440906 234 855 3012
120720707 230 158 3041
120985278 230 819 3066
121229187 229 145 3093
121257216 235 458 3096
121331513 228 121 3103
121477874 234 538 3118
121490874 223 252 3119
121524535 236 154 3123
121734635 238 465 3145
122147766 222 581 3186
122173680 238 698 3189
122293478 229 226 3201
122690358 233 12 3241
122700611 239 103 3242
122752373 226 499 3247
122809265 235 946 3254
123006538 235 17 3275
123159228 220 222 3290
123236669 239 612 3297
123669604 231 456 3340
123847307 230 501 3358
123884381 225 351 3362
123930712 233 982 3367
123959581 239 985 3370
124194325 233 214 3394
124233455 223 762 3398
124380795 230 436 3412
124532733 236 947 3427
124757724 236 401 3450
124973515 232 738 3473
125080966 229 854 3484
125095165 225 884 3486
125116411 234 396 3488
125359008 226 601 3511
125511092 223 274 3526
125601732 235 716 3535
125850643 236 82 3561
126055057 232 881 3582
126114661 228 621 3588
126332917 238 493 3609
126475210 224 852 3623
126550003 228 102 3630
126706316 234 842 3646
127190997 237 304 3694
127605280 223 953 3733
127612343 238 780 3734
127868122 229 245 3759
127951550 232 215 3767
128019545 220 376 3774
128415398 220 665 3815
128578709 238 5 3831
128603521 234 984 3833
128769673 226 540 3850
128879450 238 251 3862
128899264 232 743 3864
128937589 225 821 3868
129006009 228 187 3874
129031734 224 245 3877
129097907 234 952 3883
129234369 239 33 3896
129387075 223 731 3911
129748102 237 246 3949
129887483 220 901 3963
130087470 230 986 3985
130540189 232 742 4030
130587146 225 643 4035
130599035 231 14 4036
130624864 226 456 4039
130655619 220 795 4042
130691055 226 829 4046
130719899 237 980 4049
130750697 225 644 4052
130796374 239 813 4057
130804714 236 472 4058
130852792 222 806 4063
130967541 224 978 4075
131140632 222 651 4092
131182320 224 272 4096
131611844 230 135 4139
131897127 224 81 4168
132122434 237 182 4191
132238853 225 346 4203
132376635 222 654 4218
132468054 227 421 4228
132649488 236 60 4247
132767359 239 92 4259
133000677 234 949 4283
133136341 220 619 4298
133367197 229 91 4322
133555042 233 58 4340
133590355 236 9 4344
133616355 233 25 4346
133710978 234 468 4356
133972200 229 615 4381
133984168 239 914 4382
134030624 227 301 4386
134069739 223 9 4390
134080938 234 719 4391
134089299 230 645 4392
134177189 239 738 4401
134439812 237 658 4427
134932662 239 575 4478
134976443 239 16 4482
134994301 221 975 4484
135299507 237 705 4516
135639296 226 914 4551
135669146 228 450 4554
135679239 235 202 4555
135714453 238 551 4559
136065169 233 10 4593
136375597 229 401 4624
136447055 234 574 4630
136636484 220 665 4649
136740531 237 818 4660
137047624 220 541 4689
137341974 233 189 4717
137480450 236 828 4731
137491508 221 532 4732
137498002 223 743 4733
137562846 239 656 4739
137851104 238 946 4768
137959832 225 629 4780
137990806 234 926 4783
138003806 224 708 4784
138159570 232 257 4800
138239062 228 51 4808
138293382 237 625 4815
138330118 230 501 4818
138352637 237 852 4820
138456623 233 238 4830
138908555 229 465 4876
139046158 222 54 4890
139117476 235 694 4897
139190822 231 955 4905
139622156 230 730 4947
139655712 237 295 4951
139668712 227 984 4952
139679566 220 1 4953
139763175 224 96 4961
139784464 235 731 4963
139991453 227 452 4984
140092346 233 552 4994
140161432 234 973 5001
140240081 224 522 5009
140322274 224 411 5018
140332234 220 641 5019
140360084 224 859 5022
140737554 236 688 5061
140825861 236 185 5070
140937201 222 705 5081
140971452 228 724 5085
141133550 233 267 5100
141151397 224 679 5102
141349463 239 226 5122
141424208 237 170 5130
141621915 238 966 5149
141725865 238 812 5159
141963686 235 937 5184
142063647 230 161 5194
142375227 235 201 5226
142435543 233 288 5232
142852849 235 254 5274
143028799 224 855 5291
143091004 227 91 5297
143149133 224 607 5303
143197794 227 932 5307
143338090 233 592 5322
143360005 225 257 5324
143488904 227 87 5337
143498079 234 641 5338
143540315 221 909 5343
143696855 236 90 5359
143901049 230 744 5380
144144880 220 562 5404
144549746 235 55 5445
144612792 234 190 5451
144754308 233 688 5465
144945886 228 258 5483
145172408 221 359 5505
145250788 232 662 5513
145311915 234 32 5519
145533918 231 189 5543
145574115 238 458 5547
145857055 225 468 5575
145877448 237 580 5577
146258440 224 722 5615
146278770 228 646 5617
146333422 235 416 5622
146344576 231 292 5623
146366285 224 484 5625
146431383 226 678 5631
146490594 223 350 5637
146755385 237 469 5665
146811009 238 788 5670
146836640 234 622 5673
146858476 220 936 5675
146907262 235 597 5680
146943371 238 934 5684
146952549 232 251 5685
147017499 229 499 5691
147070915 229 819 5697
147117067 222 292 5702
147267205 233 28 5717
147438670 232 317 5733
147477755 223 282 5737
148267676 224 700 5816
148279579 225 889 5817
148371786 228 465 5826
148472785 239 209 5835
148633341 225 930 5850
148775569 231 294 5866
148859019 223 758 5876
148974651 235 409 5887
149109503 234 718 5900
149118321 224 118 5901
149150793 222 553 5904
149419802 223 129 5931
149825729 233 642 5974
149938797 222 145 5986
150171740 228 104 6009
150190891 224 835 6011
150519819 230 136 6043
150529953 230 825 6044
150671369 222 814 6058
151276622 232 106 6116
151418538 231 638 6130
151463819 233 315 6135
151475631 223 496 6136
151701713 230 577 6157
151721353 224 904 6159
152463566 237 197 6232
152507655 227 466 6237
152546972 227 17 6241
152676205 239 135 6254
153064573 230 642 6294
153269866 227 920 6314
153488049 236 431 6335
153561562 235 755 6343
153816547 236 718 6369
153967714 220 304 6384
153979902 225 447 6385
154110146 223 948 6398
154118846 239 423 6399
154301992 237 215 6416
154325517 238 581 6418
154360299 237 330 6421
154436146 222 207 6428
154751337 236 272 6460
154842924 226 525 6469
154959742 226 394 6481
155115227 228 638 6496
155280479 220 654 6512
155637784 234 438 6548
155696651 223 802 6554
155841172 224 859 6570
155862942 222 369 6572
155889267 227 893 6575
155983760 236 255 6584
156046577 237 591 6590
156076599 226 67 6593
156314148 225 514 6616
156334112 221 493 6618
156413757 230 812 6626
156828372 237 494 6667
157047398 236 358 6687
157177616 222 817 6699
157262285 234 14 6708
157839616 232 335 6768
158121471 235 301 6797
158223918 235 582 6807
158256681 229 440 6810
158467876 229 393 6831
158507885 232 348 6835
158613588 233 200 6845
158638903 221 33 6847
159099196 223 677 6894
159275582 228 778 6912
159387817 234 744 6923
159565529 224 797 6940
159599360 234 306 6943
159904248 226 382 6974
160175748 236 331 7001
160228524 227 581 7007
160269270 239 883 7011
160322295 238 841 7016
160510933 222 260 7035
160729983 228 61 7057
160853537 229 442 7069
161023294 233 240 7086
161129182 229 702 7097
161459557 235 962 7131
161471120 224 695 7132
161502016 228 380 7135
161649264 239 904 7149
161694185 228 427 7153
161776320 230 417 7162
161785691 225 977 7163
161805645 227 784 7165
162035460 226 441 7187
162117191 235 828 7196
162242138 221 919 7208
162382665 239 519 7221
162423851 229 872 7225
162526114 238 448 7235
162707794 235 823 7253
162740815 237 913 7256
162771097 232 335 7259
163021166 230 666 7284
163138335 221 883 7296
163217154 232 505 7304
163399493 225 324 7322
163495609 234 536 7332
163878728 231 447 7368
163919009 236 50 7372
164215926 239 525 7403
164236524 231 402 7405
164341828 232 499 7417
164406452 230 953 7423
164749156 238 235 7458
165358527 222 987 7518
165499866 226 593 7533
165518251 233 334 7535
165538218 221 401 7537
165755434 228 480 7559
166058611 224 673 7590
166126182 237 866 7597
166160964 225 942 7600
166230229 222 589 7607
166589672 225 482 7643
166934709 222 568 7677
167120606 221 897 7696
167450964 227 762 7730
167519060 223 654 7737
167826851 239 951 7767
167952254 226 495 7779
168051754 235 673 7789
168064011 220 300 7790
168282755 224 825 7812
168294208 235 733 7813
168327402 220 147 7816
168432357 237 729 7827
168567070 221 875 7842
168782858 237 182 7864
168872978 239 972 7873
168882262 227 142 7874
169009404 234 859 7886
169037082 236 46 7889
169157356 231 266 7901
169643100 226 833 7949
170060933 232 774 7993
170230441 223 520 8010
170473810 224 92 8036
170552249 233 122 8044
170771509 233 664 8066
171162684 224 398 8104
171293990 222 624 8117
171454990 233 553 8133
171570827 220 606 8146
171732896 226 356 8163
171760880 231 850 8166
171769848 233 678 8167
171998110 238 185 8190
172018164 229 428 8193
172046273 220 90 8196
172053902 225 2 8197
172219039 229 5 8214
172614831 230 605 8252
172832591 239 22 8274
172860309 229 4 8277
172911342 238 859 8282
172996772 227 809 8291
173081574 229 164 8299
173579482 233 116 8351
173624333 225 177 8355
173645648 233 10 8357
174021795 233 176 8394
174279198 238 360 8422
174481583 224 741 8442
174591483 226 610 8452
174841931 235 59 8476
174868381 233 879 8479
174976314 236 52 8491
175109903 238 333 8504
175366693 232 790 8529
175388296 236 343 8531
175401296 239 69 8532
175408966 236 489 8533
175476870 229 944 8539
175567260 226 88 8548
175603936 228 473 8552
175679058 233 485 8560
175852032 221 760 8578
175942909 239 724 8587
176070619 236 174 8599
176095041 229 342 8602
176176314 237 185 8609
176205982 228 502 8612
176302629 239 446 8621
176373261 239 474 8629
176449145 234 121 8637
176721521 236 341 8664
176730476 233 886 8665
177190031 239 981 8710
177271718 236 485 8719
177446476 228 202 8736
177499170 231 315 8742
177508752 232 235 8743
177647575 232 549 8757
177667912 232 465 8759
177732556 222 225 8766
177761760 233 453 8769
177906155 231 240 8784
178009558 229 23 8794
178096805 238 476 8802
178974326 227 342 8889
179133478 233 106 8906
179139515 230 130 8907
179768283 237 146 8970
180017656 231 107 8995
180049613 228 234 8998
180300305 233 414 9021
180338635 228 496 9025
180611065 227 752 9052
180865132 236 612 9079
181018476 233 472 9095
181447099 222 160 9138
181479995 232 928 9141
181574602 229 138 9151
181624248 239 813 9156
181632525 235 863 9157
181644046 227 657 9158
181746646 234 82 9168
181918710 221 461 9185
182022289 224 582 9196
182278274 232 687 9221
182379299 234 361 9232
182500415 233 678 9244
182623550 226 44 9257
182678872 228 807 9262
182833693 220 748 9278
182936298 224 550 9288
183108124 238 635 9305
183355978 226 650 9331
183470227 234 113 9342
183563908 225 322 9352
183576700 221 284 9353
183597382 223 99 9355
183610382 232 16 9356
183635358 224 660 9359
183859025 220 587 9381
184368687 220 262 9432
184404618 236 36 9436
184467385 231 427 9443
184696903 238 600 9465
184806339 232 476 9476
184940960 230 480 9489
185014301 224 140 9496
185208655 228 359 9516
185293434 228 701 9524
185300566 223 405 9525
185408338 225 576 9536
185503950 232 412 9545
185534276 224 188 9548
186056447 224 866 9598
186142939 237 523 9607
186243609 231 73 9617
186717685 228 673 9665
186730196 232 699 9666
186929361 231 833 9686
187122466 223 291 9705
187176287 226 638 9711
187317478 234 472 9725
187342199 228 536 9728
187658173 229 902 9759
188135071 223 477 9807
188376115 234 471 9832
188454628 228 62 9840
188510221 239 387 9846
188613928 226 260 9857
188880896 235 457 9883
189003377 221 570 9896
189021465 236 702 9898
189077788 221 677 9903
189124688 236 288 9908
189177098 228 340 9913
189278852 223 92 9924
189700277 223 371 9967
189803387 230 327 9978
189830262 239 545 9981
