525152 102 532 25
545620 106 1996 26
944651 109 1841 45
1014846 111 1250 49
1189029 102 465 57
1346733 102 1150 64
1550430 116 690 74
2006527 111 86 96
2916338 109 71 142
2979115 103 559 145
3078081 102 1425 150
3190270 101 145 155
3213657 109 1523 156
3586702 111 295 174
3625282 113 783 176
3723536 110 162 181
4083896 105 40 198
4424625 107 406 215
4590692 108 1828 224
4720320 114 401 230
5343934 118 903 261
5705264 106 1929 279
5909973 119 1932 289
6346680 117 14 311
6681410 119 56 328
6930113 115 1686 341
6987699 114 440 344
7007244 117 1259 345
7072643 109 1197 348
7281681 118 1053 359
7515737 109 1231 371
7716044 101 825 381
7858129 117 1024 388
7958422 104 960 393
8095159 107 1973 400
8135176 105 1734 402
8507457 109 559 420
8738563 111 2 432
9107584 112 1332 451
9891086 117 286 491
10308482 107 153 513
10370203 110 636 516
10463274 103 1093 520
10669663 117 272 530
10788196 109 1038 536
11096047 113 381 551
11480001 113 37 570
12034861 102 267 597
12188977 114 747 605
13073004 113 146 650
13259059 107 820 660
13724295 100 631 683
13795321 112 1343 687
14072389 114 932 701
14435023 100 374 719
14456036 108 1299 720
14920193 102 1220 743
14935193 102 470 744
15005583 108 1729 748
15182868 111 1527 757
15406969 107 1741 768
15461945 100 1091 771
15546323 112 1613 775
15607580 115 1043 778
15623190 104 1609 779
15728526 104 604 784
15844850 107 134 790
15900650 101 1699 793
16443092 115 1529 821
16560172 102 541 827
16855411 106 1456 842
17007842 108 208 850
17303960 110 1075 865
17790780 107 718 889
18361276 107 850 918
18502207 104 1022 925
18599944 104 1036 930
18646349 112 441 932
18897770 107 519 944
18922396 106 1705 945
19243912 106 1130 961
19596744 114 595 978
19913272 113 1619 994
20525606 100 779 1025
20605934 113 12 1029
20683105 112 1834 1033
21006194 109 257 1049
21285819 110 794 1064
21376799 117 58 1068
21620315 108 1885 1080
22093858 117 1349 1105
22161414 106 1050 1108
22485001 105 775 1124
22500001 102 1495 1125
23805287 106 1442 1188
24153590 117 1441 1205
24390118 102 1798 1217
24550530 106 1476 1225
25288238 110 1911 1261
25308551 119 713 1262
26301094 115 1865 1311
26666843 115 885 1329
26688399 116 1531 1330
27049120 103 73 1349
27190287 100 1196 1356
27537537 112 845 1374
27701667 114 1391 1382
27924199 109 492 1394
28304668 105 761 1413
28515996 113 1962 1424
28582455 105 1693 1427
28806278 114 1098 1439
28851085 117 705 1441
28918507 109 1972 1444
29085329 114 751 1453
29193294 103 1889 1458
29740180 115 1338 1485
29763346 115 1892 1486
30071229 108 1480 1501
30330022 104 1836 1514
30562164 119 396 1526
30714682 112 1007 1533
31414885 107 1037 1569
31517783 100 427 1574
32021996 113 226 1599
33083433 116 1246 1654
33625475 115 560 1681
33738757 111 410 1687
33758816 112 832 1688
33798601 109 112 1690
34377894 101 1716 1719
34628769 107 1171 1731
34726657 113 1208 1736
35189345 114 1485 1759
35211651 101 968 1760
35439293 117 989 1771
35652992 118 189 1782
35777918 107 922 1788
35990761 115 278 1798
36071478 112 524 1802
36282313 116 1969 1813
36457645 110 860 1822
36744930 108 1081 1837
37274855 113 903 1864
37579517 106 810 1880
37635227 108 859 1883
37756807 102 977 1889
37980294 104 125 1900
38037628 118 825 1903
38110726 104 655 1907
38211675 100 1275 1912
38252803 116 36 1914
38273270 109 845 1915
38361075 108 262 1920
38460026 107 398 1925
38640784 115 196 1934
38909925 116 683 1949
39108356 104 1892 1959
39560107 109 439 1981
39708647 104 896 1989
39977042 101 914 2003
40033654 110 1133 2006
41094993 105 171 2059
41362005 115 574 2073
42172966 105 1241 2114
42479675 100 539 2129
44523606 113 46 2230
44974169 111 117 2253
45083230 117 513 2259
45161827 107 1082 2263
45510154 115 1008 2280
45662201 119 1509 2288
46497849 109 1654 2330
46692471 115 1145 2340
47118128 110 656 2361
47310061 105 252 2371
47431250 112 1052 2377
47454323 102 999 2378
47826385 116 1827 2397
49361515 117 179 2473
49671818 110 1947 2489
49750457 104 1407 2493
49768719 103 1315 2494
50638372 104 1342 2538
51186358 114 1830 2565
51566296 116 846 2584
53819010 101 24 2695
54024477 115 297 2705
54396199 103 1327 2723
54621584 111 1988 2734
54745485 119 679 2740
55373154 119 1347 2771
55484454 104 141 2776
55919879 113 1928 2797
56069136 110 1465 2804
56158444 109 922 2809
56218503 110 1586 2812
56293731 114 293 2816
56364449 110 509 2819
56572491 102 1496 2829
56591014 109 266 2830
57284975 106 957 2864
57386972 107 1044 2869
57403275 109 1975 2870
57514465 114 807 2876
57616371 108 59 2881
57896338 112 1595 2895
57984299 104 58 2899
58077131 119 696 2904
58417438 116 0 2921
59156484 114 1635 2958
59353547 101 1436 2968
59741272 108 1863 2988
59766272 106 1217 2989
60046413 105 1722 3003
60113115 103 1631 3006
60382521 116 582 3020
60520881 102 462 3027
60536802 102 1301 3028
60680703 100 282 3036
60998207 119 1943 3052
61158684 102 13 3060
61332348 115 541 3069
61510750 100 1982 3078
61782422 116 709 3091
62583490 106 1964 3131
62755618 114 1131 3140
62793112 113 1367 3142
63711343 101 983 3188
63845363 109 1957 3195
64430501 102 1986 3224
64547296 107 1387 3230
64697932 106 895 3237
64838121 106 114 3244
65867381 115 185 3295
66400219 107 644 3321
66514790 116 325 3327
66881294 114 1455 3345
68217633 118 1281 3411
68680531 106 711 3433
68796985 111 981 3439
68915636 115 1697 3445
69122954 110 221 3456
69263223 100 1542 3463
69615951 100 799 3481
69735458 118 626 3487
69950000 116 354 3498
70295683 102 712 3514
70764767 110 464 3537
71281301 117 1947 3563
71495895 112 1963 3573
71556741 116 592 3576
71575389 108 1217 3577
72705220 100 186 3632
72805635 111 685 3637
73008969 116 1602 3647
73508043 113 1484 3673
73634301 103 806 3680
73703669 100 1613 3684
73992318 111 426 3699
74169626 118 429 3708
74227214 106 1506 3711
74397386 111 1214 3719
74473135 116 324 3723
75003394 108 500 3750
75169087 117 293 3758
75592480 108 1612 3778
75774919 118 1342 3787
75999414 104 697 3798
76275255 118 915 3812
76800772 110 1238 3837
77342758 103 1350 3864
78274660 118 1624 3910
78536318 118 1684 3923
78645697 101 1618 3929
78950875 109 476 3944
79005112 106 1807 3947
79145727 112 1897 3954
79189745 109 1506 3956
79363003 113 510 3965
79531849 106 1868 3973
79906341 114 863 3991
80027452 113 1378 3997
80205774 118 1797 4006
80554145 116 620 4024
80576585 104 437 4025
80908093 108 969 4042
81349042 105 587 4064
81426114 106 218 4068
81913153 109 275 4092
82300675 102 104 4111
82340182 117 968 4113
82360159 112 685 4114
82405682 105 1591 4116
82587026 100 1827 4125
83198735 101 363 4156
83284592 102 1867 4160
83379605 114 357 4165
83526342 107 21 4173
83549270 103 357 4174
84395904 101 1265 4216
84411919 103 901 4217
84666987 111 574 4230
85251501 104 400 4260
85545532 103 1104 4275
86128264 115 1854 4304
86324140 105 1592 4314
86493274 106 1046 4323
87021397 116 515 4350
87901655 111 791 4393
87922620 110 1085 4394
88028456 115 65 4399
88318218 118 1979 4414
88520320 107 1506 4424
88569634 101 1036 4427
88676049 109 448 4432
88715114 102 270 4434
88845340 116 692 4441
88966738 112 787 4447
89064281 111 1085 4452
89562365 110 1256 4477
89583754 118 1948 4478
89643102 111 1911 4481
89680911 101 617 4483
90389916 105 1201 4517
90552262 109 1845 4525
90875223 119 1288 4541
91024040 111 1434 4548
91683415 118 766 4582
91875826 107 1664 4591
92172241 116 242 4605
92538545 109 1960 4623
93012678 109 1407 4645
93647591 109 1916 4678
94497198 119 1310 4722
94638767 112 1222 4729
94784762 119 1211 4736
95121495 113 556 4753
95142820 113 443 4754
95371716 105 1523 4766
95386726 114 383 4767
95403592 116 1231 4768
95438340 116 71 4770
95714729 119 1312 4785
95777337 107 1710 4788
95840987 108 1381 4791
96407414 119 585 4821
97252296 104 581 4863
97465522 111 1931 4873
97726154 115 1510 4886
98055599 106 1065 4903
98712577 105 139 4935
98828271 107 1800 4941
99079398 119 589 4953
99248998 109 1326 4962
99308997 106 725 4965
99331356 113 705 4966
99587133 105 1716 4979
99686440 107 1047 4985
99765309 118 1391 4989
99866306 104 1742 4994
100648931 105 115 5032
100891690 104 1259 5044
101160896 112 1717 5058
101526717 112 896 5076
101656495 110 1667 5082
101913357 106 1808 5094
102065420 111 1249 5102
102432695 117 616 5122
103129639 119 1288 5156
103535022 102 1117 5175
104141078 114 603 5205
104261371 104 1581 5211
104494814 105 174 5223
104679421 104 1305 5232
104734549 106 1333 5235
105076767 102 589 5253
106033321 108 1779 5302
106687965 102 554 5335
106874982 101 507 5345
106979676 118 1079 5350
107103189 111 1923 5356
107226935 111 1299 5362
107378845 101 1479 5370
107648119 100 1036 5383
107729938 101 952 5387
108638399 118 1076 5432
108790803 101 31 5439
108852161 110 762 5442
108920023 100 176 5445
109711335 100 1604 5486
110277349 115 1092 5515
110339823 118 111 5518
110442107 104 1075 5523
111040894 119 1777 5554
111279642 101 816 5566
111395364 109 467 5572
111516606 104 1788 5578
112020205 107 756 5603
112467553 104 975 5625
112708790 109 679 5637
112974781 101 307 5651
113200912 114 459 5663
113265857 108 886 5666
113420228 101 302 5674
113818421 113 551 5694
114436238 117 1012 5725
114524951 105 1274 5729
114707289 113 77 5738
114905544 117 1980 5749
114985489 114 1877 5753
115300268 107 834 5769
115459428 111 339 5777
116270834 106 1009 5817
116991571 119 837 5853
117129078 105 369 5860
117488733 112 1561 5878
118305375 113 1877 5918
118396026 119 1000 5923
118716026 102 630 5938
118783387 108 903 5941
119089846 107 465 5956
119503851 107 1899 5976
120048791 113 1161 6003
120682896 114 661 6035
121435280 103 1203 6072
121598373 116 1531 6080
121789031 103 1157 6090
122058610 112 1376 6104
122119951 115 1645 6107
122583388 106 728 6131
123008741 102 916 6152
123325629 103 1078 6168
124541198 112 43 6228
124822589 101 462 6241
124981475 113 1131 6249
125022269 118 152 6251
125302323 100 1759 6266
125569946 108 906 6280
125881341 115 1781 6296
126857983 112 1827 6345
126916530 102 1650 6348
127076402 108 1893 6356
127157175 100 1841 6360
128590676 110 1849 6432
128822765 117 363 6444
129025604 108 506 6454
129327643 105 274 6469
129721560 103 1553 6489
130556768 101 544 6532
130923949 118 1700 6549
131139709 102 1921 6560
131599847 118 1214 6583
131679030 101 508 6587
131698240 109 1642 6588
131761750 108 1942 6591
131970447 104 1234 6601
131989503 112 231 6602
132139297 108 1396 6609
132235130 118 644 6613
132881034 117 1756 6645
133019028 101 630 6652
133174564 112 1617 6660
133410583 110 1919 6672
133755273 117 1616 6688
135886175 101 1915 6795
135981099 119 630 6800
136796249 110 782 6840
136988960 105 985 6850
138339737 107 977 6920
138823352 118 1432 6944
138856476 103 191 6946
139038460 117 993 6955
139639498 108 717 6984
139723063 119 1174 6988
139764723 112 536 6990
139949294 106 836 6999
140534512 113 1340 7028
140612245 106 1686 7032
140905049 107 1889 7047
141363124 110 1857 7071
142030360 113 326 7105
142109427 100 253 7109
142849161 107 1805 7146
142938338 105 403 7150
143289573 110 1688 7167
143600421 110 424 7183
143894116 107 1473 7198
144488231 103 1348 7227
144508072 117 1595 7228
145726917 109 1735 7289
145748220 118 1561 7290
145809558 113 1959 7293
146063084 107 468 7306
146101406 111 723 7308
146494970 106 195 7328
146586053 109 120 7333
146832013 111 857 7345
146849763 108 679 7346
147027536 116 1709 7354
147070509 117 1485 7356
147111110 114 67 7358
147195523 103 1770 7362
147216834 113 640 7363
147454741 116 1328 7375
147511388 100 1993 7378
147696815 100 611 7388
148312122 100 110 7419
148875624 119 1101 7447
149003709 112 1237 7453
149429343 116 690 7474
149603284 100 1608 7483
150072642 101 1887 7506
150107816 116 9 7508
150151403 102 1352 7510
150173693 115 1222 7511
151037268 100 1804 7554
151190397 106 950 7562
151617740 116 1469 7584
151661939 101 763 7586
151985090 116 813 7602
152068501 109 598 7606
152263152 109 1929 7616
152324278 111 1919 7619
152405626 113 1980 7623
152448116 118 157 7625
152491855 102 1058 7627
152610615 108 1534 7633
152980078 118 606 7651
153085400 119 743 7656
153266144 108 1295 7665
153307239 100 1604 7667
153850464 116 968 7693
153949038 112 1197 7698
153986836 115 759 7700
154090477 109 407 7705
154303128 114 382 7716
154366575 104 708 7719
154514510 101 504 7726
154556801 118 658 7728
154901406 111 1664 7746
154919594 115 1832 7747
155304981 114 1245 7766
156121349 103 948 7806
156321178 102 474 7815
156853082 117 447 7842
157125870 101 671 7856
157595995 115 44 7879
157899921 112 39 7893
157917504 105 1 7894
158314175 115 367 7914
158376543 118 1754 7917
158399844 116 528 7918
159090940 111 215 7952
159192528 104 591 7957
159830107 109 704 7989
159848638 118 1430 7990
160743328 114 1071 8036
161126496 115 882 8054
161415861 107 633 8069
161923495 100 1396 8094
161991318 112 289 8098
162193995 110 723 8108
162463719 102 1454 8121
162483627 118 1790 8122
162819965 115 155 8138
163117993 107 818 8153
163288088 119 119 8161
163537953 109 1047 8173
164515961 103 728 8221
165092545 109 133 8250
165217612 113 1499 8256
166076163 105 99 8299
166177003 109 1795 8304
166336891 102 1757 8312
166471214 110 91 8319
166649653 103 832 8328
167626740 116 850 8377
167966978 115 1191 8394
168328138 105 1828 8411
168562830 110 1657 8422
169118105 119 101 8450
169774038 111 733 8483
169838776 112 1316 8486
169972739 111 98 8492
170135606 101 440 8501
170155864 100 707 8502
170237483 117 1776 8506
170321415 102 972 8510
170852258 109 734 8536
170996157 105 668 8543
171122106 105 1698 8549
171875338 107 455 8586
173111886 107 170 8647
173149690 119 759 8649
173254409 111 979 8654
173443940 118 1493 8664
173653797 108 1130 8675
173996875 113 1710 8693
174753724 109 1985 8732
174813861 107 621 8735
174975576 103 1122 8743
175261331 119 572 8757
175281706 108 575 8758
175502306 106 1989 8769
176751904 119 282 8831
176896415 108 1633 8838
177155931 116 18 8851
177173088 117 1518 8852
177496446 103 162 8869
178001822 111 474 8894
178441314 105 1067 8915
178480048 113 138 8917
178881825 118 551 8937
179486751 119 1402 8967
180481004 117 324 9016
180715954 118 1073 9028
181192590 105 1231 9053
181343108 113 271 9060
181561547 111 581 9071
181803268 119 1352 9084
181989307 107 1397 9093
182358281 104 66 9112
182653668 118 417 9127
183284783 113 1572 9159
183337852 114 804 9162
183421926 107 1295 9166
183556754 118 386 9173
183654767 105 475 9178
184109888 109 1782 9199
184216180 107 775 9204
184302738 116 268 9208
184669216 115 1733 9225
184797982 101 280 9232
184877656 101 83 9236
185168134 101 1179 9251
185406444 107 1657 9263
186236107 107 148 9306
186399555 114 230 9314
186516109 118 1277 9320
186594101 113 1781 9324
186614388 103 1734 9325
186734705 117 1777 9331
187575898 109 317 9375
188868018 117 1519 9441
189899809 111 1438 9493
190035587 113 385 9500
190223680 118 1538 9509
190302571 118 1257 9513
190447788 100 1269 9520
190490062 101 664 9522
190696402 118 1457 9532
190885895 116 31 9542
190999447 100 37 9548
191286782 117 1301 9563
191634697 105 1574 9581
192873193 100 1199 9644
193633717 108 639 9682
194052362 111 996 9703
194153761 117 685 9708
194168761 102 95 9709
194547489 116 1100 9728
194569205 117 1974 9729
194694171 116 111 9735
195027595 104 744 9752
195210633 119 1913 9761
196898534 114 441 9845
197169173 109 490 9859
197599893 105 364 9881
197756001 100 1460 9889
197809068 119 1050 9892
197832127 105 658 9893
197916593 100 1337 9897
198100224 112 1907 9906
198124664 109 1644 9907
198985180 114 1912 9950
199186378 115 1223 9960
200133448 114 1190 10009
201011052 111 1606 10053
201844735 109 1511 10094
202305482 114 1956 10118
202387167 102 189 10122
202747210 109 1257 10140
202805160 103 1090 10143
203034277 114 78 10154
203090871 102 147 10157
203645324 103 223 10184
203708553 109 1109 10187
203880209 108 1129 10195
203958173 114 870 10199
204121764 113 145 10208
204826347 114 69 10242
205063028 114 600 10254
205401044 118 768 10271
205672760 112 527 10285
205811735 109 94 10292
205872779 119 357 10295
206452866 104 1783 10324
206704450 113 653 10336
207507599 101 1261 10377
208629002 116 845 10433
208910547 104 1934 10447
209062349 101 542 10455
209255487 108 454 10465
209376901 114 187 10471
209439923 101 604 10474
209821359 113 206 10492
209836359 114 37 10493
210110600 111 1668 10507
210237066 115 1961 10513
210614153 101 1912 10533
211048597 101 723 10554
211225249 116 1092 10563
211753288 100 1994 10589
211830127 100 930 10593
211865636 115 224 10595
212339984 113 967 10618
212426859 112 1711 10622
212486574 110 777 10625
212531740 114 425 10627
212674142 117 1702 10634
212885045 101 1452 10644
212951349 117 1440 10647
213242824 118 1334 10661
213280022 101 1611 10663
213360986 113 533 10667
214074551 107 1397 10703
214107207 115 1995 10705
214302523 106 154 10715
214829373 118 590 10741
215379986 101 1226 10769
215664039 105 1334 10783
215847308 115 1969 10792
215890785 114 808 10794
216383448 104 976 10818
216618452 103 1502 10830
217164232 107 1505 10856
217456681 104 1743 10872
217793957 118 1924 10888
217939703 117 968 10895
218278650 112 1896 10912
218848746 118 1982 10940
218917478 106 800 10943
219174622 100 1579 10956
219769470 111 924 10987
220288949 118 1051 11014
220377828 105 203 11018
220852202 107 1489 11040
221764275 109 549 11085
222134324 102 963 11104
222238259 104 443 11110
222426933 108 101 11120
222442173 116 566 11121
222678728 107 503 11133
223127308 115 1913 11155
223234814 110 1636 11161
223352916 114 395 11167
223833261 109 985 11192
224031040 104 1775 11202
224408090 112 1204 11221
224777379 108 1974 11240
225058953 118 1024 11254
225100696 110 1590 11256
225123382 112 444 11257
225292688 100 1260 11265
225316739 111 1607 11266
225598468 107 718 11280
225684418 107 652 11284
226056727 101 1373 11302
226248342 118 1297 11311
226479719 104 1150 11323
226822697 108 1697 11341
226932174 114 277 11346
227434338 119 877 11371
227868763 100 523 11393
228115358 100 1843 11406
228565250 110 820 11429
228781240 106 1660 11441
229054550 119 897 11455
229074599 106 381 11456
229438603 103 595 11474
229986349 102 704 11501
230005386 110 1897 11502
230049616 100 1542 11504
230070947 117 41 11505
230493280 101 1589 11526
230535857 115 1049 11528
231254887 115 1722 11564
231689884 101 1369 11585
232243852 108 1854 11612
233382403 117 947 11671
233448956 106 864 11674
233731087 104 325 11688
233829026 115 475 11693
233849151 109 1038 11694
234363887 109 286 11719
234748847 103 1069 11738
234951331 114 676 11748
234969108 106 335 11749
235072837 116 1435 11754
235336161 102 1158 11767
235641302 115 255 11783
235915692 117 1386 11796
236360342 107 1124 11819
236603818 111 1776 11832
236622372 100 1294 11833
236765474 100 1303 11840
238032023 109 833 11903
238665174 101 786 11935
238785071 118 1244 11941
238823525 118 273 11943
239414784 115 673 11974
239731519 110 1241 11990
240422002 113 1782 12024
240481635 118 939 12027
240777848 112 1666 12041
241074841 107 925 12056
241648043 102 386 12084
242585514 117 982 12132
242809345 100 796 12143
243031172 119 487 12154
243095229 106 1407 12157
243247396 116 608 12165
243389104 110 260 12172
243615146 112 1347 12183
244432350 104 1660 12225
245022539 110 1205 12255
245156892 119 262 12262
246565823 101 201 12334
246880615 116 1037 12350
247585733 105 1304 12385
247823343 107 1557 12398
247976280 113 1913 12406
248132355 117 680 12414
248194661 118 991 12417
248409983 103 1424 12428
248879608 117 1243 12451
248952986 103 359 12455
249138753 118 976 12464
249180797 117 776 12466
249219541 108 1037 12468
249316943 102 1911 12473
249375262 106 1168 12476
249712277 113 544 12492
249758882 108 1919 12494
249820940 114 1610 12497
250050221 119 580 12508
250417813 106 643 12527
250659840 112 1850 12539
250787802 111 582 12545
251031453 110 1698 12557
251268182 112 237 12569
251304371 102 420 12571
251719582 104 824 12591
251761207 117 1232 12593
252341570 100 1976 12621
252714185 109 1839 12639
253298450 117 430 12668
253400643 111 398 12673
253432573 118 1845 12675
253644738 101 281 12685
253926185 118 1689 12700
254350123 105 594 12720
254484892 119 1326 12728
255100662 111 1098 12758
255121223 110 1009 12759
255518888 117 1327 12779
255841146 101 396 12796
255945507 113 1898 12801
256021575 103 1533 12805
256287144 119 508 12818
256441324 111 60 12826
257042971 117 457 12856
257097137 102 656 12859
257253919 108 1680 12867
257278919 112 872 12868
257799411 103 758 12894
258202159 102 1067 12914
258647372 107 1936 12936
259623237 103 1242 12984
259724165 118 594 12989
260528317 103 1927 13029
260821451 111 1642 13043
260977711 108 1673 13051
261266441 110 1448 13065
262187587 112 801 13111
262632053 101 300 13134
263051876 101 397 13156
263835426 110 1670 13195
263918881 115 1132 13199
264872860 110 764 13248
265367781 117 382 13273
265383784 100 49 13274
265689585 111 668 13289
266159304 117 416 13311
266796867 100 1091 13343
267660814 111 116 13387
267956188 100 1175 13402
268445101 106 1834 13426
268784030 109 460 13443
269008792 102 680 13454
269125846 117 860 13460
269170270 110 1866 13462
269303922 102 1607 13469
269562203 103 241 13483
269687609 109 1076 13489
269706181 114 1617 13490
269911051 111 6 13500
270235876 112 974 13516
271210922 100 761 13564
271269059 106 1756 13567
271582061 102 1469 13583
271894314 109 320 13598
272351056 118 35 13621
272452688 112 1048 13626
272515044 104 1585 13629
272773266 114 1683 13642
273251172 104 1766 13665
273349893 114 450 13670
273693505 112 1825 13687
274089865 119 1990 13707
274236737 116 1428 13715
274432806 109 445 13725
274632958 111 1559 13735
274985320 115 1760 13752
275211138 110 1472 13763
276287009 116 855 13817
276455233 103 285 13826
276579023 119 523 13832
276740338 109 1592 13840
276757470 112 744 13841
277118667 111 1913 13859
277153812 118 1368 13861
277460507 105 1082 13876
277524955 109 540 13879
278635095 104 629 13934
278656183 117 352 13935
279448075 108 646 13973
279471426 111 697 13974
280494841 101 1178 14025
281226966 110 666 14060
281311495 111 321 14064
281328558 106 105 14065
281367943 103 1022 14067
282794692 103 1424 14138
282838265 114 924 14140
283518731 110 1073 14175
283666926 118 1712 14183
283835496 118 1975 14191
284089107 100 1489 14204
284111282 114 1905 14205
284173771 103 759 14208
284316057 106 832 14215
284360950 107 925 14217
284953504 115 977 14246
285004593 102 276 14249
285136235 109 732 14256
285445008 104 162 14271
286820579 100 543 14339
287229790 104 1217 14359
287397289 117 1186 14367
287910895 117 393 14392
288128465 101 1576 14403
288371172 101 1751 14416
288477935 106 1004 14421
289358256 116 1675 14465
289511859 105 649 14473
289570772 101 1996 14476
289848822 108 236 14491
290062550 116 665 14501
290102308 101 853 14503
290503911 116 616 14523
290744676 115 1817 14536
291025827 116 1708 14550
291045971 119 1985 14551
291197490 104 170 14559
291566693 102 1752 14578
292534440 112 1746 14627
292684016 108 1211 14634
292703059 118 222 14635
293015935 106 1149 14650
293109932 116 1356 14655
293210643 115 427 14660
293280661 106 580 14664
293478936 119 1754 14674
294118073 111 1318 14706
294245945 100 1610 14713
294970965 117 1475 14749
295258722 101 738 14763
295534475 102 1420 14777
295664382 110 1622 14783
296063884 101 1275 14803
296124460 103 1655 14806
296261797 113 697 14813
296500226 117 487 14825
296539456 105 502 14827
296873729 116 613 14845
297326279 109 1907 14867
297341279 108 1545 14868
297366017 107 1866 14869
297908641 114 1381 14897
298473949 110 1101 14925
299030815 114 1275 14954
299486740 106 1412 14976
299527798 118 1019 14978
299552459 104 1824 14979
300261046 108 1874 15015
301573177 102 365 15081
301657266 109 1631 15085
301956545 114 648 15099
302476446 114 837 15125
302551190 113 1681 15129
302875580 108 1734 15145
303047394 117 1118 15153
303084399 103 486 15155
303460991 103 1838 15175
303771573 100 1921 15189
303832045 106 540 15192
305065361 107 1836 15252
305577264 106 1787 15277
305644520 105 67 15280
305828072 108 404 15289
306154933 101 438 15305
306297102 105 289 15312
306925900 108 1500 15344
307045422 116 682 15350
307122331 105 1919 15354
307223530 116 427 15359
307658686 102 1307 15381
307715576 109 565 15384
307828841 112 781 15390
308115265 113 916 15404
308944819 118 599 15446
309157894 111 654 15457
309233232 103 182 15461
309255699 112 1072 15462
309910049 115 662 15495
310088042 109 1158 15504
310291382 113 112 15515
310622071 119 207 15532
310738878 106 1796 15538
310952553 113 1087 15549
311076523 114 525 15555
311430214 111 299 15573
311692714 118 1370 15586
311772616 100 1284 15590
311806838 101 162 15592
311869770 114 988 15595
312051619 107 69 15604
312315498 101 1122 15617
312334876 118 218 15618
312530518 101 51 15628
312759976 107 1983 15640
313007623 105 342 15653
313578288 117 1969 15681
313696806 108 718 15687
314227776 101 302 15714
314695743 102 566 15737
314913567 113 1057 15748
315071799 113 1387 15756
315159428 103 1945 15760
315667555 103 647 15785
317942713 108 1782 15900
318784949 116 1493 15943
318944666 103 368 15952
319832178 104 1941 15996
319931288 119 1784 16001
319991420 116 1602 16004
320054342 100 1266 16007
320213626 102 1936 16015
320540376 100 980 16031
321124725 104 1413 16060
322593944 104 227 16134
322998764 115 788 16155
323133101 113 85 16162
323657245 115 495 16188
323718945 109 293 16191
324744995 110 1359 16243
324797985 111 49 16246
326611306 118 138 16337
326632094 107 1012 16338
326863097 101 119 16349
327676709 110 1934 16390
327801777 103 1741 16397
328702646 117 1977 16442
329138639 115 1132 16465
329178589 105 1979 16467
329954036 116 549 16506
330095118 115 299 16513
330111105 119 1536 16514
330175426 104 502 16517
330366295 103 736 16526
330508821 111 581 16533
330623285 108 1159 16539
330681074 102 250 16542
330873559 116 1820 16551
331545110 110 1621 16585
332035033 118 1847 16609
332053442 116 1716 16610
332154997 108 886 16615
332977867 117 959 16657
332995634 117 1360 16658
333149593 119 1183 16666
333284325 101 1124 16673
333426771 105 594 16680
333745259 103 1469 16696
333964448 112 1720 16707
334093911 106 1768 16713
334218590 114 662 16719
334240159 119 463 16720
334413152 116 1319 16729
334500304 112 129 16733
334560653 109 84 16736
334758372 117 116 16746
335134518 103 420 16764
335446875 115 1829 16780
335486760 109 1223 16782
336090405 106 112 16811
336285435 107 824 16821
336393230 104 1399 16826
336696752 102 334 16842
336734929 101 269 16844
336837533 119 1967 16849
337110292 103 1129 16862
337199603 105 242 16867
337358478 114 137 16875
337788189 115 1868 16897
337803189 111 401 16898
337841736 109 332 16900
338023266 110 1101 16909
338039933 106 236 16910
338174241 104 1971 16917
338260442 109 637 16921
339407166 108 871 16979
340433787 116 848 17031
340600235 114 844 17039
340619356 111 705 17040
341338744 105 583 17077
341671305 113 951 17095
341907291 100 116 17107
342590300 102 1936 17141
343028682 111 575 17163
343369934 118 249 17180
343751263 115 242 17199
343867708 100 546 17205
343887104 101 596 17206
344922175 108 1758 17259
345700206 104 1807 17297
345783546 111 841 17301
345839167 108 1309 17304
345857097 118 1908 17305
345896748 115 1758 17307
346473887 116 1978 17336
346558729 104 484 17340
347740470 105 848 17399
347959734 100 1405 17410
348195874 118 1238 17422
348477032 115 928 17437
348866903 101 1947 17457
348889555 100 373 17458
348948072 109 344 17461
350898318 112 1 17558
351247649 111 1100 17575
351413448 117 936 17583
351714333 109 1261 17599
352363190 110 81 17630
352824748 106 1154 17654
352844803 111 1014 17655
352993874 101 1175 17662
353531176 117 1579 17688
353923752 102 1199 17709
354011210 116 235 17714
355064251 116 305 17768
355122715 101 607 17771
355643314 112 403 17797
355806502 104 1160 17805
356228122 111 1060 17826
356586585 101 490 17844
357464798 118 1994 17888
357804014 113 1247 17904
357932548 103 1336 17911
358013998 102 888 17915
358950960 118 1565 17961
358973680 113 135 17962
359011359 111 265 17964
359292522 103 1148 17979
359471450 108 679 17988
359879928 118 543 18007
359918118 104 199 18009
360250867 104 1290 18026
360752957 114 97 18051
361523943 114 1493 18090
361760583 111 88 18102
361972731 101 927 18112
362294836 106 1036 18129
362332870 108 1305 18131
362806030 109 524 18155
363011542 110 1423 18166
363692089 109 919 18198
363748304 113 577 18201
363765217 119 950 18202
364515774 110 607 18241
364576478 109 1563 18244
364644959 109 124 18247
364704474 108 216 18250
364781556 110 837 18254
365051556 117 1672 18268
365601838 117 1088 18295
365815715 102 1484 18306
366136654 110 1573 18323
366202691 118 978 18326
366271768 103 91 18329
366526460 119 159 18342
366615238 106 1380 18347
366790059 113 1683 18356
367043399 106 769 18369
367084252 104 832 18371
367125761 105 1599 18373
367350882 103 1289 18384
368041693 108 1817 18419
368183531 105 413 18426
368378318 116 1337 18435
368399004 112 77 18436
369587580 109 1488 18495
369655596 107 443 18498
369954521 113 182 18514
370310414 108 31 18533
370472959 111 389 18541
370510347 113 1327 18543
370648562 113 969 18550
370873981 104 1305 18561
371097783 114 1410 18572
371140004 108 1502 18574
371212718 108 1532 18578
371696913 105 1324 18602
371816340 115 113 18608
371863125 105 1545 18610
371888125 108 1841 18611
372136039 100 610 18623
372318779 108 462 18632
372380286 102 463 18635
372484419 109 523 18641
373245765 107 908 18680
373383888 106 1882 18687
373502292 101 143 18693
373540353 110 1101 18695
373601268 117 785 18698
373770363 118 517 18707
373988379 116 622 18718
374301797 110 126 18734
374679849 111 1551 18752
374773475 115 509 18757
374814014 104 413 18759
374959551 105 980 18766
375446496 115 1276 18791
376122370 112 1985 18825
376444885 108 125 18841
376509287 101 1594 18844
377036255 106 525 18870
377077494 115 626 18872
377180793 104 834 18877
377306928 112 1765 18883
377774930 103 835 18906
377882983 111 1703 18911
378070134 117 1660 18920
378093966 104 1249 18921
378238186 118 1296 18928
378262941 118 1664 18929
378316436 112 337 18932
378372309 101 1439 18935
378445060 108 1306 18939
379025555 119 55 18968
379482172 100 1612 18991
379703485 115 1619 19003
379907195 116 479 19014
380050084 110 5 19021
380344414 106 750 19035
380484376 111 1074 19042
380729685 112 898 19055
380929790 104 831 19065
381503745 104 377 19093
381620290 112 170 19099
381695940 105 1131 19103
381787863 103 67 19108
382051505 101 1194 19121
382076505 112 1122 19122
382322755 117 1145 19134
382730959 105 1975 19154
382868012 103 115 19161
383558714 111 920 19196
383598201 109 625 19198
383675153 114 1829 19202
384063054 116 951 19221
384317578 116 977 19233
384459510 101 817 19240
384672916 104 862 19250
384999649 115 836 19266
385252660 112 1865 19279
385293283 109 1717 19281
385572596 103 471 19295
385751890 117 467 19304
386139260 107 1023 19324
386344112 116 1250 19334
386424642 110 336 19338
386487376 111 1079 19341
386704963 102 412 19351
386722539 111 1491 19352
387046759 115 1102 19369
387425488 116 521 19388
389061426 101 1575 19470
389388059 110 359 19486
390175541 113 773 19525
390613169 100 205 19546
390629983 116 1988 19547
391000524 108 368 19566
391334697 110 1504 19583
391349697 106 1724 19584
391547930 113 1779 19594
391966077 117 1070 19614
392735886 109 719 19654
393147120 116 4 19675
393191995 116 1874 19677
393551510 114 1078 19696
393616659 104 1734 19699
393923214 112 1903 19714
394113357 112 332 19724
394131876 102 553 19725
394154190 116 540 19726
394222673 112 1567 19729
394638538 111 901 19750
394699645 104 69 19753
395231685 118 1660 19779
395290749 118 146 19782
395559206 109 200 19796
395576400 106 1815 19797
396070127 114 1289 19821
396124698 101 26 19824
396263140 119 1305 19831
397418661 102 1371 19888
397991501 107 1637 19916
398861207 113 676 19958
398898509 107 774 19960
399071959 119 810 19968
399144714 107 1697 19972
399562598 115 744 19994
