147914 141 1140 7
172914 142 1173 8
252185 158 1187 12
438774 143 1469 21
482402 156 1736 23
1448926 155 824 69
1485656 146 75 71
1732974 150 1146 83
1937857 140 843 93
2240953 156 907 108
2274344 145 1393 110
2548043 143 229 123
2589708 153 1871 125
2656499 159 1111 128
2900742 147 1032 141
3235696 148 1552 157
4251889 140 1080 207
4364281 142 644 212
4840462 152 909 236
4895465 154 1907 239
4997108 153 815 244
5394451 159 801 264
5537953 151 1715 271
6331345 159 1488 310
6369824 155 845 312
6581169 153 1533 323
6641364 142 401 326
6745139 152 294 331
6969127 157 1986 343
7301149 151 1409 360
8544816 150 1695 422
8917874 148 1774 441
9649994 145 691 479
9931657 152 1343 493
9968804 157 579 495
10063870 159 1043 500
10271109 156 455 511
10547760 151 1241 524
10751841 149 1419 534
10978897 143 568 545
11061837 143 1077 549
11172107 147 600 555
11212290 150 1232 557
11396217 146 1355 566
11781755 142 1743 585
11949785 153 1120 593
12015089 151 924 596
12169509 154 451 604
12375092 158 917 615
13110966 148 131 652
13394873 159 369 667
14291705 158 921 712
15104537 145 1156 753
15308631 157 1972 763
15426715 156 760 769
15503183 155 419 773
15592580 156 1564 777
15686675 140 517 782
15704128 145 38 783
15829758 158 635 789
16237457 158 89 810
16279978 158 1442 812
16375630 142 845 817
17160856 141 1526 858
17668524 140 1687 883
17889917 156 251 894
18236658 145 1430 912
18298039 143 1536 915
18340180 157 664 917
19534525 156 1134 975
19657465 141 1546 981
20000764 148 1632 998
20311238 152 1503 1014
21045294 158 1525 1051
21062892 152 1830 1052
21139891 140 735 1056
21179127 146 588 1058
21519284 143 587 1075
21638206 152 1072 1081
21674968 145 166 1083
21689968 144 1729 1084
21707904 155 991 1085
21797151 142 397 1090
21874449 157 776 1094
21891177 157 594 1095
22750307 151 1419 1137
22769173 157 1527 1138
22848401 152 272 1142
23275699 151 865 1163
23402582 147 1782 1169
24316226 141 1531 1213
24975282 145 1631 1245
25619543 153 991 1277
25803260 159 1256 1286
25966340 141 1139 1294
26163510 158 1928 1304
26631380 157 1274 1327
27481995 146 1051 1371
27659645 140 1812 1380
27830280 152 863 1389
28023170 146 655 1399
28118037 158 50 1404
28472383 159 982 1422
28828754 148 1813 1440
28933839 149 1572 1445
28991668 151 865 1448
29105079 147 606 1454
29130079 149 1073 1455
29246020 144 596 1461
29324178 149 27 1465
29603143 156 379 1479
30105743 143 680 1503
30256775 141 577 1510
30955825 142 446 1545
31112654 141 170 1553
32003846 143 233 1598
32697736 149 1136 1634
32974950 153 1658 1648
33102532 155 1483 1655
33244994 141 1592 1662
34007287 159 308 1700
34219633 145 822 1711
34341391 143 178 1717
34503269 155 846 1725
34608935 157 1332 1730
35093838 150 1797 1754
35112631 155 1407 1755
35799123 145 1273 1789
35927402 158 1289 1795
36265625 156 1706 1812
36946040 145 1439 1847
37105589 141 82 1855
37295301 143 715 1865
37385675 142 461 1870
37401875 149 468 1871
37456730 143 1149 1874
38339465 144 1823 1919
38990303 150 333 1953
39265627 151 1754 1967
39390874 143 1731 1973
39759178 143 314 1992
39895996 143 399 1999
40287773 144 775 2019
40531084 154 432 2031
41258796 142 1301 2068
41399296 154 540 2075
41748779 143 1603 2093
41907085 159 771 2101
42213346 157 390 2116
43009772 142 1453 2154
43167821 159 1782 2162
43320978 143 650 2170
43566544 147 250 2183
43714951 141 1860 2190
43781074 154 511 2193
43919329 146 816 2200
43979008 154 647 2203
44041187 154 450 2206
44216751 151 1302 2215
44238024 159 112 2216
45246342 157 1245 2267
45418406 145 433 2275
45563780 148 336 2283
45580033 142 71 2284
45934625 145 1420 2302
46081712 150 564 2309
46199713 154 1165 2315
46553894 142 218 2333
46958683 158 1479 2353
47223575 157 1911 2366
47348873 157 1534 2373
47370414 159 139 2374
48295803 157 43 2420
48395784 148 943 2425
48506312 158 1030 2430
48710610 143 583 2440
48840020 148 1286 2447
49691135 151 1332 2490
49849231 151 168 2498
50012025 148 215 2506
51367886 147 1660 2574
51979719 153 112 2604
52243966 151 1651 2617
52342725 158 175 2622
52541484 157 1302 2632
52727589 150 1856 2641
53283214 158 629 2669
53442406 145 1875 2677
54003383 151 1411 2704
54138211 155 252 2710
54728147 152 276 2739
54806341 142 1518 2743
55312276 149 759 2768
55448073 150 176 2774
55509454 144 1890 2777
55610087 150 1551 2782
55988244 154 1302 2800
56272143 148 25 2815
56548403 148 601 2828
57181677 144 552 2859
57425306 152 356 2871
58059526 156 1926 2903
58370572 141 1989 2919
58882669 144 130 2945
58905566 140 1532 2946
59959396 157 505 2999
60030182 154 1843 3002
60439313 155 1711 3023
60833201 146 653 3044
61060025 155 1449 3055
61101665 144 542 3057
61430875 140 1233 3074
61678873 151 892 3086
61927009 147 1092 3099
62113778 143 1399 3109
62134505 155 1523 3110
62349710 143 1545 3120
62369617 140 885 3121
62457392 140 1985 3125
62709616 144 507 3138
62914330 158 919 3148
63603137 145 348 3182
63864119 155 449 3196
63904184 146 1942 3198
64110585 155 1705 3208
64229626 144 1816 3214
64392097 140 1217 3222
64914001 157 1685 3248
65928634 141 832 3298
66615883 141 1129 3332
66781588 154 562 3340
66800906 145 964 3341
67097159 147 168 3356
67258824 146 1571 3364
67536138 157 1315 3378
68173019 154 907 3409
68464539 149 505 3423
68638763 145 897 3431
68852032 156 489 3442
69457662 155 1348 3473
69560436 144 1988 3478
70067410 141 907 3503
70364346 140 160 3518
70678092 159 640 3533
70721942 150 1471 3535
71518174 154 1294 3574
71758556 140 1348 3586
72096096 144 654 3602
72580127 153 1414 3626
72664947 149 1926 3630
72745264 157 537 3634
73407125 146 620 3668
73560500 152 59 3676
74360594 148 973 3717
74607665 141 74 3730
74645977 144 1177 3732
74705632 158 677 3735
74769141 144 482 3738
75040459 159 640 3752
75336794 143 1301 3766
76250255 145 1121 3811
76535070 154 639 3824
76661108 148 1523 3830
76818483 151 184 3838
76884465 141 1927 3841
77085516 149 1701 3851
77186638 153 377 3856
77259647 151 851 3860
77816828 154 745 3888
78208914 153 1908 3907
78685510 158 365 3931
79169353 140 1784 3955
79210374 157 1126 3957
79656873 157 163 3979
80145233 159 520 4003
80319066 156 1599 4012
80534503 153 1764 4023
80593109 153 264 4026
80889233 142 1474 4041
81032494 143 1917 4048
81208781 142 1295 4057
81263599 150 1931 4060
81733067 159 1583 4083
82060682 150 1490 4099
82320298 144 1763 4112
82607940 144 1138 4126
82905119 158 460 4141
83104512 148 38 4151
83139422 154 1381 4153
83509124 156 230 4172
83742289 141 1401 4184
84032895 149 723 4199
84272125 159 1034 4210
84834166 146 756 4238
84854022 142 301 4239
85335539 146 1252 4264
86419846 151 1200 4319
86525437 142 266 4325
86571888 146 1247 4327
86739859 156 844 4336
87361678 144 967 4367
87407921 151 228 4369
87759374 152 1614 4386
87955059 157 709 4396
88637461 154 301 4430
88884241 155 869 4443
89102651 143 930 4454
89240428 156 1561 4461
89393822 140 1064 4469
90075695 155 573 4502
90249448 159 1578 4510
91055776 145 757 4550
91113848 158 1679 4553
91555945 145 31 4575
91817328 158 947 4588
92111191 151 741 4602
92249582 150 1473 4609
92307448 157 1009 4612
92474775 146 1509 4620
92579817 144 81 4625
92945529 149 461 4642
93734562 151 1892 4682
93831411 144 1027 4687
93850516 152 1549 4688
93885402 158 1404 4690
93923631 143 247 4692
93957546 149 232 4694
94218756 140 896 4707
94271357 144 347 4710
94674832 157 1775 4731
95458685 157 992 4771
95512317 141 600 4774
95555647 152 1049 4776
95756335 152 1311 4787
95821886 149 1275 4790
96617435 154 518 4831
96657285 154 45 4833
96773745 148 1926 4839
97823521 143 1874 4891
97900888 153 1587 4895
98215124 143 1945 4911
98235424 141 92 4912
98277444 147 692 4914
98314412 154 1848 4916
98510706 156 991 4925
99036282 140 115 4951
99224418 152 669 4961
99606235 149 1059 4980
99670817 157 1803 4984
99820605 157 1026 4992
100237354 158 79 5012
100293356 140 136 5015
100318356 144 1218 5016
100753269 155 23 5037
100775699 159 1830 5038
100841690 151 301 5042
100910225 157 1272 5045
101026745 155 1677 5051
101342195 157 1443 5067
102087101 145 1465 5103
102258587 144 545 5112
102594771 146 1227 5130
102782740 144 1738 5139
103239189 145 154 5161
103890917 155 594 5193
104096845 154 834 5203
104279561 153 1167 5212
104401752 145 910 5219
104426752 145 1584 5220
104540479 142 1044 5225
104753274 145 1168 5236
105058484 140 354 5252
105615877 148 1404 5281
105636951 150 279 5282
105779998 149 358 5289
105976794 150 423 5299
106196949 144 1312 5310
106397631 148 20 5320
106632962 153 565 5332
106802784 144 1191 5341
107025881 142 904 5352
107208388 150 393 5361
107419728 149 873 5372
107607779 143 991 5381
107851486 142 51 5393
108533971 152 89 5427
108682316 143 125 5434
108811625 140 1372 5440
109313679 151 473 5465
110009003 141 1968 5501
110321589 142 110 5517
110871242 141 1436 5545
110931752 155 1098 5548
111375953 149 235 5571
112003093 143 139 5602
112096417 145 717 5607
112187104 141 1747 5611
112391406 149 270 5621
112811846 158 1574 5642
113160464 146 516 5661
113453811 155 1997 5676
113691383 140 215 5688
113753106 155 1054 5691
113911826 149 1332 5699
114242950 140 1618 5716
114460516 159 1421 5726
115815100 155 1994 5795
115991589 149 874 5803
116625577 153 269 5834
117016152 152 1528 5854
117874402 140 1834 5896
118022410 152 1735 5904
118609820 140 282 5933
118939097 146 1107 5949
118989097 144 1306 5951
119360331 154 1024 5969
119457637 143 511 5974
119861063 159 203 5993
119891063 151 1437 5995
120010207 144 1087 6001
120171849 148 960 6009
120189632 155 1134 6010
120499539 145 576 6026
120751875 154 1678 6038
120836080 151 1462 6042
121228687 155 1036 6062
121712300 159 388 6086
121919296 154 668 6097
121937947 143 134 6098
122082827 155 811 6105
122261262 143 827 6114
122317805 152 1208 6117
122711709 154 568 6137
123267748 155 1273 6165
123368766 145 373 6170
123408747 153 538 6172
124163656 157 1370 6210
124269753 154 662 6215
124351289 143 694 6219
124966344 144 287 6248
125457018 146 934 6274
125547780 150 223 6279
125749378 145 1659 6289
127261671 148 1656 6365
127429752 158 530 6373
127470082 147 285 6375
127609703 144 1090 6382
127796115 149 278 6391
128474420 159 650 6426
128878251 145 1733 6447
129007955 140 1552 6453
129095173 143 21 6458
129777519 145 533 6492
129837414 144 1036 6495
129911820 150 219 6499
130037730 151 578 6506
130098733 152 128 6509
130323364 156 503 6520
130384175 159 1729 6523
130647720 158 177 6536
130687034 150 861 6538
131201840 143 678 6563
131559749 158 768 6581
131867464 142 1511 6596
132318116 149 1670 6617
132859651 144 1890 6644
133037392 140 1757 6653
133542622 145 1847 6678
133644237 158 1793 6683
134057760 140 1925 6703
134432326 152 853 6722
134983686 147 1503 6750
135018551 151 1598 6752
135396071 152 1377 6770
136392368 158 577 6821
136478947 143 1255 6825
137075269 143 1624 6854
137853670 145 1229 6895
138283440 154 1610 6917
138375210 153 374 6922
139139727 153 669 6960
139473988 140 677 6976
139493396 141 1254 6977
139984396 151 578 7001
140063161 150 321 7005
140078272 145 1849 7006
140633536 158 480 7033
140787153 157 1630 7041
141211759 155 1216 7063
141614197 153 1123 7084
141811751 157 284 7094
142673199 158 1884 7137
142977127 154 484 7152
143190002 146 1549 7162
143351932 155 1970 7170
143800652 147 1379 7193
144861787 157 537 7245
144884118 146 338 7246
145323951 149 1685 7268
145340635 154 112 7269
145583764 154 646 7282
145647531 141 217 7285
145964345 152 493 7301
146083804 143 1277 7307
146341148 143 1041 7320
146940833 157 1336 7350
146962034 155 185 7351
147621901 155 949 7384
147659365 155 1909 7386
148189643 151 116 7413
148379739 145 270 7422
148653295 150 1409 7436
148810118 148 621 7444
149069838 151 1090 7456
149236323 155 321 7464
149528528 142 1387 7479
149704092 155 635 7488
150807737 141 655 7543
151236292 150 640 7564
151905014 159 1879 7598
152030763 140 843 7604
152513908 156 1817 7628
153161251 157 1460 7660
153706507 142 830 7686
153747041 140 1902 7688
154861226 145 330 7744
155096965 150 1921 7756
155363002 152 936 7769
155488164 153 622 7775
155504798 159 644 7776
155668294 151 677 7784
155743283 153 1801 7788
155903711 145 1306 7796
156605207 158 143 7829
156684833 146 1022 7833
157241688 144 299 7861
158077376 154 334 7902
158718801 159 986 7934
159024356 142 583 7949
159343566 144 1628 7965
159502979 150 1378 7973
159910438 146 1882 7993
159983908 147 314 7997
160155669 142 171 8006
160350065 142 106 8016
160561460 143 274 8027
160620346 144 127 8030
160889635 153 1615 8043
161518802 140 1175 8074
161696993 151 393 8083
162699328 147 1382 8132
163139453 144 1373 8154
163189453 159 1059 8156
163819259 148 697 8187
164138013 143 737 8203
164309650 154 1348 8211
164691416 140 1753 8230
164883340 148 149 8240
165011503 144 1316 8246
165261116 140 401 8258
165969055 152 1470 8294
166258830 159 1936 8308
166625440 141 677 8327
166961414 143 13 8344
167609239 158 193 8376
167718216 149 1749 8382
167910358 152 160 8391
168476670 159 1 8418
168582398 157 1938 8423
169318948 142 1128 8460
169712933 150 1550 8480
169863776 158 506 8487
170011432 152 422 8494
170046061 146 187 8496
170683990 152 12 8528
171612714 145 1908 8573
171761025 142 1638 8580
171899097 155 1090 8587
172398561 155 1469 8612
173006366 158 1817 8642
173559509 145 35 8670
173862030 158 625 8686
173957664 148 1997 8691
174280164 140 1096 8708
174492849 153 189 8719
174556017 146 1059 8722
175774185 151 1667 8783
175925651 143 1024 8790
176735832 143 686 8830
177462710 158 795 8867
177982166 155 696 8893
178352534 141 1985 8911
178636920 144 1849 8925
178762071 151 730 8931
180505665 145 413 9017
181159958 144 8 9051
181495835 153 1516 9068
181576547 151 1404 9072
181710311 146 261 9079
182531810 144 952 9121
182699082 156 1477 9129
182813981 142 686 9135
183630631 154 268 9177
183742871 147 1322 9182
183829963 146 35 9186
184580100 156 1649 9221
185190247 153 983 9252
186082654 156 1512 9298
186101981 147 1597 9299
186298189 141 1460 9309
186532398 150 1579 9321
186826003 144 1726 9336
187092618 154 220 9350
187130459 159 283 9352
187170936 146 1850 9354
187368684 159 707 9364
187468008 151 1536 9369
187520993 157 1398 9372
187538087 156 1276 9373
188486042 147 214 9421
188560104 142 1944 9425
188677623 154 1422 9431
188748429 149 1965 9435
188900055 156 1059 9443
189879509 145 861 9492
190390636 143 390 9517
190774804 159 778 9536
192181284 156 1828 9610
192243240 152 654 9613
192462676 145 1980 9623
192890322 142 400 9645
192962161 156 1538 9649
192983250 141 781 9650
193065104 144 23 9654
193449700 149 1602 9673
193554545 157 857 9678
193784348 140 1553 9689
193845584 146 1951 9692
194116104 141 1612 9706
194617113 146 449 9731
194713482 142 1930 9736
195682281 140 645 9785
195846586 146 1469 9793
195976881 156 1309 9799
196061845 154 1505 9803
196263819 140 1001 9813
197247877 157 691 9863
197362761 146 1249 9869
197471617 144 86 9874
197714027 159 1398 9887
197736375 155 988 9888
197870762 152 219 9895
198143058 156 1089 9908
198167975 144 138 9909
198233886 140 1357 9912
198363093 153 1225 9919
198505188 157 25 9926
198521894 156 465 9927
198724968 158 434 9937
198769905 146 877 9939
199201378 149 453 9961
199749433 157 309 9989
199921161 150 233 9998
199983725 153 1335 10001
200288661 155 1924 10017
201047073 159 1181 10055
201098622 152 1832 10058
201308297 154 68 10068
201619883 154 1474 10083
201700316 147 588 10087
202267679 150 1004 10116
202786474 156 623 10142
203254058 148 1796 10165
203279058 151 1646 10166
203391035 153 1727 10172
203456909 157 1193 10175
203581430 147 983 10181
204097918 159 1147 10207
205101439 148 1262 10256
205196707 152 627 10261
205518121 153 502 10277
205954877 142 395 10299
206164074 152 668 10310
206222287 156 109 10313
206286872 142 1908 10316
206329176 146 314 10318
206534275 141 1043 10328
206870165 150 1452 10344
207158766 144 1946 10359
207288615 142 868 10366
207942283 158 1179 10399
207962543 145 1338 10400
208646480 146 376 10434
208708518 146 1831 10437
208847895 146 265 10444
209217292 156 248 10463
209293092 155 532 10467
209356284 154 1356 10470
210461697 150 493 10525
211184187 145 416 10561
211461927 154 443 10575
212159455 145 1847 10609
212198570 143 1565 10611
212322920 145 1225 10617
212363548 150 706 10619
213055260 158 430 10652
213375986 144 443 10668
213438757 151 875 10671
213510688 155 1808 10675
213775198 142 319 10688
213853984 141 807 10692
214152045 154 361 10707
214510280 155 792 10725
214660804 155 1661 10733
214885182 159 179 10744
215105215 155 592 10755
215526078 151 1707 10776
215707095 158 1020 10785
216325327 152 1005 10815
216462050 146 486 10822
216698087 154 967 10834
217056772 150 644 10851
217423558 142 1009 10870
217516146 142 721 10875
217661955 149 875 10882
217725228 151 1323 10885
218261861 144 719 10911
218333892 150 896 10915
218483658 155 1028 10922
218561938 143 1651 10926
218777959 158 1405 10936
219134999 159 148 10954
219152977 158 137 10955
219258656 148 1959 10960
219329544 144 1127 10964
219641558 148 300 10980
219701578 142 493 10983
219802494 144 1172 10989
220233637 144 389 11011
220617907 142 396 11029
221583226 150 1184 11076
222482459 152 1067 11123
222590022 153 1260 11128
222608510 148 1535 11129
222644764 158 1587 11131
222740798 153 701 11136
223300978 141 1649 11164
224006048 142 407 11201
224093621 156 1631 11205
224305975 157 241 11216
225016713 145 157 11252
225271057 140 1014 11264
225748679 144 1180 11287
226762211 154 520 11338
226781629 157 1394 11339
227558037 147 180 11377
227698896 154 1976 11384
227853763 148 835 11392
228063314 147 1495 11403
228152475 151 764 11408
228485342 146 1584 11425
228992265 143 371 11452
229478683 151 385 11476
229569109 141 463 11480
230110578 145 810 11507
230225362 150 1578 11513
230617405 147 377 11532
231343048 141 1607 11568
231463558 145 192 11574
231839469 157 675 11592
232081643 144 1548 11604
232102313 151 490 11605
232507231 143 1520 11626
233007542 141 463 11652
233279067 142 303 11666
233507178 150 1765 11677
233530050 157 1133 11678
233612674 143 181 11682
233711402 159 1382 11687
234652549 152 1658 11733
234930758 145 1198 11747
235434865 147 1909 11772
235597279 155 366 11781
236487168 154 1944 11826
237463758 154 1107 11875
237568026 157 812 11880
237622761 153 1447 11883
237714335 143 587 11888
237831606 153 1082 11893
238088731 157 834 11906
238530044 146 1165 11928
238958696 141 1027 11950
239382495 154 375 11972
239778122 148 1369 11992
239926448 144 986 11999
239944823 145 1188 12000
239998982 157 1672 12003
240150797 156 1853 12011
240287017 153 1552 12018
240499109 154 1222 12028
240816832 143 999 12043
240832171 152 672 12044
240909441 149 1938 12048
240996316 146 639 12052
241262412 158 1686 12065
241449680 151 1281 12075
241713813 141 820 12087
241906626 151 1379 12097
242198211 157 279 12112
242234078 149 1225 12114
242353233 143 1569 12120
243205488 150 1226 12163
243633097 154 14 12184
243745264 149 873 12190
243787932 141 195 12192
243806217 153 661 12193
244154061 157 216 12210
244305621 148 757 12218
244530303 149 1919 12230
244613545 150 1241 12234
244820553 141 1521 12245
245042885 151 511 12256
245238881 150 1519 12266
245298473 142 1649 12269
245631721 150 1001 12286
245885252 149 1506 12299
246191008 158 1767 12314
246686376 151 1142 12340
246782587 141 102 12345
247718231 159 491 12392
248622093 151 1802 12438
248901202 141 1049 12452
249900190 154 531 12501
250111950 143 46 12511
250353960 158 784 12524
250881796 150 919 12550
250902564 140 1203 12551
250969123 153 1242 12554
251224203 158 1403 12567
251541835 156 1700 12583
251566256 151 619 12584
251696461 149 849 12590
251737065 140 225 12592
251940961 146 1700 12602
252885215 150 235 12647
252936336 142 1108 12650
253277329 148 1203 12667
254169847 151 858 12712
254728422 158 1251 12740
255475886 145 1885 12777
255646282 142 875 12786
256119188 142 1434 12810
256516716 153 188 12830
256547342 141 995 12832
256739074 142 689 12841
256860118 143 1974 12847
257309457 150 606 12870
257525096 150 1548 12880
257622459 157 560 12885
257697667 141 1601 12889
257738079 154 765 12891
258314583 151 1237 12919
258690807 159 1476 12938
259347927 143 1051 12971
259769469 158 1970 12991
259885775 148 1988 12997
259904505 158 190 12998
259946863 158 295 13000
259978061 157 1103 13002
260108057 156 703 13008
260597195 151 1608 13032
260882919 148 1806 13046
260938100 150 131 13049
260995103 141 1458 13052
261325142 140 1950 13068
261367398 153 408 13070
262497776 150 22 13127
262863798 141 1889 13146
263429363 147 1181 13175
263554941 144 1147 13181
263773375 151 971 13192
264104116 143 1424 13209
264529815 146 1821 13231
264584612 149 598 13234
264938883 146 954 13251
265096291 149 1824 13259
265924386 145 846 13300
266297144 156 30 13318
266956805 158 1784 13351
267451786 158 639 13376
267941188 156 497 13401
268088259 153 309 13408
268141928 150 1339 13411
268369350 140 335 13422
268677416 146 801 13438
268801404 145 1212 13444
269209319 143 1724 13464
270214208 143 481 13515
270987964 158 1853 13553
271043685 142 1105 13556
271060886 154 1032 13557
271082652 155 1144 13558
271672317 156 543 13587
271952971 154 414 13601
272258319 152 1216 13617
272307478 148 683 13619
272370003 151 5 13622
272533686 142 1851 13630
273031412 140 95 13655
273672578 150 421 13686
273814161 144 1064 13693
274595528 158 1919 13733
274857557 156 1398 13746
274925851 151 1756 13749
275471106 158 1752 13776
275595656 152 1586 13782
275874479 157 278 13796
276634711 159 1710 13835
277481841 148 849 13877
277864765 149 315 13896
278054928 150 175 13905
278679320 157 1828 13936
278773213 154 1573 13941
278911353 142 1362 13947
279020605 144 1008 13952
279246085 153 1780 13963
279737961 149 1231 13987
279752961 157 89 13988
281686294 146 1709 14083
281797953 145 1058 14089
281842925 159 442 14091
282173638 157 694 14108
282280778 152 623 14113
282655629 156 1496 14131
282715391 158 1997 14134
283939214 152 1513 14196
284028846 158 694 14201
284292839 157 422 14214
284382491 140 388 14218
284442553 155 671 14221
284585552 153 1521 14228
284634333 156 908 14230
285077385 145 96 14253
285430008 152 486 14270
285928264 154 1156 14294
286149151 159 94 14305
286274671 151 1848 14311
286346138 158 1183 14315
286503147 153 488 14323
286752677 144 845 14336
286774439 146 229 14337
287245700 147 667 14360
287525822 144 1141 14373
287583976 141 1910 14376
287835895 142 1741 14389
287970958 147 947 14395
288632391 158 1529 14429
289315336 148 149 14463
289640994 144 1672 14480
290080530 150 975 14502
290287294 152 194 14512
290487111 151 1113 14522
290572650 143 131 14527
290667709 154 173 14532
290799354 151 1541 14539
290887634 156 1515 14543
291088000 148 166 14553
291770113 143 1975 14588
291790945 143 583 14589
291848425 152 1207 14592
292169605 140 1145 14608
292267615 146 1722 14613
292452684 142 468 14623
292513903 145 1566 14626
292661237 144 1498 14633
293249948 154 1372 14662
293500229 159 1859 14675
294505488 155 392 14726
294589106 140 1432 14730
295708811 153 999 14785
295918035 153 1785 14795
296293390 147 331 14815
296804602 144 484 14841
296839792 157 281 14843
296956653 153 896 14849
297422327 155 560 14872
297623917 142 891 14882
297846313 148 767 14894
298059385 146 1672 14904
298214496 155 1814 14912
298669205 158 1619 14935
298899434 152 1162 14947
299308656 146 1776 14967
299407821 157 978 14972
299874329 145 700 14996
299939612 157 1271 14999
300358431 158 1824 15020
300509316 143 1079 15028
300529208 144 969 15029
300757764 151 1941 15041
300947785 148 1120 15050
301105247 140 1954 15058
301367450 147 300 15071
302362553 159 978 15119
302532974 141 1393 15128
303008029 152 657 15151
303595674 155 194 15181
304664016 154 1035 15232
304897426 158 1904 15244
305690177 152 425 15282
306110203 154 739 15303
306566618 159 226 15326
306607542 148 1772 15328
306689262 153 1081 15332
307332080 156 119 15365
308775279 141 634 15438
308880056 152 455 15443
309831994 154 711 15491
310055612 153 1110 15502
310127660 141 595 15506
310201569 147 357 15510
310221069 145 1598 15511
310720215 158 147 15537
310757515 155 1691 15539
311136329 141 1096 15558
311296213 140 524 15566
312797724 141 337 15642
312871842 150 1788 15646
312968642 144 1495 15651
313519609 156 1269 15678
313622801 155 600 15683
313678617 141 428 15686
313739330 149 294 15689
313829737 147 578 15694
314066875 156 87 15706
314464236 141 90 15726
315381634 156 564 15771
315633210 155 1712 15783
315948130 140 379 15799
316305254 151 479 15818
316475029 159 349 15826
317019399 146 725 15854
317736288 147 692 15890
318041649 149 1964 15905
318613912 154 1492 15934
319089304 146 1741 15959
319531579 155 447 15981
319610245 156 1591 15985
319852255 158 1034 15997
320673325 149 224 16038
320774090 149 943 16043
322133901 157 611 16110
322240109 152 55 16116
322282486 158 1475 16118
322333074 144 1691 16121
322980217 156 576 16154
324145102 142 1604 16213
325138135 140 1876 16263
325257650 144 605 16269
325442112 155 1706 16279
325621033 140 334 16288
325686821 146 908 16291
326066187 144 173 16309
326295102 150 73 16320
326459574 141 36 16328
326881124 153 1601 16350
327596050 153 1306 16386
328034943 140 15 16409
328685518 147 1645 16441
329266746 145 795 16471
329670062 142 85 16491
330074857 141 936 16512
330386172 158 340 16527
331026047 147 1467 16559
331143445 155 26 16565
331406246 158 1129 16578
331812229 153 566 16598
331915050 144 901 16603
332169997 156 1209 16616
332404419 150 1525 16628
333667644 146 1605 16692
334074287 148 1213 16712
334310891 154 1056 16724
334667352 156 1539 16741
334800499 145 443 16748
336436398 158 680 16828
336493231 140 613 16831
337561146 140 199 16886
337886569 140 946 16902
338589395 150 1825 16938
338874207 157 156 16952
339208388 151 806 16968
339297433 142 233 16973
339335125 141 1912 16975
339704353 156 1435 16994
340640316 158 1206 17041
340678620 154 987 17043
340763351 140 1446 17047
340813646 149 1361 17050
340849854 145 1316 17052
340870407 154 300 17053
341080580 156 1845 17064
341103366 159 742 17065
341157650 156 927 17068
341239198 144 1166 17072
341775944 154 16 17100
341961934 147 1940 17110
342639489 155 50 17144
342853038 158 1998 17155
343530856 153 825 17188
344557096 149 99 17240
344686402 148 1962 17247
344851766 158 722 17255
345103297 148 369 17268
345332839 152 1288 17279
345622052 149 1187 17293
346297729 152 1497 17327
346802014 140 184 17352
346991925 150 1433 17361
347318830 154 704 17378
347761721 150 939 17400
347842851 151 435 17404
348159580 147 232 17420
348658993 158 505 17447
348822923 142 944 17455
350670848 158 730 17547
350879658 157 882 17557
351068200 151 1508 17566
351391473 142 9 17582
351865459 147 270 17606
352301067 145 518 17627
352605112 147 1365 17643
352626151 140 1699 17644
352910733 147 813 17658
352956276 150 217 17660
353110065 155 752 17667
353513512 153 406 17687
353569682 152 1733 17690
353859881 147 647 17705
354785147 140 1506 17754
355028221 157 289 17766
355356646 140 1747 17782
355408303 159 646 17785
355607920 152 784 17795
356048532 143 811 17817
356323982 150 1035 17831
356824526 159 44 17856
356890304 151 1896 17859
357029734 147 978 17866
357236602 149 1463 17876
357345799 145 423 17882
357550364 152 803 17892
358097949 153 1347 17919
358564259 159 648 17942
358793703 142 1248 17953
358831945 141 417 17955
359211808 143 1502 17975
360375281 157 330 18032
360721813 155 922 18049
360793606 149 1560 18053
361340832 157 1084 18081
361507236 148 789 18089
361663512 143 375 18097
361701749 152 1152 18099
361800746 154 50 18104
361824577 155 1034 18105
362091899 144 1219 18118
362357090 154 229 18132
362395117 144 542 18134
362410117 153 572 18135
362516105 151 1313 18140
362924933 143 1004 18161
363414649 144 1314 18185
363549282 156 1325 18191
364143868 150 1972 18221
364220099 140 1164 18225
364292959 151 1319 18229
364443335 148 1885 18237
365031676 156 1809 18267
365888935 151 1876 18310
366227691 148 1488 18327
367064972 143 103 18370
367271108 156 1012 18380
367657417 155 412 18400
367976670 154 698 18416
368613268 148 535 18447
369314163 147 701 18482
369526645 145 674 18492
369717791 148 355 18501
369922257 152 769 18512
370934384 154 1092 18564
371277500 153 1080 18581
371436546 156 154 18589
371712748 148 910 18603
372213704 145 1154 18627
374079405 141 304 18723
374407235 156 434 18739
374443739 149 42 18741
375226321 150 22 18780
375347786 150 1666 18786
375925813 154 525 18816
376241543 148 618 18831
376302823 151 433 18834
376777642 142 1188 18857
376812169 145 78 18859
377219917 150 407 18879
377287083 154 1663 18882
377328578 154 1546 18884
377963685 140 1222 18915
378356091 155 1943 18934
378407992 155 676 18937
379553933 144 90 18995
379632020 144 804 18999
379990778 141 691 19018
380032167 156 945 19020
380068014 157 1893 19022
380225735 159 1845 19029
380289491 152 1960 19032
381520385 141 559 19094
381575367 147 640 19097
381768958 159 1396 19107
381928454 144 1761 19115
382399608 149 1486 19138
382587715 158 1945 19147
382667411 155 446 19151
382688051 157 740 19152
382885705 145 1529 19162
382958550 143 332 19166
383456523 141 1480 19191
383576050 155 1453 19197
383862720 144 1670 19211
384414417 152 804 19238
384610817 148 998 19247
385273565 144 638 19280
385672440 145 1521 19300
385714591 141 582 19302
385771251 148 1519 19305
385806509 148 434 19307
386184518 141 82 19326
387303616 158 1801 19382
387465488 148 258 19390
387507929 157 31 19392
387655957 150 1505 19399
387867239 150 1196 19409
387932853 141 466 19412
387947853 150 954 19413
388193671 149 385 19426
388584862 143 1749 19446
388668885 149 1974 19450
388829508 144 1952 19458
389771295 140 218 19505
389989109 156 1231 19516
390068090 147 285 19520
390834689 153 1748 19558
391160224 149 933 19574
391192405 153 432 19576
391289560 150 1413 19581
391529943 158 1550 19593
391610504 149 33 19597
391716885 150 77 19602
392468902 156 590 19640
392520979 148 702 19643
393069065 145 1530 19671
393640941 149 1400 19700
393743619 142 1032 19705
394017830 155 1578 19719
395840318 151 1752 19810
396471127 141 325 19841
397192074 146 203 19877
397928751 145 21 19913
398581856 149 1295 19944
398804621 152 1901 19955
399185006 150 1399 19974
