700700 224 129 34
999325 233 431 48
1507980 239 1530 72
1710747 228 1278 82
1962857 229 1363 94
2045264 234 1552 98
2808706 235 1711 136
3143755 220 128 153
3748536 221 1031 182
4804001 233 1010 234
5060858 228 1803 247
5197257 239 1240 254
5279233 232 519 258
5323344 230 390 260
5412254 235 60 265
5496057 232 149 269
5768856 223 1523 282
5892421 236 1972 288
6054935 221 599 296
6164083 225 507 302
6390790 229 1564 313
6461295 225 1559 317
6661010 226 1027 327
6819700 232 735 335
6875908 225 922 338
7209357 238 806 355
7499716 227 1811 370
7617160 237 1688 376
8484808 228 1906 419
8680833 221 1573 429
8806262 238 500 435
9032906 234 1541 447
9168027 232 1455 454
9358602 224 1538 464
9723492 231 1264 483
10027087 238 658 498
10349385 229 110 515
10898278 227 666 541
11353690 238 1095 564
11620195 236 74 577
11683405 239 653 580
11929692 236 1740 592
12088846 238 265 600
12396350 227 58 616
12849117 228 1179 639
12914522 226 1218 642
13170608 232 1091 655
13312828 229 1725 663
13661734 220 1092 680
13836521 221 1495 689
14477512 229 53 721
14798389 220 406 737
14865666 227 932 740
15121335 235 580 754
15989978 237 1405 797
16970455 225 1969 848
17109459 237 117 855
17185110 221 1269 859
17410641 224 1757 870
17847642 223 746 892
17984876 237 1161 899
18423279 231 1472 921
18482384 221 697 924
18750177 230 542 937
18795098 230 868 939
19351908 225 1754 966
19789859 221 670 988
19825978 236 777 990
20073686 226 972 1002
20432229 236 1797 1020
20767582 230 1805 1037
20921360 234 296 1045
21991439 237 1438 1100
22115875 224 1713 1106
22228532 221 1616 1111
22249007 231 550 1112
22286396 236 1278 1114
22810217 239 800 1140
22946730 230 1375 1147
23023955 239 1774 1151
23089961 236 756 1154
23131002 227 1635 1156
23467751 231 353 1172
23571806 239 1525 1177
23589758 235 917 1178
23670392 229 1953 1182
24096514 221 1513 1202
24177676 235 1070 1206
24260269 227 1241 1210
25107136 226 1769 1252
25128127 229 1439 1253
25499498 222 1548 1271
26147297 237 1695 1303
26412203 226 161 1316
26613733 235 954 1326
26911614 220 74 1342
27462712 227 823 1370
28690150 231 924 1433
28897093 234 847 1443
28948839 232 620 1446
28970017 236 1158 1447
29266474 231 1247 1462
29909327 228 946 1493
30435344 224 62 1519
30473776 236 1213 1521
31203544 230 1397 1558
32152640 231 1967 1606
33147752 223 1740 1657
33346296 227 182 1667
33364420 220 172 1668
33398657 231 791 1670
34102282 226 432 1705
34179091 232 299 1709
34258635 236 1566 1713
34280888 222 656 1714
34321728 224 965 1716
34417611 228 1687 1721
34741657 226 1367 1737
35173137 230 518 1758
35311965 224 1308 1765
35615166 226 747 1780
35755782 231 270 1787
36054621 222 64 1801
36176703 236 1955 1807
37142531 227 939 1857
37506730 229 339 1876
37855924 222 763 1894
38193032 222 628 1911
38657448 232 1980 1935
39540834 227 229 1980
39614899 227 230 1984
39782368 234 1577 1993
39935627 233 433 2001
40267883 225 1128 2018
40352716 234 1742 2022
40895704 220 66 2049
41430853 239 1379 2077
41948259 236 6 2103
42546145 231 1434 2132
42923827 234 1077 2150
43839102 223 1385 2196
44299327 228 1372 2219
44426819 235 1401 2225
44504971 232 293 2229
44930463 226 799 2251
45104042 233 107 2260
45821968 226 612 2296
45844098 237 1024 2297
46103370 236 478 2310
46293351 238 1533 2320
46673013 225 1564 2339
46750707 233 1641 2343
46980757 220 1945 2354
47135812 224 1970 2362
47407645 231 252 2376
47553385 235 349 2383
47752161 220 1575 2393
47845009 226 695 2398
47948550 234 1363 2403
48131377 233 1836 2412
48416031 238 1571 2426
48523517 225 886 2431
49060401 228 688 2458
49519484 239 160 2481
50218558 224 1851 2517
50505082 224 408 2531
50545063 234 462 2533
50943453 234 1970 2553
51022721 223 1430 2557
51507085 235 256 2581
51548473 238 430 2583
51901037 222 1349 2600
52363295 222 1396 2623
52582671 233 1949 2634
53112572 228 1348 2660
53171974 228 1147 2663
53714647 225 159 2690
54327412 234 1582 2720
54660271 226 447 2736
55287673 231 85 2767
55942213 221 435 2798
56466480 235 186 2824
56656796 222 1382 2833
56766037 233 254 2839
56807615 238 1156 2841
56832615 224 1617 2842
57120024 231 1726 2856
57342141 234 829 2867
57536668 230 1946 2877
57690107 227 1688 2884
57711523 239 1080 2885
58352044 226 19 2918
58466129 228 1928 2924
59135497 229 1728 2957
59288114 229 1836 2965
59698816 224 1699 2986
59784976 237 186 2990
59890211 221 174 2995
60262661 236 1953 3014
60892524 227 1903 3047
60934513 230 1808 3049
61017011 221 929 3053
61316251 233 96 3068
61819546 235 798 3093
61892466 220 345 3097
62095088 231 1219 3108
62180086 235 1968 3112
62733393 229 1982 3139
63244518 233 569 3164
63807764 238 1057 3193
63942841 235 1044 3200
64531529 220 1560 3229
64782922 228 972 3241
64929224 226 1139 3249
65233726 226 1018 3264
65476528 235 1702 3276
65511335 229 470 3278
65690937 236 358 3287
65713048 220 1681 3288
66113173 227 231 3307
66172135 231 59 3310
66444424 233 1239 3323
66630883 227 1779 3333
66652527 237 1213 3334
66944058 233 1544 3348
67451052 227 65 3374
68051456 224 1048 3403
68383349 221 45 3419
68554171 229 1726 3427
68930636 238 812 3446
69010245 237 982 3450
69051614 238 1908 3452
69241391 236 1453 3462
69355653 228 542 3468
69600951 237 590 3480
69692038 220 1946 3485
70276335 221 139 3513
70844628 233 178 3541
71050328 228 1515 3551
71114009 237 1168 3554
71131165 226 1158 3555
71320803 232 961 3565
71406379 222 1074 3569
71450998 238 954 3571
71988301 238 1270 3597
72456132 220 974 3620
73101554 229 864 3652
73116554 225 784 3653
73240698 223 224 3659
73526561 232 915 3674
75359436 224 730 3767
75710969 238 371 3784
75918551 222 735 3794
76040580 234 824 3800
76098207 227 882 3803
76341649 228 345 3815
77009803 236 1697 3847
77461840 236 1111 3870
77677397 229 638 3881
78252254 230 841 3909
78664032 225 479 3930
78914681 235 1586 3942
79305528 225 1394 3962
79475408 224 953 3970
80167260 230 148 4004
80222731 237 6 4007
80436098 233 40 4018
80655800 222 181 4029
81411114 233 1804 4067
81443413 222 1240 4069
82135580 228 700 4103
82784730 239 428 4135
83341462 233 285 4163
83397156 233 1917 4166
83470967 238 1463 4170
83882027 237 1169 4191
84356137 230 226 4214
84795289 238 1305 4236
85126884 228 1376 4253
85564935 231 1587 4276
85668640 238 967 4281
85763958 236 1801 4286
86029517 225 176 4299
86070206 223 1652 4301
86229146 227 1572 4309
86611061 235 869 4329
86908154 226 1533 4344
87275003 224 528 4363
87338361 223 468 4366
87696999 230 169 4383
87737278 233 1874 4385
88393903 221 142 4418
88498019 235 645 4423
88551859 222 1214 4426
88827295 235 73 4440
89139185 231 125 4456
89199157 225 125 4459
89302158 222 1125 4464
89319115 235 1348 4465
89523266 231 1608 4475
91393968 226 1152 4567
92876166 229 1487 4639
92900069 227 1325 4640
93116827 238 1661 4650
93152646 238 390 4652
94255907 233 857 4709
94743677 227 1768 4734
94762427 231 1231 4735
95158496 220 1702 4755
95253870 233 1556 4760
95577542 236 1468 4777
96162430 220 716 4808
96203105 230 1194 4810
96730329 239 1060 4837
96863641 229 50 4844
96886536 236 810 4845
97045850 223 766 4853
97114561 239 852 4856
97273585 226 99 4864
97768080 235 808 4888
97785581 239 1668 4889
98155212 231 460 4908
98336351 234 1974 4917
98451162 231 1413 4922
98874825 220 372 4943
99096714 233 671 4954
99155493 235 1503 4957
99444643 235 146 4972
100272491 220 1521 5014
100523635 224 867 5026
101123414 227 44 5056
101303365 232 1794 5065
101407905 224 1899 5070
101506158 222 1736 5075
101680025 236 1240 5083
101806612 226 1267 5089
101870769 225 674 5092
101933148 227 1608 5095
102029084 235 405 5100
102331901 230 275 5116
102926527 235 909 5146
103352750 227 187 5166
104470843 225 555 5222
105131110 224 1101 5256
105154086 235 913 5257
105271426 220 1753 5263
105296426 227 887 5264
105336497 232 1549 5266
105564638 220 443 5278
106069701 236 1637 5304
107048765 239 1247 5353
107066975 238 583 5354
107485395 234 653 5375
108088080 233 332 5405
108108287 229 1447 5406
108193700 235 454 5410
108435575 230 174 5422
108514356 235 1304 5426
108768682 232 100 5438
109179724 232 1888 5458
109234774 238 975 5461
109292298 228 1933 5464
109613990 225 1945 5481
109849435 233 1660 5493
111023747 225 274 5553
111118336 238 808 5558
111460983 239 339 5575
111598404 238 1861 5582
112040861 229 1444 5604
112447521 232 179 5624
112501067 234 259 5627
112538734 232 1731 5629
112845228 221 1849 5644
113053064 221 1827 5655
113669856 223 1329 5687
113709317 239 1762 5689
113794519 228 1546 5693
114183831 238 1194 5713
114588031 221 775 5732
114722289 237 1044 5739
115720647 222 712 5790
115859010 220 404 5797
116076470 233 1171 5807
116092218 233 350 5808
116114994 239 1507 5809
116580072 228 1433 5832
116973590 225 1531 5852
117106578 226 1424 5859
117579009 231 256 5882
117623908 229 1145 5884
118139790 221 369 5910
118203526 227 831 5913
118550928 229 1071 5930
118649827 223 715 5935
118802638 220 1368 5942
119009781 230 1198 5952
119233317 220 223 5963
119420642 224 366 5972
120324408 239 1702 6017
120343128 226 158 6018
120464074 222 1626 6024
120524539 235 1508 6027
120666235 224 204 6034
120814752 222 267 6041
121108289 220 566 6056
121147355 228 1509 6058
121656437 221 523 6083
121753969 222 178 6088
121896881 238 578 6096
121978347 228 917 6100
122216693 223 1543 6112
122628003 225 1349 6133
122965705 237 1385 6150
123172646 222 756 6160
123210473 234 161 6162
123247958 226 34 6164
123938364 229 8 6199
124063363 223 311 6205
124187069 228 1907 6211
125378077 230 1715 6270
125837163 223 471 6294
126060906 226 971 6305
126118491 233 1940 6308
126282445 232 662 6317
126384628 222 1673 6322
126612160 227 814 6333
126754188 227 1269 6340
127755962 224 192 6389
127776488 230 1640 6390
127883971 233 1532 6396
128193278 222 1382 6412
128536097 236 1494 6429
129266369 223 83 6466
129401877 239 862 6473
129796565 236 1026 6493
130460238 226 276 6527
130755885 231 666 6541
131271317 222 801 6567
131459391 226 1109 6576
131741159 229 1048 6590
132099474 236 1680 6607
132921375 233 1519 6647
133003227 234 1260 6651
133132100 239 174 6658
133310903 226 1583 6667
133598771 235 580 6681
133774549 232 1576 6689
133798749 229 745 6690
133919626 224 1519 6696
134196517 224 1259 6710
134365214 238 1479 6719
135206125 221 376 6761
135436828 235 226 6772
135529044 236 1759 6777
135864194 236 1149 6794
136261630 229 484 6814
136317359 229 648 6817
136432454 236 368 6823
136455895 225 1486 6824
136503121 237 1631 6826
136677618 223 1075 6835
136873513 237 535 6844
136969608 229 256 6849
137052821 223 1350 6853
137430386 239 512 6873
137499218 220 1214 6876
137694266 236 923 6887
137875462 225 539 6896
137890903 223 1878 6897
137925581 229 335 6899
138067829 230 412 6906
138129105 233 575 6909
138580902 226 626 6932
138838352 237 1225 6945
138900844 223 622 6948
139555640 232 217 6980
139579233 225 1282 6981
140001871 222 921 7002
140098653 220 104 7007
140807107 224 793 7042
141669647 235 1799 7087
141969814 236 1751 7102
142150976 223 1489 7111
142270481 229 803 7117
142498685 230 1016 7128
142809900 226 258 7144
143448424 232 1517 7175
143834049 228 1778 7195
143913135 233 618 7199
144278502 227 885 7217
144467969 232 361 7226
144976255 231 738 7250
145185834 224 752 7261
145433091 235 1244 7274
145841758 235 1706 7295
145944863 226 87 7300
146442491 230 56 7325
146460050 234 1654 7326
146647655 227 962 7336
146668892 221 744 7337
147272382 228 333 7366
147344353 234 1273 7370
147412560 235 255 7373
148456816 227 1479 7426
148709611 220 84 7439
148748980 233 134 7441
149449437 222 697 7475
149784335 221 84 7492
149898956 234 1927 7498
149991183 222 1825 7502
150008801 223 932 7503
150291683 224 970 7517
150443779 223 1992 7525
151483550 237 150 7577
151500795 220 924 7578
151581109 221 924 7582
152008724 232 447 7603
152086822 239 66 7607
152129516 222 1630 7609
152591840 226 196 7632
152628035 232 53 7634
152921683 225 872 7648
153120293 224 1426 7658
153226303 233 292 7663
153869022 222 1433 7694
154032102 236 992 7702
154615852 223 1917 7731
154630852 232 982 7732
155021862 235 1304 7752
155156785 234 881 7759
155226102 227 393 7762
155466743 220 736 7774
155601755 227 164 7781
155645455 225 1076 7783
155845744 238 617 7793
156010341 225 1089 7801
156142719 235 735 7807
156505913 223 1874 7824
156663254 235 1855 7832
157005309 223 460 7850
157088942 236 595 7854
157364836 226 1472 7867
157399346 226 247 7869
157682718 229 1529 7883
157808943 223 1679 7889
157932678 230 1525 7895
158010071 227 1278 7899
158338771 235 889 7915
158440286 223 1946 7920
158458427 233 952 7921
158480017 229 1087 7922
158866208 235 1402 7941
159072317 230 1647 7951
159584045 236 455 7977
159683809 238 993 7982
159785558 224 22 7987
159889764 238 1398 7992
160234082 236 48 8010
160443394 235 1236 8021
160635346 234 1074 8031
160826918 239 1528 8040
160868069 221 159 8042
161245473 239 1380 8060
161539513 238 1097 8075
161866891 227 1106 8091
162397663 223 413 8118
162568321 227 1230 8126
163353240 226 1544 8164
163682685 222 73 8180
163979472 226 1443 8195
164266573 223 997 8209
165371753 225 1933 8264
165542453 239 1129 8273
165842873 237 1692 8288
165885722 235 1526 8290
166135368 239 1281 8302
166317589 238 349 8311
166693519 221 636 8330
166809045 229 841 8336
166927455 235 145 8342
167105119 232 42 8351
167330229 221 442 8362
167428209 230 1229 8367
167530626 237 1082 8372
167783045 232 661 8385
168051706 231 729 8398
168666572 220 1811 8427
168906051 224 995 8439
169338304 223 434 8461
169509350 229 1763 8470
169618711 220 292 8475
169732847 229 769 8481
169908683 235 957 8489
169931147 224 974 8490
170466373 237 1464 8517
170621579 230 1908 8525
170644190 225 1163 8526
170749522 221 1472 8531
171019692 234 60 8544
171100064 238 1069 8548
171818523 231 1780 8583
171919209 234 933 8588
172355080 224 537 8610
172437640 238 754 8614
172626995 224 1387 8624
173518795 233 1359 8668
173634602 233 1794 8674
173716437 231 1063 8678
173736598 234 1760 8679
173881293 229 308 8687
173977771 221 1016 8692
174051875 231 763 8696
174085803 228 611 8698
174223505 225 1879 8705
174410780 227 1569 8715
174531626 226 347 8721
174851842 233 1833 8737
175240017 220 675 8756
175365494 223 1604 8762
175597853 221 1638 8774
175650125 224 395 8777
175883383 225 1578 8788
176358097 225 1682 8811
176543326 228 1550 8820
176561390 233 500 8821
176854357 227 1390 8836
176998147 229 1608 8843
177092522 222 1887 8848
177350196 237 400 8861
177536874 220 717 8871
177612574 235 180 8875
177938991 236 1304 8891
178457410 232 1094 8916
178617704 229 307 8924
178781029 227 1108 8932
179226395 226 389 8954
179348407 239 633 8960
179562890 235 1455 8971
179721930 221 341 8979
179821794 223 1383 8984
179965892 225 1641 8991
180013411 237 1317 8993
180070979 238 430 8996
180595304 230 713 9022
181177565 231 1933 9052
181306824 225 857 9058
181612297 237 985 9074
181653069 220 582 9076
181881735 234 861 9088
182380731 231 113 9113
182585203 225 103 9124
182774850 237 1156 9133
183013927 224 1202 9145
183111378 239 940 9150
183167234 222 11 9153
183614985 220 1667 9176
184726312 229 148 9228
185709649 237 1303 9279
186017863 221 222 9295
186982677 237 843 9344
187502364 234 686 9371
187646744 227 504 9379
187663099 223 1862 9380
187911704 234 51 9392
188175980 232 981 9405
188258161 227 516 9409
188334483 237 31 9413
188541683 232 1434 9424
188826711 235 514 9439
188986409 237 1027 9447
189066642 232 436 9451
189106552 235 1479 9453
189229475 224 885 9459
189407169 221 758 9468
189426224 230 1283 9469
189588537 225 1145 9477
189781165 224 1102 9487
189919312 236 690 9494
189940680 236 1184 9495
190072499 231 890 9502
190114281 224 568 9504
190759065 228 582 9535
191813778 222 408 9590
192200392 227 1306 9611
192483297 237 859 9624
192655132 226 466 9632
192855369 232 899 9643
193355012 225 104 9668
193862201 223 693 9693
194188321 235 614 9710
194208736 226 1204 9711
194372036 229 617 9719
195234295 229 1605 9762
195285744 223 1143 9765
195303035 230 1365 9766
195807564 232 1039 9791
196164673 238 625 9808
196179673 229 199 9809
197508630 222 423 9876
197581396 238 1634 9880
198399313 238 1121 9921
198555604 224 1210 9929
198962983 224 45 9949
199434512 235 1288 9973
199449697 233 24 9974
199569087 231 1995 9980
199943397 231 1511 9999
200000084 230 1667 10002
200367075 229 962 10021
200406794 239 380 10023
200426303 225 1647 10024
200687240 224 1478 10037
200772752 228 1982 10041
201062073 232 316 10056
201241429 225 142 10065
201346385 236 768 10070
202249204 228 617 10115
202445005 231 1033 10125
202600136 226 600 10133
203368753 226 259 10171
203541430 236 1751 10179
203976570 231 1882 10200
204269759 220 992 10215
204548261 227 258 10228
204709626 225 789 10236
204943951 239 1313 10248
204983463 228 626 10250
205085679 236 25 10255
205270365 236 76 10265
205493774 231 404 10276
206092671 225 489 10306
206306514 238 1255 10317
206499852 220 128 10326
207176040 230 340 10360
207270844 239 719 10365
207364485 225 1351 10370
207429519 235 1210 10373
207666497 221 384 10385
207920048 226 1513 10398
208258744 231 1135 10415
209119885 236 1391 10458
209546067 226 12 10479
209571067 235 1046 10480
209716361 229 1954 10487
210270809 239 895 10515
210670063 224 78 10536
210801991 225 545 10542
210960725 226 1219 10550
210981825 237 117 10551
211378619 220 15 10571
211732318 220 1775 10588
211973871 221 1513 10600
212137511 234 869 10608
213619355 233 1567 10680
214528106 234 6 10726
214867331 231 1478 10743
215083485 222 1267 10754
215986895 227 562 10799
216343020 238 191 10816
216866422 223 1824 10842
217033504 234 1083 10850
217401021 230 942 10869
218315736 222 1992 10914
218603291 221 1699 10928
219310642 228 57 10963
219962417 224 794 10997
220252903 238 480 11012
220417425 220 1098 11020
220741351 233 473 11035
221183147 230 1570 11056
221205952 234 1429 11057
221295578 225 1470 11061
221349104 236 1667 11064
221720889 223 1636 11083
221789261 221 1606 11086
221850890 222 1305 11089
221952271 233 1449 11094
222529644 225 1413 11125
223026914 235 951 11150
223389098 226 1373 11169
223661436 233 721 11183
223874078 233 627 11194
224069961 223 609 11204
224815552 225 295 11242
224890356 234 79 11246
225439442 235 1429 11272
225824779 236 751 11291
225870755 234 955 11293
225935807 231 1080 11296
226041727 235 1329 11301
226439127 237 1728 11321
227164339 224 1991 11358
227354011 235 468 11367
227459338 220 1697 11372
227537747 234 1831 11376
227583037 225 1455 11378
227928916 237 1843 11396
228099624 221 153 11405
228136143 225 860 11407
228693756 227 1171 11436
229032469 230 1961 11454
229258829 231 877 11465
229527447 221 1544 11478
229892638 236 132 11496
229950586 232 1035 11499
230798868 226 484 11541
230900324 236 1457 11546
231118388 235 1337 11557
231438558 232 764 11573
231567181 224 1295 11579
232260454 224 553 11613
232353655 223 1284 11618
232671155 225 460 11634
232857865 238 743 11644
232928077 235 1458 11648
233227062 235 1746 11663
233406999 228 860 11672
233869417 234 754 11695
234024742 228 1352 11703
234067401 230 1549 11705
234238017 232 1718 11713
235052881 237 914 11753
235377921 230 407 11769
236019047 223 1743 11801
236036349 234 932 11802
236180173 227 306 11809
236252658 227 990 11813
236431652 224 599 11823
236747576 228 933 11839
236936910 237 1154 11849
237587295 222 1452 11881
237603355 232 54 11882
237945207 234 473 11899
238764662 239 460 11940
238915425 226 1871 11948
239263687 233 1409 11966
239320751 235 1396 11969
240036480 238 694 12005
241224671 228 1246 12063
241301953 223 1378 12067
241342397 237 1140 12069
241520837 234 980 12078
242052881 227 1784 12105
242272882 224 929 12116
242515160 228 1835 12128
242745223 221 930 12140
242848209 232 1974 12145
244009978 233 741 12203
244138932 223 719 12209
244269237 236 661 12216
244360100 222 662 12221
244670819 236 827 12237
245257814 237 1186 12267
245416102 233 1656 12275
246152078 233 1178 12312
246265059 224 1146 12318
246609959 237 447 12336
246666871 224 1146 12339
246990745 220 1953 12356
247135577 220 1830 12363
247303320 226 1801 12371
247622443 236 551 12387
247678824 231 75 12390
247994964 229 1313 12407
248035542 234 1377 12409
248333886 234 638 12424
248515594 224 529 12433
248580521 224 443 12436
249105513 227 605 12462
249337191 228 1911 12474
249844053 229 1015 12498
250074887 224 1732 12509
250222583 236 1960 12517
250923350 235 503 12552
251675507 224 1302 12589
251842745 231 472 12597
251881518 231 663 12599
252089177 227 1260 12609
252200835 224 516 12614
252439062 224 1724 12626
253319879 220 1360 12669
253498713 226 1591 12678
253722950 233 1233 12689
253801359 233 394 12693
254067505 236 1848 12707
254576527 230 1939 12733
254601527 221 550 12734
254838967 233 749 12745
254981991 221 1850 12752
255003165 236 756 12753
255556940 229 11 12781
255630310 227 408 12785
256202903 238 1306 12814
257353051 233 993 12872
257604782 238 1509 12884
258090841 237 1196 12909
258114145 229 1307 12910
258999962 236 1943 12954
259175662 221 719 12963
259416024 239 830 12974
259557702 239 1271 12981
259598965 228 76 12983
260039924 231 1082 13005
260127289 238 357 13009
260334545 228 1292 13019
260553317 227 1154 13030
260859449 229 673 13045
261039024 224 206 13054
261223975 239 246 13063
262023696 225 1323 13103
262515253 236 1088 13128
262548867 226 1028 13130
263249877 237 1389 13166
263638091 229 93 13185
264065490 230 158 13207
264220052 223 1765 13215
264450717 237 1471 13227
264645459 234 47 13237
264914852 235 45 13250
265267500 220 1371 13268
265772789 237 881 13293
266217810 237 1868 13314
266316714 226 1945 13319
266380239 238 1457 13322
266424739 222 830 13324
266456513 228 1003 13326
267050980 235 366 13356
267163888 231 1215 13361
267322431 227 1437 13369
267643913 228 799 13386
267903020 220 1625 13399
268106380 230 1091 13409
268543971 235 1166 13431
268743617 238 468 13441
269241936 231 390 13466
269393571 223 1391 13474
269430804 229 229 13476
269782504 236 108 13494
269974694 225 1878 13503
270118592 228 722 13510
270532506 230 650 13531
270927767 228 12 13550
271007877 226 969 13554
271428473 223 1724 13575
271463464 237 475 13577
271604120 236 1202 13584
271838486 228 1390 13595
271875614 220 188 13597
273077607 223 80 13657
273231004 235 1568 13664
273515700 233 866 13678
273856074 225 129 13695
275192770 227 475 13762
275256722 221 1280 13765
275299791 237 759 13767
275907589 229 89 13798
276416904 224 1066 13824
277059395 225 586 13856
277100258 228 1331 13858
279125027 225 1461 13957
279203436 239 1594 13961
279770700 224 460 13989
280073476 239 973 14004
280186020 236 475 14010
280394309 236 1312 14020
280434124 237 1737 14022
281185962 231 1293 14058
281269273 223 268 14062
281588030 234 1546 14078
281909982 230 327 14095
282633823 236 378 14130
282878740 224 245 14142
283192364 239 1573 14158
283353216 238 1371 14166
283729427 226 1788 14186
284070175 238 894 14203
284189217 238 1918 14209
284488130 226 339 14223
285115328 222 1971 14255
285342375 221 1183 14266
285628099 232 1442 14280
285821681 238 377 14289
285949813 239 95 14295
286089565 223 1294 14302
286424823 238 498 14319
286468667 239 1582 14321
286578994 224 854 14327
286694575 225 632 14333
287549587 235 1464 14374
287929365 234 415 14393
288052926 235 355 14399
288166833 236 324 14405
288551822 237 337 14425
288670192 238 21 14431
289014644 236 1989 14448
289472124 237 1375 14471
289717082 239 479 14484
289863837 221 1492 14492
290387936 229 855 14517
290609382 228 727 14529
290864095 227 1969 14542
290906097 221 1118 14544
290986295 223 622 14548
291371132 235 1282 14568
291494767 235 169 14574
291549970 231 1375 14577
291755113 229 868 14587
291814551 233 1468 14590
292025247 233 843 14601
292433952 239 974 14622
293724251 226 1083 14686
293839924 231 1164 14692
294286054 231 1693 14715
294526648 237 396 14727
294844016 231 1568 14743
294929451 238 590 14747
295010973 226 587 14751
295114216 232 967 14756
295571540 226 1246 14779
296356628 236 962 14818
296401839 230 1473 14820
296482627 225 1337 14824
296554456 221 1507 14828
296761177 233 104 14839
296996491 237 1357 14851
297969634 231 1928 14900
298113061 224 1548 14907
298493364 220 162 14926
298513680 220 310 14927
298571040 235 1191 14930
298615934 223 1433 14932
298650865 222 446 14934
298729355 233 1470 14938
299159598 224 404 14960
299283656 223 250 14966
299370277 239 1548 14970
300158768 232 1315 15010
300466777 224 1798 15026
300861623 227 576 15046
301290197 236 333 15067
301412990 222 1487 15073
301632646 238 1421 15084
301845713 231 1276 15094
301913609 233 1988 15097
302098690 232 1468 15106
302677774 229 1073 15135
303275345 229 1771 15166
303682519 225 144 15185
304134603 220 1185 15207
304177929 222 1008 15209
304335507 234 445 15216
304859990 232 1621 15242
305088545 237 464 15253
305129495 238 749 15255
305268919 236 243 15262
305312959 232 1703 15264
305436008 225 410 15270
306218823 233 1107 15308
306433767 230 212 15319
306644412 235 1502 15330
306769919 233 204 15336
307492089 233 1634 15373
307696615 221 408 15383
307846239 223 1333 15391
307882092 237 1960 15393
308209368 230 1552 15409
308529311 221 506 15425
308662221 233 519 15432
308839469 231 76 15441
308924000 225 431 15445
310036718 232 1044 15501
310993458 227 1159 15551
311179604 229 1985 15560
311827770 239 1434 15593
312159220 222 1075 15609
312295375 226 512 15616
312409286 235 182 15622
312724846 228 1269 15638
312854078 220 592 15645
313180384 227 644 15661
313400803 225 451 15672
313638589 227 1858 15684
313888968 230 286 15697
313950193 224 167 15700
314044107 235 1552 15705
314130089 225 1932 15709
314207382 235 1737 15713
314782061 223 559 15742
314972758 235 690 15751
315593841 233 38 15781
315730049 220 1602 15788
315792951 234 1912 15791
315933130 228 1027 15798
317338308 233 798 15870
317681178 226 812 15887
318749038 239 908 15941
318766224 237 1137 15942
318840645 239 1386 15946
319650647 231 1362 15987
320072052 224 1822 16008
320234062 222 468 16016
320387796 225 1415 16023
321144232 239 1031 16061
321371280 231 955 16072
321479140 236 1941 16077
321697232 230 1646 16088
321837744 221 795 16095
322149930 222 1850 16111
322317974 222 1734 16120
322411627 230 1924 16125
322451675 233 1099 16127
322487241 224 344 16129
322710306 225 964 16140
322864334 225 802 16148
322885331 233 77 16149
323115795 228 1897 16161
323678295 220 1505 16189
324024093 237 219 16207
324202825 222 1729 16216
324222007 238 760 16217
324665099 236 819 16239
324819266 225 548 16247
325506502 237 164 16282
325807908 231 868 16297
325879995 238 1507 16300
326179364 220 10 16314
326493737 232 579 16330
326523801 235 1974 16332
327330661 236 118 16373
328072752 223 60 16411
328090214 239 1977 16412
328383232 227 1797 16426
328646486 224 889 16439
329095979 238 94 16463
329243532 225 1468 16470
329342535 234 102 16475
329793093 226 1522 16497
330237534 239 149 16520
330529998 238 670 16534
330742523 226 1719 16545
331263475 227 156 16571
331931302 221 149 16604
332231174 236 697 16619
332918102 230 1722 16654
332957975 234 1405 16656
333324367 228 1380 16675
333522679 225 1387 16685
333908590 229 858 16704
334478307 224 1570 16732
334882502 221 1216 16752
334903160 235 933 16753
335114114 225 282 16763
335231476 226 581 16769
335769534 231 254 16796
335939484 229 1615 16804
336417259 233 1453 16827
338156096 229 618 16916
338241046 237 1945 16920
338755583 234 174 16946
339241401 224 781 16970
339968111 223 1555 17007
340293373 236 185 17024
341029793 228 1450 17061
341258469 234 90 17073
341371739 222 285 17079
341392629 232 313 17080
341636298 236 1506 17093
342253176 231 203 17124
342364714 220 1589 17130
342426942 227 331 17133
342530013 238 1363 17138
342761383 223 1210 17150
342798283 223 1620 17152
343124950 232 319 17168
343813008 224 666 17202
343908591 235 158 17207
344197431 232 749 17221
344370700 235 432 17230
344410339 221 1784 17232
344517239 232 1104 17238
345253156 233 1213 17275
345419463 235 233 17283
345578009 239 326 17291
345962682 226 137 17311
346004840 220 1241 17313
346052736 237 27 17315
346454903 235 876 17335
346617790 220 792 17343
346845391 231 991 17354
347124507 232 474 17368
347143786 220 331 17369
347487378 229 1834 17386
347572375 234 1644 17390
347631519 220 814 17393
348461171 235 1781 17436
348553374 229 758 17441
348606663 220 681 17444
348911649 226 1170 17459
349603257 235 113 17494
349669934 238 1 17497
350331334 228 1915 17529
350430376 222 1953 17534
350480731 227 469 17537
351004391 228 1682 17563
351366473 230 861 17581
351469876 224 1084 17586
351632827 222 1241 17594
351818817 228 81 17604
352037202 228 1892 17614
352436652 235 478 17634
352473051 223 1211 17636
352535192 222 1127 17639
352742819 224 588 17650
352976222 238 1164 17661
353061506 223 1137 17665
353585641 225 562 17691
353692458 228 135 17697
353908752 229 1903 17708
354028719 225 804 17715
354352952 238 652 17731
354465736 236 1472 17737
354559724 223 1110 17742
355181633 231 1610 17774
355371646 227 1219 17783
355665554 228 1480 17798
355925489 230 1481 17811
356567906 227 1559 17843
357171132 228 541 17873
357424126 229 588 17886
358353547 232 225 17932
358581471 232 208 17943
359068862 235 1318 17967
359253632 228 1028 17977
359579133 230 78 17993
360039683 231 274 18015
360182379 238 438 18022
360397097 227 45 18033
360418175 231 766 18034
361037668 239 1918 18065
361074751 224 706 18067
361419378 232 270 18085
362033490 236 1935 18115
362142580 225 203 18121
362455950 225 1630 18137
362536181 234 439 18141
362973045 232 999 18164
363250715 223 89 18177
363359374 227 266 18182
363502324 232 1722 18189
363572114 229 1513 18192
363909153 224 1637 18209
364040627 224 947 18216
364180369 222 1378 18223
364236837 223 1675 18226
364623085 223 177 18246
364894251 230 18 18260
365684980 224 688 18299
365942282 235 1595 18313
366000686 231 1013 18316
366063393 228 1521 18319
366116135 239 301 18322
366290724 223 1191 18330
366651996 220 606 18349
366828507 233 1002 18358
366852730 226 858 18359
366989221 222 1820 18366
367145257 234 1395 18374
367163051 233 262 18375
367210785 234 1067 18377
367542591 229 808 18394
367759407 233 1340 18405
367997584 231 200 18417
368084766 220 1064 18421
368421584 237 1281 18437
368495340 225 1035 18441
368753186 232 385 18454
368862056 225 445 18460
369269327 227 905 18480
369609676 232 897 18496
369680596 225 198 18499
369824030 227 1548 18507
369864185 224 709 18509
369879744 238 284 18510
369994413 229 1313 18516
370033796 225 925 18518
370409404 223 613 18538
371016797 232 1812 18568
371379647 220 1782 18586
372066520 220 1584 18619
372911384 238 1370 18662
373043929 237 117 18669
373479003 238 258 18692
374136984 220 1376 18726
374201303 220 1419 18729
374528203 225 1407 18745
374830954 224 453 18760
374898414 232 1225 18763
375036144 220 1976 18770
375096346 236 1921 18773
375113631 228 333 18774
375173657 232 1689 18777
375656166 232 535 18802
375717689 223 755 18805
375732689 238 873 18806
375788437 223 672 18809
376035416 231 554 18821
376142436 230 1732 18826
376381618 231 767 18838
376425284 232 90 18840
376484287 237 488 18843
376549948 224 802 18846
376735830 232 832 18855
377142285 231 1445 18875
377262083 236 541 18881
377557784 228 1315 18895
377835538 232 1146 18909
379007879 237 373 18967
379069019 235 1855 18970
379571518 222 1109 18996
379648068 238 1068 19000
380954790 230 60 19066
381035007 230 1761 19070
381237042 232 1770 19080
381297119 239 1306 19083
381379861 222 1055 19087
382354409 229 476 19136
383533714 224 1605 19195
383616343 234 1395 19199
383882481 239 1023 19212
383949409 222 1898 19215
384044658 225 1249 19220
384212030 233 169 19228
384732950 238 1556 19253
384909429 234 47 19262
385593039 222 1198 19296
385862622 239 884 19310
385961725 235 1045 19315
386164260 222 19 19325
386385297 228 1262 19336
387066564 228 1572 19370
387181064 230 547 19376
387550098 226 995 19394
387764627 234 305 19404
388017697 224 962 19417
388079252 238 1206 19420
388099062 229 551 19421
388609277 232 1230 19447
389007267 224 577 19467
389026309 223 1250 19468
389041529 229 289 19469
389100365 238 1209 19472
389306708 225 21 19482
389868001 225 695 19510
389950511 234 1568 19514
390221569 223 1071 19527
390329178 224 1965 19532
390345042 221 868 19533
390702542 223 1904 19551
390722575 223 1766 19552
390899805 228 1142 19561
392022918 229 349 19617
392232862 239 489 19628
392409715 221 1838 19637
392431729 221 1533 19638
392780016 228 1075 19656
392851169 230 1362 19660
392911066 236 974 19663
393216995 230 787 19678
393252989 234 746 19680
393315602 229 1188 19684
393412915 226 1725 19689
393882587 226 1308 19712
394036863 229 18 19720
394179159 234 823 19727
394409820 231 1138 19738
395051677 224 371 19770
395110889 220 1546 19773
395411238 238 376 19788
395668121 228 1656 19801
396142475 238 1775 19825
396332836 237 1441 19834
396492964 239 1525 19842
396764896 233 1048 19856
396818634 234 1025 19859
397747639 221 1492 19904
397893568 220 1448 19911
398289884 223 1529 19930
398368739 224 468 19934
398682082 232 539 19949
398761070 233 1623 19953
399611372 220 1775 19996
