849490 223 396 21
1464896 228 164 36
2577190 220 57 63
2895950 224 147 71
3168478 226 959 78
3827565 234 977 94
5465000 229 522 135
5684165 232 717 141
5714743 225 282 142
5931988 237 116 148
6268849 221 997 156
6490491 230 550 162
6725580 225 915 168
6818504 225 672 170
7288885 238 759 181
7595082 230 221 189
7705687 224 504 192
8290896 224 525 207
8397463 224 797 210
8443828 225 133 211
8941093 229 736 223
11446218 226 979 284
11659649 233 763 290
12999958 222 19 322
13072630 233 81 324
13228583 236 319 328
13478856 225 42 334
14028423 220 976 348
17148706 223 900 426
17313865 224 847 430
17731007 225 441 440
17873220 227 515 443
18203709 237 286 451
18661803 231 957 462
19155572 236 605 475
19644536 227 336 487
20025311 234 695 496
20057033 225 347 497
20641881 230 38 511
21548322 237 447 533
22009412 222 914 544
22554049 232 195 558
23977629 233 239 594
24478102 228 591 606
24811858 222 542 614
25035986 239 634 620
26340866 238 473 652
28616495 233 663 706
29374413 238 410 725
29551212 226 994 729
29770997 230 968 735
30097148 225 290 743
31094402 231 574 768
31450021 225 641 777
31836166 238 903 787
32374003 234 312 801
32491074 231 702 804
34116584 229 427 844
34345032 227 768 850
35605078 231 557 881
35845922 232 745 887
36569412 237 358 905
37320937 221 660 924
38020135 235 38 941
38091429 239 912 943
39525403 221 135 980
40114980 220 553 995
40242143 223 951 998
40281232 223 574 999
42658046 224 414 1059
42825513 239 214 1063
43014113 233 511 1068
43053747 232 77 1069
44030950 230 750 1093
44845808 237 786 1114
45008474 234 647 1118
45391593 222 302 1127
46145797 237 961 1146
47602185 227 892 1183
47645476 237 395 1184
47888677 233 761 1190
48047849 239 581 1194
48197795 234 565 1198
48247795 236 925 1199
49356301 230 19 1226
49489743 222 356 1229
50543225 229 373 1257
51142602 231 478 1272
51328590 230 117 1277
51705390 238 279 1286
51822553 224 525 1289
51867653 224 594 1290
52182440 231 293 1298
53828774 239 627 1338
53942885 232 119 1341
54464206 227 851 1355
54590291 239 770 1358
55314560 232 668 1376
56180418 233 21 1398
56352246 239 216 1402
56496963 225 475 1406
57311277 231 310 1427
59163428 220 966 1471
59307999 237 494 1475
59346765 230 511 1476
59747816 229 213 1486
59958240 232 460 1491
60686094 229 789 1509
60773463 235 584 1511
60977757 224 800 1516
61900076 229 582 1540
62357990 234 131 1552
63173694 239 877 1572
63294669 234 329 1575
63412638 224 20 1578
64582760 222 857 1606
64861174 239 176 1613
64891872 235 128 1614
64983437 226 725 1616
67347191 232 352 1675
67501312 223 154 1679
67629964 221 508 1682
67953162 227 35 1690
68140943 234 811 1695
70098362 227 582 1744
70678144 220 451 1758
71575281 228 198 1781
71911181 221 766 1790
72139325 227 578 1796
72485049 238 972 1804
73163661 237 788 1820
74239594 236 228 1847
75713657 229 346 1886
75982541 221 86 1893
76013199 221 6 1894
76906912 230 273 1916
78385866 229 930 1953
79521660 231 7 1981
79729636 223 405 1986
79811491 224 122 1988
80253270 239 521 1999
80473871 226 332 2005
80596394 223 826 2008
81374914 222 339 2027
81929574 237 626 2041
82970560 237 900 2067
83549555 227 467 2081
83675169 223 982 2084
84389958 235 300 2102
84436929 220 56 2103
84986897 230 729 2116
85190024 230 347 2121
85417440 233 441 2127
85899762 233 967 2139
86150420 236 529 2146
86804711 220 707 2162
86976772 238 194 2166
87629371 236 355 2183
89032740 222 251 2217
89861582 239 605 2237
90785380 238 593 2260
91037728 226 101 2266
94243603 232 461 2345
94752753 238 720 2358
94843093 237 31 2360
95119442 225 631 2367
95375950 238 148 2373
96004745 226 74 2389
96660097 232 602 2407
97155949 226 706 2420
97190504 231 747 2421
98161006 224 395 2446
98355437 224 213 2451
98516596 220 156 2455
98552433 224 681 2456
100184786 238 802 2497
100344536 235 383 2501
100513337 230 57 2505
101907567 225 796 2539
102857563 223 647 2563
103552075 222 654 2580
105003347 224 957 2616
105735582 225 486 2635
105814188 223 522 2637
105970812 238 747 2641
106205234 226 800 2647
106441449 224 174 2653
106826812 224 955 2662
106909661 226 239 2664
107105406 236 579 2669
108899166 220 300 2713
109760472 239 65 2735
110017425 232 858 2741
110113153 232 88 2744
110287016 226 169 2748
110703617 223 313 2758
110844555 221 179 2762
110892913 235 706 2763
111222119 225 985 2771
111351388 236 948 2774
111879678 222 62 2787
112764112 237 174 2810
113972894 222 79 2840
114628202 223 988 2857
114795440 226 898 2861
114905644 223 156 2864
115169944 237 227 2870
115778775 228 37 2886
116131510 234 91 2895
116805788 238 491 2912
117150776 228 571 2921
117224958 225 501 2923
119314593 221 200 2975
119593013 236 749 2982
119746972 226 474 2986
120774202 225 615 3011
120810897 234 855 3012
121943599 230 158 3041
122987496 230 819 3066
124001282 229 145 3093
124116371 235 458 3096
124410667 228 121 3103
125003121 234 538 3118
125053121 223 252 3119
125195008 236 154 3123
126053135 238 465 3145
127703889 222 581 3186
127811635 238 698 3189
128294030 229 226 3201
129888120 233 12 3241
129928879 239 103 3242
130135168 226 499 3247
130379224 235 946 3254
131190969 235 17 3275
131800476 220 222 3290
132104801 239 612 3297
133835482 231 456 3340
134549005 230 501 3358
134700232 225 351 3362
134889226 233 982 3367
135007635 239 985 3370
135959247 233 214 3394
136116640 223 762 3398
136701823 230 436 3412
137308153 236 947 3427
138218655 236 401 3450
139103944 232 738 3473
139538369 229 854 3484
139600966 225 884 3486
139685326 234 396 3488
140648120 226 601 3511
141255565 223 274 3526
141621203 235 716 3535
142633584 236 82 3561
143463010 232 881 3582
143701828 228 621 3588
144570578 238 493 3609
145140399 224 852 3623
145435785 228 102 3630
146069350 234 842 3646
148010400 237 304 3694
149648809 223 953 3733
149679999 238 780 3734
150699856 229 245 3759
151030438 232 215 3767
151304430 220 376 3774
152925084 220 665 3815
153575033 238 5 3831
153670470 234 984 3833
154339937 226 540 3850
154795600 238 251 3862
154876042 232 743 3864
155031021 225 821 3868
155297287 228 187 3874
155404465 224 245 3877
155663986 234 952 3883
156203387 239 33 3896
156811814 223 731 3911
158280001 237 246 3949
158839157 220 901 3963
159665326 230 986 3985
161484685 232 742 4030
161676775 225 643 4035
161722442 231 14 4036
161831582 226 456 4039
161953849 220 795 4042
162100162 226 829 4046
162216699 237 980 4049
162339098 225 644 4052
162526947 239 813 4057
162561969 236 472 4058
162763720 222 806 4063
163231983 224 978 4075
163921706 222 651 4092
164086775 224 272 4096
165807546 230 135 4139
166961453 224 81 4168
167875397 237 182 4191
168347268 225 346 4203
168916884 222 654 4218
169292080 227 421 4228
170027222 236 60 4247
170501849 239 92 4259
171447799 234 949 4283
172007788 220 619 4298
172943529 229 91 4322
173692870 233 58 4340
173840730 236 9 4344
173940730 233 25 4346
174324605 234 468 4356
175369016 229 615 4381
175414922 239 914 4382
175595294 227 301 4386
175752644 223 9 4390
175796243 234 719 4391
175831328 230 645 4392
176185007 239 738 4401
177234431 237 658 4427
179228284 239 575 4478
179399939 239 16 4482
179473515 221 975 4484
180718657 237 705 4516
182091222 226 914 4551
182210777 228 450 4554
182251056 235 202 4555
182398677 238 551 4559
183795129 233 10 4593
185043445 229 401 4624
185318825 234 574 4630
186079268 220 665 4649
186506860 237 818 4660
187720032 220 541 4689
188891465 233 189 4717
189455489 236 828 4731
189498664 221 532 4732
189528664 223 743 4733
189783201 239 656 4739
190947221 238 946 4768
191393415 225 629 4780
191516340 234 926 4783
191566340 224 708 4784
192200516 232 257 4800
192519001 228 51 4808
192756909 237 625 4815
192897994 230 501 4818
192985554 237 852 4820
193397950 233 238 4830
195224179 229 465 4876
195779547 222 54 4890
196063511 235 694 4897
196363555 231 955 4905
198090522 230 730 4947
198231194 237 295 4951
198280889 227 984 4952
198323452 220 1 4953
198655287 224 96 4961
198740155 235 731 4963
199574329 227 452 4984
199979475 233 552 4994
200256742 234 973 5001
200573699 224 522 5009
200910697 224 411 5018
200950579 220 641 5019
201064596 224 859 5022
202593517 236 688 5061
202949446 236 185 5070
203394478 222 705 5081
203537235 228 724 5085
204173547 233 267 5100
204247090 224 679 5102
205045969 239 226 5122
205353750 237 170 5130
206143199 238 966 5149
206557002 238 812 5159
207531406 235 937 5184
207931300 230 161 5194
209190470 235 201 5226
209431423 233 288 5232
211108577 235 254 5274
211808441 224 855 5291
212055065 227 91 5297
212289459 224 607 5303
212476497 227 932 5307
213051754 233 592 5322
213137500 225 257 5324
213662484 227 87 5337
213700010 234 641 5338
213876723 221 909 5343
214506358 236 90 5359
215331497 230 744 5380
216304018 220 562 5404
217932920 235 55 5445
218183064 234 190 5451
218749628 233 688 5465
219506382 228 258 5483
220413314 221 359 5505
220728460 232 662 5513
220972842 234 32 5519
221886584 231 189 5543
222047177 238 458 5547
223177068 225 468 5575
223258250 237 580 5577
224791682 224 722 5615
224872674 228 646 5617
225086634 235 416 5622
225130098 231 292 5623
225215226 224 484 5625
225471831 226 678 5631
225714235 223 350 5637
226796248 237 469 5665
227014122 238 788 5670
227121018 234 622 5673
227206528 220 936 5675
227402890 235 597 5680
227555380 238 934 5684
227592916 232 251 5685
227847770 229 499 5691
228072977 229 819 5697
228261439 222 292 5702
228865949 233 28 5717
229551555 232 317 5733
229708814 223 282 5737
232877556 224 700 5816
232923267 225 889 5817
233289896 228 465 5826
233684278 239 209 5835
234316956 225 930 5850
234904040 231 294 5866
235259934 223 758 5876
235723220 235 409 5887
236257791 234 718 5900
236294245 224 118 5901
236422663 222 553 5904
237507570 223 129 5931
239156731 233 642 5974
239618436 222 145 5986
240548290 228 104 6009
240625745 224 835 6011
241941737 230 136 6043
241982141 230 825 6044
242546402 222 814 6058
244950892 232 106 6116
245520558 231 638 6130
245706406 233 315 6135
245751843 223 496 6136
246640653 230 577 6157
246719574 224 904 6159
249691272 237 197 6232
249873545 227 466 6237
250031502 227 17 6241
250550017 239 135 6254
252125222 230 642 6294
252941114 227 920 6314
253809683 236 431 6335
254116869 235 755 6343
255144967 236 718 6369
255748481 220 304 6384
255795045 225 447 6385
256316642 223 948 6398
256352744 239 423 6399
257074190 237 215 6416
257165765 238 581 6418
257300112 237 330 6421
257597660 222 207 6428
258873311 236 272 6460
259239079 226 525 6469
259710543 226 394 6481
260330995 228 638 6496
260987770 220 654 6512
262422413 234 438 6548
262659018 223 802 6554
263252598 224 859 6570
263337909 222 369 6572
263446885 227 893 6575
263820373 236 255 6584
264068829 237 591 6590
264188898 226 67 6593
265134565 225 514 6616
265214460 221 493 6618
265533403 230 812 6626
267191991 237 494 6667
268053081 236 358 6687
268566749 222 817 6699
268915252 234 14 6708
271253988 232 335 6768
272397535 235 301 6797
272805889 235 582 6807
272934180 229 440 6810
273780784 229 393 6831
273940812 232 348 6835
274358930 233 200 6845
274455875 221 33 6847
276312195 223 677 6894
277021365 228 778 6912
277469609 234 744 6923
278174082 224 797 6940
278305579 234 306 6943
279537894 226 382 6974
280625732 236 331 7001
280846111 227 581 7007
281008356 239 883 7011
281217437 238 841 7016
281973368 222 260 7035
282850592 228 61 7057
283345725 229 442 7069
284026016 233 240 7086
284454691 229 702 7097
285791155 235 962 7131
285835844 224 695 7132
285958535 228 380 7135
286546399 239 904 7149
286721779 228 427 7153
287063959 230 417 7162
287102073 225 977 7163
287181937 227 784 7165
288091781 226 441 7187
288428078 235 828 7196
288923084 221 919 7208
289479894 239 519 7221
289643458 229 872 7225
290056601 238 448 7235
290785051 235 823 7253
290915115 237 913 7256
291035965 232 335 7259
292039501 230 666 7284
292514353 221 883 7296
292831524 232 505 7304
293561815 225 324 7322
293955631 234 536 7332
295467021 231 447 7368
295627869 236 50 7372
296835125 239 525 7403
296917872 231 402 7405
297356991 232 499 7417
297611294 230 953 7423
298996354 238 235 7458
301433738 222 987 7518
302008148 226 593 7533
302083304 233 334 7535
302163207 221 401 7537
303039227 228 480 7559
304259778 224 673 7590
304532503 237 866 7597
304668805 225 942 7600
304946607 222 589 7607
306388142 225 482 7643
307773456 222 568 7677
308523168 221 897 7696
309858624 227 762 7730
310133429 223 654 7737
311362695 239 951 7767
311859913 226 495 7779
312258624 235 673 7789
312305396 220 300 7790
313185647 224 825 7812
313230007 235 733 7813
313359594 220 147 7816
313787721 237 729 7827
314342086 221 875 7842
315210887 237 182 7864
315571262 239 972 7873
315609116 227 142 7874
316110551 234 859 7886
316223589 236 46 7889
316707470 231 266 7901
318656353 226 833 7949
320362330 232 774 7993
321048870 223 520 8010
322045284 224 92 8036
322368610 233 122 8044
323253965 233 664 8066
324812267 224 398 8104
325337201 222 624 8117
325980287 233 553 8133
326464636 220 606 8146
327123544 226 356 8163
327238295 231 850 8166
327275199 233 678 8167
328192268 238 185 8190
328284215 229 428 8193
328398545 220 90 8196
328431434 225 2 8197
329104201 229 5 8214
330682764 230 605 8252
331556657 239 22 8274
331669813 229 4 8277
331872917 238 859 8282
332221072 227 809 8291
332555490 229 164 8299
334587137 233 116 8351
334762692 225 177 8355
334846639 233 10 8357
336350918 233 176 8394
337417799 238 360 8422
338226784 224 741 8442
338657492 226 610 8452
339655667 235 59 8476
339765021 233 879 8479
340208942 236 52 8491
340739785 238 333 8504
341760377 232 790 8529
341845188 236 343 8531
341895188 239 69 8532
341928198 236 489 8533
342191914 229 944 8539
342554092 226 88 8548
342712122 228 473 8552
343017492 233 485 8560
343718822 221 760 8578
344081457 239 724 8587
344585620 236 174 8599
344689103 229 342 8602
345003928 237 185 8609
345123066 228 502 8612
345505992 239 446 8621
345800535 239 474 8629
346108284 234 121 8637
347206449 236 341 8664
347243314 233 886 8665
349078312 239 981 8710
349413755 236 485 8719
350114153 228 202 8736
350340764 231 315 8742
350379511 232 235 8743
350935993 232 549 8757
351017006 232 465 8759
351283259 222 225 8766
351400876 233 453 8769
351985079 231 240 8784
352396294 229 23 8794
352738043 238 476 8802
356267610 227 342 8889
356915596 233 106 8906
356945596 230 130 8907
359472421 237 146 8970
360473058 231 107 8995
360598929 228 234 8998
361582025 233 414 9021
361737020 228 496 9025
362825718 227 752 9052
363872686 236 612 9079
364494634 233 472 9095
366221251 222 160 9138
366350171 232 928 9141
366739581 229 138 9151
366938522 239 813 9156
366973355 235 863 9157
367017920 227 657 9158
367427422 234 82 9168
368113958 221 461 9185
368534704 224 582 9196
369559531 232 687 9221
369974498 234 361 9232
370457860 233 678 9244
370957426 226 44 9257
371175396 228 807 9262
371800958 220 748 9278
372209784 224 550 9288
372900965 238 635 9305
373912320 226 650 9331
374365078 234 113 9342
374747129 225 322 9352
374795506 221 284 9353
374877556 223 99 9355
374926945 232 16 9356
375031877 224 660 9359
375928257 220 587 9381
377973847 220 262 9432
378122825 236 36 9436
378381133 231 427 9443
379290708 238 600 9465
379729027 232 476 9476
380264055 230 480 9489
380554082 224 140 9496
381337968 228 359 9516
381674308 228 701 9524
381705704 223 405 9525
382140031 225 576 9536
382518412 232 412 9545
382640781 224 188 9548
384712110 224 866 9598
385061595 237 523 9607
385467180 231 73 9617
387387456 228 673 9665
387434989 232 699 9666
388233496 231 833 9686
389004827 223 291 9705
389226754 226 638 9711
389794445 234 472 9725
389902231 228 536 9728
391164177 229 902 9759
393080569 223 477 9807
394063809 234 471 9832
394380902 228 62 9840
394607685 239 387 9846
395029716 226 260 9857
396092637 235 457 9883
396590224 221 570 9896
396664489 236 702 9898
396883465 221 677 9903
397074170 236 288 9908
397283277 228 340 9913
397698551 223 92 9924
399408765 223 371 9967
399831222 230 327 9978
399945591 239 545 9981
