607808 134 7 15
1019276 125 258 25
1195512 128 566 29
1236356 129 353 30
1284347 124 189 31
2402737 135 975 59
2617318 126 797 64
2851542 128 425 70
2983217 127 812 73
3029123 136 591 74
3543443 134 933 87
3706595 127 525 91
4446346 121 655 109
4519904 127 125 111
5603967 127 78 139
5896867 130 936 147
6177289 135 408 154
6563973 129 994 164
7901544 131 938 197
7975591 135 801 199
8361515 123 120 209
8809141 130 349 220
9489759 134 909 236
9562280 123 967 238
10663283 139 566 265
11405745 124 807 283
12621965 127 760 313
12661969 125 874 314
12735648 139 103 316
13640552 121 272 338
14510557 120 181 360
14706077 129 866 365
16054863 122 697 399
17037863 123 881 423
18160323 122 489 450
18300720 122 85 453
18340051 128 149 454
18458492 121 167 457
18697410 125 57 463
19526144 120 169 484
20869218 125 400 516
21069695 137 714 521
21369617 127 700 528
22150082 121 236 548
22297539 135 605 552
22844920 129 580 565
24200875 138 718 599
24241303 134 799 600
24642533 134 48 610
24883112 127 474 616
25081917 130 342 621
25555529 133 614 633
28145183 130 414 695
28547485 126 452 704
28746630 120 7 709
28943679 122 918 714
29024593 139 331 716
29333401 129 644 724
29671094 126 776 732
31489345 124 440 778
31978922 139 44 791
33055372 132 76 818
34160158 133 53 845
34267123 137 970 848
34420937 125 950 852
34909457 137 752 864
35271819 132 892 873
36008159 136 314 891
36256676 121 334 897
36783406 132 879 911
38050630 127 976 942
38845655 131 204 963
39023437 129 233 968
39611250 133 379 982
40443317 124 400 1003
40514272 126 276 1005
40974406 136 452 1016
41528622 121 89 1029
41694009 136 736 1033
41804248 139 722 1036
42782815 120 479 1062
42972537 131 609 1067
43464795 130 423 1079
44148686 132 697 1096
45263625 121 663 1124
46622930 121 78 1158
48164082 125 487 1197
48450143 135 421 1204
48826381 120 975 1213
48896981 134 779 1215
49025817 139 7 1218
50134404 120 88 1246
50252428 129 228 1249
50336842 131 498 1251
50945105 123 707 1267
51537383 131 121 1282
52271621 126 150 1300
53619554 138 947 1333
54206347 126 105 1348
54392463 132 297 1353
54633383 134 355 1359
54793058 123 120 1363
55599755 128 227 1383
55674402 123 608 1385
55801129 139 150 1388
55916991 124 475 1391
58133477 124 364 1447
58518512 132 860 1456
61931039 132 349 1541
62237548 126 26 1549
62755526 132 405 1562
63000895 125 449 1568
63696188 136 884 1585
63826625 137 322 1588
64363362 138 937 1601
65429097 136 382 1627
65921080 134 928 1639
67462870 122 177 1678
67812164 126 180 1687
68466010 137 407 1703
69092747 133 856 1719
69668138 122 668 1734
69796227 138 428 1737
70898117 133 350 1763
71675923 131 629 1784
72446138 139 134 1803
72785064 138 329 1811
72957969 138 721 1815
73037295 122 951 1817
73358736 134 336 1825
73447434 125 700 1827
73597148 133 639 1831
74523571 121 208 1854
75207749 125 325 1873
75527376 129 959 1881
75561871 120 93 1882
76263139 126 103 1900
78029876 132 514 1944
78707824 122 61 1961
78746899 132 660 1962
79357782 128 713 1977
79476347 120 229 1980
80022472 139 879 1993
81169489 138 900 2022
81208994 129 341 2023
81301008 122 764 2025
81534332 136 148 2031
82054422 127 361 2044
82484787 122 55 2055
82525693 136 915 2056
82558688 121 707 2057
82758358 138 256 2062
83037703 128 274 2069
83255124 125 904 2074
83454832 127 454 2079
83625169 136 941 2083
83839567 137 487 2088
84277405 122 860 2099
84475073 124 738 2104
84897452 127 294 2114
87006772 128 247 2167
87122837 132 973 2170
87482624 127 633 2179
88265684 125 231 2198
89363402 122 958 2225
90530829 122 742 2254
91075358 137 224 2267
91230640 121 8 2271
91554771 132 963 2279
92525504 136 397 2303
93127267 137 9 2318
93390649 125 749 2324
93552926 126 478 2328
93707911 132 146 2332
93787683 129 396 2334
94356833 129 762 2348
95659749 121 489 2380
95924210 138 428 2387
96317623 129 800 2398
98028313 124 810 2443
98929678 127 961 2466
99120973 137 332 2471
101811146 126 834 2537
101861146 126 275 2538
102377426 139 112 2551
103619576 126 50 2582
103660122 127 201 2583
103699859 132 946 2584
104498829 125 501 2604
105175662 124 919 2620
106401407 124 626 2652
106617000 135 549 2657
106940808 120 513 2665
107342784 135 114 2675
108350983 139 128 2699
109021684 132 153 2716
109181150 138 161 2720
109218458 128 606 2721
109611678 124 671 2731
110446358 137 641 2752
111441802 138 332 2776
111783597 136 411 2785
112169442 123 637 2794
112279760 126 424 2797
112318102 129 4 2798
112482344 120 549 2802
112913383 132 601 2814
113651340 133 487 2832
114014765 135 990 2841
114126741 139 406 2844
114316055 129 957 2849
115034146 139 592 2867
116729876 129 119 2910
118376457 122 368 2951
119555611 126 469 2981
120100260 134 504 2995
120404511 134 225 3002
121065671 126 675 3019
121430320 120 171 3028
121470704 128 705 3029
121510936 132 826 3030
123792828 123 413 3087
123930496 133 797 3091
124445466 138 209 3104
124936229 131 532 3116
125165008 134 280 3122
130681147 130 533 3262
131041054 135 182 3271
131302895 129 587 3278
131627724 137 546 3286
131713070 122 965 3288
132851087 128 126 3315
134739617 132 694 3363
136266798 135 120 3402
137707166 135 584 3437
137799903 124 245 3439
138319153 120 731 3453
141206385 136 344 3525
141459580 128 545 3531
143502761 121 859 3583
143625133 136 551 3586
144481445 122 825 3607
144531445 127 783 3608
145473780 130 576 3631
145716978 120 31 3637
146642427 139 826 3661
146726721 129 632 3663
146912728 133 906 3667
147487668 129 693 3681
148577047 128 961 3707
148812981 138 449 3713
149808692 126 796 3737
149888870 126 729 3739
150070570 126 678 3744
151638436 127 749 3783
152091660 134 557 3795
153359650 125 31 3826
154289937 127 21 3849
154606305 121 637 3857
154682587 138 137 3859
155955703 135 870 3890
156117119 137 366 3894
156418091 123 256 3901
157823270 138 627 3937
158429815 120 713 3953
160630391 135 18 4009
161166410 132 539 4022
161801582 121 753 4038
162851569 137 940 4065
163411864 136 48 4079
163449540 129 851 4080
165570842 123 235 4133
165604424 139 387 4134
166603841 138 173 4159
167398390 135 384 4179
168000965 120 962 4194
168427655 133 848 4205
169702190 121 170 4238
169996222 131 471 4246
170263837 138 159 4253
170588343 126 108 4261
172389271 128 271 4308
172569428 133 189 4313
173765589 139 343 4342
174374605 135 286 4357
174424605 122 804 4358
175113324 133 727 4375
175191139 135 225 4377
175238800 139 342 4378
177482290 139 228 4434
177797031 123 692 4441
177895774 137 248 4444
178191153 128 149 4452
178264903 123 13 4454
179510338 131 45 4485
181596746 135 927 4539
181922704 123 509 4547
182524320 120 880 4562
182920124 121 8 4572
182962508 135 87 4573
183051953 134 679 4575
184087793 136 636 4600
184198557 139 330 4603
185735526 134 16 4640
186157173 123 85 4651
186382127 122 552 4657
187475573 137 151 4683
187751618 128 964 4690
187801618 123 891 4691
188363373 126 891 4704
188399537 130 246 4705
188713483 135 148 4713
189131784 124 775 4723
189823054 132 133 4740
189859110 128 668 4741
189979325 135 261 4744
190158606 131 420 4748
190190710 136 115 4749
191168128 132 3 4774
193182024 131 840 4825
193466096 138 380 4832
193847885 135 313 4842
193978121 131 652 4845
194608592 132 571 4860
194954458 136 823 4869
195379953 138 322 4880
195454405 134 800 4882
195823767 131 761 4891
195955696 131 779 4894
196214044 125 539 4901
196397831 138 402 4906
196573650 137 244 4910
197412932 123 426 4931
197787909 132 115 4940
200213038 125 764 5000
200297489 139 320 5002
200658387 135 423 5011
200689116 125 541 5012
201761220 130 852 5039
202448614 122 287 5057
202489598 124 224 5058
202631338 134 190 5062
202671878 136 474 5063
202877037 122 443 5068
203029623 120 614 5072
203158809 133 503 5075
203239291 130 70 5077
203670428 131 523 5088
204441632 125 256 5107
204644621 137 50 5112
205824217 125 30 5141
206475630 124 557 5157
207046680 126 368 5172
207076680 130 146 5173
207282163 137 501 5178
207766845 135 11 5190
208434108 139 656 5207
208597206 134 581 5211
208692036 128 687 5214
209273643 139 24 5228
209508761 134 196 5234
209830277 125 376 5242
209879283 134 968 5243
209909283 131 406 5244
209947374 121 207 5245
210065166 129 127 5248
210143408 125 603 5250
211553471 125 247 5285
211591924 137 101 5286
213493273 126 952 5333
214026828 128 566 5347
214228340 122 481 5352
214392215 130 197 5356
214915897 128 714 5369
215171110 126 944 5376
215253418 131 446 5378
215862379 127 497 5393
216102456 125 960 5399
216531311 130 720 5410
217738677 135 227 5440
217863989 134 670 5443
218219191 134 621 5452
219295295 134 18 5478
219836311 126 435 5491
220489235 138 265 5507
220896504 127 141 5517
221170967 120 958 5524
222495780 127 213 5558
223764594 125 669 5590
224241981 137 767 5602
224671591 133 819 5612
226524048 130 524 5658
226569096 134 720 5659
226600362 124 875 5660
226669505 125 555 5662
226917929 120 712 5668
227318849 132 364 5678
227962995 136 609 5694
228334520 131 962 5704
228994298 139 865 5720
229112958 139 96 5723
230394146 134 942 5754
230790814 132 779 5764
231715033 125 754 5787
231751017 122 476 5788
232594730 120 586 5809
232639112 120 350 5810
233051351 124 324 5820
233135220 130 2 5822
234017567 138 431 5843
234350115 136 690 5851
235506887 128 717 5882
238118991 126 140 5947
239037695 131 853 5971
240710965 130 750 6013
240825725 132 826 6016
241193902 125 84 6025
242069024 135 628 6046
242154680 139 748 6048
242296056 135 230 6052
243278621 122 82 6076
243644140 120 981 6085
243981003 130 124 6093
244551002 135 976 6107
244900892 136 59 6115
245069910 129 659 6119
245636745 120 733 6133
246595403 134 755 6156
246852287 133 153 6162
247218982 135 81 6171
247282258 126 800 6173
247510017 126 62 6179
248079118 137 561 6192
248291445 128 53 6197
250192155 127 662 6245
251930154 137 686 6289
251973476 139 522 6290
252088979 120 41 6293
252169596 122 279 6295
253229577 125 826 6321
253605041 125 121 6330
253852390 129 519 6336
254655513 134 152 6357
254745440 123 824 6359
254815487 127 187 6361
255426524 125 711 6376
255631293 124 851 6381
255957844 125 191 6389
256196834 138 489 6395
256861019 138 592 6411
257886422 133 43 6435
258153719 130 665 6441
259590597 137 48 6478
259630840 133 567 6479
260566657 129 47 6502
261670658 137 600 6529
262274400 135 547 6544
263540172 130 934 6577
263620987 133 375 6579
263694639 120 62 6581
264234163 137 583 6594
265291671 130 108 6620
265693609 123 631 6630
266719705 128 661 6655
266809048 131 60 6657
266923570 135 36 6660
267159311 133 480 6666
268315583 131 564 6693
268365583 138 946 6694
268403610 138 483 6695
268758324 138 908 6704
269013784 139 759 6711
269080310 133 466 6713
269264769 136 9 6718
271453074 135 669 6773
272131328 124 663 6790
272174424 121 856 6791
272300051 127 695 6794
273049985 135 213 6813
273247277 139 708 6818
273563898 122 59 6826
273743440 134 535 6830
273905266 122 473 6834
274017372 124 473 6837
274147853 132 105 6840
274934248 137 469 6859
275453196 131 970 6872
276182338 139 403 6891
277724314 130 282 6929
278008933 138 291 6936
279022388 127 190 6961
279852261 127 202 6982
280587690 129 117 7000
281369714 130 296 7020
282564284 125 555 7050
283541310 129 961 7074
284922987 128 482 7109
285259696 135 976 7117
285403930 122 183 7121
285484458 128 714 7123
285559580 129 80 7125
286465146 128 301 7147
286633612 127 668 7151
287844823 137 716 7181
288722891 131 477 7203
288768710 122 549 7204
288887407 123 156 7207
289909857 134 835 7232
290294379 138 174 7241
291071538 139 715 7260
291951873 129 948 7282
292001873 135 658 7283
292070750 134 599 7285
292207265 129 468 7289
292257265 130 949 7290
292424135 138 306 7294
292466160 120 197 7295
293143499 120 668 7312
294031392 121 945 7334
294670544 137 341 7349
296480301 126 45 7394
297529628 128 167 7421
298041645 128 987 7434
298471373 134 154 7445
299575453 135 885 7472
300100214 138 742 7485
300888982 137 306 7505
300925382 123 612 7506
301147354 139 596 7511
301545026 125 404 7521
301743195 139 462 7526
301960588 128 244 7532
302384918 120 400 7542
303722525 120 37 7576
304102191 121 712 7586
304172486 131 331 7588
304413431 122 704 7594
305026760 132 747 7609
306197017 133 829 7638
306340640 123 369 7642
306474463 124 579 7645
307616908 125 498 7673
308226770 122 556 7689
308351624 122 732 7692
308760264 139 782 7702
309394036 121 27 7718
309564010 137 713 7722
310328404 132 227 7742
311233282 136 175 7764
311695122 121 950 7775
312170972 122 294 7787
312338749 132 413 7791
313114303 136 807 7810
313509161 138 709 7820
315052336 121 610 7860
316478382 122 510 7895
316742374 121 144 7902
316785238 125 957 7903
317574013 124 156 7922
318783254 120 789 7952
321503263 120 941 8022
322199897 120 545 8040
322767066 121 882 8054
323441415 137 282 8071
323531212 126 573 8073
324480354 135 981 8096
325125649 123 682 8112
325774347 136 396 8128
326366706 136 606 8143
327563754 129 723 8174
327673543 125 563 8177
327838359 128 310 8181
328110991 133 791 8188
331400735 129 3 8270
332918497 128 280 8308
332957354 132 996 8309
333815229 125 585 8331
334429376 133 934 8347
335238784 126 723 8367
335704254 123 142 8378
336389757 138 953 8395
336723270 127 408 8403
339082275 135 542 8462
339510608 131 276 8472
340241097 133 778 8492
340669463 133 804 8502
343216349 124 757 8565
343430911 125 857 8571
343809907 129 161 8580
344216428 129 722 8590
344824418 123 302 8605
345284406 125 659 8616
345459182 127 136 8620
346073012 138 795 8636
346429554 131 937 8645
346547344 126 862 8648
348232315 138 315 8689
348750874 122 989 8702
349148911 132 403 8712
351863788 138 846 8781
351902912 131 776 8782
353483692 132 338 8820
353770435 130 189 8828
355038195 138 991 8859
355115454 131 477 8861
355428210 139 131 8869
356539605 132 204 8896
357314760 137 880 8917
357917210 131 654 8932
358067454 132 620 8936
360811821 134 802 9003
361807368 134 541 9027
361978362 131 823 9031
362087872 137 31 9034
362638831 138 72 9048
363441466 131 781 9068
363826073 137 370 9078
364561973 121 464 9097
364964161 132 783 9107
365012310 126 586 9108
365952818 137 438 9131
366109200 121 178 9135
366150947 130 521 9136
366775921 120 40 9152
367047920 138 183 9159
367346998 129 432 9166
367734836 122 238 9176
367913247 130 984 9180
368070234 120 28 9184
368155269 130 667 9186
369163152 121 986 9211
369478214 132 858 9219
369864459 122 683 9229
370084453 136 662 9235
370128274 135 746 9236
370333600 128 816 9241
371502668 126 132 9271
372366397 136 525 9292
373112131 122 920 9310
373508332 135 821 9321
373748702 127 161 9327
374602180 129 651 9348
376208563 138 413 9388
376293635 135 509 9390
376772071 124 79 9402
377164964 133 636 9412
378092825 133 514 9435
378156749 126 321 9437
378200188 136 547 9438
378232530 125 831 9439
378596436 120 974 9448
378755035 124 357 9452
378957102 122 799 9457
379001970 131 574 9458
379857497 127 58 9479
380974779 120 302 9507
381099594 126 122 9510
381556899 131 757 9521
381940469 133 679 9531
382219483 132 303 9538
383196628 135 679 9562
383232330 129 280 9563
383265159 129 415 9564
383396745 122 927 9567
383435642 137 164 9568
383748976 136 603 9575
384411444 129 24 9591
385192217 120 546 9610
385541820 135 512 9619
386056967 128 538 9632
386388911 134 817 9641
386687737 133 156 9648
387001025 131 492 9656
389671298 126 360 9722
390679890 135 579 9747
391758102 124 997 9774
392191801 124 72 9785
392771368 136 808 9799
392854252 121 599 9801
395888698 135 340 9878
395972579 128 494 9880
397980989 137 490 9931
398056714 123 235 9933
398775579 128 485 9951
399710002 129 271 9975
399751298 136 640 9976
400535124 126 6 9996
