78259 112 607 1
223029 105 60 5
2738195 112 652 67
3131929 105 535 77
3750919 118 315 92
5382537 109 379 133
5781043 114 887 144
6138972 113 153 153
7075700 113 909 176
7365233 119 495 183
8321704 112 882 208
9727340 107 138 242
12319903 110 140 306
12694940 115 743 315
13900609 105 54 345
14182103 108 16 352
15467665 111 918 385
15972797 117 817 397
16144936 100 401 401
16593264 118 719 412
17477942 103 264 434
18379065 109 871 455
18417107 110 160 456
18775101 101 624 465
19043351 115 66 472
20358338 114 460 504
20777773 116 9 514
22078362 110 337 546
24022423 113 227 595
24992446 103 857 619
25733264 106 75 637
25943883 104 651 642
26855703 118 719 664
27310443 101 175 675
27493690 103 680 679
28237184 112 845 697
28796630 114 408 710
30506167 111 4 753
30894844 102 97 763
31129279 117 230 769
32051835 116 756 793
32441074 102 556 803
32541074 118 787 805
33286162 106 310 824
33422031 117 868 827
33622559 110 294 832
34572252 103 879 856
34619456 109 614 857
36095959 111 383 893
36175867 106 764 895
36505199 113 266 903
36602892 118 53 906
36972385 106 767 916
37021417 119 866 917
37101724 107 905 919
37660137 109 385 932
38435859 100 467 952
38505826 107 82 954
38992503 114 649 967
39656434 113 289 983
39972422 118 451 991
40148132 116 444 996
40198132 103 351 997
40893268 107 296 1014
41360289 109 943 1025
41573809 114 270 1030
41878179 102 631 1038
42895657 110 109 1065
42930332 114 443 1066
44186643 119 378 1097
44300023 100 667 1100
45421593 109 513 1128
45737387 102 355 1136
46945934 110 872 1166
47560281 110 700 1182
48324237 110 608 1201
50749767 119 688 1262
52138853 101 533 1297
52221621 112 727 1299
52468220 113 113 1305
52765327 100 516 1312
53431940 101 822 1328
53541913 100 122 1331
54427866 100 828 1354
54508677 112 586 1356
54826540 111 914 1364
55718515 101 203 1386
55959868 108 735 1392
56770347 109 519 1413
57085025 111 970 1421
57436068 113 618 1430
57576955 109 220 1433
57689850 119 675 1436
57932459 101 847 1442
58211705 100 25 1449
58296038 111 0 1451
58823858 115 411 1463
59198605 111 700 1472
59396765 118 619 1477
59476192 102 42 1479
59910841 107 139 1490
60298659 106 812 1500
60637507 110 6 1508
61007757 101 342 1517
61623979 118 182 1533
61653979 104 9 1534
61772185 105 563 1537
62924491 110 652 1566
63454095 107 208 1579
64025987 105 462 1593
64626563 113 306 1607
64761173 107 425 1610
65717104 105 131 1634
66189925 115 597 1646
66919795 103 199 1664
67778341 114 262 1686
69050943 103 299 1718
69881158 100 901 1739
70643830 103 8 1757
71386801 116 58 1776
72571675 117 212 1806
73529906 114 423 1829
73682954 117 884 1833
74152663 116 367 1845
74910061 100 311 1865
75670353 103 238 1885
76309553 114 831 1901
76421317 104 572 1904
76938467 114 694 1917
77012890 105 277 1919
77049079 116 517 1920
78452252 112 661 1955
78952533 101 991 1967
78987439 118 270 1968
79571660 105 846 1982
79768788 100 814 1987
80148383 105 707 1996
80441240 116 56 2004
80817410 104 203 2013
81424914 105 384 2028
81809999 107 42 2038
84516382 111 487 2105
84779434 115 107 2111
86350833 104 266 2151
86848356 105 54 2163
87238202 107 982 2173
87445571 103 75 2178
87589153 107 498 2182
88871118 114 126 2213
89775918 108 478 2235
89903573 104 335 2238
90052360 111 112 2242
90266408 106 795 2247
90427038 105 850 2251
91277281 112 902 2272
91901886 109 722 2288
92817720 116 914 2310
92850073 118 867 2311
93909195 103 906 2337
95578148 102 143 2378
95805482 100 808 2384
97916968 106 957 2440
98440451 109 451 2453
99285756 100 127 2475
100228964 107 246 2498
100270856 100 60 2499
101202429 104 764 2522
101250412 119 531 2523
102096413 109 499 2544
102262302 105 202 2548
103135851 107 546 2570
103250679 102 663 2573
103773190 103 815 2586
105211132 108 361 2621
105508760 100 609 2629
107652569 104 182 2682
107689614 105 605 2683
108749367 114 12 2709
110239034 116 927 2747
110930929 102 328 2764
112085341 108 344 2792
112635967 113 604 2806
112802378 114 787 2811
112843414 105 977 2812
113681340 106 588 2833
114510236 107 140 2854
115735209 118 67 2885
115890836 101 620 2889
116846107 106 440 2913
117037764 103 792 2918
117872834 114 496 2939
118832498 100 723 2963
120185164 113 569 2997
120652683 116 337 3008
121389395 108 825 3027
123074267 112 504 3068
123272663 105 209 3073
123567644 115 731 3081
123683583 109 337 3084
125309262 101 613 3126
127543743 108 135 3182
128252993 110 231 3200
128418450 112 10 3204
128839701 106 730 3215
129147972 106 477 3223
129357612 102 777 3228
129528509 118 344 3232
130085168 100 626 3246
130180177 118 544 3248
130280603 100 777 3251
130731114 104 393 3263
130767461 112 795 3264
131458358 106 609 3282
131503066 108 536 3283
131547470 112 367 3284
131583138 106 541 3285
132888548 103 450 3316
133260759 114 445 3325
133382043 112 774 3328
133688370 115 835 3336
134151965 114 395 3348
135602647 107 63 3385
136361070 106 155 3404
136496984 107 992 3407
136534597 106 632 3408
136735506 100 895 3413
137222554 115 480 3425
137456263 106 104 3431
137981266 110 751 3444
138578102 105 332 3460
138671351 119 735 3462
138716611 108 569 3463
138906939 108 359 3468
139184301 105 794 3475
139274804 106 298 3477
139570941 112 659 3485
139777384 117 531 3490
140343484 116 736 3504
141767166 108 253 3539
142264526 106 610 3552
143742454 104 516 3589
145308727 117 88 3627
145523780 106 979 3632
145840386 119 733 3640
146101275 103 682 3647
146215525 105 31 3650
146688248 100 455 3662
147230663 114 750 3675
148416193 117 875 3703
150450373 106 577 3753
151573873 101 598 3781
152290735 103 668 3800
152475021 109 624 3804
152740341 111 661 3810
154826042 117 249 3863
155117445 114 413 3870
155160842 118 947 3871
155252935 110 312 3873
155545778 108 331 3880
155704749 118 608 3884
156039951 114 368 3892
156596426 107 109 3906
157206113 110 237 3921
158635614 116 615 3958
159248260 110 271 3974
159819322 107 677 3989
160291040 111 263 4000
160593660 112 139 4008
160750895 106 812 4012
161639996 113 822 4034
162029140 110 496 4044
162305985 100 26 4051
163186593 119 753 4074
163638900 113 866 4085
163885772 111 597 4091
164171428 107 859 4098
164962977 117 885 4118
165209581 101 830 4124
166200583 100 959 4149
166368911 108 295 4153
167317199 103 231 4177
167591735 116 218 4184
168882679 110 738 4217
169147512 113 666 4224
169415533 115 293 4231
170337467 104 762 4255
170885628 118 996 4269
171821914 112 90 4293
171888613 113 199 4295
172107922 109 780 4301
172189467 114 375 4303
173020836 114 409 4324
173111362 103 922 4326
174166327 113 130 4352
174534874 114 186 4361
174887317 109 254 4370
176231933 105 824 4402
176266469 105 122 4403
176910610 112 595 4419
177417380 104 873 4432
177704621 109 175 4439
178019888 115 966 4447
178122950 102 193 4450
178420392 110 99 4458
178549191 114 11 4461
178595168 103 80 4462
178881291 112 607 4469
179163267 109 316 4476
180434708 112 373 4509
180599525 101 776 4513
180831714 111 959 4519
181378374 105 446 4533
181805985 103 811 4544
182559854 112 789 4563
182589854 103 452 4564
183304208 108 96 4581
183415837 107 72 4584
183707136 106 557 4591
184640618 117 954 4614
184964701 106 406 4622
185005418 103 572 4623
185358292 101 527 4631
185557464 107 472 4636
185597850 101 333 4637
186198301 110 816 4652
186459656 117 589 4659
186597556 100 779 4662
186729926 116 846 4665
187255677 119 972 4678
187641340 103 620 4687
188080660 106 758 4697
188763483 116 554 4714
189212821 108 364 4725
190120786 101 79 4747
190390416 112 910 4754
191098727 116 269 4772
191947500 113 693 4794
192593683 118 422 4810
193068284 110 601 4822
193266690 107 563 4827
193812692 114 815 4841
194092252 101 989 4848
194214954 100 342 4851
197036037 115 401 4922
197955964 109 663 4944
198127554 101 607 4948
200336634 102 836 5003
200453895 114 135 5006
200503895 114 920 5007
200995014 105 193 5020
203623816 117 659 5087
204733378 100 27 5114
205541027 104 82 5134
205665533 107 847 5137
205874217 107 73 5142
206671486 105 463 5162
206775027 108 781 5165
207240843 103 273 5177
207317981 103 617 5179
207414245 104 452 5181
208400749 110 844 5206
208557199 111 411 5210
210600232 113 66 5261
210920495 104 569 5269
211432045 116 18 5282
211975000 100 698 5295
212333320 108 861 5304
212688397 109 464 5313
212926646 102 139 5319
212963551 106 133 5320
213532808 113 356 5334
214543110 105 325 5360
215369071 104 614 5381
216213853 105 513 5402
217262250 119 678 5428
217490430 107 284 5434
217976124 109 504 5446
218292205 102 439 5454
218661036 116 317 5463
218876632 116 717 5468
219541206 101 326 5484
221216247 117 936 5525
221298798 111 781 5527
221606998 104 743 5536
221683582 101 392 5538
221720777 105 541 5539
221963310 118 962 5545
222196770 111 584 5551
222241695 116 678 5552
222584121 112 544 5560
222614662 100 334 5561
223490646 113 731 5583
224709531 119 858 5613
224996535 103 510 5620
225511846 116 213 5632
226713439 105 156 5663
227926530 108 927 5693
228143504 100 203 5699
228423948 107 48 5706
228628041 106 961 5711
228667627 101 367 5712
229329037 104 277 5728
229749795 113 736 5738
230980622 106 42 5769
231269594 104 920 5776
231917883 108 395 5792
232315141 119 709 5802
233602278 115 275 5833
234145286 115 531 5846
234630345 109 373 5859
234677939 111 662 5860
234708812 111 804 5861
235914096 108 794 5892
235997124 106 537 5894
236166546 109 367 5898
237852818 111 393 5940
238824923 100 434 5965
239231082 103 116 5976
240471070 118 680 6007
240788328 106 502 6015
241348424 100 629 6029
241521970 106 857 6033
241638189 115 360 6036
241761969 100 168 6039
241893281 116 13 6042
242342098 108 949 6053
246545898 107 598 6155
247689548 110 386 6183
248666138 113 577 6206
248708718 119 357 6207
248828726 100 695 6210
249220790 119 137 6220
249535700 107 302 6228
250891753 114 6 6262
251223476 118 209 6271
252627074 117 622 6306
252898870 113 950 6313
253028657 108 726 6316
253140184 114 881 6319
253511790 114 633 6328
253725031 100 657 6333
254029468 112 569 6341
254395507 108 548 6350
255019398 105 722 6366
256124668 101 929 6393
256489280 105 940 6402
256647979 106 223 6406
257473188 114 148 6425
258915401 103 402 6461
259064878 102 970 6465
260425979 115 766 6498
260860342 105 7 6509
261233296 108 834 6518
262774488 112 868 6557
262921252 101 534 6561
263860187 110 688 6585
264785845 106 634 6608
265089717 109 643 6615
265374335 105 953 6622
266113306 102 535 6640
266444086 118 153 6648
267806057 108 956 6681
269530363 106 74 6725
269698418 111 928 6729
270979422 111 65 6761
271291759 119 34 6769
272365147 115 156 6796
273438277 117 598 6823
273521488 112 873 6825
273648619 104 523 6828
274764531 106 106 6855
275420166 119 832 6871
275633374 107 776 6877
275946376 109 97 6885
276144108 105 208 6890
276859155 111 128 6908
278257706 110 817 6942
279679123 102 373 6978
279810305 102 342 6981
280504845 107 166 6998
280971525 114 380 7010
281081718 100 28 7013
281899923 116 868 7033
282210213 106 546 7041
282364383 101 496 7045
282971074 110 516 7060
284076016 107 227 7087
284406501 119 404 7096
284490488 112 126 7098
284526293 104 268 7099
285636908 107 503 7127
286083684 106 83 7138
286218870 111 310 7141
286870203 118 984 7157
289257464 118 75 7216
290625431 103 56 7249
290998247 107 164 7258
291106844 106 564 7261
291430544 116 338 7269
292664259 115 705 7300
292748297 112 945 7302
293261945 107 965 7315
294078199 101 780 7335
294370116 102 516 7342
294621639 101 58 7348
294717205 102 878 7350
295124974 107 80 7360
295222291 107 557 7362
295942732 119 509 7380
296204042 116 920 7387
296867919 103 990 7404
297022242 109 99 7408
297767778 113 494 7427
297926334 109 785 7431
298353332 118 987 7442
299670897 104 906 7474
299709984 113 485 7475
301230138 110 286 7513
302046850 103 302 7534
302461164 106 983 7544
302549696 100 497 7546
303121938 110 753 7561
303790404 110 257 7578
305223674 102 201 7614
305619512 104 462 7624
307304926 117 589 7665
307995883 100 93 7683
308315247 109 825 7691
309601424 102 852 7723
311478610 105 306 7770
313991652 100 625 7833
315401029 117 270 7869
315488309 109 450 7871
315688646 116 830 7876
316630647 104 626 7899
317689552 112 242 7925
318454522 104 834 7944
318825442 112 847 7953
319858306 105 447 7980
320257395 101 346 7990
320327756 115 735 7992
320768506 116 696 8003
321758461 111 87 8028
321788461 106 167 8029
321903989 117 985 8032
323373694 101 682 8069
324189895 102 234 8089
324642838 105 528 8100
325453234 108 545 8120
326396706 118 439 8144
326614171 118 692 8150
326878313 108 168 8157
327923702 102 346 8183
328476871 105 207 8198
329073202 104 411 8213
330373968 119 29 8245
331201326 104 612 8265
331522816 117 984 8273
332264344 110 648 8292
333047838 101 466 8311
333262427 118 143 8317
333516615 114 756 8323
333666418 117 901 8327
333698049 111 366 8328
334135184 117 451 8339
334363951 113 338 8345
334469931 112 643 8348
335027283 114 573 8362
335617310 109 872 8376
336138104 117 834 8389
336464754 107 942 8397
337371729 102 421 8421
337923852 105 552 8435
338140546 110 569 8440
338346860 119 779 8445
338704162 117 957 8453
339211038 100 772 8465
342058085 102 377 8536
342937060 105 329 8558
343393254 116 172 8570
344125174 111 695 8588
344659103 117 898 8601
344869040 114 523 8606
345325741 117 688 8617
345415108 114 827 8619
345544335 103 747 8622
346789096 105 823 8654
347366202 103 478 8668
347527413 100 564 8672
347647295 110 140 8675
347686357 115 154 8676
347805762 119 952 8679
348361004 101 459 8692
348624892 110 738 8699
348864067 115 201 8705
349443755 102 234 8720
349682193 117 721 8726
349941611 113 386 8732
349985085 117 853 8733
351549348 101 34 8773
352441908 109 390 8795
352780944 100 272 8803
354459879 109 259 8845
354909921 106 668 8856
354995801 106 105 8858
356129339 112 30 8886
356695469 101 610 8900
357990037 112 154 8934
358423076 114 41 8945
358515231 114 769 8947
359127419 106 916 8962
359512198 115 152 8971
359556031 112 117 8972
359985175 102 68 8983
361277950 109 688 9014
361696530 112 790 9024
362686828 117 557 9049
363174720 105 663 9061
364030620 101 8 9083
364073320 109 18 9084
364455946 107 28 9094
364526264 114 886 9096
364642644 107 393 9099
364780776 117 109 9102
365479040 110 348 9120
367387626 109 502 9167
367951998 101 505 9181
369520290 100 668 9220
369679259 117 726 9224
369722202 109 784 9225
370051535 116 490 9234
371674330 102 419 9275
371957768 105 801 9282
372731553 103 260 9301
374068484 116 922 9335
374146444 100 536 9337
375438196 118 512 9369
375897338 108 207 9380
376427732 105 312 9393
376891371 106 421 9405
377771493 118 585 9427
378794762 106 823 9453
379408679 107 668 9468
382265209 102 430 9539
383530699 108 888 9570
383661091 108 550 9573
384325464 102 622 9589
384493633 113 652 9593
385024113 113 850 9606
385152344 100 822 9609
385503582 114 655 9618
385827959 110 650 9626
386125347 111 696 9634
386309502 116 282 9639
386356704 117 900 9640
387089051 112 360 9658
387512848 104 78 9668
387684145 111 725 9672
388644172 111 236 9696
389596330 104 507 9720
390974005 107 601 9754
391214048 107 474 9760
391843409 118 374 9776
392311472 110 71 9788
392600129 111 782 9795
392726180 107 239 9798
393004045 116 604 9805
393292578 103 505 9812
394293987 109 795 9838
394496381 109 301 9843
394812216 119 908 9851
394854436 106 756 9852
395802714 101 375 9876
396203770 109 881 9886
396548043 109 105 9895
397598045 109 952 9921
397662954 102 438 9923
397779515 113 213 9926
398264335 118 378 9938
398539834 117 612 9945
399445045 114 844 9968
399900886 104 538 9980
400224164 118 222 9988
