126717 114 596 2
715080 113 274 17
888419 101 424 21
1254309 115 27 30
2817075 110 553 70
3126620 101 154 77
3708565 100 822 91
3928847 106 328 97
5008983 115 478 124
5845120 115 381 144
6030164 116 914 149
6443507 108 408 159
6881872 107 605 170
6930608 101 695 171
8716353 100 299 217
10317336 110 445 258
10934654 106 7 274
11207960 116 719 281
11704046 118 862 293
11747882 115 482 294
12472064 109 18 312
12795889 102 257 320
13364205 100 77 334
13580519 102 933 339
13891824 115 292 347
14012261 104 656 350
14736232 106 371 369
15005497 111 123 375
15096886 118 376 377
15223613 113 149 380
15340823 102 892 383
15449153 110 612 386
15486283 101 756 387
15637217 115 640 391
16395094 103 684 409
16854374 103 885 421
17467408 111 40 436
17974543 114 880 449
18790604 103 274 470
19048700 103 655 476
19289102 118 499 482
20158638 108 250 504
20202839 115 732 505
20409421 119 885 510
20883467 111 690 521
21794797 118 787 543
22631631 111 364 563
23315940 118 834 580
24072380 106 555 600
25068633 100 748 626
25446606 102 272 636
25633622 110 888 641
25976665 106 94 649
26319753 102 737 657
27870998 115 282 695
28383756 104 606 708
29361782 102 56 732
31011614 119 699 773
31192607 107 433 778
31419367 107 438 784
31997756 115 554 798
34392147 114 538 858
35324397 112 21 881
35568945 118 902 887
35989835 102 680 898
36426629 105 465 909
37446184 103 150 934
37674301 118 876 940
37831677 117 842 944
37900095 107 452 946
38215917 102 317 954
38686234 108 354 967
39481568 107 544 986
41462510 107 363 1034
41653478 117 50 1039
42773137 118 515 1067
45897787 101 784 1146
46936431 107 267 1172
47162126 112 62 1178
48543305 106 868 1213
50083715 103 984 1251
50221201 115 406 1255
50304702 116 540 1257
50655551 111 104 1266
51481296 117 973 1286
52032692 108 924 1300
52322372 105 90 1307
52732903 101 121 1317
52841038 110 607 1320
53122758 117 677 1327
53229306 117 742 1330
53371469 117 722 1334
53455019 109 22 1336
53580612 101 523 1339
54560553 118 414 1364
55068104 113 627 1377
56345949 108 721 1409
57191041 107 300 1429
57302388 104 344 1432
58272179 112 553 1458
58356494 112 489 1460
58802539 116 235 1471
59916758 112 420 1499
60594992 110 472 1515
62142609 110 793 1552
62584834 111 857 1563
62927731 103 994 1572
63172865 101 230 1578
63980862 111 779 1598
65275993 106 985 1629
65383198 105 763 1632
65531654 102 283 1636
65697885 113 335 1640
66801111 116 466 1669
67051861 115 594 1675
67137245 106 606 1677
67394320 101 62 1683
69062914 107 623 1724
69142625 118 927 1726
69743949 115 771 1742
69793949 103 929 1743
70225112 113 812 1754
70624080 108 268 1764
72647988 103 380 1814
72998607 105 634 1823
74648637 116 634 1863
74759474 118 858 1866
75577892 109 896 1886
76294803 109 58 1903
81223502 110 70 2025
81633240 111 801 2035
81975845 109 414 2043
82009046 119 948 2044
82098863 111 227 2046
82740990 102 33 2063
83166550 109 325 2074
83256128 118 176 2076
83536063 104 642 2083
85167663 109 414 2123
85486130 108 661 2131
85771495 114 974 2138
88398971 108 574 2204
88696239 106 933 2212
88773703 118 225 2214
88811549 103 497 2215
91489478 119 619 2280
91612438 112 193 2283
92140918 103 348 2296
92413748 107 809 2303
92726577 100 475 2312
92939981 110 544 2318
93018685 117 632 2320
93994336 119 968 2344
94386188 115 348 2354
94507732 114 176 2357
97973946 103 910 2444
98461349 105 284 2456
98505785 115 697 2457
101108402 119 222 2521
101472428 119 925 2530
102201560 114 310 2548
102465083 117 707 2555
103055201 117 691 2570
103174065 104 530 2573
106111819 100 801 2647
106403078 105 240 2654
106818870 102 934 2664
107536279 105 27 2682
107852563 108 754 2690
108450440 117 733 2705
109139466 106 522 2722
109320247 107 247 2726
110233148 119 121 2749
110485684 111 596 2755
110518548 117 425 2756
110561556 112 840 2757
110981953 114 313 2767
111021346 107 324 2768
111558160 104 135 2781
111710553 104 803 2785
112522887 104 834 2805
112937416 105 353 2815
113149298 111 84 2821
114184345 106 779 2847
114392844 112 743 2852
114656415 104 295 2859
115164655 104 459 2872
116150797 112 684 2897
117743317 110 4 2937
119908043 118 980 2991
120328227 110 317 3004
120341227 108 565 3005
120601397 103 170 3031
120676166 104 388 3039
120729896 105 76 3045
120812422 106 920 3053
120914300 117 65 3063
120932151 119 819 3065
121140247 107 262 3086
121158450 110 158 3088
121168747 118 728 3089
121373493 103 426 3111
121533549 116 736 3128
121951653 104 298 3168
121994970 108 183 3172
122112986 104 747 3184
122119820 104 582 3185
122291242 111 941 3202
122312717 102 679 3204
122488909 102 468 3222
122500975 116 500 3223
122647954 112 724 3238
122730739 102 659 3246
122928251 104 660 3267
123034770 117 79 3278
123044709 109 456 3279
123262565 111 954 3301
123291064 100 867 3304
123301282 106 123 3305
123374272 110 273 3312
123381946 101 88 3313
123401854 114 794 3315
123613064 101 737 3335
123745925 111 293 3348
123898533 117 994 3363
124118725 106 147 3386
124198969 100 771 3394
125051297 103 510 3480
125099241 103 443 3485
125162746 104 214 3491
125191447 109 683 3494
125271288 105 968 3502
125646710 112 170 3539
125946858 113 208 3569
126089477 114 965 3584
126202912 116 683 3595
126247148 103 305 3599
126389486 108 3 3613
126713645 113 419 3645
126732462 108 405 3647
126829720 102 703 3656
127380442 101 919 3711
127804602 110 363 3754
128012538 109 989 3776
128536503 101 817 3829
128682850 106 490 3843
128693795 106 59 3844
128770263 118 741 3852
128857182 100 207 3860
128919239 115 346 3866
129044167 102 889 3878
129230094 102 207 3897
129384552 109 13 3912
129459020 110 488 3920
129664550 113 871 3940
129920112 106 302 3967
129981108 111 881 3973
130434883 115 523 4020
130577655 103 380 4034
130916225 111 894 4067
130935453 105 826 4069
131058885 113 352 4082
132001969 102 759 4177
132197647 108 517 4196
132546151 106 599 4232
132780679 119 601 4257
132861151 109 907 4265
132886240 117 66 4267
132981872 101 656 4277
133230401 104 41 4303
133510053 102 7 4330
133685367 113 23 4348
133954869 107 618 4374
134084052 115 696 4387
134121349 111 21 4391
134172544 111 803 4396
134361288 114 428 4414
134574510 102 471 4436
134783438 114 281 4456
134856966 115 712 4465
134963642 111 720 4476
135164156 106 537 4496
135201559 117 214 4500
135334761 116 953 4514
135565919 115 310 4537
135728116 106 545 4553
135738825 105 277 4554
136024407 100 870 4584
136161813 112 3 4598
136350402 114 394 4617
136380083 112 653 4620
136481524 115 413 4631
136745306 116 758 4658
136877047 119 534 4671
137233752 117 219 4708
137490848 117 295 4735
137837511 108 462 4770
137952011 101 176 4782
138218710 102 693 4810
138337961 111 727 4821
138484518 110 462 4835
138673417 119 781 4853
138765719 117 646 4863
138776843 111 273 4864
138786468 106 776 4865
139003694 107 32 4886
139107886 103 61 4896
139160138 111 744 4901
139192627 108 339 4905
139293092 100 474 4915
139319288 119 777 4918
139350860 118 967 4922
139362832 114 947 4923
139462667 104 639 4933
139626454 108 27 4950
139924053 114 56 4982
140580637 108 260 5048
140714201 101 188 5060
140846397 110 487 5074
140965859 112 2 5087
141031501 117 222 5094
141040343 114 223 5095
141400150 114 63 5131
141506345 103 717 5141
141565398 102 497 5147
141728445 112 534 5164
141873596 102 165 5180
142006842 100 481 5194
142201490 112 699 5215
142372261 118 850 5232
142694657 102 234 5264
143022550 111 37 5296
143235492 104 978 5318
143265933 104 501 5321
143357178 113 682 5330
143627272 105 958 5357
143814947 101 226 5377
143988757 100 457 5395
144014683 118 757 5398
144053566 104 928 5402
144531448 116 512 5450
144785209 109 341 5476
145304392 102 40 5528
145562685 103 526 5554
145744677 111 97 5572
145751709 116 192 5573
145759371 119 103 5574
146315879 111 535 5631
146325096 109 875 5632
146426865 117 128 5642
146435411 105 680 5643
146452876 106 485 5645
146510110 113 951 5650
146567120 112 794 5656
147124894 108 87 5712
147277409 116 892 5727
147397343 108 44 5738
147535661 109 606 5753
147745840 102 595 5775
147756902 112 398 5776
148232544 101 681 5827
148353998 104 464 5839
148494140 116 121 5854
148504352 118 171 5855
148558644 108 980 5861
148794591 107 924 5884
149057243 102 899 5910
149084069 101 810 5913
149558714 101 192 5960
149576265 117 869 5962
149654853 110 148 5970
149701892 103 580 5975
149709256 116 886 5976
149919832 112 216 5997
150045382 107 970 6010
150242125 117 696 6030
150280811 103 400 6034
150304039 101 314 6037
150625737 104 442 6071
151537277 102 379 6161
151637628 106 399 6171
151678851 118 523 6175
151717152 108 520 6179
151816407 103 712 6189
151902807 116 399 6197
151977226 114 627 6204
152312868 100 651 6238
152341873 113 161 6241
152389979 113 595 6247
152401851 104 241 6248
152559912 113 683 6264
152572263 113 467 6265
152620611 113 940 6269
152699911 107 435 6277
152719976 101 147 6279
152965091 106 533 6303
153076725 114 492 6314
153184819 113 287 6325
153586135 117 70 6366
153717987 101 61 6379
153750408 103 338 6382
153837717 119 763 6390
153965848 111 48 6404
154058339 107 557 6414
154090422 103 807 6418
154182581 104 598 6427
154254214 109 628 6434
154332312 117 708 6441
154363477 113 690 6444
154917565 100 976 6499
155068574 116 785 6514
155097132 102 256 6517
155140558 118 69 6521
155178769 108 576 6525
155198998 111 646 6527
155351566 100 476 6542
155402059 111 778 6548
155447613 103 322 6552
155499348 119 231 6557
155513189 117 524 6559
155556009 106 445 6563
155778139 100 82 6586
156032206 111 492 6611
156125460 102 378 6620
156200821 107 714 6627
156298918 106 821 6637
156479338 100 76 6656
156783314 105 650 6686
156814507 116 30 6689
156836649 104 472 6691
157062065 102 901 6713
157225097 108 579 6729
157273912 103 655 6734
157395703 113 600 6746
157576000 116 876 6764
157673241 117 290 6773
157848353 105 227 6791
157926506 113 971 6800
158050477 112 97 6812
158261093 103 179 6833
158476419 110 695 6855
158612086 110 222 6868
158625027 112 281 6869
158714587 115 901 6878
159067162 104 8 6914
159380323 103 746 6946
159424079 101 112 6951
159437079 114 595 6952
159647615 100 125 6974
159793242 118 356 6991
160021278 112 538 7016
160137940 111 432 7028
160414976 103 2 7055
160697490 101 308 7083
160721997 105 413 7085
161022510 102 119 7114
161041647 116 886 7116
161132895 101 634 7125
161598361 110 773 7173
161658195 114 29 7179
161789222 112 697 7193
161900793 102 168 7205
162465815 115 630 7264
162514384 118 134 7269
162534322 115 484 7271
162658052 113 434 7284
162797580 105 973 7298
162947639 115 79 7313
162971089 110 948 7316
163045127 113 784 7324
163108602 106 226 7330
163294247 113 928 7349
163522638 104 675 7371
163689992 110 216 7388
163895072 119 122 7409
164036889 104 215 7422
164562051 111 874 7474
164695543 117 248 7488
164787968 114 938 7496
164840869 104 323 7501
165052767 118 650 7523
165065465 105 681 7524
165153314 101 366 7533
165205506 104 656 7538
165213833 115 77 7539
165443382 110 59 7562
165462459 103 472 7564
165491692 117 918 7567
165579452 116 377 7575
165760964 106 960 7593
165821433 104 386 7599
166093015 104 117 7626
166165126 100 266 7634
166266421 113 62 7645
166362872 112 960 7655
166632266 118 895 7683
166859014 100 879 7704
167078196 108 772 7726
167136020 103 80 7732
167170544 105 927 7735
167271561 104 931 7745
167292008 114 27 7747
167462184 116 17 7764
167510922 113 488 7769
167586592 119 297 7776
167655173 107 430 7783
167830475 101 915 7800
168301507 107 235 7847
168477225 119 317 7865
168523486 106 563 7871
168774669 115 574 7897
168906034 104 647 7910
168957302 109 384 7915
169180365 101 99 7938
169191316 105 673 7939
169446948 114 73 7965
169513637 102 178 7971
169720781 101 948 7992
169918141 108 111 8011
170238936 100 533 8044
170444297 116 529 8066
170543196 117 839 8075
170586941 113 617 8079
171153099 113 299 8135
171414452 102 902 8162
171454935 112 810 8166
171539462 117 717 8174
171559984 108 253 8176
171758315 119 172 8195
171950752 106 862 8214
171991819 104 816 8218
172033157 115 735 8222
172206655 112 581 8240
172224431 108 260 8242
172311321 106 981 8251
172319435 105 846 8252
172537657 113 195 8275
172633798 108 296 8285
172690712 105 751 8291
172746623 116 869 8297
172796910 108 383 8302
172860739 103 822 8308
172875002 116 920 8310
173275712 114 375 8348
173303014 112 700 8351
173314454 111 202 8352
173460306 101 423 8366
174034350 113 13 8423
174067657 111 680 8427
174096788 112 24 8430
174235763 100 888 8444
174645739 115 350 8485
175254886 119 302 8548
175542952 115 741 8579
175600449 115 28 8585
176222084 100 463 8647
176446155 112 104 8670
176542489 102 272 8680
176699982 104 618 8696
176834059 101 120 8710
176861223 109 369 8713
176890988 104 963 8716
177161749 119 62 8743
177529952 118 835 8781
178143863 102 344 8842
178469841 117 410 8875
178497104 117 720 8878
178627683 113 594 8890
178708466 104 849 8899
178727270 110 948 8901
179187926 106 847 8948
179268733 100 119 8955
179397264 116 228 8968
179878305 111 104 9015
179919097 103 259 9019
179969393 115 988 9024
180451725 103 395 9071
180470387 103 464 9073
180515027 104 945 9078
180557162 102 399 9082
180761761 116 158 9102
180783884 103 943 9104
180953854 103 793 9121
181035031 112 334 9129
181631747 119 269 9190
181833434 116 684 9212
181914424 111 169 9221
182085908 119 257 9239
182260961 111 237 9257
182376332 117 820 9268
182973895 107 699 9327
183001373 115 214 9330
183061598 106 572 9336
183072635 106 45 9337
183414103 109 406 9370
183432122 107 921 9372
183548280 110 167 9383
183811848 114 384 9407
184285237 112 635 9454
184373494 104 287 9464
184619289 118 167 9488
184690346 114 172 9495
184861802 109 472 9511
184880009 115 730 9513
185016839 112 174 9526
185280280 117 236 9552
185344406 118 763 9558
185592087 117 981 9585
185746985 102 385 9600
186091203 104 69 9635
186298243 114 283 9655
186337625 119 26 9659
186498918 118 850 9676
186519899 102 165 9678
186611614 117 37 9688
186663216 100 457 9693
186888642 103 622 9715
186951918 114 854 9721
187367980 117 261 9762
187423980 119 758 9767
187526245 113 649 9778
187751620 107 863 9801
187799853 102 876 9806
187814914 100 33 9808
187853740 108 778 9812
188028082 113 441 9829
188060648 100 144 9833
188400723 106 46 9865
188465011 102 431 9871
188570940 101 270 9882
188583940 104 937 9883
188623310 100 170 9887
188634713 116 446 9888
188859422 100 292 9910
188972777 111 299 9922
189061873 103 146 9931
189586611 113 550 9984
