765080 272 984 18
798113 271 51 19
1147791 261 779 27
2167135 278 183 54
2994169 279 582 74
3526364 263 238 87
4121562 262 373 102
4273352 263 278 106
4393389 267 415 109
5479511 262 893 135
6715042 267 625 166
7384384 274 369 182
8278300 264 842 206
8317924 275 523 207
8877590 270 491 221
9002867 263 313 224
9041164 271 671 225
9185867 260 47 229
9573852 267 172 239
9947934 269 874 249
11436395 272 136 287
11955290 263 899 299
13203645 265 871 330
14049604 261 391 351
14559809 266 962 364
14867159 269 797 372
15184430 270 587 379
15978573 273 729 399
16195075 269 726 404
16263533 277 983 406
16301717 277 182 407
16821247 270 118 420
17002487 274 899 425
19492451 267 974 487
20072252 268 162 502
21312183 269 753 531
21710859 276 657 541
21927901 272 743 546
21967453 261 677 547
22442113 265 902 558
23436467 278 210 583
23759615 271 487 592
24390784 278 839 609
25411414 278 26 635
26269753 266 116 656
27195056 275 394 678
27366146 279 853 682
27694175 276 646 690
27941821 263 44 697
28191780 267 114 703
28642718 279 612 714
29283300 269 399 730
29468399 269 111 735
29629458 270 50 739
29899590 274 687 746
30549022 266 880 762
30634688 260 739 764
31121009 277 985 776
31662102 268 848 790
32412967 273 278 809
32535366 267 13 812
32701589 269 37 816
33334768 272 226 832
33533093 274 801 837
33894908 270 805 846
34534556 263 222 861
34937472 266 876 871
35521726 271 187 886
35917537 265 195 896
36788951 263 515 918
37407338 269 713 933
37944959 265 899 947
38509237 272 711 962
38815155 261 768 970
39028992 270 499 975
39604683 260 72 989
39758357 263 715 993
40319200 260 185 1006
40369200 263 275 1007
40577261 263 66 1012
40623699 265 426 1013
41424589 264 900 1033
42143669 268 322 1051
42417338 273 306 1058
42614218 276 376 1063
42806696 276 440 1068
44653926 271 993 1115
44812088 266 242 1119
45358386 271 854 1132
45729865 266 802 1142
46614927 262 815 1164
47348077 277 924 1183
48691108 277 84 1217
50158593 270 671 1253
50255604 271 911 1256
51250474 274 811 1280
51366387 268 177 1283
51605812 262 816 1289
51685729 279 773 1291
52884230 275 746 1321
52918727 268 896 1322
53733535 263 302 1343
54132265 261 632 1353
54384252 272 416 1360
54515506 270 30 1363
55610634 263 16 1391
56171982 266 251 1405
56599958 271 923 1415
56721025 275 592 1418
56842229 261 187 1421
57101073 276 503 1427
57337405 264 837 1433
58117963 263 972 1454
60355624 261 758 1509
60510348 265 709 1513
60889395 261 756 1522
62327525 276 291 1557
62421048 271 790 1559
62735105 261 261 1567
62849520 271 767 1570
63134401 264 199 1577
63543766 265 980 1587
63724349 279 303 1591
64779453 274 811 1617
65077031 269 350 1624
65853672 269 540 1644
66156902 264 692 1652
66199856 274 389 1653
66344594 267 346 1657
66424594 263 184 1659
67629908 274 646 1689
68079505 261 82 1700
68217737 270 546 1703
68253057 261 892 1704
68600029 261 208 1712
69239160 273 671 1729
70104565 274 568 1751
70262028 265 8 1755
70910002 271 446 1771
71283632 279 710 1781
71460124 262 929 1785
71618470 260 514 1789
72362803 269 750 1807
73869110 275 828 1844
74576186 277 58 1861
75368662 269 54 1881
76249914 264 97 1902
77070475 274 437 1922
77228203 274 956 1926
77861555 278 437 1941
78138445 272 410 1948
78363801 271 56 1953
78574835 270 479 1958
79754159 277 433 1988
80276478 264 491 2001
80716817 268 128 2012
81021747 263 404 2020
81901637 277 801 2041
82148225 274 849 2047
83341203 260 432 2078
83830734 276 560 2090
84368279 269 201 2103
85135510 268 537 2122
85405242 268 532 2129
86883648 273 784 2166
86926335 272 983 2167
87044602 267 591 2170
87315389 267 388 2177
87891493 260 84 2191
90388796 274 265 2254
90807804 279 442 2264
91152126 267 91 2272
91778126 267 125 2287
91936726 267 590 2291
92068688 275 973 2294
92791864 263 734 2314
93830640 260 138 2340
94460672 264 374 2356
95172185 260 603 2373
96875055 271 151 2417
97707834 261 469 2437
98226699 277 972 2450
100342887 275 294 2503
103685516 269 839 2586
104007264 260 647 2594
105084108 264 540 2621
106652922 276 914 2660
107365678 277 107 2678
107486279 272 199 2681
107734409 266 738 2687
109359468 264 368 2727
109606083 260 114 2733
109768091 262 654 2737
109891422 275 535 2740
110008826 279 290 2743
111635030 260 361 2783
111903587 269 548 2790
112146232 268 87 2796
112778458 279 189 2811
112854657 270 232 2813
113425523 260 392 2828
113870188 269 981 2839
114148829 270 697 2846
114230233 276 519 2848
114434400 277 692 2853
114472820 262 514 2854
114929597 267 598 2866
117166602 265 41 2922
117670538 260 686 2935
117856190 264 373 2940
119095299 262 544 2970
119294362 265 479 2975
119732452 265 426 2986
120070303 269 657 2995
120408429 274 717 3012
120479801 274 857 3019
120570474 264 581 3028
120610164 264 905 3032
121046923 276 398 3077
121300735 260 762 3103
121393500 269 53 3113
121588737 270 927 3133
121638953 277 252 3138
121679967 271 285 3142
121834860 264 691 3157
121920463 265 384 3165
122128777 261 93 3186
122453513 265 935 3218
122759179 272 733 3249
122796528 279 99 3253
122814776 262 908 3255
122909636 276 119 3265
122918424 270 829 3266
123412043 275 335 3316
123871877 275 34 3360
123881484 272 199 3361
124012537 279 468 3374
124028250 264 643 3376
124065534 279 536 3380
124136234 275 32 3388
124406976 274 183 3415
124532438 273 207 3428
124616966 260 779 3436
124668545 263 696 3441
124846496 278 879 3458
124865618 275 585 3460
124983870 268 402 3473
124993628 267 108 3474
125286627 277 951 3504
125321299 274 230 3507
125437301 265 245 3519
125864986 273 725 3561
125892633 271 765 3564
126035150 273 955 3579
126225120 262 472 3597
126467467 278 574 3620
126928699 260 149 3666
126941397 268 863 3667
127534803 263 317 3727
127613429 270 55 3735
127892184 261 939 3763
128003593 274 806 3775
128079221 271 775 3783
128211742 278 497 3797
128290437 265 737 3805
128745289 263 594 3849
128930074 276 777 3867
128963591 279 550 3870
128982782 268 884 3872
129078322 270 740 3881
129085358 260 965 3882
129221203 275 45 3896
129353466 269 839 3909
129564086 270 431 3930
129629693 265 667 3937
129690179 277 566 3943
129852542 272 189 3960
130037963 278 475 3979
130117493 262 599 3988
130196332 271 87 3996
130249853 262 467 4001
130513834 263 531 4028
130547438 278 422 4031
130843766 263 93 4060
131280901 262 14 4104
131313308 272 751 4108
131404093 266 952 4116
132024947 275 452 4179
132319182 273 15 4208
132821949 279 763 4261
132831361 261 207 4262
132938058 271 488 4272
132972255 264 425 4276
133073694 278 734 4287
133356401 265 178 4315
133386709 264 468 4318
133439070 274 88 4323
133589963 265 471 4339
133920042 260 807 4371
133982406 274 71 4377
133990918 264 25 4378
134113644 261 49 4390
134225535 277 165 4401
134645731 267 213 4443
134748319 262 757 4453
135030393 277 250 4483
135147649 277 800 4494
135288922 268 761 4509
135327815 278 607 4513
135393317 278 201 4519
135526845 275 644 4533
135604956 262 919 4541
136063231 271 687 4588
136133302 274 9 4595
136608431 260 838 4644
136810165 276 477 4664
137322560 274 831 4718
137366518 270 661 4723
137725296 275 454 4759
137740081 277 775 4761
137848368 272 535 4771
138102871 273 621 4798
138251623 274 749 4813
138585106 275 637 4845
139026446 268 579 4888
139273536 262 690 4913
139502250 274 724 4937
139511884 262 31 4938
139535535 277 252 4940
139993474 262 497 4989
140261685 277 264 5016
140325842 275 32 5022
140346623 262 154 5024
140392451 262 129 5029
140410839 276 549 5031
140420295 273 552 5032
140884000 276 667 5078
140982782 263 810 5089
141110838 272 741 5102
141120887 267 600 5103
141601057 270 516 5151
142034854 264 556 5197
142389412 266 426 5234
142684979 272 614 5263
142727942 260 500 5267
142834160 279 100 5277
142867082 270 41 5280
143010240 274 628 5295
143199579 268 932 5314
143560313 273 707 5350
143569477 262 80 5351
143640272 265 468 5358
143729405 276 24 5368
143797078 266 434 5375
144096292 260 704 5407
144106256 275 967 5408
144147792 263 799 5412
144189528 274 690 5417
144202182 268 562 5418
144222199 279 759 5420
144523952 266 363 5449
144631468 276 152 5460
144717897 264 137 5469
144871301 265 568 5485
145328682 277 680 5530
145347765 267 908 5532
145464749 260 407 5544
145473972 260 467 5545
145500259 262 575 5548
145785784 264 691 5577
145841765 267 779 5584
145870972 265 351 5587
146193564 262 62 5619
146224604 267 138 5622
146265066 263 842 5626
146274908 260 16 5627
146305233 265 341 5630
146591077 276 879 5658
146709548 261 995 5669
146870185 278 114 5686
147376016 277 488 5736
147405867 263 211 5739
147583134 270 599 5758
147592873 271 168 5759
147621196 260 296 5762
147898522 271 506 5791
148123553 278 557 5816
148196105 261 794 5823
148290914 279 741 5833
148301797 270 609 5834
148455840 264 187 5850
149115077 274 774 5916
149217685 270 848 5925
149386939 271 538 5943
149675474 267 511 5972
150002232 263 25 6006
150023496 267 45 6008
150314144 273 321 6038
150331796 273 621 6040
150435286 268 814 6051
150508215 274 729 6059
150536406 279 754 6062
150646249 267 380 6073
150689036 278 778 6077
150836973 262 209 6092
151022154 262 185 6110
151094144 267 565 6117
151252702 261 500 6133
151262586 273 904 6134
151415061 262 816 6149
151425163 267 939 6150
151471265 275 438 6154
151522021 269 278 6159
151546502 272 764 6162
151695640 273 454 6177
151929944 272 157 6200
151951932 274 879 6202
152289034 265 50 6235
152940650 267 281 6300
153027339 277 352 6309
153282371 277 965 6335
153408371 277 187 6348
153460437 267 239 6353
153824812 276 648 6389
153844439 276 199 6391
154074907 263 533 6416
154081261 269 519 6417
154111877 263 918 6420
154289131 274 341 6437
154612385 269 820 6469
154668677 264 779 6474
155149489 274 329 6522
155315802 268 667 6538
155531131 279 123 6561
155613055 275 673 6569
155661109 267 569 6574
156001054 263 463 6608
156063618 268 498 6614
157081496 260 323 6715
157094496 270 524 6716
157141765 277 575 6721
157203562 278 570 6727
157246035 270 575 6731
157321566 260 556 6739
157365357 265 830 6743
157456705 268 919 6752
157682258 278 998 6774
157713725 277 19 6777
157742774 273 454 6780
157953226 271 876 6803
158041992 275 668 6811
158277136 269 354 6835
158284584 268 800 6836
158453133 270 971 6852
158602732 262 343 6867
158697129 273 910 6876
158978459 277 814 6904
159088183 261 733 6916
159128216 273 884 6920
159147088 269 449 6922
159243428 266 738 6931
159283297 270 469 6935
159547061 270 736 6963
159874111 260 684 7000
159929484 260 40 7006
159947242 270 445 7008
160211846 264 568 7035
160222665 271 568 7036
160246854 272 551 7038
160270193 278 17 7040
160281246 264 98 7041
160360501 264 689 7049
160366729 269 645 7050
160631578 261 408 7076
160658687 269 518 7079
161033742 263 16 7115
161163837 272 625 7129
161254167 264 680 7138
161294423 262 749 7142
161554616 278 554 7169
161819787 269 601 7196
161996840 267 592 7215
162017846 267 64 7217
162094008 261 795 7225
162102377 269 891 7226
162204084 265 243 7237
162321841 269 938 7249
162379536 276 501 7255
162388515 261 486 7256
162863913 275 917 7305
162926314 278 588 7311
163246552 260 225 7344
163601510 271 550 7379
164284775 272 457 7447
164441874 265 629 7462
164639053 264 65 7482
165163268 264 569 7534
165232865 265 283 7541
165273658 260 591 7545
165340360 273 776 7552
165422805 269 546 7560
166195524 271 420 7637
166495055 260 922 7668
166514308 266 87 7670
166553409 277 452 7674
166656092 265 355 7685
166726250 271 915 7692
166749527 279 36 7694
167019469 277 976 7720
167087874 272 913 7727
167125835 268 356 7731
167180129 261 655 7736
167472246 264 224 7765
167956127 277 910 7813
168107113 279 432 7828
168149787 260 506 7832
168491234 278 0 7867
168508061 260 277 7869
168720909 260 284 7892
168823852 266 633 7902
168877345 270 596 7907
169262927 270 849 7947
169269673 260 757 7948
169291784 271 668 7950
169541985 274 105 7974
169711489 270 122 7991
170030398 262 273 8023
170059416 273 305 8026
170195864 270 931 8040
170250531 272 288 8045
170357369 273 600 8057
170428286 263 320 8064
170455583 271 336 8067
170500552 260 343 8071
170799424 279 923 8101
171162725 265 835 8136
171734972 277 968 8193
171815095 275 492 8201
171892594 266 332 8208
171940593 267 674 8213
171981637 261 672 8217
172114194 263 467 8230
172370794 272 349 8258
172502041 260 942 8272
172985689 263 728 8320
172996352 260 721 8321
173161062 266 880 8337
173222110 270 382 8343
173515654 270 799 8371
173546745 265 573 8374
173689991 264 678 8388
173972341 277 664 8417
174079675 279 724 8428
174156670 263 26 8436
174166947 265 905 8437
174271989 260 990 8448
174284989 279 10 8449
174303887 264 278 8451
174499158 279 737 8471
174567849 268 449 8478
174857733 276 775 8507
174958324 274 448 8518
175118698 268 45 8534
175140342 270 230 8536
175169524 276 867 8539
175220004 274 568 8544
175344371 279 356 8558
175426153 276 981 8567
175756298 272 671 8601
175793777 276 719 8606
175966577 263 124 8622
176053024 277 890 8630
176135499 267 927 8638
176261658 262 590 8651
176535070 276 449 8679
176870369 261 946 8714
177109812 264 977 8738
177261363 266 388 8754
177329922 272 113 8761
177340009 260 286 8762
177548047 261 34 8783
177698951 260 43 8798
177795747 278 933 8808
177937600 264 602 8821
177947323 273 926 8822
178671669 263 777 8895
178772641 260 359 8905
178874181 262 386 8915
179407651 260 720 8969
179439540 260 212 8972
179519706 260 480 8980
179633362 266 243 8991
179653093 279 176 8993
179805723 271 55 9008
179844679 261 331 9012
180015907 275 136 9029
180026114 267 225 9030
180047091 275 418 9032
180276819 277 767 9054
180593345 276 394 9086
180656391 278 508 9092
181121133 268 406 9138
181433349 267 938 9169
181896167 263 729 9219
181961630 270 227 9226
182124147 276 851 9243
182169937 263 233 9248
182679816 275 266 9299
182906157 263 21 9321
183085635 261 292 9338
183125762 278 743 9342
183188377 268 83 9348
183219605 274 564 9351
183377997 278 681 9366
183404135 268 816 9369
184101841 274 253 9437
184263799 270 184 9452
184389567 275 193 9466
184744322 273 368 9500
184829729 261 738 9508
185073538 271 51 9532
185097765 276 675 9535
185242094 263 818 9548
185321703 272 527 9556
185394629 265 90 9564
185479579 277 195 9573
185693399 274 244 9595
185841671 268 281 9610
185934091 260 179 9619
186053341 265 898 9631
186381674 273 256 9664
186774657 263 68 9704
187024935 263 91 9728
187332036 272 971 9758
187503878 266 504 9775
187646703 276 547 9791
187791466 277 21 9805
187822746 269 822 9809
188169840 266 222 9843
188288347 274 152 9855
188309277 266 111 9857
188433154 279 932 9868
188454834 271 381 9870
188654630 270 985 9890
188933183 272 723 9918
188963079 260 227 9921
189109413 265 284 9937
189215538 262 893 9948
189257009 271 834 9952
189322156 269 433 9958
