1221628 195 200 29
1297590 189 367 31
2669611 183 847 66
3658565 188 441 90
3867252 199 13 95
4313394 191 392 107
5226428 197 918 129
5364727 186 799 132
6234740 192 931 154
6264744 182 462 155
6488295 182 753 160
7646179 182 659 189
8952867 196 705 223
9619545 194 527 240
9831314 197 144 246
10057474 190 335 252
10510428 184 722 263
13657543 185 119 341
14294321 189 648 357
14625755 186 956 366
14783358 188 484 370
15050825 193 165 376
15260823 193 224 381
16782033 180 682 419
17588926 192 542 439
18262104 186 237 456
18836890 184 837 471
19215420 186 952 480
19532541 186 409 488
21190598 192 199 528
22549266 187 303 561
22714846 185 169 565
22999586 193 411 572
24325764 180 819 607
24921532 184 524 622
25108429 189 255 627
25720003 180 291 643
27830558 186 477 694
28343637 182 364 707
28672718 190 510 715
28720334 199 241 716
28817611 183 147 718
29236113 195 965 729
29511537 198 28 736
29671900 192 522 740
29712741 184 168 741
29982627 183 19 748
32348236 192 750 807
32900526 187 269 821
33025459 181 450 824
33298114 180 973 831
33374556 182 989 833
33805763 198 464 844
34021140 187 106 849
35141219 183 65 876
35646129 187 725 889
37237788 191 168 929
38653268 182 70 966
39560303 194 702 988
41238966 180 956 1028
41268966 184 928 1029
41776566 190 372 1042
42498125 190 690 1060
42999127 188 689 1073
43641264 197 570 1090
44139904 181 212 1102
44770321 199 590 1118
45440104 195 351 1134
45513214 182 192 1136
45627329 188 754 1139
47428077 194 179 1185
48453113 187 83 1211
49184853 189 572 1229
49542952 184 9 1238
49672911 182 12 1241
50738168 182 401 1268
51563861 190 4 1288
51807943 183 61 1294
52366655 195 252 1308
52487691 185 236 1311
53611291 180 51 1340
53651742 188 17 1341
53967964 180 47 1349
54050060 191 277 1351
54200212 197 526 1355
54950702 188 490 1374
55105449 184 583 1378
56019408 182 123 1401
56482022 197 853 1412
56752713 192 473 1419
57403521 197 700 1435
57917593 181 849 1448
58313714 188 123 1459
59192727 190 361 1481
60678775 190 658 1517
62372788 193 272 1558
62463361 198 363 1560
63098363 189 129 1576
64330966 194 457 1606
64503904 186 868 1610
64911799 185 988 1620
65982562 185 468 1647
66657461 182 340 1665
68818923 188 334 1718
69025549 191 578 1723
69388756 182 956 1733
70656571 185 52 1765
70827990 191 243 1769
71532596 191 252 1787
72137449 189 42 1802
72520485 183 98 1811
73667349 189 78 1839
74418326 185 244 1857
74687555 185 195 1864
74849667 194 310 1868
75667290 188 78 1888
76324803 185 696 1904
76585818 185 540 1910
78452518 183 776 1955
79156205 197 620 1973
80156661 184 196 1998
80443152 190 149 2005
80868368 193 656 2016
81141613 192 762 2023
82859900 186 713 2066
83096756 181 26 2072
83214673 191 95 2075
83302051 191 633 2077
83492102 181 146 2082
83621474 187 901 2085
83880734 180 318 2091
84483096 187 259 2106
84601726 189 640 2109
85059883 190 606 2120
85900523 181 10 2141
86159987 189 972 2148
86405387 184 205 2154
86760932 183 406 2163
88051115 196 601 2195
88128632 192 266 2197
88659186 192 104 2211
89099357 185 183 2222
89294769 191 748 2227
90311440 181 233 2252
91068469 185 489 2270
91737023 191 607 2286
93093226 190 692 2322
93459627 196 81 2331
94080712 186 689 2346
94199572 188 811 2349
94238971 199 318 2350
94555865 195 226 2358
95219492 184 65 2374
95620712 193 546 2385
95899771 192 766 2393
96388725 190 144 2405
96596416 189 87 2410
98059449 196 140 2446
98096233 197 714 2447
98694421 187 156 2462
98812914 182 784 2465
99427847 188 531 2481
100045644 180 740 2496
101973290 196 412 2542
102046775 199 772 2544
102511559 191 986 2556
102628962 198 907 2559
102712000 194 924 2561
103283381 193 828 2576
103469362 198 935 2581
104466666 180 195 2606
104496666 190 339 2607
104778779 185 842 2614
105041256 193 807 2620
105119422 192 827 2622
105753745 186 135 2638
106326269 180 666 2652
107250556 192 782 2675
107450300 194 247 2680
109818091 183 757 2738
110149615 185 443 2747
111354396 186 322 2776
112398684 198 143 2802
112492165 185 418 2804
113792795 196 635 2837
116726505 185 308 2911
117399652 193 466 2928
117515391 194 764 2931
117808938 184 244 2939
117945205 198 357 2942
119264362 183 212 2974
119684241 195 602 2985
120894539 194 898 3061
120923264 191 597 3064
120984462 184 768 3070
121001606 195 383 3072
121345522 197 487 3108
121744271 195 744 3148
122170192 186 403 3190
122381239 191 603 3211
122529781 190 330 3226
122767294 186 345 3250
123012212 194 741 3276
123354351 192 163 3310
123493006 196 181 3324
123637888 183 947 3337
123753536 182 760 3349
123946562 192 267 3368
123958371 189 896 3369
124302248 186 311 3405
124382281 198 71 3413
124495324 187 25 3424
124505598 185 787 3425
124691805 190 724 3443
124711834 181 202 3445
124805040 187 4 3454
124856309 187 512 3459
124894346 187 312 3463
124908379 189 378 3465
125022991 180 258 3477
125457909 199 56 3521
125706330 197 445 3545
125826014 193 88 3557
126028388 181 618 3578
126235270 184 780 3598
126299514 197 876 3604
126378494 189 558 3612
126518891 180 931 3625
126545669 191 61 3628
126632020 194 824 3637
126651651 191 245 3639
126695308 186 99 3643
126962901 196 489 3669
127181086 189 584 3690
127208626 185 964 3693
127333542 195 43 3706
127446808 195 863 3718
127465837 183 275 3720
127681741 181 181 3742
127766880 181 836 3750
127882926 188 915 3762
128127187 183 591 3788
128179540 191 194 3793
128360049 183 994 3812
128442013 181 438 3820
128484326 196 534 3824
128733325 194 553 3848
128762064 192 579 3851
129036510 194 410 3877
129269946 189 826 3901
129365214 189 126 3910
129440810 188 528 3918
129527088 195 563 3927
129682823 198 907 3942
129762992 197 147 3951
130047100 199 706 3980
130298094 197 931 4006
130304367 183 300 4007
130494447 197 230 4026
130618746 192 863 4038
130718429 194 130 4048
130729501 183 960 4049
130801135 182 382 4056
130892683 195 368 4065
131185359 192 818 4094
131273854 185 786 4103
131560035 187 657 4133
131602841 190 29 4137
131642021 181 243 4141
131650211 183 477 4142
131797284 182 983 4156
131818241 188 73 4158
132397264 190 112 4216
132420244 194 787 4219
132645034 191 69 4242
132751717 195 123 4254
132897250 180 476 4268
132908900 180 45 4269
132920536 199 98 4270
132948275 192 384 4273
133011108 196 314 4280
133291197 182 637 4309
133366046 187 361 4316
133377533 184 905 4317
133415888 185 234 4321
133450241 186 4 4324
133932188 191 860 4372
134013833 192 178 4380
134213916 198 120 4400
134236203 199 603 4402
134371634 193 67 4415
134510778 189 841 4429
134915916 190 685 4471
135481671 186 553 4528
135863711 185 857 4567
135952593 195 72 4576
136309194 196 671 4613
136777293 196 364 4661
136910716 192 977 4674
136963468 185 188 4679
137246896 187 335 4710
137268958 182 952 4712
137329503 199 762 4719
137404743 182 96 4727
137706746 186 161 4757
137813313 183 541 4768
137865702 181 14 4773
137927825 193 425 4779
137936738 191 355 4780
138015775 183 584 4789
138045843 196 614 4792
138062519 180 586 4794
138173294 183 21 4805
138182413 180 415 4806
138463232 186 200 4833
138509641 181 71 4837
138637975 197 883 4850
138719090 190 339 4858
138822305 180 893 4869
138938934 187 750 4880
139225967 182 812 4908
139237945 193 978 4909
139265139 188 569 4912
139808186 189 303 4970
139819053 199 695 4971
139936610 195 915 4983
140003464 187 711 4990
140125209 191 197 5002
140199843 196 505 5009
140426860 196 88 5033
140470997 188 260 5037
140492582 185 254 5039
140598638 182 5 5050
140763972 190 459 5065
140971327 190 173 5088
141302274 185 92 5121
141408976 192 580 5132
141463574 185 300 5137
141554004 182 290 5146
141576104 195 861 5148
141781592 186 713 5170
141848202 191 66 5177
141921852 192 817 5185
142237119 197 93 5219
142298492 180 632 5225
142408130 196 334 5236
142505642 182 754 5246
142566508 199 714 5252
142590313 199 194 5254
142875028 180 477 5281
142881532 191 258 5282
142922872 186 995 5286
142987960 195 728 5293
143055264 182 917 5299
143132213 180 521 5307
143150816 191 321 5309
143180016 181 525 5312
143275967 199 704 5322
143406515 188 128 5335
143480828 184 121 5342
143591010 193 622 5353
143650038 197 802 5359
143890856 185 280 5385
144027071 188 272 5399
144046826 196 630 5401
144296935 187 727 5427
144340457 180 642 5431
144500865 188 198 5447
144581472 188 41 5455
144594335 196 892 5456
144644468 192 787 5461
144743889 195 370 5472
145045351 195 78 5502
145151919 193 893 5512
145204834 199 896 5517
145241938 195 296 5521
145263184 192 197 5523
145580793 191 717 5556
145611699 193 763 5559
145630351 186 777 5561
146033502 189 403 5604
146045731 188 242 5605
146293357 181 54 5629
146399026 197 969 5639
146598860 194 836 5659
146609450 194 289 5660
146688005 192 2 5667
146774413 196 87 5676
146937098 199 397 5693
146955408 186 338 5695
147001776 183 404 5700
147199953 181 446 5719
147309048 181 770 5730
147459974 194 629 5745
147570732 191 993 5756
147602490 186 137 5760
147668231 182 914 5767
147766394 185 943 5777
147804815 190 380 5781
147907448 189 587 5792
148022548 193 866 5804
148071642 190 497 5810
148331486 194 612 5837
148425240 185 180 5846
148645778 188 170 5870
148695077 196 668 5875
148725964 195 809 5878
148774137 180 612 5882
148807591 196 188 5885
148883951 189 909 5893
148995925 191 909 5904
149067211 182 654 5911
149184809 194 853 5922
149502117 190 493 5954
149666063 198 413 5971
149807206 198 906 5986
149881562 182 285 5993
150011687 182 382 6007
150385437 191 19 6046
150604090 191 176 6069
150635059 182 768 6072
150728715 190 341 6081
151082765 180 792 6116
151185044 180 20 6126
151315512 198 890 6139
151396341 191 496 6147
151437276 197 896 6151
151740873 180 823 6181
151985191 192 40 6205
152038920 181 608 6210
152188294 181 858 6225
152496805 188 703 6257
152869945 198 794 6293
152930198 185 161 6299
153006110 189 416 6307
153130984 182 344 6320
153449374 192 433 6352
153674904 192 626 6374
153802130 194 643 6387
154050562 185 412 6413
154224803 180 943 6431
154451887 187 39 6453
154636309 196 775 6471
154644020 182 642 6472
154656114 193 574 6473
154685243 184 727 6476
154938238 183 190 6501
155211632 181 974 6528
155283214 180 466 6535
155422892 195 319 6550
155435892 196 287 6551
155642298 183 911 6572
155769299 198 709 6585
155893837 190 759 6598
156070674 187 342 6615
156080562 180 3 6616
156102627 184 325 6618
156377995 190 312 6645
156574261 193 203 6666
156669520 181 537 6675
156964906 182 75 6703
156973217 197 866 6704
156981997 189 876 6705
157021901 191 740 6709
157030618 194 469 6710
157112677 180 57 6718
157154546 193 378 6722
157292123 186 328 6736
157415014 188 18 6748
157463302 180 667 6753
157476088 195 973 6754
157661879 189 670 6772
158063477 185 971 6813
158130228 181 24 6820
158461607 182 828 6853
158485997 181 194 6856
158502352 195 654 6858
158657201 198 944 6872
159012641 199 551 6908
159077224 192 620 6915
159221408 198 399 6929
159352083 198 328 6942
159363886 181 130 6944
159695733 192 166 6980
159726977 191 604 6983
159834925 192 470 6996
159846184 193 815 6997
159908852 181 34 7004
159939656 185 450 7007
160257193 193 350 7039
160373932 180 697 7051
160592243 191 497 7072
160975571 185 856 7109
161366964 199 67 7150
161488982 186 356 7162
161508815 186 918 7164
161679197 187 206 7182
161967783 181 502 7212
162638958 197 143 7282
162767519 193 342 7295
162785346 180 392 7297
162876913 191 45 7306
162980250 198 925 7317
162987191 183 827 7318
163052966 182 633 7325
163116224 192 959 7331
163316351 186 147 7351
163338404 194 368 7353
163437174 197 202 7363
163579156 198 523 7377
163732546 187 944 7392
163885464 195 408 7408
164161562 199 479 7435
164471761 193 818 7465
164550481 193 406 7473
164668954 197 81 7485
164741013 182 909 7492
164931287 196 837 7510
165042695 194 222 7522
165121711 190 650 7529
165129604 180 753 7530
165534099 190 461 7571
165558911 193 93 7573
165687121 197 96 7585
165782410 189 745 7595
165852673 190 730 7602
166081972 189 86 7625
166524303 199 49 7671
166715039 193 586 7691
166922862 182 2 7710
167002966 192 9 7718
167069763 180 676 7725
167189540 192 253 7737
167563774 192 714 7774
167743446 198 744 7792
167945269 184 248 7812
168063086 190 990 7824
168207096 197 19 7838
168442149 187 17 7861
168482797 197 879 7866
168562001 187 103 7875
168619764 198 720 7881
168810852 197 378 7901
168885442 181 600 7908
168919034 188 456 7911
169139971 189 918 7934
169280208 187 668 7949
169394669 192 772 7960
169413484 191 262 7962
169594945 196 638 7979
169654013 191 293 7985
169872568 185 959 8007
169895709 185 50 8009
169943128 180 643 8014
169988871 183 416 8019
170227506 199 762 8043
170408598 199 939 8062
170660535 191 43 8087
171028856 180 391 8123
171075582 181 150 8127
171222721 184 348 8142
171262006 197 885 8146
171486086 187 405 8169
171506484 185 128 8171
171518682 187 348 8172
171570638 193 543 8177
171590912 182 674 8179
171646761 197 737 8185
171797647 183 111 8199
171851178 196 835 8204
171862487 194 77 8205
171883370 184 176 8207
171927972 181 451 8212
172044633 187 90 8223
172092143 191 822 8228
172105143 189 632 8229
172122103 194 447 8231
172181713 195 514 8237
172365641 193 851 8257
172444101 183 283 8266
172907810 199 607 8313
173151364 188 745 8336
173186443 187 881 8339
173229680 196 888 8344
173639243 195 146 8383
173743586 185 477 8394
173785889 181 369 8398
173825438 182 189 8402
173855040 182 476 8405
174089048 193 85 8429
174179947 191 330 8438
174535967 189 206 8475
174613421 193 147 8482
174672915 183 147 8488
175043725 180 776 8527
175492720 196 844 8574
175691285 186 402 8594
176287533 192 16 8654
176361104 184 200 8661
176369754 195 820 8662
176467330 196 405 8672
176575532 184 783 8683
176584986 186 24 8684
176605240 185 267 8686
176942311 180 792 8721
177041309 188 586 8731
177082235 192 757 8735
177231456 181 159 8751
177438418 195 893 8771
177558656 194 205 8784
177623785 196 900 8790
177635292 184 643 8791
177727610 199 316 8801
177912605 199 463 8819
177924600 197 933 8820
178062965 199 851 8834
178423808 188 246 8871
178615566 197 797 8889
178690510 189 512 8897
178698443 180 670 8898
179222451 190 786 8951
179257410 181 293 8954
179307458 189 679 8959
179559706 199 383 8984
179603863 196 430 8988
179614093 189 788 8989
180177554 180 148 9044
180412354 183 603 9067
180463019 180 178 9072
180536249 199 660 9080
180737943 192 9 9100
180869001 199 466 9113
181346324 194 619 9160
181592251 185 293 9186
181660949 191 395 9193
181990348 190 99 9229
182162274 193 321 9247
182208728 182 52 9252
182220729 198 981 9253
182239565 195 785 9255
182335309 191 630 9264
182434183 193 222 9275
182488352 182 333 9280
182497222 190 442 9281
182754760 191 994 9306
182787170 181 488 9309
183097045 187 969 9339
183457087 190 57 9375
183558597 182 709 9384
183755053 191 877 9402
183768053 187 595 9403
183785856 198 249 9405
183990962 196 177 9426
183997976 181 962 9427
184136215 190 811 9440
184165200 185 17 9443
184229127 183 885 9449
184274734 194 99 9453
184441174 184 21 9471
184583566 193 617 9485
184679844 194 98 9494
184721229 189 579 9498
185037477 196 707 9528
185130237 191 567 9538
185288744 189 986 9553
185531534 181 376 9579
185809270 197 788 9606
185836606 192 878 9609
185916442 191 411 9617
186034720 187 747 9629
186100608 193 574 9636
186172744 185 343 9643
186358058 182 200 9661
186530422 185 431 9679
186802954 192 347 9707
186819792 180 225 9709
186973553 190 55 9723
187387822 197 657 9764
187513620 191 150 9776
187583916 188 850 9784
187808174 181 105 9807
187842840 180 682 9811
188524727 198 42 9877
188694113 198 871 9894
189022295 199 143 9927
189074988 196 459 9933
189154173 191 949 9942
189346759 180 973 9960
189595291 194 555 9985
