626727 220 531 14
1293587 234 723 31
1694245 223 791 41
1973506 222 216 48
2490238 221 752 61
2667843 236 507 66
3393355 237 993 83
4135223 238 858 102
4182031 236 583 103
5826307 224 321 145
6037392 223 575 150
6295512 220 486 157
6590927 223 160 164
7728437 239 665 192
8565524 235 70 214
9009441 227 491 226
9209383 235 158 231
9288319 221 660 233
10270301 237 293 257
10517975 226 109 263
10599157 231 154 265
10641412 227 921 266
11082887 220 675 277
13024305 225 680 326
13228756 234 6 331
13879076 238 977 348
14061442 229 556 353
15134586 222 827 381
15267484 223 644 384
15312983 227 768 385
16379305 227 328 412
17033942 230 227 428
17792093 237 270 447
17871480 222 477 449
18761875 225 825 472
18971289 237 186 477
19056386 233 576 479
19838075 229 739 499
19873882 234 156 500
20280474 239 107 511
20480094 223 599 516
21417014 237 905 540
22836797 230 99 575
23915031 231 138 602
24033138 229 910 605
24070700 237 347 606
24561346 223 302 619
24757467 237 513 624
24833660 238 877 626
25420663 222 351 641
27807767 227 948 701
28767227 221 122 725
29121325 239 329 734
30365643 235 305 766
30439629 235 699 768
31160228 230 672 786
31806671 235 499 802
33904992 226 777 854
34080193 228 325 858
34114258 235 699 859
35103334 230 301 883
35192433 234 568 885
36130334 238 794 909
36276165 236 330 913
37590520 221 529 945
37661472 237 479 947
38498422 225 392 967
38919739 224 791 977
39171238 221 210 983
39808182 229 829 999
40711533 227 933 1021
41284072 227 542 1035
41359245 238 903 1037
41482960 228 714 1040
41597798 239 109 1043
42318303 229 90 1062
43162469 237 645 1082
43292399 236 543 1085
43738612 222 813 1096
43996525 231 71 1102
44444868 236 50 1113
44567440 220 201 1116
44613095 231 278 1117
44697686 227 386 1119
44916407 225 482 1125
45260290 233 809 1134
45778751 239 905 1147
46311942 235 37 1160
46443179 222 226 1163
46740902 231 808 1170
48180101 221 489 1206
48738632 231 886 1219
48772593 227 592 1220
50847675 237 785 1271
51446122 226 651 1286
51638412 236 598 1291
52237679 235 522 1306
52431570 232 489 1311
52512923 235 244 1313
52716165 238 600 1318
52924018 234 134 1323
53733131 220 605 1343
54014433 220 271 1350
57129836 230 653 1427
58241239 226 193 1455
58413670 227 263 1459
59879893 226 412 1494
60048485 221 119 1498
60330263 222 751 1505
60741536 222 19 1515
61077689 226 298 1523
61149377 223 756 1525
62047254 222 653 1548
62378271 233 563 1556
62773248 220 239 1566
63351664 233 111 1580
63587403 221 605 1586
64080097 233 803 1598
64505982 220 201 1609
64753081 229 354 1615
66076895 237 956 1648
66753388 228 188 1665
66796354 232 718 1666
67722042 222 863 1690
68751552 226 428 1717
69273419 230 461 1730
69364907 229 935 1732
69592831 239 751 1738
69779042 235 606 1743
71022341 222 213 1774
71153616 230 379 1777
72226625 237 375 1802
72377422 227 160 1806
74888724 224 260 1867
75013910 225 947 1870
75360836 235 375 1878
76575366 235 639 1909
76765901 239 142 1914
77369851 225 620 1929
77844703 235 146 1941
78329900 221 3 1953
78532579 238 542 1958
79067168 227 398 1971
79902140 224 259 1992
80298114 223 601 2002
80731746 227 954 2013
81775239 227 796 2039
83418178 224 242 2078
83907469 224 138 2090
84174556 231 404 2097
86313975 233 659 2150
86480833 221 110 2154
87071804 223 693 2168
87202473 230 736 2171
87879132 231 77 2188
88775328 235 112 2210
89167699 224 933 2220
89358622 223 595 2225
89509261 235 112 2229
89969501 226 545 2241
90168037 229 246 2246
90314048 222 570 2249
90906824 222 853 2264
92546179 226 342 2305
93092189 232 162 2319
93335580 225 173 2325
94470380 231 527 2353
94959200 226 1 2365
95520158 228 651 2379
95940939 237 649 2390
96292615 236 198 2399
97084727 223 996 2419
97277540 225 218 2424
97539581 223 175 2431
97609403 238 992 2433
97639403 224 466 2434
99206376 226 365 2473
99442412 227 802 2479
99519618 225 317 2481
99666949 220 161 2485
99795242 220 140 2488
99978369 239 605 2493
103314358 237 62 2577
103723557 224 317 2587
104126723 226 664 2597
104570030 222 133 2608
105950069 227 776 2640
107615627 227 447 2682
109187489 225 792 2723
110976890 235 529 2767
111881986 239 354 2790
112743441 236 817 2812
113094053 235 862 2821
113535250 232 72 2832
113935531 220 814 2842
115118658 223 866 2874
116158758 232 126 2900
116191670 233 652 2901
116406596 229 24 2906
117245178 226 63 2927
119490986 235 351 2982
119796553 231 836 2990
120221604 236 218 3000
120694238 226 306 3012
121173567 220 298 3024
121333286 229 54 3028
121458167 220 821 3031
122220010 224 304 3050
122573380 220 662 3059
123965203 223 928 3094
124541348 226 118 3108
125572062 233 244 3133
125933786 230 782 3142
127556629 226 467 3182
127601044 233 259 3183
128136265 236 41 3196
128177205 220 791 3197
128255176 223 6 3199
128432369 228 12 3204
128604950 236 358 3208
128855099 228 408 3214
129860583 234 652 3239
130171948 220 675 3247
130725529 231 898 3261
131020039 226 369 3268
132426476 221 737 3304
135280683 238 812 3374
136024041 233 494 3392
136309964 237 840 3399
136717111 237 20 3409
138350946 226 133 3450
138423848 224 408 3452
138718442 234 99 3460
139364076 233 88 3476
139394076 231 257 3477
139575957 233 580 3482
139939963 232 577 3492
140549675 230 220 3507
141019034 224 464 3519
141166517 237 976 3523
141792358 228 736 3539
141830964 234 75 3540
143324188 238 604 3576
144293736 227 361 3600
144531132 232 539 3606
145189705 232 761 3623
145296069 227 78 3626
146119972 238 292 3646
146340051 236 987 3651
147848762 221 77 3689
148190855 238 941 3697
148260877 239 659 3699
149004982 232 653 3717
149975436 223 653 3742
150021633 228 730 3743
150142766 223 243 3746
150434090 220 240 3754
150597930 230 890 3758
150865122 237 322 3765
151182743 224 514 3773
151266520 224 333 3775
152081039 234 519 3795
152373631 225 168 3803
153042689 225 301 3820
154794454 229 591 3863
155336376 238 391 3877
156123875 237 365 3897
156484245 220 335 3906
157108055 221 391 3921
157404278 239 899 3928
158372769 229 657 3951
158486742 225 462 3954
159311799 226 522 3974
159682105 225 282 3983
161620745 229 346 4031
162032974 226 486 4041
162554114 233 349 4055
162702223 226 79 4059
162777636 231 570 4061
162818034 234 830 4062
162931326 234 133 4065
163195817 239 898 4072
163395775 224 618 4077
164146229 239 478 4097
164264280 236 154 4100
164545047 222 867 4107
165205537 238 538 4124
165252297 233 553 4125
165451891 226 441 4130
165850138 231 798 4140
166555322 226 483 4157
166894781 229 948 4165
167225500 223 277 4173
167343789 239 169 4176
167756604 238 299 4186
167794919 228 710 4187
169726090 221 90 4236
170698829 227 901 4260
171021813 231 957 4268
171328615 239 902 4275
172113524 229 665 4294
172525321 238 912 4305
172814948 221 932 4312
173153211 236 621 4320
173605961 235 14 4331
174067626 238 306 4343
174726740 229 573 4359
175019781 220 967 4366
178463842 223 889 4453
178875681 235 347 4464
179047972 237 958 4468
179209727 227 978 4472
181181599 236 732 4522
182357003 235 699 4552
183803423 229 878 4587
184156222 224 982 4596
184843984 238 650 4612
186029169 235 706 4642
186432062 239 480 4652
186697340 236 119 4659
186818216 238 609 4662
187142737 234 5 4670
187306690 226 407 4674
187513283 226 666 4679
188544130 231 765 4705
189104955 221 479 4718
189218580 237 537 4721
189685666 230 533 4732
189715666 238 521 4733
190162093 232 441 4745
190436529 235 496 4751
191181244 221 992 4770
191361771 228 144 4774
192050785 222 834 4791
192123814 229 952 4793
192296370 220 674 4797
192962923 235 67 4814
193455342 234 114 4826
194008418 232 107 4840
195411612 221 574 4876
195697776 238 851 4883
196147776 235 919 4895
197643593 221 905 4933
198089414 223 927 4944
199001954 238 667 4967
199174573 227 658 4971
199614206 227 727 4982
200153076 224 332 4995
200652947 236 47 5007
200764683 230 842 5010
201097390 238 141 5019
201447535 235 4 5027
201750802 231 566 5035
201829849 237 613 5037
202381913 221 910 5051
203124502 223 712 5070
203639939 220 84 5083
203835178 223 200 5088
203923509 224 247 5090
204252281 222 942 5098
204363327 233 238 5101
204516887 226 240 5105
205048090 222 325 5118
205275412 225 754 5124
205571016 220 155 5131
206618374 233 565 5158
206941108 228 14 5166
207867542 235 844 5188
207988959 226 436 5191
208184585 237 309 5196
208527510 238 827 5204
209437407 233 242 5227
209695790 236 799 5233
210050916 223 928 5242
210919219 238 847 5264
210960844 233 539 5265
211407314 229 589 5276
211555499 223 354 5280
211836737 232 235 5287
212447636 226 174 5302
212916911 231 951 5313
213279946 230 337 5322
213829342 222 42 5336
214295729 221 152 5348
215667925 235 197 5383
216107020 222 255 5394
217423848 226 371 5428
217826204 233 342 5438
219080760 236 531 5468
219153097 238 851 5470
219649731 235 377 5483
221243865 224 250 5523
222502702 225 771 5555
222764441 235 574 5562
222956290 232 805 5567
223106916 236 994 5571
224273691 225 443 5600
224777009 223 362 5612
225210261 234 199 5623
226103688 221 997 5645
227122380 230 486 5671
228118350 227 431 5696
228352621 233 776 5702
228566374 236 980 5708
229601255 226 773 5734
229673716 225 691 5736
229879735 238 198 5741
230387328 238 848 5753
230461285 224 159 5755
230584303 221 35 5758
231035274 236 15 5770
231194350 239 597 5774
231519756 232 234 5782
232327756 223 109 5802
233015161 222 915 5819
233051609 229 905 5820
233261172 235 919 5825
235022441 237 79 5869
235512047 222 960 5881
235629173 221 787 5884
237412601 235 940 5929
237458149 232 326 5930
238977445 239 183 5967
239132535 229 467 5971
239313965 231 993 5975
239363965 238 38 5976
239501103 223 295 5979
239836302 236 575 5988
240275648 229 367 5999
240394903 235 431 6002
240460881 235 949 6004
240873499 230 251 6014
241645095 237 747 6034
242384907 220 268 6052
242923435 231 425 6066
244822465 237 406 6114
246995275 232 798 6168
247219275 236 589 6174
247590907 236 477 6184
247923404 234 50 6192
248702648 235 476 6211
249033302 231 168 6219
249934414 225 883 6241
250110697 226 820 6246
251019728 231 926 6268
251495163 234 93 6279
251833644 236 967 6288
253196977 229 996 6324
253861075 220 567 6341
254660085 229 492 6361
254908109 228 468 6367
255575071 237 65 6384
255769055 238 910 6389
257559712 230 513 6433
257716027 225 592 6437
258069966 234 280 6446
258789015 236 797 6465
259051072 222 649 6471
259331527 220 982 6478
260598478 228 965 6509
261465192 225 865 6531
261872995 223 894 6542
263688671 221 774 6586
264111539 233 967 6597
264592598 221 677 6609
264950333 226 288 6618
265293061 232 956 6626
265371948 235 548 6628
266072242 221 157 6645
267217585 224 189 6674
267379364 222 104 6678
267547397 237 736 6682
268014480 237 195 6694
268239295 228 608 6699
268709339 239 873 6711
269523540 221 860 6731
270099278 229 225 6746
270264140 230 148 6750
270902797 221 47 6765
272243464 226 595 6798
273513082 235 13 6830
273839298 233 333 6838
274041983 233 365 6843
274168022 235 636 6846
274521614 223 303 6855
274854900 222 595 6863
275595405 236 317 6882
275818209 230 191 6888
275890308 233 383 6890
277446770 236 994 6929
277476770 230 495 6930
278404119 223 984 6953
279605169 221 942 6983
280756580 238 554 7012
281269646 224 18 7025
281504499 222 464 7031
283866566 238 464 7091
284432918 236 752 7105
284635435 231 6 7110
284742882 226 938 7113
284781595 223 189 7114
285275364 227 429 7126
286337461 220 226 7153
286719163 229 165 7162
287542981 223 435 7182
288452000 226 330 7205
288501733 232 886 7206
289009581 220 296 7219
289577468 233 392 7233
292468465 224 137 7304
292819613 233 698 7313
293870607 223 655 7340
295279191 222 457 7375
295329191 231 665 7376
296080407 221 411 7394
296474665 233 776 7404
297459847 222 92 7429
299605048 222 398 7482
299753874 235 594 7486
300020392 228 206 7493
300535889 232 364 7505
300855827 221 115 7513
301014957 228 200 7517
301288473 238 703 7524
301486768 236 454 7529
302172267 238 866 7546
302840965 236 752 7564
302877357 235 395 7565
303305416 236 38 7576
303499042 239 489 7581
303677446 237 136 7586
303754886 235 920 7588
304373040 221 809 7604
304829336 231 115 7616
305080874 223 298 7622
306878385 220 505 7667
307249391 235 464 7677
308541913 221 166 7709
308867240 231 478 7717
309074007 225 769 7722
309471035 221 402 7732
309961457 233 618 7744
311305208 225 929 7778
314164936 236 754 7851
314241008 228 767 7853
314427579 224 535 7858
314606445 226 442 7862
314754679 224 610 7866
315898905 226 641 7894
316182420 236 704 7901
316970676 226 501 7921
317426028 239 832 7933
317951861 229 119 7946
318078436 227 38 7949
318171916 223 961 7951
318344427 228 543 7955
318779423 229 710 7967
319631321 225 245 7989
320151037 227 212 8002
321048456 233 926 8025
321797329 223 893 8043
322077736 224 722 8050
322173242 226 126 8052
322345105 221 875 8056
324278044 223 855 8104
325384919 236 180 8131
325557971 234 270 8135
325975118 239 124 8145
326535341 228 143 8159
326836489 232 546 8167
327673476 233 96 8188
328067756 226 463 8198
328178315 222 992 8201
328285046 220 862 8204
329571551 233 63 8236
329650369 235 556 8238
330980053 221 846 8271
331261060 226 840 8278
332189409 232 234 8301
332349949 237 786 8305
332541131 232 945 8310
332845129 234 87 8318
333556792 220 901 8336
334525882 229 387 8361
336109379 224 747 8400
337005785 227 849 8422
338225163 233 871 8452
338628467 223 101 8462
341644296 236 805 8540
341724307 238 783 8542
341994261 237 172 8548
342736509 235 571 8566
343245151 238 88 8579
343936426 237 385 8596
344086082 221 816 8600
344422089 225 673 8608
344643113 229 421 8613
344754013 223 715 8616
345193557 221 168 8627
346186898 221 973 8651
347008345 229 843 8672
347077659 228 389 8674
347127601 226 77 8675
347165740 238 882 8676
347215213 237 28 8677
347661775 238 738 8688
347988373 221 229 8696
348108749 227 807 8699
348697246 236 15 8714
349125698 229 168 8725
352419905 222 282 8807
352969027 238 161 8821
353170532 227 892 8826
353246618 235 485 8828
353588582 230 949 8837
353970913 230 647 8846
354499654 222 408 8859
355140221 226 704 8875
355322913 232 223 8880
355403851 229 41 8882
355801865 224 140 8892
356516469 232 722 8909
359251819 237 502 8976
359709308 238 151 8987
362665813 230 608 9060
362826322 230 179 9064
362945746 224 977 9067
363107296 229 62 9071
363185870 227 68 9073
363261145 233 299 9075
363355880 229 915 9077
363791430 235 288 9088
364631265 225 529 9110
364672893 231 965 9111
365184062 225 288 9123
365561404 224 601 9133
366145112 227 518 9148
366375920 237 824 9154
366759864 239 235 9163
366803552 232 407 9164
366963457 237 922 9168
367367832 239 495 9178
368109695 233 166 9197
368459596 238 129 9205
368795530 221 967 9213
369071252 235 150 9220
369754087 237 865 9237
370406888 226 806 9254
371428637 220 339 9279
371817716 225 26 9288
372298125 225 33 9300
372505772 236 368 9305
372916510 220 684 9316
373128064 228 337 9322
373635226 227 500 9335
374008940 238 492 9345
374257604 237 784 9351
375483266 238 342 9382
375787640 229 295 9390
376391837 224 981 9405
376558500 221 57 9409
377080499 238 820 9422
377403460 229 20 9430
377437530 235 885 9431
377965646 231 87 9444
378431472 220 306 9456
378461472 238 227 9457
380085728 228 72 9497
380543005 231 311 9508
380729004 236 533 9513
381134462 233 919 9523
382093711 223 794 9547
382391980 231 123 9555
382465964 231 481 9557
382947456 227 435 9569
383285552 236 128 9577
383693304 223 775 9587
384642803 223 645 9611
384883277 234 54 9617
385266537 225 146 9626
385426167 222 875 9630
385711821 232 755 9637
385980858 238 908 9643
386626975 229 373 9659
387192601 237 733 9673
387479193 235 837 9680
387634277 238 453 9684
387967187 236 55 9692
388225452 235 626 9699
388664173 231 338 9710
389148519 236 279 9722
389624467 230 474 9734
389744402 222 587 9737
389979127 232 29 9743
390239928 225 584 9749
390289928 229 845 9750
391467440 231 176 9779
391588092 224 922 9782
391826148 223 216 9788
392945413 221 165 9816
393046597 238 986 9819
394504263 225 476 9855
394982566 227 782 9867
395677261 220 714 9884
395721604 236 22 9885
396120309 227 228 9895
397123377 228 694 9921
397654044 236 942 9934
397854041 220 15 9939
398721321 238 258 9961
399387102 229 74 9978
400200118 236 899 9998
