1776862 61 796 43
2004350 76 535 49
2829220 76 893 70
3033650 73 174 75
4272015 76 917 105
4820755 61 666 119
6424555 70 368 160
7434157 79 285 185
7934191 76 87 197
8466620 67 924 211
8502482 70 76 212
9621567 70 93 241
9904839 61 852 248
9995656 74 457 250
10686499 70 279 267
10894402 70 333 272
10933301 75 891 273
11426250 64 558 285
14100596 69 53 354
14589570 60 834 367
15345870 61 432 386
16539018 67 785 416
18846855 74 968 474
19302774 71 956 485
19531295 60 767 491
19613287 67 920 493
20616709 79 79 520
21447525 74 20 541
21480101 68 390 542
22119500 65 629 557
22253244 77 76 560
22712618 60 638 572
22915544 74 871 577
22952389 73 880 578
22982389 75 239 579
23238508 72 187 586
23668423 64 875 596
24462922 73 664 616
26344316 79 335 664
26634318 74 265 671
26793565 70 592 675
27578062 73 909 695
27932986 77 858 704
28924282 72 558 729
29234853 62 363 737
30081907 79 141 759
30122105 78 800 760
30673627 74 815 774
30869638 63 576 779
32041888 71 309 808
32417312 72 535 817
32450407 70 328 818
32835485 67 520 828
33142278 62 522 835
34336787 70 902 865
34687288 74 80 873
34948271 62 533 879
35573690 67 199 895
35725336 61 583 899
35855871 69 778 902
36745403 61 806 924
36864621 73 723 927
37305443 70 262 938
38031334 73 107 956
38536970 69 811 968
38720560 61 636 972
39661433 63 41 995
40673818 70 64 1020
42878098 63 568 1075
43055713 74 67 1079
43242399 77 5 1084
44879813 60 225 1124
47404043 66 56 1186
47890680 60 410 1198
48944459 76 183 1224
49842938 69 900 1246
49951008 62 779 1249
50881334 60 113 1272
51399401 69 166 1285
53189299 64 64 1329
53524385 67 872 1338
54354157 64 446 1358
54770197 77 864 1368
55015886 73 147 1374
56285789 69 988 1406
57509978 62 282 1436
57707302 70 761 1441
57810014 75 268 1444
58567141 60 230 1463
59312966 62 625 1481
59829893 74 419 1493
60828936 75 85 1517
62579611 66 332 1561
63188186 74 908 1576
63474217 76 98 1583
64271495 71 527 1603
64346990 65 230 1605
64461865 75 28 1608
65237523 73 438 1627
65953224 66 447 1645
66996376 78 762 1671
67156349 67 412 1675
68825165 60 401 1719
70668130 70 115 1765
71644546 69 429 1789
72101026 65 379 1799
72833835 77 481 1817
73128167 76 880 1824
73489599 73 376 1833
73738261 62 287 1839
75056436 70 191 1871
75945688 73 468 1893
76078149 70 4 1896
76183307 72 509 1899
76371539 65 311 1904
77631583 69 242 1936
77973760 69 207 1944
78109795 76 252 1947
78174739 75 505 1949
79220124 68 879 1975
79542400 78 30 1983
81520021 66 542 2032
81952128 60 365 2043
82153474 70 7 2048
82743723 62 313 2062
83459159 62 89 2079
83823957 77 968 2088
83976406 67 870 2092
84141355 75 813 2096
85167913 79 830 2122
85660999 72 142 2134
87328545 70 639 2174
87598494 75 750 2181
87844986 62 101 2187
88294545 66 303 2198
88637245 61 178 2206
88742929 72 37 2209
89241236 67 368 2222
89542921 78 592 2230
89766629 75 508 2236
91548799 65 643 2280
92576179 71 241 2306
93445520 65 727 2328
95048701 79 352 2367
95370989 74 986 2375
95798237 65 905 2386
96668422 60 428 2409
97309721 65 326 2425
98568428 65 615 2458
98610579 79 664 2459
98657878 73 767 2460
99478445 74 476 2480
100590112 67 66 2509
101279988 76 712 2526
101436361 60 385 2530
101996445 65 22 2544
103359775 68 175 2578
104056497 62 950 2595
104197778 79 438 2599
105736645 60 94 2635
106567558 67 530 2656
107178222 76 82 2671
107226601 64 674 2672
107815198 74 321 2687
108460579 77 374 2704
108659537 75 639 2709
108997239 68 389 2718
109074096 60 203 2720
109335451 68 883 2727
109377093 63 31 2728
109748376 68 920 2737
109869327 74 537 2740
111435450 70 198 2779
111996843 73 561 2793
112627268 72 195 2809
114028397 70 699 2845
114357915 76 875 2854
117828320 62 486 2942
117954223 62 255 2945
117996566 69 541 2946
118977755 61 40 2969
121897119 69 496 3042
121943324 61 489 3043
122452481 77 457 3056
122897168 79 418 3067
124333513 61 614 3103
124868282 75 649 3116
125968456 79 988 3143
127018255 63 685 3169
128680293 76 375 3210
129262783 72 314 3224
130693339 70 108 3260
131062237 70 156 3269
132316846 65 668 3301
133677330 73 219 3335
133790441 79 525 3338
133997910 76 40 3343
134257133 65 462 3349
135360500 63 23 3376
135571261 77 192 3381
135908552 69 629 3389
136105105 71 620 3394
136182386 76 881 3396
137929486 64 170 3439
140243958 62 239 3499
140344809 69 59 3502
140478998 62 958 3505
140891989 61 484 3516
140935480 69 346 3517
141062249 72 319 3520
141368847 61 516 3528
141615327 70 93 3535
142111833 67 683 3547
142411600 61 284 3554
142531062 73 878 3557
142760818 74 661 3562
144068862 63 434 3595
144200870 77 71 3598
144862445 68 984 3615
144905736 65 252 3616
144937023 64 894 3617
145059821 60 886 3620
145760904 68 365 3637
146640556 76 683 3659
148594426 68 255 3707
149034982 72 904 3718
149152433 78 210 3721
149433966 72 649 3728
149578811 62 892 3732
150398997 69 591 3753
150950932 72 329 3767
151141112 70 179 3772
152222533 76 462 3799
152503723 66 852 3806
152642200 60 476 3810
152680487 62 854 3811
152719426 78 445 3812
153206108 63 4 3824
153780150 71 483 3838
154336107 69 155 3851
155499210 75 587 3881
155616261 70 905 3884
155834153 76 551 3889
157058055 76 395 3920
157153571 66 427 3922
157276177 63 514 3925
157568184 78 619 3932
157778906 74 1 3937
158722719 74 458 3960
158759908 62 921 3961
158800639 71 219 3962
159093169 64 144 3969
159876014 61 335 3988
160098619 61 102 3993
161047456 63 341 4017
163086784 72 670 4069
163854949 77 9 4089
164075751 68 287 4095
164229736 66 269 4099
164356968 71 701 4102
166505512 67 526 4156
166805035 66 121 4163
166852060 62 0 4164
168139700 67 942 4196
168952157 66 458 4216
169143494 69 39 4221
169178039 72 301 4222
169976701 65 75 4242
171747100 70 29 4285
172436939 65 244 4303
172625321 77 324 4307
172905469 62 35 4314
172944608 62 469 4315
173484112 69 413 4328
173920092 64 119 4339
174474577 69 110 4353
174759405 62 763 4360
175623323 62 481 4381
177660756 66 969 4432
178203303 77 476 4446
179093319 64 156 4469
179325449 68 14 4475
179425566 79 55 4478
179538194 63 134 4481
179613628 62 500 4483
180546007 69 614 4506
180945660 69 238 4516
181286278 67 242 4525
182968133 75 190 4567
183584158 77 34 4582
184284849 68 968 4599
185312761 75 903 4624
185672830 65 165 4633
185873853 64 836 4638
186392942 74 716 4651
187026553 77 597 4667
187061860 68 457 4668
187720095 62 49 4684
187795712 63 683 4686
188661479 65 705 4708
190712999 72 554 4758
191647614 69 355 4781
191721761 79 214 4783
191789244 77 503 4785
192162153 75 675 4794
192800447 75 859 4810
193407415 79 646 4825
193503927 70 936 4827
194180420 60 590 4844
194529666 72 516 4853
194565556 78 378 4854
195030354 63 291 4866
195741726 60 712 4884
196608688 62 323 4907
199134530 74 894 4970
199862976 79 477 4988
200031958 76 54 4992
204723780 65 181 5110
204885771 77 211 5114
205242814 77 352 5123
205525069 66 913 5130
205922383 71 151 5140
206039993 66 104 5143
206786319 71 413 5162
208561658 62 986 5205
208604037 79 661 5206
209079213 60 822 5218
209836820 79 493 5237
209880258 71 104 5238
210606192 62 148 5256
210713425 73 870 5259
211323160 64 833 5274
211479191 74 607 5278
212089625 71 998 5293
212166478 63 510 5295
212757471 77 265 5309
213552037 79 146 5329
214515010 72 16 5354
214914491 73 810 5364
215113477 73 847 5369
215871774 65 326 5388
216296036 69 7 5399
216336902 60 931 5400
216369736 69 706 5401
216450579 73 954 5403
216867117 64 706 5413
216987300 78 311 5416
218428274 70 660 5452
218467051 73 891 5453
218964930 64 520 5465
220036149 63 135 5493
220135556 64 558 5496
220677957 62 130 5509
220996904 65 470 5517
221478042 69 466 5529
222104684 72 428 5545
222430865 70 43 5553
223362701 71 598 5577
224057359 66 933 5594
225775123 67 625 5637
226141990 70 624 5646
227190684 61 459 5673
228455674 70 436 5705
229115989 70 291 5722
229563789 64 919 5733
230003415 67 324 5744
230953606 75 807 5768
230988960 74 889 5769
231074813 70 967 5771
231284326 78 929 5776
232151968 68 871 5798
232283697 78 558 5801
233432514 79 995 5829
233578043 77 155 5833
233901492 71 857 5841
234434771 78 52 5854
234908424 65 708 5866
235151385 75 254 5872
235550740 77 165 5882
235770905 66 941 5888
236164957 64 372 5898
236666468 69 397 5911
237002902 73 298 5919
237110059 74 325 5922
239096178 67 706 5970
240670252 75 898 6009
240995640 65 629 6017
241821342 78 840 6038
242241512 77 87 6048
243598243 60 160 6083
243878964 70 511 6090
244337436 66 935 6102
245457566 75 530 6130
246268342 71 883 6150
247261507 79 705 6175
247708254 73 738 6187
248000218 73 351 6194
248083696 68 366 6196
249131397 78 265 6221
249781877 62 876 6237
250079065 60 857 6245
250474430 61 275 6255
251652977 66 623 6283
251801384 77 710 6287
252297087 66 195 6300
252529776 66 569 6306
252993342 60 102 6319
253632871 68 40 6335
254123508 61 505 6347
254621037 70 174 6360
254772353 65 620 6364
255670707 71 208 6386
255887721 78 633 6392
257404942 60 585 6429
258369268 73 113 6454
258632308 76 426 6461
260354868 72 619 6503
260392129 71 385 6504
261607649 68 358 6535
262088993 73 783 6547
262161242 70 63 6549
262424718 75 248 6555
262555999 65 622 6558
262605999 65 479 6559
263234913 64 871 6575
265210689 64 792 6624
265338580 79 565 6627
265455069 78 61 6630
265546742 75 223 6632
265711062 79 755 6636
265795036 61 120 6638
266424723 72 529 6654
267049773 68 629 6670
267935869 67 239 6692
269353981 72 317 6727
269434053 62 852 6729
270350266 79 529 6752
270485802 63 212 6755
270579711 65 768 6757
270620627 63 545 6758
270711384 77 576 6760
270745583 62 305 6761
270863962 77 453 6764
270942670 69 749 6766
271113576 67 51 6770
271318366 78 607 6775
271831839 61 622 6788
271868555 74 166 6789
273323176 61 434 6826
274399386 63 225 6852
275446345 79 955 6878
275679451 67 989 6884
276414916 71 153 6903
276708082 62 224 6911
279082550 60 569 6970
279396529 73 634 6978
279479172 78 402 6980
280206328 69 870 6998
280465355 68 565 7005
281037155 79 226 7019
281856791 74 928 7040
282526859 76 971 7057
284605435 70 915 7109
284901025 63 57 7117
285702121 74 753 7137
287687150 73 748 7186
289497663 65 661 7231
289708324 67 490 7236
290006640 77 731 7243
290146483 62 317 7247
290603177 68 875 7258
291115049 61 996 7270
291839631 73 419 7288
292606367 62 682 7308
292981873 64 926 7317
293025418 76 166 7318
296626241 75 310 7408
297324931 60 320 7426
299401383 60 17 7477
299786508 74 799 7487
300238691 69 816 7498
301802506 65 831 7537
302302487 75 218 7550
302502741 77 992 7555
303140512 63 446 7572
304610235 63 386 7610
304721999 64 633 7613
304869978 79 859 7617
304910095 60 917 7618
304956633 71 878 7619
306023726 73 639 7645
306149511 69 624 7648
306524809 68 650 7658
307097768 65 853 7673
307485216 74 667 7683
307533211 76 619 7684
308495981 70 840 7708
308831272 77 382 7716
308953581 74 163 7719
309355818 67 148 7729
309995812 62 857 7745
311347545 61 360 7779
312947800 73 705 7820
313812653 75 204 7842
314208192 62 920 7852
314474046 65 39 7859
314714764 63 973 7865
314794216 62 110 7867
315392402 68 19 7881
315587681 78 764 7886
316473843 60 658 7908
316815876 77 963 7917
317125957 60 21 7925
320595222 78 388 8013
321304730 64 88 8031
321998321 72 610 8048
322471895 79 98 8059
323949527 71 397 8096
323997577 72 482 8097
324200155 64 998 8102
324245116 63 757 8103
324615810 74 160 8112
324769438 61 288 8116
325890635 72 380 8143
327793702 76 982 8191
328410500 75 35 8207
328963401 76 202 8221
330059187 67 814 8248
330624141 62 12 8262
330818406 66 854 8267
331931459 68 187 8295
332456679 63 586 8308
332504408 70 946 8309
333154935 67 927 8326
333939291 78 862 8346
334567525 67 515 8362
334879794 65 894 8370
335217481 75 108 8378
338267261 70 28 8453
338540624 61 814 8460
338692105 79 306 8464
338776763 78 453 8466
338940692 63 618 8470
339054298 69 684 8473
339173704 78 844 8476
339421886 65 226 8483
339797442 75 784 8492
340335539 71 936 8506
340653841 69 463 8514
341174590 67 446 8528
341772312 68 245 8543
342025511 61 516 8549
343684142 60 439 8590
343768451 65 327 8592
343848335 61 383 8594
344172689 79 44 8602
344302550 68 415 8605
344346612 67 278 8606
345954660 65 333 8645
346829697 70 593 8667
348059997 67 607 8698
348326857 68 917 8705
348969281 70 958 8721
349331510 72 395 8730
349682008 73 78 8738
350492873 62 490 8758
350613469 79 705 8761
351763614 70 309 8790
353092267 74 815 8824
353480689 68 431 8834
354809882 74 68 8867
355254182 76 716 8878
356767032 77 927 8915
356805215 61 570 8916
357056261 65 430 8922
357208076 63 69 8926
357327332 62 637 8929
357871355 70 721 8943
358857711 63 66 8967
358953750 77 519 8969
361268955 68 372 9026
361305371 60 585 9027
361526061 79 425 9032
361905779 76 15 9041
362982441 69 891 9068
363305880 77 99 9076
364070193 74 399 9095
364179084 63 956 9098
364893066 70 218 9116
364932136 71 108 9117
365838611 67 563 9140
365875813 78 947 9141
367881120 71 893 9191
367959059 62 876 9193
368235459 73 875 9200
368277195 71 287 9201
368576433 78 633 9208
369184332 63 316 9223
369941106 74 546 9242
370761977 68 594 9263
371289673 75 718 9276
371891602 67 744 9290
372262187 71 900 9299
373673736 76 735 9336
373703736 75 58 9337
373972026 72 682 9344
374457386 76 854 9356
374491951 71 140 9357
374918242 63 654 9368
375247836 79 902 9376
376019977 68 612 9396
377015037 73 383 9420
377168441 74 615 9424
377204572 77 487 9425
377648653 76 479 9436
377844182 78 897 9441
378358843 63 912 9454
379585365 65 791 9485
379631144 60 396 9486
379668677 66 475 9487
380122218 74 444 9498
380409881 62 707 9505
380775504 76 353 9514
380812253 63 681 9515
380932869 74 124 9518
381064530 67 893 9521
381458352 79 140 9531
381717755 71 742 9538
381887743 72 982 9542
382542075 70 28 9559
382632761 67 207 9561
383846765 75 935 9591
383967470 79 141 9594
384357592 61 554 9604
384763863 62 198 9614
385185862 65 253 9624
386386252 73 186 9653
387406346 62 27 9678
387833772 64 392 9689
390541389 67 244 9756
390621173 70 766 9758
392254027 63 339 9798
393365938 62 857 9827
393609430 75 383 9833
394339048 76 589 9851
394590367 60 439 9857
394947882 76 391 9866
395274834 67 981 9874
395469628 67 437 9879
395586014 67 110 9882
396465015 70 492 9904
396612004 78 740 9908
396931871 60 133 9916
398135573 63 35 9946
398631061 74 735 9959
398998282 74 417 9968
399077860 72 833 9970
