2698577 97 405 66
2742121 96 28 67
2866294 81 819 70
3166298 89 454 78
3565182 96 841 88
3654360 91 217 90
4485468 85 590 111
5463843 97 288 135
5513843 90 67 136
5704485 91 858 140
6643649 89 221 163
7800548 82 653 192
7967871 95 498 196
8009799 88 473 197
8391394 93 129 207
10087770 81 700 250
10547912 93 38 261
11524714 94 106 286
12256490 95 290 305
12295765 81 512 306
12799186 91 594 319
13380828 96 680 334
14185662 84 645 354
14259566 87 842 356
16223414 96 432 404
16261932 89 705 405
17164459 94 37 427
17580466 96 739 438
17917190 85 176 446
18405369 80 420 458
21418667 90 542 534
21527315 91 336 537
22337496 93 80 557
22769586 93 206 568
22840213 90 160 570
24219581 87 40 604
24404097 90 709 609
24687730 91 385 616
25505417 85 393 636
25799068 95 839 643
27524390 92 37 686
27730538 80 217 691
28812324 94 696 718
28852555 97 647 719
29262186 89 60 729
29444323 86 360 733
31414690 82 412 781
31786776 96 274 790
31882115 96 216 792
32051883 80 166 796
32131797 96 639 798
32956916 93 756 819
33485716 92 171 833
34264382 81 946 852
34513507 84 850 858
35000963 92 163 870
36638538 92 650 910
37331386 86 376 927
37976101 92 248 943
39059040 90 602 970
39837111 85 685 989
40689707 92 588 1010
40778312 90 228 1012
41368447 80 800 1027
41813955 88 30 1038
42254037 88 70 1049
42354811 94 271 1052
43498371 97 566 1081
44009802 95 30 1094
44464016 81 873 1105
44698381 91 464 1111
44924127 91 634 1117
45755398 88 135 1136
47210549 83 273 1171
47468831 83 405 1178
47624126 99 372 1182
47851618 93 182 1188
48326000 88 34 1200
48367459 86 296 1201
49177348 91 839 1222
49398003 93 961 1228
50373938 96 264 1254
50589366 82 954 1259
51750950 85 871 1287
52472668 98 641 1305
52711267 88 369 1311
52988390 99 535 1318
53029666 93 22 1319
53434571 89 268 1329
53682629 98 53 1335
53936867 93 493 1341
54463750 89 233 1354
54573440 81 416 1357
55883455 92 174 1390
56581723 93 35 1408
59043336 89 50 1470
59218305 96 463 1475
60367092 88 450 1503
61502338 87 391 1532
62170621 91 233 1548
63190042 99 745 1573
63283135 97 294 1575
63752280 99 676 1587
63953219 89 170 1592
64168134 97 42 1598
65309042 82 126 1628
65510111 93 29 1633
66203241 95 792 1651
67566114 95 139 1686
67692226 83 847 1689
68216484 87 319 1703
68969821 96 425 1722
69194308 99 359 1728
74383507 88 1 1859
74415889 97 351 1860
75620163 98 106 1891
76275990 91 768 1907
78700383 86 492 1967
78915794 98 372 1973
79234249 96 955 1981
79995948 92 232 2000
80208927 87 480 2005
80811426 84 52 2020
80955096 95 428 2024
82486154 91 118 2062
83254498 82 971 2081
83432282 94 557 2085
83824472 87 2 2095
83858309 97 239 2096
84186636 93 953 2104
84222726 86 902 2105
84346096 96 76 2108
85531418 87 624 2138
85739806 82 495 2143
85774858 85 866 2144
85984415 85 948 2149
86552697 80 306 2163
87168704 97 920 2178
88278617 90 57 2206
88594974 83 840 2214
88930159 93 160 2223
89806619 91 688 2246
90352025 97 340 2260
90544832 95 446 2265
91118212 89 80 2279
91677660 86 500 2294
92002798 80 809 2302
92958703 91 217 2326
93008703 86 99 2327
93301790 97 846 2334
93571641 98 476 2341
94244438 94 74 2358
95045254 82 147 2378
95385983 98 254 2386
96700433 88 12 2420
96830221 87 811 2423
98809223 96 379 2472
100003967 91 290 2501
100493442 95 475 2513
101152160 89 345 2530
101448753 98 862 2537
101934484 98 112 2549
103761510 80 712 2597
105087516 81 923 2630
105423837 91 778 2639
106655759 92 959 2669
108764523 89 618 2721
108930485 83 633 2725
109193161 80 149 2732
110499213 80 689 2762
111159792 96 804 2779
111273730 85 586 2782
111777231 90 549 2795
111970169 99 614 2800
112087142 93 632 2803
112646640 90 775 2817
113268253 86 979 2833
113402758 81 576 2836
114272085 96 556 2857
114829659 82 669 2871
114916179 97 717 2873
115725196 87 449 2894
116438805 91 806 2912
116681873 97 665 2918
117175258 98 434 2930
117561761 82 932 2940
118678710 86 669 2968
119844722 92 266 2997
119970886 84 962 3000
119993650 91 692 3002
120363051 84 751 3039
120578921 94 386 3060
120649324 98 454 3068
121171219 92 506 3121
121181055 86 530 3122
121484913 88 326 3152
121611718 80 846 3165
121855392 90 799 3190
121903207 83 369 3195
121960954 93 472 3201
122013412 99 848 3206
122061287 85 732 3211
122109792 83 886 3216
122292366 98 491 3234
122301851 88 906 3235
122340409 92 309 3239
122649053 86 342 3270
122729275 96 145 3278
122763399 89 825 3281
122905171 85 742 3297
122982937 89 601 3305
123080968 93 881 3315
123101156 99 538 3317
123508623 87 53 3357
123682740 91 868 3373
123704155 83 523 3375
123818268 93 308 3386
123943587 99 330 3398
124196373 88 677 3423
124296867 80 525 3433
124791399 83 340 3482
124989796 98 727 3502
125532766 86 975 3556
125803265 96 982 3582
126018887 80 74 3604
126385154 89 953 3642
126592243 88 265 3663
126672929 84 130 3672
126752552 96 249 3679
126827097 90 318 3687
126882102 81 274 3692
126938327 85 271 3697
127173531 97 592 3720
127248096 82 323 3728
127284208 83 758 3732
127561895 97 23 3760
127831136 81 780 3788
128090705 87 646 3814
128113896 93 243 3816
128171738 95 304 3822
128323657 91 392 3838
128820821 95 740 3888
128841859 86 385 3890
129053286 94 512 3911
129108899 96 938 3916
129321831 93 425 3937
129376167 86 397 3942
129471428 80 997 3952
129925793 88 893 3995
130223099 89 43 4026
130230671 84 208 4027
130313437 97 227 4035
130330613 88 590 4037
130826156 92 872 4087
130979516 87 666 4104
131033627 99 244 4109
131087390 93 456 4115
131671597 94 140 4173
131910725 86 666 4198
132186441 85 489 4226
132246807 91 963 4232
132304569 90 168 4238
132504438 91 210 4257
132820268 80 159 4288
132877483 82 190 4294
132927667 96 72 4299
133072126 97 59 4314
133217372 84 554 4328
133264229 95 968 4334
133507247 87 848 4359
133821336 84 224 4390
134153484 89 658 4422
134190721 94 962 4426
134324550 84 605 4440
134550979 94 69 4463
134669387 98 230 4475
134739236 91 117 4482
134829830 90 188 4491
134885546 82 17 4497
135550124 84 561 4563
135830366 86 702 4592
135885102 82 954 4598
135913782 99 232 4601
136140419 90 868 4625
136159692 85 808 4627
136276046 94 67 4638
136443416 98 204 4656
136745081 99 610 4687
137200610 96 196 4732
137444193 85 942 4757
137453647 99 460 4758
137818646 96 896 4794
138284102 97 224 4840
138657385 90 289 4877
138943049 94 322 4906
138978240 93 476 4909
139513187 98 919 4964
139566049 80 40 4970
139699322 95 25 4984
139993215 97 372 5014
140026849 99 234 5017
140116345 81 74 5026
140226718 86 56 5037
140361904 80 766 5050
140441246 84 397 5058
140620312 82 469 5077
140663866 85 883 5081
141101743 94 763 5125
141260025 95 319 5140
141565403 92 994 5169
141827604 93 687 5195
141906954 83 569 5203
142324190 81 944 5246
142368108 84 845 5250
142472382 89 718 5260
142488523 87 902 5262
142785390 96 571 5291
143096629 82 493 5323
143116192 87 402 5325
143249077 92 821 5339
143519164 81 110 5366
143595285 97 925 5374
143838513 86 477 5397
143968010 97 183 5410
144075428 91 903 5421
144449019 80 518 5458
144485960 87 801 5462
144639940 95 91 5477
145129364 89 689 5526
145563255 87 509 5568
145619758 88 794 5574
145681563 96 381 5580
145788038 86 514 5591
145814852 95 894 5594
145827318 86 719 5595
145879288 84 746 5600
145900761 97 309 5602
146180798 94 339 5630
146192721 92 585 5631
146483654 86 665 5660
146603797 80 982 5672
146611464 99 761 5673
146747545 99 11 5687
147172723 93 375 5729
147219242 97 339 5733
147444814 95 261 5756
147508325 92 212 5762
147568502 89 495 5768
148159091 80 980 5827
148440348 83 409 5854
148529056 98 608 5862
148592025 97 509 5869
148627641 80 986 5872
148786674 94 475 5888
149076875 99 333 5918
149400771 93 121 5951
149461150 88 49 5958
149481671 85 291 5960
149519327 88 291 5964
149665628 98 473 5979
149931418 89 145 6005
149939513 80 66 6006
150131377 81 526 6025
150241190 93 32 6035
150262926 93 615 6037
150346395 91 28 6046
150396047 93 942 6052
150406159 94 322 6053
150570191 83 583 6070
150638044 89 470 6076
150691333 88 619 6081
150735991 93 313 6085
150827867 96 620 6094
151134045 95 190 6126
151223555 92 551 6135
151301584 91 308 6143
151337728 95 835 6147
151813860 91 125 6195
151853452 97 287 6199
152643400 97 314 6278
152717708 92 217 6286
152840370 82 343 6298
152983876 97 919 6311
153062703 89 434 6319
153152330 98 697 6327
153215400 99 873 6333
153418535 81 370 6353
153478321 82 538 6359
153694032 83 17 6379
153857890 83 110 6395
153908923 80 152 6400
154483084 88 497 6459
154609326 86 296 6472
154859476 89 634 6497
155136960 98 733 6526
155326132 82 289 6545
155359472 88 736 6548
155382032 92 462 6550
155541329 95 228 6566
155590009 87 877 6571
155621743 81 711 6574
155691566 97 332 6581
155753546 82 171 6587
155993527 89 27 6612
156015155 81 489 6614
156027138 83 177 6615
156151494 83 158 6628
156175856 86 327 6630
156419097 85 946 6654
156515654 85 785 6663
156793364 87 922 6691
156829470 94 195 6695
157145112 86 228 6728
157280432 85 152 6742
157331253 89 319 6747
157397078 80 419 6754
157507259 97 630 6765
157610554 98 275 6775
157647430 93 467 6779
157746849 92 631 6789
158151614 84 802 6830
158245165 94 136 6839
158447459 80 21 6859
158622566 96 35 6877
158681107 90 440 6882
158860395 91 706 6901
158981331 90 772 6913
159196015 80 648 6936
159285844 94 283 6945
159389184 84 551 6956
159509422 82 571 6968
159590495 81 158 6975
159792117 93 100 6995
159823752 91 768 6998
159986109 96 952 7015
160495465 93 703 7065
160558888 86 910 7071
160675038 85 866 7083
160831409 90 460 7098
161186329 97 62 7134
161492088 90 373 7164
161786500 90 407 7193
162181877 94 771 7233
162403883 90 634 7255
162535428 90 625 7267
162689967 87 883 7284
162725653 84 422 7288
162765479 82 522 7292
162898744 90 543 7306
163322803 97 822 7347
163419529 84 708 7356
163468789 97 490 7361
163616157 85 27 7376
163754761 80 142 7390
164007061 80 920 7414
164122197 97 868 7426
164133620 94 291 7427
164305918 92 884 7443
164468413 92 340 7460
164650881 95 429 7476
164797640 95 460 7491
164828013 81 704 7494
165348550 89 488 7546
165655041 80 578 7577
165732160 91 398 7585
165977067 80 384 7610
166063754 83 703 7619
166443781 94 116 7657
166592854 89 124 7673
166665266 89 541 7680
166855705 82 326 7700
166917639 94 374 7707
166927506 96 626 7708
167409928 80 27 7755
167465527 86 130 7760
167509540 83 121 7764
167674584 96 77 7781
167712561 97 154 7786
167909052 90 532 7805
168514152 89 894 7866
169020469 80 251 7917
169137754 90 56 7929
169354558 86 100 7950
169538256 83 423 7968
169604072 95 216 7975
170085227 85 482 8023
170109646 93 846 8026
170118218 85 670 8027
170271809 89 809 8044
170341496 94 359 8051
170703457 84 601 8088
170779767 83 27 8095
170793911 80 180 8097
170909488 90 516 8108
171513752 92 349 8170
171904824 83 168 8210
172248901 84 752 8244
172429718 96 281 8263
172474750 81 701 8267
172531282 97 955 8273
172599156 97 480 8280
172753986 95 886 8295
172941911 95 105 8314
172977198 94 299 8318
173138774 99 124 8335
173317440 90 446 8352
173362840 89 215 8356
173420920 94 368 8363
173438887 99 296 8365
173517149 98 722 8373
173619268 99 673 8383
173638195 96 151 8385
173654469 90 633 8387
173719957 98 381 8393
174036019 82 545 8425
174220007 81 671 8443
174366670 83 572 8458
174640749 84 725 8487
174974865 91 422 8520
175573849 81 604 8579
175685909 84 653 8591
175745297 80 681 8599
175933843 86 831 8616
176012237 83 100 8624
176117006 95 438 8634
176137219 88 472 8636
176308741 96 605 8654
176642626 90 503 8688
176884282 82 265 8713
177007106 85 589 8725
177016072 86 157 8726
177933306 90 623 8819
178026195 81 72 8828
178266337 95 77 8851
178277140 98 719 8852
179051256 95 227 8929
179263100 92 371 8950
179532218 88 68 8978
179547251 91 466 8980
179635560 93 323 8989
179732760 91 460 9000
180192873 94 823 9047
180217127 97 541 9050
180278141 84 323 9056
180647520 96 964 9092
180702956 89 48 9098
180739245 90 10 9102
181077903 93 957 9135
181847389 87 1 9214
181869647 85 63 9216
181942682 97 160 9223
182390143 82 60 9266
182547318 88 577 9281
182665752 95 872 9293
182713166 99 214 9298
182802650 83 89 9307
182911981 89 458 9318
182932877 99 952 9320
182976626 80 779 9324
183169257 81 73 9344
183259456 86 452 9354
183342638 86 984 9362
183351876 89 546 9363
183473245 89 749 9375
184077906 94 829 9434
184129090 87 258 9439
184303590 91 562 9456
184321206 85 731 9458
184361077 94 870 9462
184566303 96 773 9483
184746113 99 560 9501
184754262 99 880 9502
184850296 85 157 9511
185035654 81 158 9529
185347026 96 969 9560
185550863 86 794 9580
185666772 88 341 9591
185862061 90 19 9610
185954394 90 772 9619
185963633 98 363 9620
186176510 83 57 9641
186762541 85 58 9698
186787164 98 494 9700
187098816 84 564 9733
187229741 93 348 9746
187258669 85 691 9749
187278492 93 995 9751
187424232 84 459 9766
187681754 90 393 9792
187882460 86 146 9812
188275792 90 288 9851
188622187 86 305 9885
188772600 82 389 9900
188853501 90 434 9908
188942530 83 935 9917
188958297 89 429 9919
189081612 97 641 9930
189097670 83 482 9932
189297187 98 243 9952
189343518 94 417 9958
189509417 93 152 9974
189529118 90 847 9976
189587120 86 29 9982
189781981 95 664 10001
189967945 88 771 10022
190017009 87 197 10027
190139698 98 784 10040
190156125 98 730 10042
190244919 96 444 10052
190330121 86 748 10061
190554126 91 735 10083
190572969 80 940 10085
190585437 87 164 10086
190980933 88 389 10127
191073940 83 397 10137
191105427 93 843 10140
191652896 90 379 10195
191676528 98 176 10197
191803822 87 670 10210
191867481 90 987 10216
191911897 87 850 10220
191976315 80 124 10226
192277171 85 414 10257
192323063 97 33 10262
192333430 97 977 10263
192523237 90 541 10282
192750136 90 391 10305
192779318 85 868 10308
192810732 94 90 10311
193012644 93 874 10331
193140253 84 429 10344
193215079 84 851 10351
193347151 93 863 10364
193752708 84 535 10406
193819421 90 95 10414
193893378 91 764 10421
193926435 86 330 10425
193957181 92 480 10428
194332197 82 106 10466
194643537 91 314 10497
194659749 80 154 10499
194890864 86 453 10523
194902735 95 727 10524
194984060 86 324 10532
195618803 92 808 10595
195690961 95 928 10602
196065171 82 102 10640
196186835 90 419 10653
196386706 89 396 10671
196588532 91 972 10691
196618700 83 547 10694
196736895 96 665 10706
196827976 82 281 10715
197131683 87 128 10744
197300762 97 290 10761
197597189 99 345 10791
197750536 83 309 10807
197768236 99 260 10809
197836573 90 64 10816
197897646 82 773 10822
198262830 94 294 10859
198337220 96 387 10867
198501211 88 138 10883
198593419 83 662 10893
198783879 93 609 10912
198980336 87 429 10932
199007843 85 399 10935
199147440 81 10 10949
199164580 80 504 10951
199248648 96 647 10960
199792183 96 771 11017
200159554 85 657 11052
200180713 93 814 11054
200772632 95 353 11112
200959150 95 535 11131
201070597 84 808 11142
201080390 98 367 11143
201090889 87 828 11144
201122193 98 62 11147
201183254 90 392 11153
201228718 81 471 11158
201391477 83 13 11175
201400946 81 708 11176
201587515 92 853 11194
201829775 88 553 11218
201837888 86 673 11219
201950404 99 543 11230
202299314 80 198 11265
202477493 80 847 11282
202562941 87 45 11291
202717277 99 97 11306
202724672 97 895 11307
202787838 97 633 11313
203221952 81 331 11359
203426575 96 970 11379
203579515 97 630 11396
203689308 99 850 11407
203876816 90 600 11425
204199153 91 601 11457
204268080 85 785 11464
204400605 87 935 11477
204421719 90 679 11479
204586456 94 470 11496
204629096 98 860 11500
204799438 88 838 11519
205145233 90 82 11555
205279864 82 838 11569
205304432 80 675 11571
205431201 94 365 11583
205464106 92 87 11587
205493427 85 768 11590
205588166 89 369 11599
205731344 93 508 11614
206089337 99 747 11652
206184591 85 346 11661
206403431 93 125 11683
206658046 88 621 11710
206861850 90 114 11731
207023946 99 532 11747
207289284 93 776 11773
207359326 85 769 11780
207478851 91 997 11792
207669073 82 981 11811
207746433 88 411 11819
207806566 99 253 11825
207824627 85 183 11827
207853170 90 159 11830
208220379 89 449 11869
208271661 98 858 11874
208305558 92 591 11878
208400336 81 839 11888
208653637 99 846 11914
208676547 86 825 11916
208711684 90 890 11919
208906352 94 69 11939
209021185 85 884 11950
209196439 94 842 11967
209362959 95 522 11984
209925966 84 680 12042
210031664 86 529 12052
210165500 95 74 12066
210231152 87 413 12072
210277213 83 780 12077
210599384 88 192 12111
210622268 92 168 12113
210709888 96 541 12122
210793261 88 552 12130
210816117 88 60 12132
210927556 84 718 12143
211006922 87 105 12150
211196959 83 712 12169
211235413 84 792 12173
211399745 83 240 12189
211428303 81 197 12192
211463344 87 876 12195
211616803 88 55 12210
211748787 90 242 12224
211895966 83 668 12238
211933852 92 834 12242
212015703 94 698 12250
212182949 95 924 12267
212322798 81 579 12280
212366144 85 548 12284
212394766 89 859 12287
212576727 86 392 12306
212615767 89 560 12310
212986108 94 819 12347
213120737 97 217 12360
213314048 88 912 12380
213327048 96 843 12381
213400063 81 410 12390
213475156 84 648 12398
214014530 94 421 12453
214121230 85 574 12463
214371931 95 266 12488
214386335 96 243 12490
214576106 90 94 12509
214766058 90 351 12529
214900852 81 749 12543
215046469 81 845 12558
215066263 88 573 12560
215134900 83 278 12567
215187523 86 952 12572
215224385 94 408 12576
215418156 94 81 12594
215667257 89 539 12620
216057427 85 816 12658
216885759 80 317 12743
217058999 93 943 12761
217117393 99 173 12767
217372249 95 18 12792
217622846 93 434 12817
217656484 84 425 12821
217772719 99 412 12833
217881598 93 105 12844
217901463 82 836 12846
218016427 88 410 12861
218071006 85 716 12867
218107407 85 891 12871
218162336 88 503 12876
218224035 99 900 12882
218670736 81 611 12926
218789849 93 752 12939
218859590 85 178 12946
219107862 87 749 12972
219199746 92 96 12981
219238854 95 370 12985
219451456 85 877 13006
219738308 96 346 13035
219938916 81 962 13055
220171074 86 574 13076
220360738 92 546 13095
220712372 97 821 13128
221094085 99 487 13165
221100860 92 557 13166
221226506 89 135 13178
221355276 86 806 13190
221472833 94 421 13202
221490088 91 933 13204
221658276 84 96 13221
221813443 90 192 13237
221823277 99 1 13238
221875149 95 561 13244
222218138 90 247 13278
222593182 97 469 13315
222703660 96 468 13326
222745987 92 475 13331
222939897 92 2 13351
222986941 89 207 13356
223029151 98 972 13360
223052781 81 219 13362
223150815 86 784 13371
223208473 97 617 13377
223213696 87 592 13378
223222098 92 683 13379
223234862 99 70 13380
223276327 94 890 13384
223469207 92 77 13403
223510526 90 762 13408
224147503 95 840 13472
224331614 86 166 13491
224360779 97 629 13494
224558185 90 609 13513
224701391 91 181 13528
224867385 88 689 13546
224968897 80 793 13556
225031380 82 93 13562
225188638 99 413 13578
225222494 86 764 13581
225233498 94 484 13582
225282787 97 208 13587
225445140 92 114 13604
225511047 98 610 13610
226010006 92 904 13663
226050324 92 972 13667
226199905 82 471 13684
226209967 86 279 13685
226327088 88 293 13697
226437155 85 757 13709
226828788 95 783 13750
226898350 93 27 13757
226941594 90 945 13761
227003466 81 716 13767
227132143 83 347 13780
227225463 89 415 13789
227262426 95 131 13793
227446569 99 974 13811
227582153 86 24 13827
227787361 95 691 13849
227827681 86 462 13853
227956879 84 689 13866
228378257 88 642 13907
228605845 99 248 13929
228613727 93 613 13930
229167668 92 562 13987
229188404 97 918 13989
229331140 85 830 14003
229340035 86 192 14004
229392513 87 361 14009
229439053 98 922 14013
229586832 89 530 14028
229596161 81 193 14029
229658087 98 421 14035
229950590 80 767 14064
230047889 93 468 14074
230201114 93 485 14090
230449136 90 89 14115
230756909 82 2 14146
230789346 92 939 14149
230865517 80 619 14157
231006498 95 449 14172
231077881 83 23 14180
231221664 98 340 14194
231242588 94 105 14196
231520602 99 509 14222
231732233 97 824 14243
231773592 83 175 14247
231969968 90 322 14266
232098334 90 677 14278
232332103 90 694 14301
232483809 80 938 14317
232604296 81 656 14329
232927846 95 279 14361
233015868 85 942 14370
233074791 86 229 14376
233185795 84 563 14387
233217331 84 951 14390
233255960 91 881 14394
233276192 86 464 14396
233304656 92 887 14399
233413554 85 817 14411
233808188 86 954 14450
234011701 92 586 14470
234346679 82 475 14504
234413528 85 393 14511
234440269 83 594 14514
234705995 87 416 14541
234747049 90 373 14545
234769714 91 556 14547
234902213 89 988 14562
235006798 94 269 14573
235102639 85 768 14582
235221146 96 104 14594
235263751 86 570 14599
235689335 83 172 14641
235813209 97 734 14655
235850207 89 742 14659
236177518 87 523 14693
236272514 93 271 14703
236395297 80 943 14715
236530221 93 384 14729
236740084 93 135 14749
236750398 87 590 14750
237118542 85 225 14787
237731335 93 704 14848
237787982 96 23 14853
237873749 86 558 14861
237896612 97 490 14863
238374886 87 399 14911
238401405 97 438 14914
238480665 84 415 14922
238839582 89 167 14957
239266420 86 538 15001
239556861 80 391 15031
240379499 81 566 15113
240526617 94 752 15128
240544597 94 482 15130
240662938 87 853 15142
241202854 94 410 15195
241386900 84 89 15212
241629073 87 965 15237
241772060 99 513 15252
241845682 91 716 15259
242051178 93 558 15280
242241943 87 523 15298
242739131 80 997 15348
242831855 95 621 15356
242931496 89 207 15367
242948227 80 626 15369
243287167 97 478 15402
243311190 83 413 15405
243552032 92 646 15431
244088394 81 78 15483
244117601 87 877 15486
244128346 96 383 15487
244224594 95 391 15496
244473149 94 137 15521
244644226 95 982 15539
244976678 96 358 15572
245025674 90 953 15576
245324031 90 634 15608
245396990 97 320 15615
245844310 80 985 15661
245883272 83 118 15665
245913447 96 631 15668
245923880 83 776 15669
246260695 80 71 15702
246278752 81 241 15704
246287795 97 749 15705
246570539 84 406 15734
246840470 97 680 15763
247258618 98 702 15806
247327708 80 108 15813
247426415 97 106 15823
247600249 88 720 15839
247645129 96 20 15843
247690357 88 935 15848
247729530 91 694 15852
248115837 95 712 15892
248206353 96 273 15901
248307863 81 689 15911
248329698 92 448 15913
248336763 91 732 15914
248356845 82 710 15916
248497595 93 23 15930
249166790 97 725 15995
249272304 91 580 16005
249308732 97 404 16008
249398142 85 577 16017
249508594 80 615 16028
249528477 89 39 16030
249809295 94 482 16058
250070209 97 894 16085
250233699 90 439 16102
250407852 94 200 16120
250607229 85 155 16140
250616130 85 540 16141
250797128 80 650 16160
251977384 89 245 16280
252001646 91 20 16283
252115493 83 773 16295
252134691 92 977 16297
252274649 81 846 16310
252315638 95 255 16315
252465129 84 534 16331
252798742 97 265 16365
253096411 96 644 16394
253156909 94 847 16400
253406036 86 275 16425
253495967 84 713 16433
253747971 94 612 16458
254093572 85 965 16495
254189779 95 128 16505
254616135 80 61 16550
254870249 95 259 16577
255028519 99 984 16594
255201675 90 294 16611
255283021 96 595 16619
255645813 84 689 16654
255726953 92 511 16662
255769436 99 718 16666
255833100 92 719 16673
255868170 85 993 16677
255901468 96 157 16680
255994993 95 139 16689
256201967 93 948 16710
256589460 99 545 16751
256635629 90 969 16756
256778726 98 462 16770
256887058 96 147 16780
256900022 80 902 16781
257285426 84 684 16818
257324322 94 639 16822
257406886 98 784 16830
257418311 92 188 16831
257512462 93 452 16842
257761288 94 5 16866
257780376 80 419 16868
257847774 92 467 16875
258091313 86 786 16898
258358933 93 558 16925
258708031 99 293 16960
259013199 87 138 16990
259079538 90 221 16997
259537627 86 846 17010
259572127 90 23 17011
259855278 97 874 17018
259901693 88 365 17019
261048157 84 474 17047
262301131 92 576 17078
262606883 95 806 17086
262715104 86 657 17089
263202127 90 7 17101
263673917 92 975 17113
264459619 96 648 17132
265453030 98 6 17156
265746811 94 278 17163
266605461 88 728 17185
269290912 90 483 17252
269326751 83 267 17253
269544781 91 225 17258
271279358 85 226 17302
272456497 94 575 17330
272524735 96 495 17332
273765335 94 112 17362
274048027 82 545 17370
274122647 90 342 17372
274346493 89 423 17378
274430239 88 767 17380
274505930 89 110 17382
274539405 88 54 17383
275174208 85 165 17399
275327019 95 94 17403
277007354 84 66 17444
278773182 85 139 17488
279348598 99 923 17502
280512845 88 772 17531
280839691 93 380 17539
280915990 98 433 17541
281787897 95 820 17562
282515862 82 104 17581
284158260 87 647 17623
284190380 91 372 17624
284229252 83 206 17625
284910725 80 558 17642
285031240 85 450 17645
285313436 92 43 17652
286602047 91 485 17685
287838731 89 517 17716
288486537 95 685 17733
290331163 94 290 17778
291484987 82 860 17806
291579915 87 275 17808
292237588 89 889 17825
292470646 92 338 17831
292797996 80 404 17840
293450205 93 625 17856
293699772 96 910 17862
294484560 96 887 17882
294985543 88 678 17895
295790450 94 282 17915
295960694 94 499 17919
296171103 84 29 17924
296216282 91 80 17925
296765880 90 681 17939
296983165 89 73 17945
297431906 91 108 17956
297519425 83 489 17958
297990925 80 31 17970
298036476 92 781 17971
298677497 97 54 17986
299981061 92 71 18019
300091333 87 331 18022
300334648 96 780 18028
301292958 95 101 18051
301455239 86 328 18055
301494543 93 230 18056
301801095 97 498 18064
302215181 87 866 18074
302433191 87 214 18079
302967365 94 675 18093
303515493 88 78 18106
306569695 94 492 18182
307046713 85 437 18194
307233577 91 127 18199
307343435 87 108 18202
307377786 85 878 18203
307859284 86 831 18215
309370284 93 103 18252
310457930 94 643 18278
311189073 91 174 18297
311262185 88 537 18299
311690835 82 123 18310
312851974 89 372 18339
313570956 82 1 18356
313643420 87 965 18358
315324057 83 293 18400
315498327 93 381 18404
316213203 86 934 18423
316380860 89 176 18427
316454269 91 10 18429
316928962 80 192 18441
318253002 97 907 18473
318289118 80 200 18474
318324623 91 131 18475
318750703 92 216 18485
319539076 82 655 18504
319578499 90 184 18505
321571061 91 404 18555
321934779 94 685 18564
322055040 86 998 18567
322640257 83 382 18582
322683425 97 190 18583
322725279 93 86 18584
322813756 80 833 18586
324531672 94 945 18629
326398617 94 34 18674
326740870 97 428 18682
326856071 80 383 18685
327193526 81 818 18693
327390331 90 440 18698
328748660 84 831 18733
328848660 93 222 18735
329991323 91 744 18764
331292983 82 929 18796
331452048 99 543 18800
331663211 97 601 18805
332134874 88 444 18816
332949123 92 474 18836
335361935 96 100 18897
335655588 84 868 18904
336735282 84 76 18931
336807728 89 471 18933
337716333 81 512 18956
338034375 94 976 18964
338155922 86 513 18967
338771378 89 844 18981
339866483 99 306 19009
340696495 85 845 19030
341166481 91 12 19042
342609632 80 44 19078
342918880 92 441 19086
343255463 99 276 19094
343790230 86 342 19107
344057304 84 949 19114
344107304 90 877 19115
345585338 96 607 19152
345664141 84 630 19154
346575983 95 808 19177
347672237 87 295 19204
348384193 93 783 19222
348583216 91 801 19227
348957818 92 924 19236
349057818 89 435 19238
349491761 95 107 19249
350061624 89 247 19263
351171570 90 818 19290
351665895 85 486 19302
352277552 90 651 19318
352809416 86 47 19332
354421037 91 751 19372
355255597 84 70 19393
355372686 96 416 19396
355402686 87 159 19397
356915084 89 973 19436
357885100 89 963 19461
359202957 92 570 19494
359954965 88 135 19513
360023108 86 119 19515
360228656 82 712 19520
360519843 87 267 19527
361188246 97 262 19543
362234675 90 172 19569
363762265 86 306 19608
364220016 89 545 19619
364305383 80 279 19621
365614577 86 981 19653
365733614 94 81 19656
365770308 97 245 19657
365804122 89 131 19658
366893008 89 216 19685
367081088 84 47 19690
367907382 81 874 19712
368096758 87 11 19716
368309063 85 65 19721
368901860 92 871 19736
369127744 81 42 19742
369336479 90 566 19747
371208479 86 91 19795
371934491 98 162 19813
372051620 80 950 19816
373216513 96 827 19845
373417477 92 390 19850
374295338 96 769 19872
375204747 96 63 19896
375549299 85 120 19904
377007976 93 492 19941
377205373 96 684 19946
377246885 97 23 19947
377592047 90 897 19956
378424273 86 843 19977
379056660 81 599 19993
379893111 82 851 20013
379935258 99 469 20014
380048837 99 741 20017
380956355 98 741 20039
383268232 85 269 20097
383340531 81 392 20099
384569345 97 32 20129
385412379 86 529 20150
386014288 99 602 20165
387054216 95 631 20191
388911999 99 801 20237
389083968 95 752 20241
389969324 96 952 20264
390307865 92 481 20272
390453267 87 935 20276
392190336 94 198 20319
392341914 82 494 20323
392699596 90 556 20332
393408961 93 945 20349
393600066 87 148 20354
394383393 91 680 20374
394485070 95 847 20377
394687502 98 696 20382
394860473 80 151 20386
395334321 96 155 20399
396034742 93 689 20416
396563205 84 574 20429
396704835 88 498 20432
396775400 82 571 20434
398225005 96 98 20470
399396311 92 358 20499
402873212 92 416 20584
403699696 84 222 20605
403908395 89 413 20610
404903549 89 244 20634
405185824 98 621 20641
405270341 85 747 20643
405313887 88 887 20644
405569400 86 605 20651
405725501 87 708 20655
406334611 82 521 20670
406489050 99 96 20674
407177357 91 947 20691
408101786 92 838 20715
408632167 94 871 20728
409782703 80 206 20758
410175350 92 195 20768
410855017 88 678 20786
411549245 91 77 20803
412299277 84 255 20821
412463942 81 752 20825
412709918 90 116 20831
412809918 91 145 20833
413274439 92 165 20844
414384025 89 350 20873
414426662 95 816 20874
414551519 97 879 20877
414676063 80 429 20880
415125632 80 947 20891
415382942 86 855 20897
415941462 87 232 20911
417423122 94 203 20949
420128923 80 167 21016
421141894 80 342 21041
421746194 90 87 21055
422447347 82 689 21073
423036302 98 285 21088
423469008 83 276 21099
423504597 90 378 21100
423784005 95 212 21107
423914995 94 795 21110
424085430 82 25 21114
425045896 96 447 21138
425835548 98 372 21158
425920810 84 321 21160
426912884 99 706 21185
427029865 86 571 21188
427124218 86 44 21190
428572783 92 656 21226
429271944 85 546 21243
431347775 94 344 21296
431871879 91 971 21309
433524287 81 62 21351
433604679 93 965 21353
435792015 94 721 21407
436057689 89 89 21414
437017399 87 764 21437
437307955 80 262 21444
437787026 85 397 21456
439564994 95 888 21500
440229954 86 967 21516
440423132 83 713 21521
440696151 97 351 21528
441663716 88 140 21553
442613674 84 720 21577
442733416 94 390 21580
442814897 90 648 21582
442857739 87 966 21583
443327790 94 48 21594
444002405 81 935 21611
444419621 85 419 21621
444609818 95 125 21626
445132928 83 280 21640
445206161 94 904 21642
446181866 84 519 21667
446844305 95 510 21683
447343021 81 460 21695
448150588 92 198 21715
448312101 94 989 21719
448636606 83 33 21727
448750692 84 923 21730
450560794 94 446 21777
450607184 82 521 21778
450997426 94 121 21787
451588355 95 640 21802
452076396 97 721 21814
452339009 95 368 21820
452380029 83 928 21821
452646902 92 380 21828
453457182 92 913 21846
454251766 88 613 21866
454831388 90 972 21880
454944039 80 75 21883
455320649 86 183 21892
455396000 96 433 21894
455584057 86 797 21899
455616970 97 316 21900
456564044 99 407 21924
457663273 90 786 21952
457957929 95 642 21960
458500263 82 353 21973
461656867 87 648 22053
462383784 82 341 22071
462963656 82 61 22085
463259085 90 888 22092
463514683 93 225 22098
463687028 89 187 22102
463969845 99 99 22109
465094266 81 65 22138
466508745 99 259 22173
466552255 89 879 22174
466593736 88 695 22175
467796273 90 601 22205
468080860 91 84 22212
468350212 88 681 22219
468991610 88 544 22234
469337198 91 916 22243
469540303 96 887 22248
469578493 88 538 22249
469777398 92 974 22254
469983622 97 109 22259
471700952 80 87 22302
472856364 93 596 22330
472898581 98 14 22331
473405992 84 949 22343
473680544 97 415 22350
473841175 98 424 22354
474195191 90 637 22363
474688778 98 792 22376
474816658 99 830 22379
475844785 83 75 22405
475929060 86 938 22407
476463812 92 242 22421
479413444 96 747 22496
479733185 81 51 22504
479824010 99 844 22506
479955865 84 609 22509
481014462 93 718 22535
481670479 95 147 22552
481821104 92 732 22556
483157267 85 229 22590
486362349 90 612 22670
486827597 92 25 22682
486944522 92 818 22685
487060413 95 476 22688
487561992 90 968 22700
487823224 85 682 22707
488255727 82 372 22718
488852825 98 927 22732
488996634 96 880 22736
489197674 90 682 22741
490461882 94 989 22772
490548377 81 105 22774
490615423 81 772 22776
490651844 93 594 22777
490821643 93 881 22781
490999594 94 533 22785
491039782 95 166 22786
491548977 82 824 22799
491794168 89 741 22805
491962871 97 88 22809
492031909 85 586 22811
492447854 97 574 22821
492796935 85 735 22830
493774199 87 209 22855
494593898 94 275 22876
495032090 91 242 22887
495460143 89 286 22898
496889775 93 923 22934
497041721 99 347 22938
498436666 83 309 22973
498506183 86 379 22975
498635361 96 339 22978
499234917 84 191 22992
500474669 94 988 23023
501886086 83 548 23059
502717061 90 606 23079
502879919 90 603 23083
502912699 84 825 23084
503101122 85 419 23089
504102313 88 400 23113
505209666 91 66 23142
506353998 98 147 23171
506473154 90 954 23174
507296341 93 959 23194
507610687 97 70 23202
507888970 89 693 23209
508058650 94 87 23213
508437486 95 401 23223
508881944 98 118 23234
509036491 84 641 23238
509699041 91 763 23255
509844592 97 147 23259
509923919 87 946 23261
509996854 97 46 23263
510867190 88 956 23285
511227069 90 945 23294
511433517 96 944 23299
511698834 87 766 23306
512614272 83 251 23328
512813284 90 980 23333
513755214 97 528 23357
516005824 86 639 23414
516172026 81 604 23418
516372108 81 160 23423
517643561 93 90 23455
519505674 98 370 23502
520191003 87 280 23518
520441405 97 421 23524
520909623 87 67 23536
522186439 95 21 23567
522651477 91 868 23579
522952132 90 386 23586
523297833 81 565 23595
525237524 95 101 23643
525925637 93 885 23660
526733444 91 503 23681
527392147 93 806 23697
527792065 82 654 23708
529225668 90 6 23742
529425574 97 736 23747
530029561 89 417 23762
531048988 92 520 23787
531366963 89 123 23795
531409493 89 289 23796
531448089 96 952 23797
531706693 85 295 23803
531847984 80 213 23807
531890329 81 102 23808
534240121 81 538 23867
534537570 80 476 23875
537373068 97 757 23945
539111625 82 624 23989
539155783 87 339 23990
541068547 90 794 24038
541547449 80 64 24050
543518069 84 185 24100
544310291 92 604 24119
544387680 95 496 24121
544963743 93 236 24135
545433745 98 183 24147
545695533 98 559 24154
547086239 89 70 24188
547125974 95 379 24189
547571936 85 787 24200
550948073 87 306 24283
551549019 91 86 24298
551739741 95 804 24303
551784859 91 367 24304
552248049 85 258 24316
552329284 80 954 24318
552690434 99 358 24327
552844363 82 916 24331
553241564 95 500 24341
553914099 93 881 24358
554564328 88 174 24375
554716362 83 229 24379
554788487 88 112 24381
555448856 88 572 24398
556773142 81 187 24431
557122823 88 56 24440
557157107 90 9 24441
557588346 90 558 24452
558534719 81 378 24476
558868042 88 871 24484
559048001 83 450 24488
559247164 98 862 24493
559576738 97 981 24501
559902377 98 222 24509
562048049 91 816 24563
562080268 81 782 24564
563075493 92 115 24589
563150529 89 300 24591
563433441 96 476 24598
564936428 89 849 24637
565333682 92 224 24647
565548237 82 599 24652
565584869 83 645 24653
567156761 81 488 24693
568353897 92 936 24723
568383897 83 736 24724
568509064 94 586 24727
568580675 93 526 24729
568649384 85 164 24731
569710594 94 730 24758
569831358 93 481 24761
570462324 94 773 24777
570948788 90 339 24789
571107634 94 339 24793
571523146 87 260 24804
572113852 81 598 24818
572268826 99 552 24822
572427919 86 688 24826
573193037 85 668 24844
573488206 89 541 24852
574867859 89 442 24887
574969594 92 524 24890
575788579 82 696 24910
575818579 81 490 24911
576110709 80 608 24918
576590714 95 748 24930
577124693 86 519 24943
577332280 93 687 24948
577445210 90 142 24951
579035282 86 517 24990
579602668 80 699 25004
580353687 80 93 25022
580554215 95 179 25027
580875097 80 800 25035
581104899 91 139 25041
581256193 97 227 25045
581793495 99 357 25059
581910246 83 170 25062
582484930 85 913 25077
582528999 84 848 25078
584622633 86 642 25130
585059861 90 631 25141
585437659 99 782 25151
587644892 87 258 25206
588161818 82 770 25219
589058168 86 243 25242
589587512 83 353 25255
592455442 90 481 25327
592605806 84 359 25331
594324797 87 138 25375
594391481 92 376 25377
594437225 80 838 25378
594569260 83 48 25381
594688504 83 411 25384
595523131 85 177 25405
597716624 99 362 25461
598694430 80 588 25485
599290460 93 154 25499
600382486 98 380 25526
600558032 80 154 25530
601083178 86 776 25543
601690171 81 288 25559
602116457 98 218 25570
602332993 91 161 25575
603208456 86 625 25597
603970260 94 510 25616
606517898 92 958 25681
607869045 96 897 25716
608363255 82 317 25729
608472141 84 55 25732
608734558 85 709 25739
608894766 92 226 25743
609233240 95 424 25751
609663052 89 454 25761
609853769 96 560 25766
610035811 95 304 25771
611400657 82 599 25804
611904576 91 786 25817
612014356 96 916 25820
612627148 92 758 25836
613550926 83 213 25859
615202510 90 590 25900
616210549 80 931 25925
617174096 91 555 25949
617634734 99 559 25961
617855196 93 154 25966
619123881 81 91 25998
620171772 88 896 26025
621063587 80 193 26048
622149561 85 655 26077
626658797 96 130 26189
627028863 98 497 26198
627223358 99 684 26203
627273358 94 610 26204
627473806 85 528 26209
629218387 97 967 26251
629772925 92 130 26265
630621573 99 697 26286
630717734 81 458 26288
632360768 86 124 26328
632965406 87 159 26343
634584350 97 117 26384
634757472 88 570 26388
637856596 87 785 26465
637941875 96 857 26467
639770743 84 82 26514
640488919 98 865 26532
640663410 90 469 26536
641705888 87 887 26563
644063414 90 722 26622
644994312 90 932 26646
645271509 83 946 26653
645428923 90 477 26657
645964365 91 141 26670
646215460 91 520 26676
646287546 87 530 26678
647401590 93 791 26706
648109391 84 70 26724
649095233 96 369 26749
649941066 92 567 26771
650060753 92 534 26774
651217805 89 691 26804
651259771 83 934 26805
651346727 99 342 26807
651700170 83 326 26816
652676971 88 93 26839
653429499 87 497 26859
653611044 90 597 26864
654162653 84 354 26878
654309591 95 305 26882
654692002 99 392 26892
654817815 96 845 26895
654863208 99 25 26896
655597647 99 601 26914
657052955 88 734 26950
657123018 88 856 26952
657990731 95 335 26974
658058457 92 320 26976
658388203 84 68 26984
658459402 95 120 26986
658662969 88 42 26991
658829044 82 5 26995
658968238 94 427 26999
659009857 96 874 27000
660081514 92 142 27027
660766743 85 752 27045
662754351 92 605 27094
663773168 81 590 27119
663998985 99 706 27125
665703367 91 623 27166
665745492 85 736 27167
666526716 85 445 27187
666606716 91 474 27189
666641985 90 807 27190
667103422 89 850 27201
668342372 95 277 27232
668541356 92 451 27237
668628753 98 511 27239
669084800 89 107 27250
669614413 90 902 27263
670371441 83 671 27282
670407994 96 716 27283
670774329 99 31 27292
671193921 92 247 27303
673235877 87 436 27356
675420000 81 549 27411
675934248 87 187 27423
675974329 98 30 27424
676183332 83 126 27429
676432787 81 37 27435
677270312 88 231 27457
677500441 82 333 27463
678695258 83 901 27493
679195199 85 896 27506
679448580 80 338 27512
680554970 89 30 27540
681352673 88 660 27560
681425851 96 503 27562
682114087 98 331 27579
682704049 92 288 27594
683652544 81 592 27617
683897748 89 880 27623
686151861 86 584 27680
687202595 92 928 27707
689131512 85 75 27755
689941630 80 350 27775
690674324 81 507 27793
690925860 86 197 27799
691201511 81 403 27805
691571482 86 408 27814
691760301 97 307 27819
691840709 97 363 27821
691962538 84 772 27824
692838020 87 209 27846
693197322 93 805 27855
695750703 99 328 27919
696115065 92 375 27928
696155849 85 767 27929
697746008 83 273 27969
698037592 91 21 27976
698295703 98 293 27982
698344567 96 945 27983
698416132 85 608 27985
698721629 98 248 27993
699615348 97 626 28015
699798343 94 10 28020
700541949 98 848 28039
701714200 92 191 28068
702055024 90 792 28077
702256225 98 457 28082
703037037 94 524 28102
703125536 94 499 28104
703719215 98 138 28120
704411067 90 824 28138
705194755 90 987 28158
705510489 80 395 28166
705828506 83 90 28174
706096168 86 924 28181
706449254 82 183 28190
707612876 88 466 28220
708178660 84 464 28234
708613863 84 315 28245
709182818 87 399 28258
709220716 95 665 28259
711098223 97 338 28306
711214247 91 396 28309
711776913 97 537 28323
711824403 96 71 28324
713025767 85 965 28353
713103795 83 961 28355
714287602 86 203 28384
715016751 85 992 28402
715054457 83 667 28403
715345531 92 847 28410
715724700 95 786 28419
716380541 93 650 28436
716831375 93 716 28447
717316986 98 478 28459
717390212 85 352 28461
718006385 90 55 28475
718209899 81 27 28480
719792012 84 156 28519
719869528 97 521 28521
720106168 95 96 28527
720357417 90 72 28533
720402921 89 331 28534
720505178 96 79 28537
720659357 90 553 28541
720702332 83 169 28542
722178954 99 449 28578
722296008 86 568 28581
722651994 98 11 28590
723210460 83 88 28604
723491529 96 94 28611
723979217 93 826 28623
724286933 80 380 28631
724598358 87 891 28639
725889871 99 254 28671
725934183 86 496 28672
727016763 80 327 28699
727447135 90 625 28710
728771978 99 328 28743
729745500 85 208 28768
729786177 98 854 28769
730932768 96 982 28797
731966582 93 945 28823
732806652 83 784 28844
732848769 91 56 28845
733346330 98 444 28858
734961014 89 555 28899
735598645 86 287 28915
735827847 90 524 28921
737546649 95 580 28963
738723519 97 290 28993
739891208 94 780 29023
740273599 99 678 29033
740536720 93 865 29040
742383638 93 579 29087
742755244 84 776 29096
743232507 94 508 29108
743314225 92 790 29110
743527974 80 355 29116
743817187 97 779 29123
744073724 98 934 29129
744428838 99 675 29138
745631184 85 542 29169
745714809 84 240 29171
746491528 97 275 29191
747724781 88 572 29223
748193396 91 332 29235
748508378 81 903 29243
748703985 89 438 29249
749224467 93 540 29263
750752493 93 719 29301
750941813 83 353 29306
751336553 81 427 29316
751758441 98 85 29326
752615504 95 152 29348
752766675 93 363 29352
753102518 80 711 29360
753592743 99 503 29372
754771361 92 442 29402
755626085 91 923 29423
755852396 80 774 29429
756315312 96 542 29441
758153514 94 546 29486
759017942 83 884 29507
759540651 98 959 29520
760651275 91 17 29547
763267914 98 197 29612
763303577 94 294 29613
763586972 95 516 29620
765008068 85 145 29655
765223059 90 102 29661
765307628 98 674 29663
766165264 88 194 29685
767375620 83 104 29715
767976354 87 919 29730
768646347 83 902 29746
768693700 91 62 29747
768968713 87 81 29754
769852526 91 552 29775
770001879 92 603 29779
770670315 80 265 29795
771689914 95 624 29820
772250884 84 250 29834
772386720 90 271 29838
773789316 87 340 29873
773852022 99 997 29875
773985237 81 813 29878
774637491 92 59 29895
774869342 84 301 29901
774910600 87 921 29902
775567378 83 25 29919
775878636 90 516 29927
777190050 85 533 29959
777301116 92 317 29962
777502465 87 993 29967
777771644 88 825 29974
778160742 90 295 29984
780948781 97 989 30055
781951286 85 616 30079
782582319 86 718 30094
783029655 98 176 30105
783293842 89 81 30112
783366406 91 532 30114
783540741 93 523 30118
783763777 87 991 30123
784202916 82 420 30134
784401633 81 706 30139
784483267 80 713 30141
785297039 90 322 30162
785461121 81 68 30166
785613743 90 722 30170
786037959 86 617 30181
786196225 80 768 30185
786672627 82 171 30197
789030232 94 637 30255
789434632 96 882 30265
790030369 84 765 30280
790159211 92 694 30283
790209211 99 773 30284
790628481 92 738 30295
791483685 87 86 30317
792484133 84 289 30343
792635625 95 821 30347
792733739 95 23 30349
792842180 83 625 30352
794030932 96 104 30383
794497478 87 406 30395
795233147 96 411 30413
795325855 95 54 30415
795676347 98 237 30423
796718914 89 196 30448
797189193 94 993 30460
797580130 93 257 30469
797666761 88 278 30471
797985080 95 47 30479
799234454 88 573 30509
801292805 81 971 30560
801399003 95 598 30563
803370610 85 213 30613
803622686 94 11 30619
803720522 90 732 30622
803994804 80 328 30629
804070535 96 23 30631
805760345 95 711 30672
806659821 89 902 30696
806896879 87 972 30702
807959611 89 695 30729
809667437 99 367 30771
810369318 88 960 30788
810455608 84 910 30790
812206764 84 828 30835
812581606 84 163 30844
813521272 93 103 30868
813783937 84 433 30874
813921009 94 578 30878
814094109 86 71 30882
814494301 88 140 30892
814604427 95 931 30895
814644992 92 402 30896
814783224 87 521 30899
814864651 99 313 30901
817562193 80 101 30968
817640839 91 904 30970
817912719 84 998 30977
818077238 86 903 30981
818185315 97 487 30984
820072262 82 791 31030
823228722 88 350 31108
823772787 94 216 31121
824004171 83 370 31127
824121813 89 775 31130
824234053 92 725 31133
824937113 90 865 31151
825016517 98 716 31153
825217244 89 387 31158
826198430 80 499 31183
826356505 86 82 31187
826553223 83 491 31192
826990348 91 869 31202
827312897 81 302 31210
827714079 88 998 31220
827884249 94 31 31224
828133313 97 814 31230
829090786 92 948 31253
830415662 80 845 31286
830663514 98 29 31292
830921623 87 556 31299
831566982 85 977 31316
832779413 90 481 31347
834024475 89 298 31378
834054475 89 887 31379
834547172 97 673 31391
835455040 93 762 31413
835924741 88 869 31426
837377849 93 780 31462
838210367 89 199 31483
839731541 94 439 31522
841139653 91 641 31558
841258004 93 682 31561
842806081 87 171 31598
843719444 87 236 31621
843999052 92 87 31628
844630912 83 594 31643
844762733 86 234 31646
846211162 81 440 31682
849516046 95 479 31765
849585301 94 586 31767
850294285 85 876 31785
850439843 89 903 31789
850521871 83 230 31791
850761304 97 981 31797
850900050 92 447 31800
851824055 98 118 31824
853580855 88 288 31867
853617560 91 700 31868
855980260 91 623 31927
856424918 84 740 31938
856666294 94 98 31944
856698604 82 778 31945
857490252 94 658 31965
857653999 82 576 31969
857866384 86 605 31974
858017842 86 834 31978
858834022 81 535 31999
859506627 96 328 32016
859884267 83 227 32027
860260146 81 311 32036
860378577 81 628 32039
861021505 84 387 32055
861697036 88 579 32072
862603322 96 977 32094
862776225 85 181 32098
863205703 88 403 32108
863606269 88 673 32118
864111038 98 26 32131
864142548 97 605 32132
864313493 86 192 32137
864794777 86 124 32149
864975966 83 235 32154
866868703 85 756 32200
866911459 84 798 32201
867273070 87 959 32210
867533019 92 843 32216
867964294 85 353 32227
868849372 87 237 32249
869080058 90 57 32255
870595515 91 479 32292
870888830 87 867 32300
871634795 91 706 32319
872345337 88 765 32338
872628708 93 418 32345
872664279 93 424 32346
873120492 82 735 32357
873280734 99 832 32361
873898200 91 46 32376
873965640 83 58 32378
874932109 81 609 32402
875744231 88 190 32422
875791506 89 681 32423
876067681 93 147 32430
877079426 82 957 32457
877615550 95 442 32471
878007276 92 464 32481
879106921 99 526 32509
879567427 89 170 32521
880653492 99 394 32549
882062512 84 843 32584
882190338 98 931 32587
883624315 93 354 32622
883757176 80 400 32625
884754396 99 691 32650
884922146 88 605 32654
884972146 84 964 32655
885771927 84 457 32676
886053060 81 762 32683
886490302 95 526 32694
886604585 83 984 32697
888263819 88 341 32737
888729659 92 542 32748
888885828 82 879 32752
890427515 98 288 32790
890815142 85 655 32799
891369212 88 623 32812
892256943 94 920 32834
893327266 95 786 32860
893366468 84 168 32861
893490539 96 842 32864
894290318 85 205 32884
896931822 80 128 32950
897271860 97 132 32958
898008131 92 122 32977
898309722 81 136 32985
898441007 89 42 32988
899720943 96 333 33021
901072796 98 650 33053
901853948 83 574 33073
902443851 95 92 33088
903252228 92 748 33109
903324457 92 132 33111
903700759 88 904 33121
903908130 85 944 33126
904363843 93 614 33138
904451876 83 540 33140
904893523 92 155 33151
905104206 89 139 33156
905467080 80 62 33165
906278009 81 611 33186
906407595 82 970 33189
907148064 89 362 33207
907896902 82 70 33226
908651479 82 654 33245
908941567 91 677 33252
909870911 95 914 33276
909953571 93 662 33278
910818002 89 669 33300
910893675 83 646 33302
911522909 90 815 33319
911689480 99 24 33323
912018201 88 985 33331
912428790 81 667 33342
912879710 85 972 33354
913597629 86 472 33373
914000390 98 165 33383
914242414 88 180 33389
914609032 80 506 33398
914806408 97 659 33403
914881088 91 925 33405
915138829 92 69 33411
915217583 87 94 33413
915376871 82 219 33417
915426871 91 78 33418
916180095 94 894 33438
916210095 86 955 33439
916498587 96 858 33446
916947443 95 777 33457
917493235 83 462 33470
919014884 85 328 33508
921490201 98 463 33570
921643238 99 100 33574
922779595 94 550 33603
922974432 82 790 33608
923150628 92 24 33612
924370203 96 470 33643
924922411 93 595 33657
926617307 91 611 33698
927321306 97 853 33715
928063946 96 10 33734
928818594 97 326 33753
929187139 80 698 33762
931156965 98 423 33811
931909114 90 176 33829
932813713 96 621 33851
933200286 85 712 33861
933726347 98 188 33875
934069881 95 962 33884
934615029 85 716 33897
935445422 87 775 33918
935491100 85 175 33919
935653277 84 848 33923
935696187 81 292 33924
936633038 88 123 33948
937614458 99 345 33973
938871734 85 952 34004
939530018 84 499 34021
939856203 89 26 34029
939886203 82 574 34030
940011765 88 464 34033
942289409 86 398 34092
942901686 85 439 34108
943019653 80 757 34111
943661348 92 923 34127
945364902 99 268 34170
945412531 93 795 34171
945957385 89 779 34184
946158204 80 587 34189
946449603 87 245 34196
946660525 82 457 34201
947316228 80 765 34219
947602546 99 943 34226
948153509 89 508 34239
948573600 80 448 34249
948634479 90 766 34251
948769896 84 308 34255
949999589 85 471 34285
950328006 89 303 34293
951477417 95 162 34322
951693553 82 859 34327
951883092 92 968 34332
952067307 89 730 34336
952752147 98 959 34354
953034439 97 355 34361
953126639 84 715 34363
953626778 95 516 34376
953924778 83 438 34383
954665179 88 61 34401
955899697 86 534 34432
958297346 99 454 34491
958635920 99 616 34499
958918467 91 571 34506
