419550 26 30 10
958314 34 362 23
1583572 37 375 39
2661587 36 973 65
3059774 35 170 75
4528078 28 874 112
4631824 37 405 115
5563843 29 888 137
5783483 39 738 142
6886595 32 157 169
6929276 24 747 170
7460107 20 365 183
7581841 36 95 186
7620049 25 49 187
7661085 27 873 188
9189579 22 144 228
9844598 32 348 244
10381797 39 601 257
10746841 39 800 266
11131628 27 943 276
11416494 36 424 283
11895081 29 779 296
12129392 21 886 302
12360487 25 514 308
13173305 27 140 329
14146063 24 480 353
14803467 20 790 370
14847276 21 224 371
15150611 35 553 378
15905186 22 913 396
17204140 36 386 428
17431244 23 731 434
18104143 36 408 451
18323952 37 528 456
18498237 28 181 460
18581394 23 637 462
18621530 22 766 463
18867902 37 803 469
19091554 33 783 475
20065898 34 56 500
20428082 33 627 509
20938448 27 325 522
21785935 39 3 543
21981553 34 318 548
22458306 33 367 560
22529451 28 299 562
22691904 23 377 566
23031868 30 192 575
23397780 37 227 584
23433283 32 915 585
24326398 38 824 607
24440292 24 567 610
24482926 28 900 611
25146303 21 152 627
26079711 22 757 650
26655308 22 233 665
26936897 21 185 672
28115162 34 830 701
29125446 39 624 726
30328064 33 247 755
30674955 36 6 764
31280046 32 830 778
32471438 29 844 807
32796217 22 785 815
34886141 37 337 867
35580524 26 666 884
35874228 34 368 891
35950820 37 620 893
38320218 32 300 951
39109040 20 510 971
40174169 21 352 997
41523908 30 352 1031
42983197 29 844 1068
44842122 36 568 1115
44972903 20 102 1118
47162311 30 986 1170
47935495 39 541 1190
48437008 28 374 1203
48614456 30 436 1208
48935357 25 210 1216
49213320 26 170 1223
49727764 38 184 1237
49760325 37 139 1238
50276972 36 471 1251
50341023 39 333 1253
51082616 28 665 1271
52867087 29 795 1315
52913822 24 824 1316
53587801 28 992 1333
53849638 26 694 1339
54493750 28 76 1355
54664222 21 359 1359
54909277 36 88 1365
55061977 28 980 1369
55415574 30 756 1378
55842549 20 664 1389
56814629 27 802 1414
57479589 35 358 1431
57553430 39 850 1433
57626619 23 80 1435
57774952 23 280 1439
58057632 30 813 1446
60655300 39 608 1511
61543461 38 690 1533
62217102 34 430 1549
63393570 26 861 1578
63543229 27 324 1582
64322758 34 419 1602
65001097 37 19 1620
65859657 36 1 1642
65977963 30 775 1645
67403119 32 363 1682
67650585 24 304 1688
68032498 24 132 1698
69012112 35 193 1723
69278297 26 463 1730
71544307 23 188 1788
71790648 34 265 1794
71878884 32 636 1796
71946025 31 327 1798
72536147 22 301 1813
72734376 39 506 1818
73451682 25 874 1836
73656716 29 708 1841
73697470 31 8 1842
74188461 36 294 1854
74297676 21 814 1857
75024558 35 390 1875
75253183 20 680 1881
75537887 38 353 1889
75786945 38 227 1895
75862769 22 145 1897
77091571 34 138 1927
77130290 24 981 1928
77769828 32 987 1944
77989573 28 276 1949
78070959 32 1 1951
78328060 38 250 1958
78611684 30 886 1965
79345982 39 453 1984
81303632 21 101 2033
81617387 23 518 2041
82065951 29 93 2052
82566800 25 866 2064
82916127 22 282 2073
84883675 32 806 2122
85277803 25 221 2132
87091713 34 187 2176
87501148 25 401 2186
89271159 34 304 2232
90138110 38 343 2254
90899340 25 417 2274
92358950 26 959 2311
92641429 24 396 2318
93144222 23 724 2330
93491665 28 249 2339
93949344 22 686 2351
94586247 24 672 2367
95671910 24 207 2393
95713821 37 200 2394
95906761 21 392 2399
97527526 27 731 2440
99734834 34 795 2494
101532770 23 172 2539
103280592 32 117 2584
103685193 28 740 2595
104174188 38 832 2607
104429261 30 128 2613
104499323 22 328 2615
104652657 35 545 2619
104824625 22 451 2623
105007604 30 612 2628
105869233 25 352 2650
107051479 20 46 2678
107951934 29 492 2701
108102116 25 883 2705
110701986 21 887 2767
112004391 36 664 2801
112043655 38 346 2802
112690019 36 6 2818
112774027 20 909 2820
113913895 32 111 2849
115146804 36 901 2879
115342611 25 437 2884
116234991 36 693 2907
117205258 37 610 2931
117401641 30 782 2936
117527821 27 902 2939
117676727 26 327 2943
118265840 36 641 2958
118426948 31 961 2962
119596431 30 741 2991
120234382 23 176 3026
120724345 33 495 3076
120861916 23 655 3089
120883503 25 593 3091
120977528 36 55 3101
121001948 38 939 3104
121070229 35 555 3111
121140080 34 251 3118
121252827 23 960 3130
121444529 36 692 3148
121660899 32 197 3171
121895140 30 239 3194
122330604 26 588 3238
122348824 22 264 3240
122545261 30 408 3260
122580359 33 318 3263
122742275 28 943 3279
122767901 39 609 3282
122801694 28 309 3286
122809901 20 894 3287
122936101 28 494 3300
122946554 37 819 3301
123121601 28 26 3319
123554737 30 903 3361
123617638 22 80 3367
123725270 26 635 3377
123851386 21 364 3389
124040876 37 654 3408
124174857 37 448 3421
124225044 32 11 3426
124308279 30 542 3434
124326243 25 559 3436
124513347 35 830 3454
124676535 22 372 3471
124688434 28 487 3472
124699110 22 350 3473
124960244 35 135 3499
125006422 31 242 3504
125059143 22 814 3510
125080842 36 881 3512
125194102 32 68 3523
125252312 29 267 3529
125714037 38 836 3573
125834477 25 24 3585
125948700 34 243 3597
126349962 39 383 3638
126587028 34 514 3662
126601459 39 73 3664
126620559 36 686 3666
126654240 25 12 3670
126684135 36 906 3673
127324941 35 623 3736
127612973 32 251 3765
127635682 26 400 3767
127640198 20 140 3768
127649722 32 801 3769
127733580 27 133 3778
127883946 34 913 3793
127933518 37 806 3798
127975139 36 747 3802
128032439 35 763 3808
128067737 28 872 3812
128373162 20 410 3843
128451514 28 480 3850
128662464 38 625 3871
128890679 30 526 3895
129096466 29 242 3915
129242079 23 224 3929
129255079 38 145 3930
129284423 30 115 3933
129620796 25 384 3966
129692142 24 218 3972
129776486 25 17 3980
129914580 35 642 3994
130410231 35 113 4045
130497658 31 248 4054
130806309 24 199 4085
130842691 37 935 4089
131004528 26 450 4106
131107966 33 317 4117
131297003 27 708 4135
131393774 22 858 4144
131411074 26 58 4146
131421337 30 739 4147
131475271 24 19 4152
131496548 30 157 4154
131586332 33 321 4164
131742022 34 409 4180
131768821 26 482 4183
131823622 29 469 4189
131922375 21 888 4199
131955545 21 967 4202
132006043 25 414 4207
132023095 23 648 4209
132101338 23 348 4217
132194966 28 971 4227
132327209 32 298 4240
132436904 37 178 4251
132568007 31 185 4263
132895030 32 504 4296
133081375 22 622 4315
133239449 22 115 4331
133419414 25 188 4350
133473141 23 87 4355
133636204 31 619 4371
133771521 38 267 4385
133787293 33 391 4387
134172543 33 725 4424
134299662 26 678 4438
134394042 21 975 4447
134560275 33 380 4464
134600159 21 868 4468
134791150 35 101 4487
135006364 22 978 4509
135014168 34 302 4510
135483362 37 451 4555
135655766 34 949 4573
135711852 22 675 4579
135719137 37 850 4580
135792582 26 154 4588
135966781 39 614 4607
136092943 25 857 4620
136194589 30 964 4630
136458973 29 411 4658
136502910 38 383 4663
136616656 24 720 4674
136786288 29 996 4691
136839630 30 722 4696
136901128 23 726 4703
136939784 22 327 4707
137021364 34 246 4715
137063793 26 151 4719
137225318 26 666 4734
137285765 22 738 4740
137361439 20 813 4749
137378462 23 253 4751
137784824 21 296 4791
137848005 27 343 4797
137990415 34 678 4812
138012222 20 212 4814
138159900 21 857 4828
138274089 38 798 4839
138830350 22 467 4894
139005801 30 340 4912
139153765 32 530 4926
139189989 35 816 4930
139200462 35 769 4931
139260681 26 954 4937
139455381 21 680 4958
139505186 24 278 4963
139522295 34 338 4965
139665666 27 793 4981
139953900 32 648 5010
139972909 37 691 5012
140325932 36 324 5046
140804797 34 72 5096
141007967 28 559 5116
141159017 32 529 5131
141203273 29 280 5135
141544171 38 545 5167
141798161 32 349 5192
141840007 23 29 5196
142116750 24 59 5224
142214094 32 554 5234
142428442 37 82 5256
142530531 36 782 5266
142553211 37 341 5268
142586376 36 231 5271
143308820 21 233 5345
143377299 29 132 5352
143389430 39 585 5353
143560108 21 825 5370
143661366 27 588 5380
143699813 26 219 5384
143825559 35 300 5396
143980749 29 751 5411
144010894 32 88 5414
144096258 28 932 5423
144383754 22 344 5451
144518448 39 962 5465
144759427 29 267 5488
144868582 25 602 5499
144888186 34 361 5501
144978919 21 721 5510
145053631 21 744 5518
145346254 38 41 5546
145438131 28 530 5555
145499633 20 674 5561
145555560 23 681 5567
145661522 38 971 5578
146078178 20 184 5620
146108317 32 79 5623
146120721 33 907 5624
146290354 32 848 5641
146328541 20 181 5645
146990721 36 980 5711
147011751 24 550 5713
147287205 30 440 5740
147454306 29 139 5757
147495325 28 582 5761
147586397 34 258 5770
147847178 22 461 5796
147968080 31 524 5808
148006318 28 390 5812
148023995 36 528 5814
148098444 35 732 5821
148232689 21 327 5834
148316140 33 969 5842
148347439 35 804 5845
148381967 25 534 5848
148423879 30 672 5852
148755374 27 413 5885
148800518 21 506 5890
148813518 28 155 5891
148988782 30 754 5909
149148269 38 754 5925
149167604 27 48 5927
149258460 34 606 5936
149278527 38 361 5938
149624974 28 838 5974
149633510 25 387 5975
149698288 35 834 5982
149814769 36 858 5993
149840684 31 629 5996
149861801 22 723 5998
150177748 34 192 6029
150281694 37 379 6039
150297947 38 357 6041
150314383 39 821 6043
150939244 32 840 6105
151359671 25 919 6149
151563458 33 980 6169
151752284 27 317 6189
152236156 31 728 6237
152320653 28 200 6245
152373598 34 512 6251
152591908 34 563 6273
152601045 31 250 6274
152708281 21 243 6285
152807370 20 277 6295
152819098 36 299 6296
152915732 36 536 6305
153086282 26 615 6321
153656751 25 290 6375
154277678 28 12 6438
154648999 37 861 6476
154872476 20 617 6498
154925494 38 834 6504
155021473 31 929 6515
155108032 38 627 6523
155173637 24 326 6530
155220010 28 524 6535
155503592 26 975 6562
155511993 34 919 6563
155663469 24 497 6578
156638522 29 119 6675
156812302 39 508 6693
156844175 28 414 6697
156975968 30 673 6710
157051756 23 483 6718
157087595 30 590 6722
157236433 32 794 6736
157547371 35 903 6769
157598682 33 622 6774
157639832 32 404 6778
157840707 20 664 6798
158162645 34 7 6831
158436409 26 918 6858
158490284 33 254 6863
158565982 37 24 6871
158592254 28 424 6874
158613732 27 809 6876
158645561 25 248 6879
158814300 32 251 6896
158917659 24 415 6907
159358521 24 671 6953
159376184 23 318 6955
159628364 26 312 6979
159652653 30 69 6982
159853129 37 114 7001
160074419 32 775 7023
160082228 32 377 7024
160285955 36 831 7044
160374738 24 239 7053
160464625 34 47 7062
160537096 33 13 7069
160581743 31 910 7073
160624869 25 767 7078
160645430 35 894 7080
160837402 24 961 7099
160913832 21 414 7106
160980962 31 511 7113
161056436 26 775 7121
161118117 21 639 7127
161213035 25 407 7137
161390162 32 90 7155
161600926 39 364 7175
161634701 21 953 7178
161719808 23 196 7187
161795803 38 139 7194
161948929 36 955 7209
162128148 39 921 7227
162197793 36 601 7235
162274049 38 92 7242
162372210 39 140 7252
162700877 39 606 7285
162744778 39 670 7290
162920473 32 310 7308
163103572 34 930 7326
163296292 32 262 7344
163365243 35 29 7351
163398252 25 519 7354
163570072 24 18 7371
163775793 33 124 7392
163784438 23 636 7393
164549721 25 218 7467
164597382 28 454 7471
164630014 33 889 7474
164749965 21 516 7486
164789430 30 181 7490
164903004 24 899 7501
164923802 35 780 7503
164933352 20 609 7504
165053947 28 951 7517
165065169 22 235 7518
165573464 36 14 7569
165723810 27 697 7584
165942425 37 168 7606
165957233 25 215 7608
166000619 20 272 7612
166055504 26 22 7618
166076754 39 610 7620
166158960 38 269 7628
166613406 24 907 7675
166982303 37 363 7713
167025310 26 401 7717
167036171 21 201 7718
167092818 20 171 7724
167399340 35 634 7754
167752645 29 219 7790
167933750 27 498 7808
167943597 39 951 7809
168088595 25 983 7823
168237889 23 165 7838
168301538 24 398 7844
168510152 39 913 7865
168518267 33 886 7867
168631614 20 752 7879
169030806 21 73 7918
169295836 30 51 7944
169317939 31 139 7946
169444518 34 327 7959
169568329 32 919 7971
169664588 35 785 7981
169684727 33 679 7983
170134601 28 938 8029
170171079 29 528 8033
170305045 27 601 8047
170664872 20 385 8084
171074949 34 334 8124
171237664 21 454 8141
171563158 26 234 8175
171581552 31 863 8177
171633627 25 822 8182
171643920 38 164 8183
171678991 24 531 8186
172175481 33 219 8236
172216628 21 631 8241
172257015 37 459 8245
172375620 22 854 8258
172701596 25 354 8290
172712717 31 340 8291
172785591 21 112 8298
172802384 31 370 8300
173008886 20 316 8321
173029061 20 381 8323
173105465 39 553 8331
173189192 28 650 8340
173372239 31 929 8357
173431740 24 551 8364
173675962 38 232 8389
173752817 33 198 8396
173883235 25 528 8409
174261326 22 762 8447
174330328 34 633 8454
174535414 26 187 8475
174553079 33 546 8477
174599368 27 674 8483
174744871 22 13 8497
174798754 39 341 8502
175496811 39 310 8571
175785621 33 46 8603
175842276 35 384 8608
175875036 20 683 8611
176104006 37 989 8633
176213560 21 519 8643
176333772 38 127 8657
176469204 34 113 8671
176746606 29 689 8699
176758780 36 562 8700
176935493 36 786 8718
176959547 37 432 8720
177180192 31 642 8744
177325344 35 392 8758
177427957 35 509 8768
177462225 39 873 8772
177603627 22 977 8786
177814896 32 366 8807
177990317 34 807 8824
178013449 23 181 8826
178092412 23 237 8834
178254705 33 939 8850
178458715 35 91 8871
178490496 20 464 8874
178545651 38 654 8880
178689428 33 321 8894
178871146 22 557 8912
179038960 24 123 8928
179090050 23 516 8933
179135362 25 798 8938
179218621 26 678 8946
179287132 27 82 8953
179392640 25 89 8964
179476244 22 268 8973
179498422 30 906 8975
179519524 39 152 8977
179855458 33 783 9013
179928935 26 919 9020
180127714 27 21 9041
180428663 34 954 9070
180608645 29 909 9088
181058582 23 20 9133
181448087 39 484 9173
181523523 33 138 9181
181707101 27 666 9200
181747931 20 710 9204
181789727 24 536 9208
181799493 33 730 9209
182145204 33 752 9242
182255718 28 990 9253
182316671 22 737 9259
182825680 37 130 9309
183128670 36 775 9340
183201683 21 930 9347
183250448 26 45 9353
183323296 28 577 9360
183382687 26 986 9366
183466802 35 797 9374
183626213 30 940 9389
183918992 23 25 9418
183930364 21 165 9419
184354719 35 509 9461
184513212 38 656 9478
184602776 38 183 9487
184620932 27 513 9489
184640256 35 818 9491
184724795 30 565 9499
184982152 38 789 9524
185002270 28 262 9526
185168975 31 407 9542
185274560 25 780 9553
185334796 26 338 9559
185397481 22 547 9565
185604024 24 533 9585
185655242 20 40 9590
185720367 24 341 9596
185746501 26 435 9599
185920281 37 648 9615
186017238 36 991 9625
186041189 22 875 9627
186412460 29 289 9665
186446974 24 30 9668
186557000 22 330 9678
186688087 34 928 9691
186739119 28 722 9696
186863031 37 38 9708
186885200 20 338 9710
187088799 24 334 9732
187218247 28 438 9745
187306073 35 503 9754
187479582 29 17 9772
187490605 23 750 9773
187704573 38 578 9794
187714505 29 356 9795
187750605 39 829 9799
187929431 26 172 9817
187940287 37 671 9818
187958592 31 227 9820
187994634 32 929 9824
188026733 39 353 9827
188419237 30 44 9865
188761461 38 771 9899
188951872 35 635 9918
189279143 34 277 9950
189334873 39 264 9957
189461105 37 208 9969
189792338 37 732 10002
190113042 24 287 10037
190427843 39 171 10070
190695591 39 214 10098
190707432 30 668 10099
190716532 33 475 10100
190737462 30 935 10102
191252426 27 151 10155
191479648 33 260 10178
192150500 25 153 10243
192208068 31 636 10249
192442679 20 218 10274
192475589 34 550 10277
192623561 30 699 10292
192857580 28 520 10316
193374312 31 337 10367
193629721 23 898 10393
193798969 28 909 10412
193858363 32 704 10418
193944955 38 135 10427
194123807 38 473 10445
194267693 39 364 10460
194312602 39 881 10464
194445855 36 888 10477
194487054 38 975 10481
194507738 30 952 10483
194573858 33 626 10489
194871535 20 290 10521
194926321 24 369 10526
195165599 26 487 10549
195266297 32 890 10559
195370613 31 988 10570
195569548 28 271 10590
195651437 34 351 10598
195663279 35 322 10599
195765358 32 293 10609
196114579 32 516 10645
196153230 34 220 10650
196165458 28 236 10651
196297051 29 937 10663
196429495 30 41 10676
196449552 36 573 10678
196630598 32 888 10695
197095655 20 582 10740
197121095 38 25 10743
197176491 20 877 10749
197237185 28 943 10755
197825072 33 265 10815
198108003 20 29 10843
198135090 31 192 10846
198390286 22 666 10872
198408904 21 390 10874
198520514 35 374 10885
198554087 38 267 10889
198655326 21 27 10899
198663776 34 175 10900
198817522 27 920 10915
199023045 23 137 10937
199103548 31 382 10945
199114563 20 335 10946
199272936 33 943 10963
199364997 39 987 10973
199411697 38 246 10977
199446416 34 523 10981
199632021 38 718 10999
199949423 32 591 11032
200479311 26 325 11083
200623236 35 908 11097
200661570 38 217 11101
200678312 27 983 11103
200765129 24 135 11111
200970077 25 356 11132
201044732 30 504 11139
201412849 27 434 11177
201502247 39 739 11186
201565673 23 510 11192
201672904 35 619 11203
201795579 33 550 11215
201920892 26 395 11227
201984671 33 53 11233
202054052 22 364 11240
202082682 27 804 11243
202130006 29 686 11248
202141001 39 26 11249
202259854 27 132 11261
202334766 27 580 11268
202449749 39 169 11279
202553962 24 432 11290
202599652 24 780 11295
202678267 31 208 11302
202777787 31 952 11312
203045519 39 467 11339
203069217 23 840 11342
203213493 32 923 11358
203291268 27 503 11366
203302516 33 318 11367
203397683 26 416 11376
203445528 25 599 11381
203513860 39 951 11389
204311760 35 106 11468
204355028 27 570 11472
204457396 36 954 11483
204482410 37 470 11485
204508926 39 41 11488
204597863 37 797 11497
204640369 36 746 11501
204676571 36 287 11505
204702205 22 772 11508
204732945 27 319 11511
204942908 32 771 11534
204975603 33 672 11537
205005968 30 412 11540
205070558 25 746 11547
205137086 26 540 11554
205335134 26 203 11574
205636112 22 36 11604
205681425 32 954 11609
206173105 29 833 11660
206259319 27 420 11669
206524136 24 572 11696
207215810 29 887 11766
207317418 23 122 11776
207543274 35 403 11798
207710072 33 864 11815
207797044 39 381 11824
208005405 20 592 11846
208023118 33 124 11848
208135666 20 909 11861
208168650 25 668 11864
208643573 20 531 11913
208793962 38 517 11927
208940023 23 329 11942
208975132 29 277 11946
209441452 32 969 11992
209448753 31 405 11993
209704911 37 101 12019
209831345 29 509 12032
209915174 22 353 12041
210342845 29 233 12084
210354452 39 359 12085
210396557 24 647 12090
210523092 35 954 12103
210770856 34 843 12128
211316517 27 971 12180
211387468 37 752 12188
211546662 22 596 12204
211604359 38 72 12209
211627460 38 377 12211
211637808 24 97 12212
211812036 31 417 12230
211831254 36 103 12232
211874930 37 820 12236
212227150 32 769 12271
212310093 30 814 12279
212484739 37 768 12297
212549412 22 399 12303
212605824 34 886 12309
212623951 34 488 12311
212717389 23 792 12320
212749632 27 540 12323
212887366 28 54 12337
213109205 28 907 12359
213132381 24 414 12361
213282928 24 340 12377
213391703 39 132 12389
213485903 27 936 12399
213562581 38 594 12407
213737069 32 632 12425
213787797 29 855 12430
213870227 36 598 12438
214212217 34 887 12472
214231912 26 479 12474
214501051 23 425 12502
214787620 29 258 12531
214919269 35 606 12545
214949154 29 640 12548
215038474 22 704 12557
215103550 33 613 12564
215231722 29 652 12577
215277599 32 110 12581
215480838 22 180 12600
215621903 37 148 12615
216013924 30 497 12654
216208866 21 117 12673
216232532 27 821 12675
216258395 39 586 12678
216455001 24 560 12699
216534734 37 990 12707
216556129 23 210 12709
216923608 35 814 12747
216944412 33 762 12749
216971843 25 196 12752
216994704 26 824 12754
217038486 38 384 12759
217104393 34 470 12766
217215484 28 350 12777
217536565 32 592 12808
217614532 28 158 12816
217668658 26 969 12822
217935137 39 521 12851
217996304 33 167 12858
218012093 32 965 12860
218201554 21 59 12880
218349633 20 220 12895
218409518 25 960 12901
218438381 24 453 12904
218647245 30 122 12924
218740464 22 283 12933
218898214 25 764 12950
218962505 38 258 12957
218990689 36 40 12960
219034531 23 437 12964
219080970 33 649 12969
219156589 28 830 12977
219288883 21 949 12990
219306404 30 365 12992
219418860 24 218 13003
219470768 20 211 13008
219830915 24 721 13044
219877531 27 185 13049
219917639 21 688 13053
219976724 36 976 13058
220487999 33 35 13108
220521554 20 756 13111
220941912 32 866 13150
221141025 28 641 13170
221232683 34 681 13179
221318228 26 486 13187
221720304 31 212 13227
221918248 33 761 13248
222057203 31 294 13261
222268851 21 386 13283
222289519 39 235 13285
222302181 37 19 13286
222423615 29 636 13298
222648408 26 194 13320
222786005 32 642 13335
223426327 29 698 13399
223475667 32 138 13404
223572523 36 799 13414
224084317 37 20 13466
224158156 20 936 13473
224252177 24 550 13483
224746073 23 902 13533
225305352 24 9 13589
225433426 32 480 13603
225456631 22 659 13605
225500915 27 897 13609
225519911 31 605 13611
225651269 33 374 13625
225712487 33 735 13632
226168973 31 156 13680
226548314 36 808 13721
227233370 36 279 13790
227359389 20 545 13802
227438997 30 544 13810
227493183 29 114 13817
227511211 27 72 13819
227749875 32 821 13845
228028408 35 835 13873
228124475 21 813 13882
228199582 24 607 13889
228262282 28 74 13896
228533519 37 19 13922
228696202 20 323 13939
228772667 30 887 13948
228792609 24 933 13950
229451641 29 305 14014
229607116 29 311 14030
229888527 30 828 14058
230193821 39 801 14089
230419555 37 773 14112
230539884 26 190 14124
230635072 38 687 14133
231068163 26 896 14179
231108413 23 963 14183
231254980 25 183 14197
231418082 38 422 14212
231623870 30 909 14232
231931459 30 563 14262
232038123 36 342 14273
232109250 20 24 14279
232224230 32 641 14291
232577118 23 269 14326
232695542 33 224 14338
232734292 29 986 14342
232829057 26 248 14351
232956295 22 618 14364
233446757 27 108 14414
233761979 35 628 14445
233836932 26 606 14453
233885551 27 611 14458
233959828 22 351 14465
233992859 31 456 14468
234386738 37 486 14508
234458001 36 64 14516
234667956 21 855 14537
234862302 32 337 14558
234980604 27 825 14570
235089639 30 232 14581
235142156 21 622 14586
235244497 39 658 14597
235429148 24 681 14615
235604715 32 808 14633
235745407 22 754 14647
235792656 36 308 14652
236073038 21 922 14682
236081861 24 723 14683
236139247 36 733 14689
236320628 26 81 14708
236655117 37 104 14741
236730193 24 51 14748
236794889 38 861 14755
236840404 39 225 14759
236875907 30 383 14762
236973351 31 875 14772
237043196 26 915 14779
237199329 23 278 14795
237384287 30 363 14813
237530471 29 713 14827
237639805 35 261 14839
237929241 29 780 14866
238369991 31 541 14910
238506001 39 719 14925
238697849 21 583 14943
238759886 27 444 14949
238797712 28 208 14953
238900696 21 387 14963
239275492 25 341 15002
239347210 26 556 15009
239371795 29 147 15012
239392019 23 717 15014
239510547 25 717 15026
239671116 27 244 15042
239682028 21 60 15043
239711676 20 108 15046
239904954 39 546 15066
240371269 27 777 15112
240398225 27 84 15115
240574230 28 355 15133
240641329 36 444 15140
240728421 26 436 15149
240774020 22 502 15154
240997633 37 648 15175
241159215 30 642 15191
241311284 39 470 15205
241455657 30 298 15219
241578893 24 219 15232
241762517 25 705 15251
241813933 34 236 15256
241833267 28 142 15258
241859756 35 353 15261
241951269 28 349 15270
241999174 20 503 15275
242131028 24 275 15287
242285004 22 467 15302
242421868 33 917 15317
242579257 29 299 15332
242695072 32 556 15343
242875404 38 74 15361
243100670 26 634 15384
243128657 31 42 15387
243223920 22 379 15396
243447468 26 103 15419
243466317 37 551 15421
243510519 24 280 15426
243628577 37 417 15438
243831308 26 602 15457
243850273 38 833 15459
243877022 29 369 15462
243899870 35 506 15464
243911685 24 275 15465
244038900 20 501 15478
244107361 30 662 15485
244308726 25 326 15505
244326158 38 761 15507
244539708 32 601 15528
244705487 20 186 15546
244951847 38 144 15569
244958433 26 326 15570
245056179 22 851 15579
245133477 39 917 15587
245181103 34 558 15592
245240519 24 776 15599
245336862 35 883 15609
245416777 37 341 15617
245435587 33 711 15619
245456537 26 423 15621
245779412 21 486 15654
245826131 30 732 15659
245837469 34 609 15660
245862295 37 637 15663
246416273 24 689 15717
246512795 26 565 15728
246543963 27 877 15731
246668008 38 640 15744
246752933 23 228 15753
246923227 22 824 15772
247049665 31 196 15784
247082318 35 954 15787
247208150 28 848 15800
247316844 31 639 15812
247535615 30 214 15833
247653784 32 192 15844
247707124 25 656 15850
247937962 21 81 15873
248046685 34 293 15885
248465957 21 703 15927
248524869 27 699 15933
248738734 23 44 15954
249003970 39 114 15980
249185528 36 446 15997
249321305 38 822 16009
249428287 32 898 16020
249609391 23 203 16038
249647971 32 696 16042
250210881 28 70 16100
250371169 23 498 16116
250465022 31 411 16126
250544984 35 508 16134
250656329 32 602 16145
250737309 21 656 16154
251226050 32 653 16203
251270328 36 190 16207
252378347 29 748 16322
252662763 34 924 16351
252693335 20 997 16354
252722932 24 532 16357
252780670 36 909 16363
252811742 34 416 16366
252867290 28 841 16372
252873992 32 468 16373
253146349 25 925 16399
253186262 37 469 16403
253195385 21 596 16404
253308121 24 195 16415
253428277 28 439 16427
253462852 36 267 16430
253597690 38 957 16443
253873090 21 500 16470
253889372 38 154 16472
253916573 34 151 16475
254273330 22 804 16514
254503178 31 930 16538
254728596 23 717 16562
254822160 27 882 16572
254888855 37 754 16579
254917344 39 891 16582
254922799 38 433 16583
254930449 35 77 16584
255040410 39 655 16595
255209111 21 487 16612
255274999 21 959 16618
255438861 31 631 16634
255482553 22 677 16638
255675376 33 732 16657
255809726 29 227 16671
255851281 37 204 16675
255953711 38 104 16685
256043437 28 584 16694
256104505 39 315 16700
256147240 27 210 16704
256221434 20 83 16712
256398724 33 351 16731
256597791 39 691 16752
256809433 26 174 16773
256940992 20 477 16785
257077386 39 967 16799
257165095 26 60 16807
257700260 21 869 16860
257741056 34 449 16864
257930552 31 65 16883
258116514 22 662 16900
258137308 30 695 16902
258232829 35 665 16912
258434099 21 608 16932
258637602 37 676 16953
258668584 31 82 16956
258816640 30 226 16971
259180312 38 255 17001
259230312 25 604 17002
260871652 26 794 17043
261835574 29 808 17066
263038101 38 99 17097
264069973 25 728 17123
264622218 38 694 17136
264746278 27 685 17139
265866442 29 666 17166
265959933 31 264 17168
266006492 20 707 17169
267309096 34 11 17203
267546793 32 211 17209
267934967 37 310 17218
268613456 30 583 17235
269088755 24 35 17247
269417856 37 668 17255
269711949 38 409 17262
271130784 20 337 17298
271911909 27 868 17317
272974806 20 804 17343
273012788 26 955 17344
273247367 34 84 17349
274662576 29 600 17386
274978015 29 478 17394
275448302 39 731 17406
275991437 22 519 17419
277462789 27 376 17455
278092264 32 151 17471
278310207 25 437 17476
278340207 21 606 17477
278548979 24 363 17482
278735031 23 104 17487
280098984 27 13 17521
281001500 24 90 17543
281906809 26 336 17565
282773913 34 904 17588
285343436 39 33 17653
285562536 35 201 17659
285890128 33 548 17667
286924547 37 180 17693
289835353 33 865 17766
290490805 32 365 17782
290745479 35 886 17788
290910971 20 868 17792
291184707 25 964 17799
292132861 37 836 17822
292952735 26 616 17844
293654203 21 593 17861
294213344 34 686 17875
294937467 21 819 17894
297148804 38 257 17949
297596309 28 195 17960
297860810 22 803 17967
298292874 23 330 17977
298421853 22 391 17980
298548423 26 384 17983
299588184 27 483 18009
301843902 37 881 18065
301960992 24 506 18068
302393053 25 547 18078
303629897 23 576 18109
303706854 29 979 18111
304286316 22 397 18126
304873106 29 500 18140
305066997 33 594 18145
307673135 20 887 18210
307713595 33 513 18211
309126253 26 784 18246
309217304 34 72 18248
310723942 23 67 18285
310836024 34 935 18288
311801741 21 494 18313
312236121 25 217 18324
312675928 29 516 18335
313717543 27 43 18360
313920287 29 693 18365
314187802 24 605 18372
314488964 21 95 18379
314604670 20 159 18382
314689130 30 705 18384
315725757 21 175 18410
316253020 30 395 18424
317560859 26 424 18456
317757705 25 391 18461
319804485 31 100 18511
321246415 30 537 18547
321451452 21 324 18552
321965298 33 544 18565
322900863 33 651 18588
323027879 31 308 18591
323672521 31 157 18607
325282913 23 453 18646
325542999 26 820 18653
325586396 36 63 18654
326047885 31 1 18665
327018885 22 783 18689
327703179 37 418 18706
327824571 28 84 18709
328593204 28 363 18729
328681702 34 4 18731
329453479 36 922 18750
329574649 27 310 18753
329904234 38 804 18762
330161652 20 414 18768
330380001 39 533 18774
330705604 22 399 18782
333441787 27 419 18848
333957294 30 16 18861
334182121 30 382 18867
334331669 33 807 18871
335318049 31 937 18896
335685588 39 59 18905
336647164 31 108 18929
337996909 34 437 18963
338974294 27 31 18986
339801392 23 376 19007
340140553 22 591 19016
340441167 31 673 19024
341453284 31 74 19049
341656569 34 288 19054
341738581 27 315 19056
341953175 26 778 19061
342090387 33 717 19065
342218637 26 979 19068
342758428 31 560 19082
345543136 38 981 19151
346170811 24 144 19167
348197289 20 357 19217
348277401 23 604 19219
348757744 21 777 19231
349450030 29 849 19248
350185840 38 324 19266
350360426 26 147 19271
350554836 35 257 19275
350725879 39 666 19279
351012306 34 735 19286
351814602 31 967 19306
352602524 36 701 19327
352691594 30 353 19329
354494843 27 721 19374
354694609 35 285 19379
354957673 37 199 19385
355909136 34 31 19410
356807238 24 730 19433
356953836 37 211 19437
358263994 24 722 19471
358871496 31 408 19486
358948682 37 73 19488
359037034 36 559 19490
361301913 33 397 19546
361428122 24 26 19549
362075715 36 7 19565
362760926 36 370 19583
363624878 24 237 19605
363674878 24 186 19606
365425230 30 132 19649
365949127 28 227 19662
366102797 34 923 19666
366513642 30 21 19676
367125040 35 146 19691
367715542 37 938 19707
367839888 24 678 19710
367957382 20 302 19713
369300535 30 401 19746
369497631 26 558 19751
369537218 27 938 19752
370384142 31 938 19773
370759096 29 425 19783
371602254 28 673 19805
372125363 20 275 19818
372406398 22 375 19825
372873010 26 224 19836
373379601 28 449 19849
373493397 33 54 19852
373534012 34 453 19853
374645351 33 832 19881
374686539 39 834 19882
375123517 38 414 19894
376040367 22 991 19916
377397604 31 206 19951
377699350 37 198 19959
377740607 29 803 19960
378029580 33 654 19967
378195066 36 147 19971
378231463 24 590 19972
378360565 30 710 19975
378807299 27 161 19987
379376878 33 376 20001
379976495 30 217 20015
380017589 27 735 20016
380323801 39 829 20024
381094735 22 934 20043
381624473 32 359 20056
381842158 35 142 20062
381998605 30 937 20066
382258532 36 626 20072
382694935 31 112 20083
384256250 30 987 20121
385092182 33 720 20142
385492385 34 281 20152
387951847 28 584 20214
388131063 38 315 20218
388405402 26 562 20225
388490962 38 308 20227
388739917 33 77 20233
390225885 38 71 20270
391067263 36 477 20291
391546849 39 457 20303
391714998 27 218 20307
391953052 22 205 20313
392454348 28 476 20326
392623358 31 74 20330
392869439 33 921 20336
394906357 27 12 20387
394974371 26 917 20389
395121599 28 805 20393
395685127 28 261 20407
396995777 32 40 20439
397153439 34 593 20443
397270978 26 166 20446
397489119 21 461 20452
397614169 37 761 20455
397661462 26 313 20456
398597889 39 763 20479
399135514 25 315 20493
399506576 33 475 20502
400056658 36 573 20516
400651156 21 639 20530
400860609 32 951 20535
401104280 31 400 20541
401189833 39 695 20543
402608290 20 555 20577
402991878 27 432 20587
406876889 33 79 20684
407365793 24 150 20696
408598100 28 405 20727
408794978 38 467 20732
409140883 21 156 20741
409460752 34 554 20750
410435829 27 807 20775
410776487 36 8 20784
411003489 21 261 20790
411823295 37 871 20810
412211895 39 923 20819
412257673 27 2 20820
412859918 27 82 20834
413104611 27 309 20840
413490195 25 694 20849
414509863 36 567 20876
414847181 24 924 20884
416403947 31 45 20923
416903222 35 787 20936
418658289 27 815 20980
418948446 32 931 20987
419029776 33 15 20989
419402299 36 563 20998
419489980 33 291 21000
420170183 26 421 21017
420324337 37 483 21021
420373714 27 118 21022
420700792 32 139 21030
421930394 39 91 21060
422655532 36 434 21078
422695257 38 389 21079
423667195 35 453 21104
424532331 21 588 21125
424630942 22 856 21128
425678439 20 484 21154
427284806 25 229 21194
427622439 21 45 21202
427956911 25 123 21211
428003515 21 411 21212
428315278 29 806 21220
428690493 34 472 21229
428903839 33 939 21234
429515473 24 130 21249
429599202 34 741 21251
429688931 39 990 21253
429760434 38 942 21255
430315148 22 824 21269
430352501 34 237 21270
432759332 33 185 21331
433562963 22 164 21352
435907137 37 114 21410
435937137 38 142 21411
436166315 33 318 21417
437053590 36 392 21438
437517783 28 360 21449
437673289 32 438 21453
437746757 26 713 21455
438367655 22 392 21471
438842756 28 573 21482
438878512 31 2 21483
439233477 28 231 21492
439968410 30 723 21510
440780465 22 993 21530
440844964 28 202 21532
440882269 21 806 21533
441110645 35 216 21539
441212924 21 568 21542
441480363 20 175 21549
443039875 39 599 21587
443406909 24 647 21596
443733252 22 554 21604
444520102 37 753 21624
444688415 27 583 21628
444728357 25 365 21629
444953447 32 509 21635
446578530 38 590 21677
447956488 35 253 21710
448823279 21 535 21732
449498730 37 565 21749
450339598 29 947 21771
451204403 32 840 21792
451360859 26 34 21796
451998828 35 416 21812
452531442 34 893 21825
454179403 38 969 21864
456994688 34 401 21935
457025482 32 164 21936
458151182 30 625 21965
458415387 35 860 21971
459760718 23 213 22005
460359957 24 604 22020
460670692 31 424 22028
461446964 25 37 22048
461574419 37 244 22051
461701563 27 528 22054
461821328 28 328 22057
462504310 36 425 22074
463347353 23 902 22094
464234961 26 34 22116
464344736 38 989 22119
464831518 23 288 22132
465132870 38 993 22139
466423100 37 186 22171
467423167 34 690 22196
468517906 28 529 22223
469028102 22 312 22235
469141603 35 641 22238
469222580 35 181 22240
470452555 23 169 22270
471745838 20 266 22303
472123733 22 949 22312
472295482 37 0 22316
472750016 22 124 22327
473194786 28 159 22338
473795145 38 586 22353
474512176 39 364 22371
474616025 28 707 22374
474774180 39 758 22378
475184536 23 6 22388
475636456 25 783 22399
475782119 34 67 22403
476274687 29 590 22416
477285357 32 296 22442
477922017 28 150 22458
477957302 30 329 22459
478402462 24 954 22470
481120925 33 617 22538
481312108 21 230 22543
482242073 21 950 22567
482372274 23 816 22570
483402185 26 537 22596
483627065 38 327 22602
484833542 36 647 22632
485506968 38 754 22648
486143102 28 164 22664
486784593 36 853 22681
487793224 36 136 22706
488059572 29 173 22713
488336367 25 810 22720
489802648 32 798 22756
491114267 20 561 22788
491316354 28 54 22793
492195828 36 334 22815
492318077 28 332 22818
492654532 24 188 22826
492977238 33 39 22835
494305985 36 60 22869
494942911 27 799 22885
495150763 20 3 22890
495564588 24 866 22901
495916578 28 935 22910
496037407 39 680 22913
496924683 25 995 22935
497506628 39 184 22950
498008999 30 797 22962
498925802 24 525 22985
500154519 32 167 23015
500200232 31 824 23016
500915858 30 568 23034
501066491 37 545 23038
501344633 32 315 23045
502586214 33 807 23076
502757039 38 182 23080
503224827 31 386 23092
503269732 33 43 23093
504430191 36 647 23122
504727826 39 663 23130
505170052 38 367 23141
505281063 33 976 23144
506033353 25 355 23163
506233438 33 482 23168
506726467 33 247 23180
506908275 20 312 23184
507736719 30 563 23205
508918676 29 653 23235
509959544 26 681 23262
510026854 35 583 23264
510837190 39 942 23284
511358878 31 430 23297
511886262 39 951 23311
512648569 21 998 23329
512768711 33 100 23332
513281601 27 378 23345
513613531 39 128 23353
513818117 36 883 23359
514907742 22 439 23386
515180985 22 862 23393
515497419 26 735 23401
515973727 33 682 23413
518348702 20 487 23473
518650952 31 487 23480
518725397 32 823 23482
519046739 33 805 23491
519545682 27 762 23503
520693644 35 174 23530
521112722 28 902 23541
521445075 39 885 23549
521656124 34 476 23554
522336726 36 847 23571
522419418 36 242 23573
522740821 20 391 23581
522989683 32 983 23587
523019683 31 513 23588
523056507 26 773 23589
523373504 23 663 23597
523542735 27 569 23601
524311143 32 311 23620
524861111 24 314 23634
525613723 37 230 23652
525684907 30 340 23654
526584567 27 19 23677
527131699 38 614 23691
527203595 28 204 23693
529302642 27 530 23744
529674990 29 114 23753
529746564 31 692 23755
530316902 24 882 23769
530685483 39 124 23778
531242433 26 460 23792
531613102 23 495 23801
531926739 36 15 23809
533387200 22 781 23845
533947154 32 554 23859
534106309 23 263 23863
534276350 23 362 23868
534901085 21 522 23884
535338932 22 182 23895
535405935 20 364 23897
535921473 37 648 23910
536362488 21 985 23921
537689438 20 879 23953
537734749 29 993 23954
538732991 30 167 23980
539234024 27 517 23992
539526928 20 930 23999
539891345 25 202 24008
542257434 20 735 24068
542608938 25 915 24077
543347386 36 13 24096
544507660 32 777 24124
544826696 31 758 24132
545350496 39 522 24145
545502196 37 912 24149
545790267 22 133 24156
546960570 31 654 24185
547004804 29 761 24186
547861543 34 445 24207
550382926 36 225 24269
550833248 28 288 24280
551259245 20 91 24291
553083516 24 277 24337
553356747 22 885 24344
554407571 31 51 24371
555100530 21 222 24389
555256491 29 324 24393
556408241 38 824 24422
556441994 38 362 24423
556858829 21 772 24433
556890747 31 104 24434
559166842 25 80 24491
559211970 23 147 24492
560588977 26 618 24526
561109860 21 873 24539
562122245 34 780 24565
562302063 21 559 24570
563710964 21 201 24605
564036710 36 561 24614
565383682 24 806 24648
565773976 34 782 24658
566532700 32 787 24677
567194121 38 510 24694
567269706 27 708 24696
567394137 23 684 24699
567473058 23 754 24701
567561808 27 991 24703
567722560 26 765 24707
567917179 38 678 24712
567965867 38 349 24713
568271514 27 638 24721
568541531 38 623 24728
568736637 36 55 24733
568981491 22 359 24739
569439764 21 12 24751
569870955 32 142 24762
570025503 29 845 24766
570677121 22 730 24782
571333017 24 740 24799
571449168 26 155 24802
571732181 29 462 24809
571899845 22 631 24813
572513409 38 281 24828
574522734 29 47 24878
575058090 21 34 24892
576429100 34 911 24926
577560737 24 852 24954
577798625 21 849 24960
577847562 24 967 24961
577925303 22 982 24963
578240344 21 172 24970
578902792 23 496 24987
578946815 37 819 24988
580222272 26 874 25019
581943254 30 686 25063
583354633 30 93 25098
583385233 24 414 25099
584247482 27 329 25120
585204620 34 279 25145
585621289 28 226 25156
585700901 37 184 25158
586932342 23 519 25188
587920761 27 18 25213
588415976 32 845 25226
588847697 20 19 25237
590105033 25 778 25268
590590939 23 212 25280
591321194 29 963 25299
591563646 21 989 25305
592685292 28 989 25333
593438180 33 891 25352
594128210 20 158 25370
595275629 26 937 25399
595358559 22 778 25401
596216119 33 172 25423
596294848 25 341 25425
597093905 29 911 25445
598239426 21 497 25474
599779255 35 62 25511
600301670 35 29 25524
600725358 33 412 25534
601113178 23 479 25544
601803802 30 965 25562
603369949 35 251 25601
604360430 24 585 25627
605021221 37 112 25644
605601006 31 785 25658
606662844 23 320 25685
607903595 24 468 25717
608320990 39 772 25728
608400252 21 950 25730
609018497 35 879 25746
609316026 37 713 25753
610801192 21 528 25790
611231102 24 51 25800
611321370 28 317 25802
611599148 24 836 25809
611870722 26 47 25816
614392452 31 655 25879
614706322 32 394 25887
614736322 31 651 25888
615044115 33 447 25896
616484094 26 351 25932
617137571 39 570 25948
618614521 31 844 25985
620900644 24 915 26044
621367664 23 361 26056
621727243 38 864 26065
621834822 30 744 26068
622225001 39 8 26079
622347592 26 268 26082
622679475 26 582 26090
623075176 27 944 26100
623454001 34 802 26110
624126504 21 447 26127
624711586 36 985 26142
625095439 22 525 26152
625350309 22 756 26158
625548753 22 782 26163
625928060 35 520 26172
625966513 37 142 26173
625999200 34 971 26174
628274900 24 63 26228
629690081 34 759 26263
629810215 23 632 26266
630135566 31 2 26274
630293296 31 272 26278
630424629 34 512 26281
630542868 34 214 26284
631364197 31 572 26304
631837009 26 393 26315
632146216 23 152 26323
633237507 33 440 26350
633671288 38 894 26361
634193696 22 818 26374
634634350 28 428 26385
634717311 36 442 26387
638607836 31 905 26485
638971412 31 23 26494
639467628 31 747 26506
639644915 36 452 26511
640132874 26 764 26524
643311120 25 852 26603
646888281 36 34 26693
648692710 36 28 26739
648972309 23 177 26746
649002309 23 257 26747
651505410 29 137 26811
651619766 33 583 26814
652872577 37 724 26844
653122605 37 545 26851
653160752 27 754 26852
653649690 29 634 26865
654384268 22 993 26884
654904879 35 654 26897
655187184 31 24 26904
657651113 24 322 26966
658227341 24 952 26980
658265525 39 901 26981
658502690 23 12 26987
659739946 26 984 27019
662627767 25 184 27091
662839423 39 360 27096
663513034 34 522 27113
663648701 34 790 27116
664128909 35 739 27128
668053968 26 506 27225
668101609 34 769 27226
668590924 36 30 27238
668830788 34 73 27244
669383368 20 381 27257
669858861 23 458 27269
670048832 30 599 27274
670220508 31 116 27278
670298176 27 25 27280
671345382 28 667 27307
671474879 28 169 27311
674271211 32 402 27381
675119208 25 694 27403
675643348 30 657 27416
676008728 31 966 27425
676895680 36 980 27447
677068866 22 452 27452
677182600 37 716 27455
677379542 38 942 27460
678307269 23 350 27483
678886529 29 443 27498
679683198 39 757 27518
679918343 26 375 27524
680351551 33 530 27535
682420184 38 311 27587
683570398 25 57 27615
684008307 37 648 27626
684697571 36 226 27643
685246924 22 652 27657
687581521 21 331 27716
687662551 25 434 27718
687787391 35 960 27721
688151836 32 988 27730
688234094 36 66 27732
688382708 36 492 27736
688882484 39 683 27749
689045774 39 144 27753
689264605 29 755 27758
690384405 26 77 27786
691286331 23 320 27807
691721334 24 285 27818
692035006 37 898 27826
692255751 33 203 27832
692465376 26 565 27837
692906973 21 623 27848
693708843 33 947 27867
694156714 26 369 27878
694584209 32 952 27889
695964469 27 152 27924
697250869 23 245 27956
700056504 36 423 28027
700798089 23 629 28045
700848089 27 944 28046
701088889 35 955 28052
701675000 28 532 28067
701941038 34 497 28074
702475931 37 40 28088
702635894 39 448 28092
703268531 32 941 28108
704308134 37 554 28135
705789377 21 152 28173
705943398 25 608 28177
706257345 31 862 28185
707540687 27 663 28218
707762176 20 817 28224
709400922 28 228 28263
709845136 31 755 28274
710621033 30 270 28294
710756354 22 103 28297
712145727 32 328 28332
712482293 26 826 28340
712562543 36 826 28342
713404889 22 225 28362
714693693 27 63 28394
714945373 24 679 28400
715484925 22 635 28413
715561381 26 365 28415
715851520 34 34 28422
715992725 24 32 28426
716298858 22 749 28434
716755753 31 607 28445
717192298 37 35 28456
719007388 33 112 28500
719586676 21 227 28514
719824644 27 987 28520
720474547 38 808 28536
721969091 27 993 28573
722005540 37 850 28574
722257910 27 987 28580
722695500 31 958 28591
723564139 26 394 28613
723894912 28 384 28621
725045922 34 26 28650
725212260 33 479 28654
725247543 24 175 28655
725290958 30 257 28656
726263213 25 305 28680
726924053 37 317 28697
726966763 24 953 28698
727083091 31 479 28701
727273669 22 433 28706
727672290 28 130 28716
728726279 23 457 28742
728834533 37 141 28745
729049385 21 950 28751
730846907 30 916 28795
731019202 21 87 28799
731370146 21 509 28808
731449495 29 821 28810
731886258 31 37 28821
732285480 37 879 28831
734749922 27 396 28894
734916001 22 962 28898
735788658 33 51 28920
736421864 38 570 28936
737290990 24 126 28957
738998658 35 276 29000
739416206 22 624 29011
739538356 26 874 29014
740004072 35 833 29026
740204154 30 157 29031
740471157 36 469 29038
741350413 30 601 29061
743350530 35 953 29111
743421642 24 765 29113
743698555 24 709 29120
743893489 28 131 29125
744533968 22 621 29141
745023824 30 254 29154
745106172 37 673 29156
745945687 25 554 29177
746955371 22 65 29203
747289974 39 907 29211
747517033 37 34 29217
747878957 27 869 29227
748157349 26 893 29234
749071842 25 128 29259
749106946 29 78 29260
750630118 36 374 29298
751534039 30 639 29321
752181458 36 388 29337
752541798 29 98 29346
752855008 37 232 29354
754691317 30 887 29400
754817412 39 367 29403
754937202 28 945 29406
755774913 30 950 29427
756080051 33 10 29435
758191406 25 741 29487
758262607 22 4 29489
758439201 39 210 29493
758533040 29 576 29495
759135804 39 325 29510
759985785 37 550 29531
760286318 36 874 29538
760977162 30 140 29555
761340708 35 178 29564
761573595 23 913 29570
762023952 35 441 29582
762449321 27 749 29592
764013791 23 671 29630
765116958 24 645 29658
765343613 30 63 29664
766574137 29 51 29695
766774081 32 61 29700
766863061 23 522 29702
767932679 28 636 29729
768443683 26 330 29741
768605209 29 430 29745
769185653 30 80 29759
770582544 21 155 29793
771868082 25 796 29824
772540457 38 939 29842
772671222 35 884 29845
773339441 28 841 29862
773507424 27 867 29866
773661135 39 621 29870
773941058 24 805 29877
774017329 39 279 29879
776009435 35 506 29930
777106569 33 132 29957
777141782 21 130 29958
778343332 24 862 29989
778606757 22 48 29996
779315609 39 575 30014
782286723 31 703 30087
782452800 33 770 30091
782619729 24 306 30095
782982189 24 224 30104
784319102 35 419 30137
784611199 23 806 30144
785176322 36 797 30159
785415566 24 399 30165
785688431 37 784 30172
786109374 37 85 30183
786795526 34 780 30200
787666455 27 294 30222
788615269 23 147 30245
789868960 33 320 30276
790122427 38 478 30282
790245770 39 681 30285
790863375 28 704 30301
791058157 35 27 30306
791323019 33 447 30313
791940314 36 180 30329
792809314 28 578 30351
794070819 32 913 30384
794392035 25 707 30392
795842616 27 307 30427
795923105 28 750 30429
795973105 34 860 30430
797129193 23 384 30458
797785524 22 585 30474
798193220 32 280 30484
798702196 31 628 30496
799526597 37 935 30516
799702692 21 237 30520
799829778 23 144 30523
801809942 27 522 30573
804224224 32 848 30635
804702744 32 714 30647
804793322 21 414 30649
804835589 24 169 30650
807069004 22 214 30706
807224458 39 81 30710
807344169 26 881 30713
807756642 31 748 30724
808752982 32 173 30749
808799701 20 613 30750
809051778 36 882 30756
809869812 29 571 30776
810285190 34 500 30786
810659904 39 731 30795
811657765 25 290 30821
813170001 39 500 30859
814573768 26 949 30894
816497787 24 992 30942
816760888 39 140 30948
816965703 22 35 30954
817340321 36 538 30963
817602994 33 902 30969
817759874 37 940 30973
818272120 23 711 30986
818884716 39 534 31001
818984352 24 274 31003
819382000 29 435 31013
820114677 31 219 31031
820483706 21 480 31040
820796440 31 514 31048
821710948 38 205 31071
822357336 28 182 31086
822800070 38 356 31097
822879146 39 449 31099
822995781 31 105 31102
823101050 38 996 31105
823344223 23 260 31111
823850204 25 71 31123
824739751 22 253 31146
825334966 26 981 31161
825851778 33 880 31174
827185622 23 916 31207
828898014 30 375 31248
829208705 33 319 31256
830879273 24 151 31298
831875491 34 371 31324
831910103 37 373 31325
833516771 20 6 31365
833663559 20 134 31369
834350153 20 717 31386
834643651 39 266 31393
834817515 20 572 31397
834939923 25 728 31400
835374152 26 172 31411
836895732 25 210 31450
836931519 22 507 31451
838481342 31 983 31490
839113742 36 175 31506
839343117 34 344 31512
839938092 20 161 31527
840785508 33 150 31549
841425263 24 647 31565
841465251 20 500 31566
841876653 20 779 31576
842137690 28 553 31582
842633044 35 133 31594
843306193 28 378 31611
843466400 31 29 31615
844269654 29 444 31635
845292680 25 875 31659
845842065 22 864 31673
845881549 29 179 31674
846824505 20 359 31697
849364044 24 43 31761
850853812 33 943 31799
851215820 20 923 31808
851697334 24 899 31821
851741383 36 938 31822
854492188 29 455 31890
854565331 32 168 31892
856351047 27 137 31936
856888166 28 131 31950
857232427 32 31 31958
858143853 28 955 31981
858295745 24 44 31985
859325239 27 741 32012
859847025 32 179 32026
861608451 38 981 32070
862141612 37 632 32083
862485196 30 441 32091
862685442 37 660 32096
863524938 20 494 32116
863839469 38 691 32124
864253493 29 94 32135
864467912 36 499 32141
865573568 37 503 32168
865616352 29 849 32169
866275783 23 895 32185
866595299 21 13 32193
867107742 34 11 32206
867149873 28 210 32207
867725458 26 819 32221
868090544 33 397 32230
868124089 35 661 32231
868254984 28 112 32234
868968356 23 917 32252
869869812 21 850 32274
870193869 27 258 32282
870478915 36 218 32289
870694484 32 654 32295
871234771 36 488 32309
871595071 20 317 32318
872176539 27 470 32334
875446711 34 477 32415
875987602 20 690 32428
876270399 27 203 32436
876312513 22 577 32437
876957553 31 560 32454
877284755 35 794 32462
877424331 37 72 32466
878045866 27 419 32482
878486387 34 489 32493
878729635 39 409 32499
879784532 26 67 32526
880810199 37 0 32553
881420393 26 979 32568
881460310 21 257 32569
882759656 24 223 32601
883908583 36 783 32629
884264935 23 397 32638
884310538 32 635 32639
885319655 36 294 32664
885695566 39 981 32674
886903536 20 913 32704
886940377 38 710 32705
887419916 36 953 32717
888004110 21 507 32731
889161509 22 995 32759
890007592 28 918 32780
890508026 35 241 32792
892427574 25 609 32838
892754095 20 627 32846
893121030 27 965 32855
893807322 23 613 32872
894050393 20 604 32878
894792653 21 435 32896
895153016 22 930 32905
895620825 24 156 32917
895762900 24 364 32921
897221860 23 731 32957
898836459 27 617 32998
899297803 30 436 33010
899615734 32 899 33018
900546387 38 534 33040
902407471 29 819 33087
903359519 21 899 33112
904053561 38 119 33130
904333843 39 412 33137
904638767 21 784 33145
905185753 39 403 33158
905681607 34 196 33170
906239589 23 113 33185
907341183 34 536 33212
908691083 29 683 33246
908815574 25 192 33249
909053628 21 454 33255
909837117 38 777 33275
910262130 29 236 33286
912514159 30 418 33344
914201465 30 602 33388
914368160 25 575 33392
915770965 24 401 33427
915832018 24 237 33429
915911207 22 494 33431
916103624 28 551 33436
919045877 33 156 33509
919285538 31 979 33515
919651962 25 57 33524
919858563 31 373 33529
919983959 23 30 33532
920953301 24 98 33556
920984395 35 794 33557
922443620 33 761 33594
923511795 32 411 33621
923541795 38 908 33622
923579520 32 878 33623
923876641 21 903 33630
924096899 32 777 33636
924320767 26 176 33642
925921011 26 745 33681
927151144 28 660 33711
927537442 32 593 33721
927856698 23 422 33729
928336123 28 771 33741
929561271 32 167 33771
929646351 20 356 33773
929842794 39 579 33778
930770282 25 462 33801
931117649 39 269 33810
931620758 33 89 33822
932019293 22 822 33832
932772849 39 81 33850
933644996 38 561 33873
934108343 34 27 33885
934309766 30 434 33890
934350386 21 34 33891
935523425 33 997 33920
935778067 20 380 33926
936017314 38 541 33932
936255328 29 934 33938
936591257 39 118 33947
936858634 38 394 33954
938633393 20 571 33998
939932894 30 750 34031
940274430 37 676 34040
941474148 33 586 34071
941668666 31 619 34076
942164148 24 498 34089
942664164 31 759 34102
945101043 35 549 34163
945543885 29 812 34174
945728494 26 214 34178
946690525 24 272 34202
947642905 31 640 34227
947778032 35 538 34230
948378285 28 262 34244
949331424 28 760 34269
949576568 23 83 34275
950198190 33 547 34290
950370176 31 503 34294
950608169 30 551 34300
950777116 28 714 34304
953668392 27 575 34377
954859855 36 584 34406
955072611 38 627 34411
955102611 28 384 34412
955766040 21 797 34429
956760901 33 24 34453
956933472 30 771 34457
956970462 29 193 34458
957397937 28 941 34468
957560674 34 232 34472
958183196 38 407 34488
959705390 33 606 34526
