665269 279 357 16
769392 262 399 19
1352921 265 929 33
1396634 278 631 34
1969263 279 91 48
2823541 279 424 69
3714360 273 280 92
4443366 264 79 110
4807409 279 968 119
4846939 261 403 120
5988668 274 59 147
6029821 279 344 148
6146155 265 626 151
6423779 261 601 158
6682785 269 622 164
6979276 265 148 171
7756880 269 443 191
8251453 264 541 203
8592442 264 476 212
8822036 261 56 218
9350132 278 207 232
9881468 262 669 245
10252973 265 625 254
12216071 263 978 304
13749984 261 364 343
15513162 264 159 387
15824136 272 555 394
16807154 265 494 418
16839726 279 214 419
17655481 270 966 440
17881939 262 13 445
18695570 276 455 465
19357221 276 871 482
19390185 278 354 483
19880596 263 798 495
21162016 267 485 528
22490384 272 805 561
22950514 271 36 573
23772631 277 652 593
24069981 260 693 600
24253033 269 109 605
24368091 265 748 608
25545813 269 533 637
25726585 267 928 641
26153621 279 151 652
26364772 274 18 658
27367757 277 543 682
29922816 276 689 745
30198000 278 693 752
30287951 279 626 754
31963051 264 634 794
32580126 278 988 810
33892699 263 175 843
33938721 270 502 844
35699302 266 661 887
36312632 276 932 902
37048732 265 423 920
37363730 265 47 928
38144443 276 455 947
38190704 274 19 948
38225918 274 174 949
38567696 265 18 957
39267074 274 133 975
39617695 262 911 984
40010593 272 809 993
40731788 267 540 1011
41634162 279 566 1034
43343533 270 945 1077
43973138 273 327 1093
46056661 266 974 1143
47076062 268 224 1168
47283100 278 275 1173
47549655 274 13 1180
48064617 279 966 1193
48742006 268 719 1211
48892910 277 176 1215
49275627 271 957 1225
49358325 275 565 1227
49512673 277 982 1231
49660488 277 654 1235
50099233 276 142 1246
50306972 269 66 1252
50421986 263 403 1255
51129815 264 605 1272
51369145 279 634 1278
51667052 261 996 1285
52521182 270 138 1306
52645718 261 682 1309
54100768 277 233 1345
54295059 264 989 1350
55637387 262 432 1384
56082250 268 731 1395
56155013 265 711 1397
56334819 262 205 1402
56628562 273 129 1409
57592911 270 214 1434
57668498 274 419 1436
58493907 263 402 1457
59373840 266 367 1479
60962412 274 804 1519
61188368 264 450 1525
61453537 264 944 1531
62006768 274 90 1544
62135131 275 584 1547
62260609 260 20 1550
63839735 274 192 1589
64047666 278 961 1595
64892524 268 825 1617
65236688 278 393 1626
66087174 260 721 1648
67135415 267 367 1675
67489447 271 596 1684
67998107 268 306 1697
68529381 264 785 1711
68777805 260 616 1717
68932333 271 799 1721
69462495 264 861 1735
70182507 279 90 1753
70481256 276 26 1760
70900969 273 49 1771
71207845 269 149 1779
74452428 268 582 1861
76793712 265 242 1920
77682006 264 955 1942
78363640 269 52 1959
78439177 264 287 1961
79423853 272 524 1986
80115440 260 976 2003
80464209 272 12 2011
80503902 263 163 2012
80592152 270 9 2014
80722289 269 717 2018
81818304 270 42 2046
81850419 278 311 2047
82396067 274 788 2060
83755988 266 640 2093
84303728 263 571 2107
84481029 279 463 2111
84520420 268 576 2112
84956395 275 948 2124
85236342 261 106 2131
85937829 276 68 2148
86477385 273 275 2161
87126782 261 808 2177
87373004 264 857 2183
88364904 276 721 2208
88668109 266 303 2216
89349060 268 462 2234
90285268 265 167 2258
90427839 277 638 2262
90583960 277 581 2266
90753939 261 190 2270
90837283 268 724 2272
91068212 265 255 2278
92271628 267 823 2309
93188580 265 495 2331
94021737 260 392 2353
94312198 271 593 2360
96024392 263 414 2402
96241742 279 454 2408
97874375 279 494 2449
97957072 262 94 2451
98843168 266 768 2473
99058861 278 64 2478
99363677 274 217 2485
99481506 269 268 2488
99562106 264 218 2490
100136389 274 922 2504
100462074 277 147 2512
100808427 274 732 2521
102126258 274 24 2554
102269478 266 107 2558
103408704 268 182 2587
103538782 276 542 2591
104048241 278 242 2604
104294806 278 344 2610
104530342 275 300 2616
104571377 273 732 2617
104778174 275 777 2622
105387216 277 892 2638
105784990 266 681 2648
106221431 262 193 2658
106369408 269 92 2662
107451872 269 143 2688
107520043 276 452 2690
109890258 270 843 2748
110069620 271 615 2752
110153366 279 99 2754
110576146 271 621 2764
111122984 265 79 2778
111864578 269 864 2797
112331720 262 17 2809
112401038 265 740 2811
113359492 268 663 2835
113558244 262 813 2840
114517311 263 984 2863
115266593 274 768 2882
115616843 276 434 2891
115972008 276 305 2900
116282411 270 274 2908
116319353 265 849 2909
117640103 262 259 2942
117792822 270 358 2946
117905432 269 686 2949
118235840 268 437 2957
118545931 269 736 2965
120034497 277 319 3006
120056001 275 790 3008
120177720 271 590 3020
120214238 278 545 3024
120224172 264 464 3025
120276295 270 198 3030
120293350 271 576 3032
120316483 272 858 3034
120745657 264 796 3078
120780621 261 778 3081
120822121 271 912 3085
120929744 270 730 3096
120966979 268 184 3100
121032330 267 371 3107
121097219 276 93 3114
121117664 277 479 3116
121298961 276 980 3134
121394306 262 201 3143
121554267 271 358 3160
121588394 269 41 3163
121733658 260 856 3178
121754887 261 431 3180
121866414 272 876 3191
121931984 267 386 3198
122050515 266 862 3210
122235689 278 57 3228
122388678 275 83 3244
122509920 264 11 3256
122894744 269 598 3296
123043851 263 446 3311
123162647 271 456 3323
123252991 260 876 3332
123486281 270 728 3355
123596906 270 993 3365
123712270 260 620 3376
123901429 265 617 3394
123927272 263 650 3396
124533141 275 807 3456
124719791 263 419 3475
124882316 263 960 3491
125272411 262 250 3531
125423769 260 15 3546
125580241 278 945 3561
125668228 262 9 3569
125765966 275 841 3578
125784238 268 509 3580
126509892 267 126 3654
126662264 261 74 3671
126792370 265 11 3683
126810717 279 342 3685
127355094 262 802 3739
127364061 279 337 3740
128047799 277 483 3810
128080737 262 2 3813
128191776 264 693 3824
128466675 262 967 3852
128768136 262 389 3882
129132631 263 699 3918
129142220 275 262 3919
129385963 261 93 3943
129405083 261 582 3945
129610575 273 756 3965
129631029 264 525 3967
129758939 267 389 3978
129893435 261 547 3992
129966744 278 181 3999
129996503 274 232 4002
130005428 273 338 4003
130075297 266 997 4010
130129322 271 565 4015
130303693 266 811 4034
130598462 269 423 4064
130875711 274 23 4092
130934344 269 754 4099
130960739 271 559 4102
130991624 275 581 4105
131154874 275 80 4122
131504425 264 522 4155
131521734 271 247 4157
131543552 278 804 4159
131787857 275 118 4185
131844724 260 457 4191
132283791 276 547 4236
132534196 275 601 4260
132858695 274 231 4292
133093256 267 796 4316
133292171 261 239 4337
133452443 261 19 4353
133656199 268 711 4373
133693789 267 240 4377
133954143 275 905 4403
134041698 267 784 4411
134161683 264 878 4423
134279755 278 543 4436
134373023 268 398 4445
134433729 274 277 4451
134807707 277 628 4489
134875506 275 766 4496
134961212 260 996 4505
135060067 275 746 4514
135137578 277 282 4522
135162801 273 490 4524
135339196 272 13 4541
135561204 278 320 4564
135727272 260 469 4581
135733875 266 778 4582
135847452 260 323 4594
135978251 272 844 4608
136422029 278 380 4654
136737163 269 65 4686
136764654 276 95 4689
137178060 269 598 4730
137265344 278 874 4738
137411332 270 283 4754
137484369 279 444 4761
137588759 262 248 4771
137794995 278 12 4792
138750688 268 39 4886
138759554 278 11 4887
138781671 261 326 4889
138916272 266 142 4903
139114053 279 472 4922
139132552 272 812 4924
139220952 265 204 4933
139242774 274 630 4935
139331479 278 115 4945
139613881 268 387 4976
139635741 267 988 4978
139720745 278 649 4986
139798697 263 791 4993
140089435 275 482 5023
140459899 260 208 5060
140583502 275 430 5073
140760787 261 85 5091
140772375 267 883 5092
140844099 269 21 5100
140905287 261 384 5106
141055559 272 850 5121
141089007 266 849 5124
141172017 272 103 5132
141224819 269 986 5137
141278666 261 838 5142
141591368 276 820 5172
141662801 272 865 5179
141706022 262 770 5183
142013034 278 472 5213
142250952 271 306 5238
142439467 263 148 5257
142498824 262 843 5263
142573639 260 694 5270
142598736 272 78 5272
142738857 266 970 5286
142862679 279 28 5299
142911713 266 431 5304
143177723 272 494 5331
143398732 266 563 5354
143441307 266 595 5358
143490363 275 675 5363
143497308 269 639 5364
143507779 265 85 5365
143667566 270 535 5381
143711365 277 47 5385
143887518 277 437 5402
143952452 266 818 5408
144128544 278 265 5426
144213710 271 732 5434
144370754 262 533 5450
144604347 272 302 5474
144614363 269 402 5475
144697410 262 968 5482
144706884 270 662 5483
144731006 263 39 5485
144749830 260 379 5487
144851073 272 94 5497
144970136 277 828 5509
145151513 276 348 5528
145284743 266 132 5540
145778546 261 58 5590
145867587 277 206 5599
145889758 264 69 5601
145922497 265 459 5604
146013484 262 683 5614
146031010 268 675 5616
146757010 272 345 5688
146794015 275 857 5692
146899843 268 255 5702
147265647 274 627 5738
147278027 276 219 5739
147333103 264 927 5745
148190737 271 373 5830
148369233 267 710 5847
148483681 278 501 5858
148585492 278 532 5868
148648002 272 751 5874
148713787 272 38 5881
148995647 278 326 5910
149086946 270 831 5919
149266559 263 364 5937
149364605 278 512 5947
149373268 269 549 5948
149578787 263 580 5970
149658090 276 365 5978
149719971 270 101 5984
149920700 274 422 6004
149990664 273 450 6011
150053518 269 160 6017
150252310 278 243 6036
150288637 273 880 6040
150424853 275 65 6055
150523733 261 712 6065
150592322 261 296 6072
150703479 279 708 6082
150796204 272 858 6091
150873749 261 824 6098
150890786 275 94 6100
151079784 269 37 6121
151390894 278 365 6152
151575044 260 799 6170
151611581 263 854 6174
151667419 278 901 6180
151685688 267 680 6182
151712894 266 349 6185
151947929 261 184 6208
152201879 275 820 6233
152312022 270 929 6244
152652117 279 946 6279
152737567 279 801 6288
152777661 272 382 6292
152789593 264 329 6293
152872272 260 1 6301
153118548 270 21 6324
153287108 266 232 6340
153443841 268 818 6355
153470327 277 451 6358
153972897 277 373 6406
154096527 260 727 6419
154123936 273 543 6422
154183449 270 422 6428
154243831 266 888 6435
154360400 271 309 6446
154503226 260 793 6461
154660566 275 650 6477
154850193 272 770 6496
154976726 274 542 6510
155436389 265 160 6555
155744261 272 468 6586
155767897 265 505 6589
155883575 273 735 6601
156081312 278 190 6621
156244835 272 887 6637
156503044 264 964 6662
156650727 267 583 6676
156705358 260 498 6682
156877325 267 221 6700
157005086 264 409 6713
157046988 265 232 6717
157286544 264 887 6743
157299106 263 104 6744
157516579 270 333 6766
158063523 272 452 6821
158173379 279 670 6832
158223184 267 892 6837
158266023 262 829 6841
158343851 262 763 6849
158355437 267 790 6850
158478456 263 322 6862
158496940 262 176 6864
158754189 277 445 6890
158777336 262 430 6892
159005580 264 757 6916
159176867 263 754 6934
159185119 264 972 6935
159327836 272 632 6949
159428321 261 654 6960
159437060 275 783 6961
159521596 270 430 6969
159899446 271 603 7006
159996832 277 871 7016
160111092 275 462 7027
160118046 260 409 7028
160246425 270 848 7040
160294215 266 414 7045
160316852 268 331 7047
160600080 268 517 7075
160698130 265 464 7085
160757974 263 797 7091
160938290 270 677 7109
160989495 275 385 7114
161029895 262 339 7118
161038117 277 141 7119
161068690 266 900 7122
161129469 277 437 7128
161402276 276 392 7156
161505088 276 756 7165
161645799 272 144 7179
161711720 276 493 7186
161887171 271 74 7203
162106977 274 716 7225
162381716 277 478 7253
162616782 274 412 7276
162814611 263 726 7297
162846784 270 112 7301
162858339 271 22 7302
163112171 270 396 7327
163124890 263 181 7328
163149657 261 452 7330
163304746 271 22 7345
163458083 263 159 7360
163733826 277 814 7388
163796854 265 770 7394
163883092 264 941 7403
164156155 269 195 7429
164858879 275 656 7497
165044692 265 265 7516
165612787 274 125 7573
165751709 268 29 7587
166020799 268 178 7614
166049420 268 847 7617
166118016 264 55 7624
166376889 272 22 7651
166456781 264 805 7658
166675573 267 34 7681
166783730 279 265 7692
167133965 271 948 7728
167309811 265 895 7745
167392506 263 285 7753
167452527 277 229 7759
167655138 266 412 7779
167734724 278 520 7788
167813303 279 198 7796
168069529 263 269 7821
168178220 266 329 7832
168224889 275 723 7837
168311540 261 936 7845
168319309 273 765 7846
168444817 277 869 7859
168525093 265 274 7868
168726164 273 221 7888
168871069 267 627 7903
169076412 263 592 7923
169389381 260 510 7953
169486846 266 207 7963
169586683 266 756 7973
169675374 271 987 7982
170496559 267 866 8066
170565313 270 84 8074
170983824 262 225 8115
171246618 265 82 8142
171285756 268 333 8146
171423839 271 623 8161
171434580 269 229 8162
171654688 271 310 8184
171725992 277 550 8191
171847113 278 271 8204
172030025 275 743 8222
172108092 266 805 8230
172302349 262 244 8250
172557953 272 419 8276
172669968 264 332 8287
172812776 276 695 8301
172894951 273 984 8309
172921199 276 995 8312
173380644 269 364 8358
173477680 272 748 8369
173490169 268 162 8370
173764701 270 555 8397
173890684 276 86 8410
174047674 271 66 8426
174165609 266 387 8438
174564026 267 703 8478
174694254 267 933 8492
174839374 266 404 8506
175119224 274 848 8534
175138351 278 896 8536
175434663 269 121 8565
175631328 273 852 8586
175657328 274 79 8588
175994810 266 634 8622
176084921 276 205 8631
177299344 275 235 8756
177470038 269 389 8773
177644261 276 40 8790
177787319 266 393 8804
178113616 279 103 8836
178167800 265 325 8842
178242192 265 284 8849
178358501 278 659 8860
178412470 266 614 8866
178996576 270 485 8924
179008521 275 735 8925
179145659 271 871 8939
179186836 269 428 8943
179326411 261 978 8957
179436628 263 765 8968
179460278 268 499 8971
179905995 264 321 9018
180026589 262 588 9030
180166873 267 440 9045
180486420 263 617 9076
180617719 270 675 9089
180720019 266 266 9100
180731328 279 912 9101
180787351 272 180 9106
180849286 264 899 9112
181165586 263 745 9144
181231453 279 891 9150
181279414 270 28 9155
181369799 263 162 9165
181486010 262 866 9177
181502505 260 586 9179
181572191 261 246 9186
181985605 264 787 9227
182077205 270 47 9236
182228404 273 934 9250
182734592 275 126 9300
182814747 267 350 9308
182903786 266 968 9317
182922234 275 356 9319
183014238 272 129 9328
183039526 277 965 9331
183059206 261 219 9333
183373963 277 877 9365
183713072 268 610 9398
183721737 267 281 9399
183765730 273 124 9403
183852849 276 464 9412
183960222 269 802 9422
183968814 268 598 9423
184013923 273 440 9427
184086164 274 527 9435
184119792 262 863 9438
184251552 274 938 9450
184439314 270 814 9470
184585741 260 245 9485
184661984 277 847 9493
184788111 260 895 9505
184925817 264 56 9518
185206741 273 181 9546
185225060 267 443 9548
185244791 263 992 9550
185409690 262 692 9566
185633688 279 382 9588
185998079 270 144 9623
186089890 277 773 9632
186123299 267 58 9635
186284771 276 691 9652
186512992 273 400 9674
186568926 269 961 9679
186798967 277 154 9701
186824318 278 500 9704
186914310 267 661 9713
186949337 265 832 9717
187108261 263 889 9734
187136121 269 69 9737
187346856 269 162 9758
187388579 272 889 9762
187397968 269 566 9763
187440286 263 407 9768
187505957 271 459 9775
187620147 269 226 9786
187640599 273 45 9788
187724639 279 963 9796
187851975 264 694 9809
188295032 274 202 9853
188971068 267 656 9920
189023618 268 664 9925
189221347 271 409 9944
189435244 279 945 9966
189536667 273 40 9977
189688768 275 770 9992
189738532 269 296 9997
189815691 269 539 10004
189936290 272 944 10018
189985370 260 342 10024
190005679 265 213 10026
190063803 268 220 10032
190439962 262 273 10071
190618402 267 433 10090
190666091 278 960 10095
190796918 267 47 10108
190855031 272 244 10114
190941784 270 684 10123
191411177 268 848 10171
191428146 270 481 10173
191454079 267 413 10175
191858261 270 140 10215
192058318 273 164 10234
192257211 265 487 10255
192543928 274 388 10284
192606345 266 977 10290
193052541 264 100 10335
193104397 262 381 10340
193305337 274 460 10360
193916980 266 229 10424
193975800 276 727 10430
193997659 271 425 10432
194291541 274 711 10462
194375047 264 369 10470
194479761 272 660 10480
194651132 264 349 10498
194670161 261 16 10500
194704973 275 127 10504
194757848 271 45 10509
195103662 265 706 10543
195886786 266 121 10621
196378554 278 381 10670
196552872 270 530 10688
196657768 275 304 10698
197020290 273 542 10733
197168041 275 244 10748
197208404 269 774 10752
197480686 265 885 10779
197510520 270 895 10782
197638501 272 794 10795
197693672 265 927 10801
197780938 265 238 10810
197805351 264 864 10813
198008910 263 251 10833
198063700 273 507 10838
198072808 274 135 10839
198116034 275 120 10844
198143263 277 122 10847
198158290 272 127 10849
198182244 268 512 10851
198235517 272 38 10856
198311117 275 591 10864
198326820 277 371 10866
198938137 273 387 10927
198953985 268 40 10929
199241932 274 902 10959
199266223 263 899 10962
199538492 278 90 10990
199566761 262 226 10993
199641827 265 189 11000
199673008 271 287 11004
199680275 275 68 11005
199925815 264 457 11030
199973617 260 742 11034
200059302 276 282 11043
200101541 263 523 11047
200214020 275 914 11057
200302960 270 404 11065
200603431 266 331 11095
201023999 269 170 11137
201383677 277 396 11174
201533512 270 20 11189
201694978 260 312 11205
201704787 275 710 11206
201717787 264 706 11207
201866845 272 42 11222
201931073 266 295 11228
202428986 273 253 11277
202458475 276 742 11280
202466037 269 7 11281
202825310 262 598 11317
202965886 271 8 11330
202994078 275 66 11333
203463686 272 469 11383
203563710 267 342 11394
203946974 265 391 11432
204135961 269 600 11451
204384167 276 304 11475
205180927 269 624 11559
205221076 268 456 11563
205312756 266 945 11572
205502431 275 781 11591
205659897 272 229 11607
205767165 266 834 11618
205876411 276 937 11630
206292877 269 781 11672
206462444 260 703 11689
206754556 277 699 11720
206839482 270 17 11729
207044906 261 886 11749
207096734 269 133 11754
207399822 262 437 11784
207420630 271 610 11786
207647680 266 153 11809
207918650 266 441 11837
208032445 268 594 11849
208047835 269 924 11851
208431735 263 397 11892
208876026 266 322 11936
208898169 263 106 11938
208914754 275 347 11940
209207355 262 855 11968
209529203 272 737 12001
209778832 278 6 12027
209846481 275 489 12034
209887947 263 986 12038
210051438 266 966 12054
210117250 263 743 12061
210251039 277 827 12074
210436323 260 61 12094
210578981 278 991 12109
210759007 260 645 12127
210834264 262 493 12134
211136643 270 539 12163
211369595 261 490 12186
211536606 279 584 12203
212245972 278 882 12273
212515194 268 757 12300
212782827 277 631 12326
212957565 264 257 12344
213415523 261 262 12392
214076808 266 336 12459
214542371 260 29 12506
214660043 271 945 12518
214731745 272 726 12525
214960174 261 459 12549
215076346 279 580 12561
215264599 267 422 12580
215310856 269 751 12584
215349426 272 628 12588
215393820 265 803 12592
216076944 266 60 12660
216115797 278 706 12664
216242602 263 509 12676
216291647 260 815 12682
216314925 268 482 12684
216344803 275 574 12687
216379718 267 758 12691
216525583 275 814 12706
216709033 273 150 12725
217202484 278 124 12776
217244092 266 915 12780
217286886 264 245 12784
217341330 272 491 12789
217350505 261 534 12790
217379526 264 922 12793
217649325 275 208 12820
217713560 278 693 12827
217840919 269 329 12840
217919797 270 892 12849
218032960 262 506 12863
218097542 274 5 12870
218132516 275 590 12873
218328654 270 427 12893
218486952 278 718 12908
218772254 278 11 12937
218943717 279 741 12955
219100423 269 970 12971
219123437 272 765 12974
219275883 268 233 12989
219397940 265 47 13001
219478052 260 485 13009
219646739 278 179 13026
219797872 271 361 13041
219951916 274 460 13056
221193339 266 310 13175
221214185 279 947 13177
221342727 265 998 13189
221531231 262 448 13208
221647606 261 671 13220
221700507 278 361 13225
221739134 271 239 13229
221752752 274 921 13231
221805186 275 943 13236
222006024 277 856 13256
222087020 279 959 13264
222628630 260 144 13318
222724521 261 530 13329
222880087 264 283 13345
223007685 278 220 13358
223198139 272 776 13376
223264636 269 158 13383
223288463 263 870 13385
223295776 273 943 13386
223328451 274 66 13389
223458993 260 745 13402
223499727 276 790 13407
223841957 271 354 13441
223925116 274 66 13450
224055579 264 899 13463
224134936 272 668 13471
224172357 268 356 13475
224293225 266 661 13487
224387968 273 703 13497
224458204 279 180 13503
224478261 271 438 13505
224563647 265 929 13514
224767414 276 408 13535
224807380 276 252 13539
224851247 261 518 13544
225011833 262 135 13560
225023975 275 178 13561
225061200 279 905 13565
225130687 265 831 13572
225469631 269 682 13606
225526674 261 781 13612
225570103 275 386 13616
225590857 277 273 13619
225613682 275 143 13621
225787825 276 536 13640
226066374 267 717 13669
226126355 276 300 13675
226182377 278 743 13682
226193558 264 197 13683
226240058 275 865 13688
226268068 278 405 13691
226386580 262 92 13703
226839273 265 313 13751
226857246 264 451 13753
226867871 277 397 13754
226981706 271 105 13765
227116795 268 152 13778
227162916 278 597 13783
227186064 273 821 13785
227537601 263 741 13822
227637740 271 596 13833
227859231 271 532 13856
228008727 261 457 13871
228178663 274 785 13887
228269569 264 5 13897
228292990 272 850 13899
228430219 260 3 13912
228973005 269 346 13968
229156488 272 232 13986
229283480 279 223 13998
229299383 260 595 14000
229414563 262 652 14011
229477396 276 327 14017
229702587 268 894 14040
229842683 278 797 14054
229909609 261 715 14060
229957897 266 919 14065
230085675 267 793 14078
230551576 264 438 14125
230681461 270 340 14138
230731561 276 50 14143
230740460 272 598 14144
230814091 265 679 14152
231097664 272 327 14182
231298663 279 869 14201
231332906 275 24 14204
231395777 264 692 14210
231484916 279 16 14219
231644931 261 961 14234
231824678 279 703 14252
232060453 268 744 14275
232169151 274 756 14285
232234315 267 993 14292
232533514 264 898 14322
232612184 261 402 14330
232888599 261 513 14357
233223807 263 162 14391
233754420 268 693 14444
233797369 263 409 14449
233828988 275 930 14452
234088448 265 492 14478
234187182 270 874 14488
234232001 277 643 14492
234420349 264 565 14512
234430784 274 239 14513
234635990 270 862 14534
234679769 264 524 14538
234921021 265 231 14564
234953683 264 295 14567
235066127 262 396 14579
235174501 263 334 14589
235192177 262 309 14591
235799487 273 890 14653
235899354 269 868 14664
235910369 278 413 14665
235982796 262 378 14673
236098231 265 937 14685
236383532 260 870 14714
236509269 269 68 14727
236553659 264 707 14731
236622800 276 344 14738
236635800 265 766 14739
236666457 264 939 14742
236777619 272 161 14753
236952077 269 479 14770
237149129 274 167 14790
237158868 278 897 14791
237167582 269 195 14792
237186329 275 771 14794
237254036 262 34 14800
237461854 278 615 14821
237474256 264 320 14822
237568464 268 406 14831
237706224 260 971 14845
237839830 275 797 14858
238015959 278 632 14874
238074408 266 621 14880
238092037 262 133 14882
238141277 272 342 14887
238228075 265 3 14896
238241075 261 686 14897
238451831 266 956 14919
238514797 261 832 14926
238871321 272 362 14960
238952891 277 248 14968
239132934 262 987 14986
239401484 275 276 15015
239575305 266 262 15033
239620235 266 875 15037
239830958 279 243 15058
240176243 262 718 15093
240340043 266 167 15109
240349591 269 523 15110
240388930 273 498 15114
240533802 265 746 15129
240708833 264 503 15147
241087998 271 352 15184
241215337 276 972 15196
241679167 274 156 15242
241698108 276 29 15244
241800933 279 611 15255
241894494 261 551 15264
241977448 277 313 15273
242119833 262 730 15286
242264795 276 728 15300
242628740 261 775 15337
242674963 269 124 15341
242714639 262 595 15345
242860172 276 659 15359
243141639 274 456 15388
243172018 265 625 15391
243349513 260 760 15409
243482669 271 586 15423
243980924 274 155 15472
244157587 267 347 15490
244280114 262 695 15502
244440542 262 969 15518
244521291 276 331 15526
244531488 261 0 15527
244558516 268 753 15530
244566029 261 679 15531
245246278 263 548 15600
245443626 276 874 15620
245524132 271 457 15628
245576953 265 843 15633
245685962 274 917 15644
245698706 266 33 15645
245956678 264 303 15672
245993498 277 42 15676
246239295 263 984 15700
246524865 277 635 15729
246619641 266 177 15739
246761501 268 836 15754
246811847 275 245 15760
246979741 264 976 15777
247010464 276 947 15780
247023464 264 853 15781
247060544 270 655 15785
247092956 266 768 15788
247160276 262 682 15795
247192633 272 212 15798
247238022 263 17 15803
247242598 260 162 15804
247249006 272 135 15805
247289863 269 909 15809
247338527 261 196 15814
247391146 262 883 15819
247478754 272 980 15828
247501077 269 355 15830
247867898 266 688 15866
247897637 278 959 15869
248178624 275 325 15898
248196219 274 519 15900
248475109 273 556 15928
248485300 270 767 15929
248625452 278 950 15943
248677024 279 500 15948
248765343 270 812 15957
249173575 276 777 15996
249209109 261 306 15999
249363203 262 763 16013
249406183 268 652 16018
249501307 275 419 16027
249659789 268 757 16043
249712736 267 876 16048
249743310 279 769 16051
249799079 263 469 16057
249828378 268 750 16060
249877858 275 417 16065
249885446 269 901 16066
249988349 276 370 16077
250147119 269 885 16093
250287017 275 914 16107
250578532 277 228 16137
250838618 262 919 16165
250860443 268 697 16167
250981866 275 19 16179
251009307 275 60 16182
251109350 262 73 16192
251138452 275 50 16195
251171592 261 998 16198
251368926 277 305 16217
251450938 261 693 16225
251492184 267 747 16229
251580571 269 406 16239
251986207 260 637 16281
251993823 274 669 16282
252125404 267 704 16296
252412044 264 325 16326
252502062 276 267 16335
252577181 274 747 16343
252612135 267 535 16346
252758823 274 74 16361
252858303 263 885 16371
252903396 276 997 16376
252971614 268 110 16382
253240123 277 826 16409
253336209 275 653 16418
253719337 263 278 16455
253756922 274 275 16459
253781994 267 24 16461
253836306 271 811 16466
253967096 260 124 16481
254074143 263 447 16493
254200964 273 897 16506
254326660 262 364 16520
254473144 274 848 16535
254533517 272 358 16542
254805569 274 879 16570
254859440 274 9 16576
255061453 264 631 16597
255253576 260 505 16616
255329294 261 683 16624
255758778 269 287 16665
255820197 264 79 16672
255860806 269 817 16676
255945597 275 174 16684
256015016 263 834 16691
256092898 267 67 16699
256136125 271 175 16703
256155013 262 375 16705
256259466 261 371 16716
256314663 271 76 16722
256336273 269 680 16724
256796433 275 217 16772
256841456 277 631 16776
257225310 277 150 16812
257298104 273 877 16819
257362248 279 345 16826
257394313 265 261 16829
257534077 271 1 16844
258125365 263 76 16901
258215936 262 807 16910
258223636 268 110 16911
258287950 269 789 16918
258370734 276 956 16926
258470969 273 557 16936
258610088 264 918 16950
258695031 262 978 16959
258747360 272 932 16964
259985453 267 345 17021
260444175 268 255 17032
261311385 273 685 17053
261350320 268 435 17054
262141728 278 685 17074
262385808 270 210 17080
262532433 262 710 17084
262844641 267 685 17092
264002512 275 361 17121
264203543 262 686 17126
264923583 266 929 17143
265159940 275 43 17149
265245790 271 646 17151
265327582 274 488 17153
266279524 273 831 17177
266402238 271 519 17180
267227993 272 386 17201
268974294 270 652 17244
270881849 276 443 17292
270926800 276 948 17293
274155088 279 253 17373
275943531 274 253 17418
276239812 271 798 17425
276658044 269 745 17436
277640863 272 350 17460
278176609 269 287 17473
278970619 278 799 17493
279883044 273 204 17516
280229250 263 588 17524
280790289 262 475 17538
281043120 265 234 17544
281381029 269 131 17552
282366323 269 136 17577
282554656 272 618 17582
283010794 273 332 17594
283538467 278 738 17607
283930866 270 666 17617
284127542 271 346 17622
284948671 274 624 17643
285154071 271 753 17648
285924703 262 43 17668
286082676 278 571 17672
286524361 274 148 17683
286652047 265 217 17686
287960607 278 545 17719
288005969 261 710 17720
288041741 275 240 17721
288107686 277 507 17723
288220096 271 207 17726
288295138 265 662 17728
288652958 276 25 17737
289625804 268 988 17761
290037019 272 838 17771
291026005 268 395 17795
291108908 277 511 17797
291656431 266 330 17810
292651945 269 759 17836
293245079 270 723 17851
293408961 273 846 17855
293858308 278 13 17866
293888308 278 420 17867
293974333 278 134 17869
294245698 266 977 17876
294856165 275 142 17892
295746823 264 49 17914
297776953 273 494 17965
298162011 271 16 17974
300464138 260 424 18031
300671386 262 43 18036
300925904 261 707 18042
301222912 266 789 18049
302080565 277 408 18071
302730168 266 159 18087
303099710 268 210 18096
303854642 265 557 18115
304410699 264 348 18129
305562513 267 17 18157
305969248 270 944 18167
306460327 278 496 18179
306686405 265 980 18185
306996778 260 982 18193
307511923 274 617 18206
307953251 279 225 18217
308472759 261 117 18230
308663341 266 540 18235
309541266 270 36 18256
310687406 271 234 18284
310874313 268 909 18289
311566862 271 455 18307
312311701 275 589 18326
312392904 263 906 18328
312764808 269 713 18337
312884988 279 477 18340
313022234 264 355 18343
313072234 277 914 18344
314802020 270 339 18387
315536791 265 567 18405
315656880 276 100 18408
315965197 271 375 18416
316001149 270 130 18417
316142062 264 194 18421
317022870 271 791 18443
317687353 262 752 18459
320139211 273 179 18519
320826049 271 54 18536
320912760 270 662 18538
321065216 274 648 18542
321208446 279 54 18546
323279642 268 879 18597
323711313 263 784 18608
324182218 265 511 18620
325351472 276 865 18648
325710971 267 646 18657
325752762 279 784 18658
326281253 264 77 18671
326484401 273 330 18676
326822076 260 543 18684
327150032 260 131 18692
327741612 276 727 18707
328100198 275 336 18716
329106563 269 567 18741
329378380 279 164 18748
330535371 275 530 18778
330826682 261 400 18785
330908651 279 62 18787
331535532 270 206 18802
331713211 264 37 18806
331799912 275 523 18808
332723178 274 895 18830
333349469 278 208 18846
334114643 264 699 18865
334144643 267 623 18866
334262811 273 923 18869
335734278 266 873 18906
336498693 271 84 18925
336528693 276 250 18926
336777728 262 902 18932
337831267 275 764 18959
338727880 264 112 18980
338931712 267 726 18985
339495954 269 478 18999
339943728 272 180 19011
339982847 267 387 19012
340889953 275 477 19035
341880373 266 31 19059
342994834 262 896 19088
343492218 267 889 19100
344227545 274 954 19118
345014127 265 690 19138
346326331 277 754 19171
346369602 278 309 19172
346446355 261 347 19174
346535999 268 170 19176
347448647 274 165 19199
348869369 272 933 19234
349007818 272 311 19237
349823119 279 48 19257
349862091 272 934 19258
350108227 268 422 19264
350644288 263 795 19277
350684102 266 586 19278
350898180 266 196 19283
351209338 261 87 19291
353710755 277 389 19354
354008615 261 699 19361
354043063 266 613 19362
354229193 262 523 19367
355562287 260 411 19401
356441439 264 740 19424
357143822 276 176 19442
357291432 260 931 19446
357693639 261 535 19456
357852137 266 382 19460
358378433 269 528 19474
358719529 277 83 19482
359285241 260 125 19496
359404261 267 720 19499
362678354 265 417 19581
362719754 267 78 19582
362945959 264 17 19588
363100960 261 568 19592
363575038 272 723 19604
363715422 276 871 19607
364147785 264 260 19617
365163041 262 247 19643
365517537 270 828 19651
365983439 270 103 19663
367398872 279 895 19698
367652444 264 737 19705
367877382 271 436 19711
368426520 261 555 19724
369661891 273 919 19755
370831892 279 260 19785
370875190 269 871 19786
371813568 262 310 19810
374759660 269 700 19884
374931813 276 433 19889
375242732 268 876 19897
375365562 261 696 19900
376311909 276 843 19923
376389737 270 976 19925
376734788 262 341 19934
376881009 266 739 19938
377161096 267 545 19945
378642694 267 80 19983
379142534 275 507 19995
381164913 262 327 20045
381453532 260 781 20052
381733326 268 629 20059
381763758 270 803 20060
381968605 273 578 20065
382579624 269 909 20080
383630369 276 177 20106
384005272 275 853 20115
384813311 269 419 20135
384928328 277 146 20138
385529534 273 119 20153
387352986 274 656 20199
387478311 264 87 20202
387631311 265 940 20206
387796193 270 997 20210
389818186 277 239 20260
390097569 261 631 20267
391255811 274 815 20296
392269458 265 481 20321
392310010 278 787 20322
392380677 263 47 20324
392413058 265 815 20325
392910381 262 275 20337
393280226 274 799 20346
394938477 271 332 20388
395015244 276 168 20390
395156715 276 398 20394
397734243 275 466 20458
398703357 262 980 20482
398890978 271 656 20487
399045341 265 715 20491
400744520 274 518 20532
401692840 262 125 20555
401915220 274 351 20560
402207941 273 819 20568
402699070 272 659 20579
404329669 274 638 20620
404469804 272 638 20623
405775501 263 791 20656
405812257 268 380 20657
405854729 270 133 20658
406105404 273 18 20664
406416775 265 763 20672
406696277 269 913 20680
407470904 274 18 20699
407634470 270 281 20703
407675281 268 950 20704
409002357 277 432 20737
411099943 260 782 20792
411311939 260 453 20797
411623252 274 118 20805
414040397 277 675 20864
416467310 260 150 20925
417347781 268 685 20947
417377781 263 752 20948
418212668 275 119 20969
418568452 263 605 20978
418617495 263 247 20979
418985183 272 108 20988
419065641 275 484 20990
419326165 279 191 20996
420056296 267 946 21014
420286247 278 446 21020
421252659 262 774 21044
421970062 271 827 21061
422034930 277 646 21063
423313951 261 415 21095
423586862 276 785 21102
424005087 265 433 21112
424441439 274 986 21123
425124141 263 450 21140
425880182 278 780 21159
426026224 262 981 21163
426504326 278 152 21175
426708196 265 9 21180
427855718 267 796 21208
428114581 260 718 21215
430274478 269 462 21268
430800890 268 251 21282
431227517 274 122 21293
431787768 268 497 21307
432640924 279 846 21328
432868419 262 895 21334
433695893 275 758 21355
434698801 266 975 21380
435678303 269 899 21404
436376437 260 356 21422
436559902 266 783 21426
436782448 268 380 21431
437945173 264 971 21460
439480733 260 601 21498
440813055 274 845 21531
440993179 279 518 21536
441035962 260 638 21537
441910291 265 343 21559
442271068 275 453 21568
442424134 267 941 21572
442683416 273 704 21579
442771288 277 185 21581
443623348 275 823 21601
443853370 276 297 21607
444170347 275 613 21615
444809099 277 823 21631
444881516 274 623 21633
445245822 279 923 21643
445334448 271 660 21645
446538788 263 312 21676
446714735 260 448 21680
446757707 264 361 21681
448393099 276 205 21721
449090997 264 963 21739
450004452 264 793 21762
450487757 264 380 21775
451068427 276 283 21789
451547749 262 494 21801
451812625 262 576 21807
451960928 272 924 21811
453329192 268 982 21843
453530024 268 626 21848
453946247 262 368 21858
455476332 260 446 21896
456203882 260 149 21915
456834621 273 573 21931
457589378 262 848 21950
457630728 261 183 21951
459013354 274 729 21986
459375169 278 39 21995
459556994 278 993 22000
460483893 270 900 22023
460565368 266 588 22025
460948265 278 628 22035
462172230 266 722 22066
463217575 269 85 22091
463725329 274 603 22103
463767173 274 962 22104
465485802 270 319 22148
465568720 275 516 22150
465828159 276 522 22156
465957806 272 906 22159
466269477 273 559 22167
466385086 269 390 22170
466819824 264 518 22181
466968686 277 704 22185
467381479 278 787 22195
467667500 271 152 22202
467841488 279 379 22206
468551125 268 996 22224
469746211 272 357 22253
469916001 273 930 22257
470819436 275 298 22279
471488357 274 823 22296
472340820 272 925 22317
472421423 276 989 22319
473720983 262 434 22351
475548331 274 402 22397
476351767 278 602 22418
476889166 268 788 22432
477435404 275 957 22446
477547619 262 234 22449
478083285 271 731 22462
478707750 270 852 22478
478818751 279 25 22481
479327922 278 177 22494
479905865 275 591 22508
480275353 267 357 22517
480371163 266 56 22519
482203302 260 879 22566
482447545 268 595 22572
482563372 260 307 22575
482608486 278 989 22576
482993435 279 258 22586
483073539 276 815 22588
483200026 270 669 22591
483512438 260 236 22599
484374911 277 127 22620
484763268 261 203 22630
486322676 275 571 22669
488422307 267 477 22722
488711951 279 103 22729
488802825 266 978 22731
489034843 273 742 22737
489156963 266 784 22740
491638135 276 142 22801
491678166 278 698 22802
493277302 269 819 22842
494073797 264 990 22863
494865677 262 453 22883
495263391 272 861 22893
495689864 265 767 22904
495730637 270 226 22905
495877589 274 704 22909
496314370 267 46 22920
496666843 275 766 22929
497184793 261 891 22942
497771263 272 978 22956
498191597 279 214 22967
498811991 273 937 22982
499279250 279 322 22993
499730404 273 857 23004
499774365 274 533 23005
500545620 267 797 23025
502278727 268 195 23068
502838985 264 680 23082
503557148 262 835 23100
505007112 274 740 23137
505490132 269 878 23149
506387117 262 921 23172
507652339 266 413 23203
508221107 267 105 23217
509475709 278 874 23249
510346614 275 647 23271
510806366 265 190 23283
511583294 270 104 23303
511623997 275 847 23304
512718711 269 865 23331
513046331 275 98 23339
513320239 279 399 23346
514243866 278 707 23369
515099066 272 221 23391
515259439 270 158 23395
515292618 265 191 23396
515897277 270 394 23411
516792711 262 985 23433
517131922 279 278 23442
518564959 265 270 23478
519366101 263 688 23499
519804567 262 985 23509
519941607 272 931 23512
520556716 265 612 23527
520996356 274 348 23538
521784602 266 360 23557
521827389 276 836 23558
522102640 267 411 23565
522699193 272 66 23580
523583139 261 954 23602
523788903 271 541 23607
524342553 276 491 23621
524457035 279 884 23624
525132860 273 973 23640
525720124 269 469 23655
525967351 274 679 23661
526358344 279 996 23671
526769186 272 265 23682
527501868 277 801 23700
528308937 278 377 23720
528346328 263 168 23721
529506808 266 128 23749
530564527 275 64 23775
530602232 262 432 23776
530725927 268 404 23779
530851185 270 907 23782
532102997 269 581 23813
532144036 275 13 23814
532447762 261 515 23822
532781833 275 434 23830
532827390 274 442 23831
533198153 278 395 23840
534412293 273 263 23872
536280565 264 685 23919
537281386 275 192 23943
538046007 275 24 23963
538318117 274 296 23970
538438563 274 511 23973
538477813 265 350 23974
539273060 276 279 23993
540334555 261 598 24020
540462963 279 542 24023
541193563 276 737 24041
541459003 273 218 24048
542324973 267 45 24070
542528938 271 283 24075
543562579 261 819 24101
543887171 263 125 24109
544875565 276 659 24133
545270480 270 200 24143
545998151 264 818 24161
546447091 277 394 24172
547366245 277 992 24195
548579493 269 48 24225
548738670 263 131 24229
549611506 274 837 24250
549699602 260 852 24252
550497685 262 737 24272
550875019 261 819 24281
552482439 273 738 24322
552571924 260 474 24324
553508848 274 330 24348
553790828 265 512 24355
554312351 265 612 24368
554376292 278 711 24370
554838487 272 840 24382
555141522 271 186 24390
555817932 264 319 24407
556935769 266 454 24435
557711896 275 697 24455
557914093 276 121 24460
558098096 270 139 24465
558176981 268 460 24467
558348343 271 665 24471
559862469 263 451 24508
560269706 266 704 24518
561069353 276 184 24538
561199154 268 388 24541
561324884 270 973 24544
561477239 269 285 24548
561866206 276 457 24558
561931969 265 430 24560
562530391 263 697 24576
562706220 260 753 24580
563914952 278 199 24611
564549497 269 529 24627
564589240 277 99 24628
566391291 272 516 24673
569050865 272 163 24741
569095713 278 962 24742
569277436 261 548 24747
571567346 274 206 24805
573859645 267 161 24862
573907864 279 395 24863
574640819 261 777 24881
574823440 265 572 24886
575177141 267 178 24895
575292635 274 81 24898
575415615 268 684 24901
575504308 274 322 24903
576514580 268 163 24928
579646851 266 608 25005
579841854 271 511 25010
580179042 279 163 25018
580470243 262 196 25025
580759713 279 127 25032
581187445 275 196 25043
581413080 271 688 25049
581829748 269 774 25060
582290466 261 327 25072
582409222 262 906 25075
583083306 277 371 25091
583984861 274 876 25114
585390492 275 844 25150
586316910 274 183 25173
586593109 273 845 25180
586826154 260 256 25185
587455924 275 796 25201
587488974 269 205 25202
588118685 272 765 25218
588520729 262 898 25229
589317624 264 565 25248
590260660 271 712 25272
591407185 263 38 25301
591813120 262 746 25311
591852450 275 700 25312
592366702 279 64 25325
592644831 266 490 25332
593599537 260 83 25356
593741331 265 329 25360
595038577 262 219 25393
595399323 265 448 25402
595479605 279 978 25404
595634897 267 624 25408
595903034 262 287 25415
595981441 268 491 25417
596505910 266 121 25431
597491671 262 73 25455
600803754 266 771 25536
600883754 275 73 25538
601313041 262 542 25549
601346288 273 317 25550
602822928 274 828 25587
603289449 263 284 25599
604109719 274 125 25620
605203887 276 83 25648
605446155 264 71 25654
606080646 260 621 25670
606215045 278 551 25673
606254569 276 322 25674
606333963 261 153 25676
607410285 278 283 25704
607833750 270 324 25715
608057363 277 681 25721
608699541 278 349 25738
609139733 265 630 25749
609497728 261 316 25757
609701842 268 976 25762
609778878 274 65 25764
610333805 268 190 25779
611106382 261 577 25797
611193545 267 995 25799
611676736 263 860 25811
612537523 269 799 25834
612711195 269 577 25838
613210533 275 428 25850
613251608 269 22 25851
613361822 277 779 25854
613706960 278 859 25863
613937365 264 221 25869
613979137 270 253 25870
616252787 273 13 25926
617364196 263 429 25954
617447424 268 721 25956
620101081 265 983 26023
620336895 273 509 26029
620453265 266 395 26032
620523792 276 573 26034
620870644 278 545 26043
621175923 260 324 26051
621246277 266 263 26053
621411102 270 681 26057
621637441 274 25 26063
621685410 263 606 26064
622556728 263 808 26087
622909565 278 216 26096
623504001 274 108 26111
624426958 265 783 26135
624808514 264 816 26145
625582540 264 782 26164
626978863 264 367 26197
627108968 271 292 26200
627188781 274 900 26202
627429804 269 579 26208
629951399 271 574 26269
629991362 274 956 26270
630072779 267 780 26272
630878662 262 24 26292
631165879 273 530 26299
631290040 261 310 26302
631757685 274 625 26313
631800944 273 50 26314
634115025 268 385 26372
634317403 275 287 26377
635204712 270 733 26399
636896782 261 393 26441
637031777 262 521 26444
637102753 263 724 26446
637629885 274 723 26459
637979928 269 567 26468
639339764 274 751 26503
639905214 275 621 26518
641743693 268 495 26564
641960835 260 325 26569
642137284 270 203 26573
642486893 262 581 26582
643149750 261 862 26599
643673243 270 68 26612
643754212 271 449 26614
644495047 266 750 26633
646075635 266 222 26673
647435711 269 311 26707
647563767 277 562 26710
647643487 270 643 26712
648884438 267 661 26744
649741429 261 948 26766
649826776 263 304 26768
649982693 276 281 26772
651100115 266 415 26801
652212193 262 439 26828
654123590 271 697 26877
654655134 269 993 26891
655224329 272 465 26905
655308167 271 86 26907
655559646 263 822 26913
655765196 276 381 26918
655930924 270 507 26922
657696720 273 689 26967
658538967 261 965 26988
658874480 276 632 26996
658938238 278 858 26998
659224972 278 112 27006
660602152 268 111 27041
660838297 275 807 27047
660954630 274 479 27050
661275531 271 239 27058
661367079 262 256 27060
661407339 273 125 27061
661573391 274 126 27065
662348454 278 770 27084
662963768 268 518 27099
663285926 277 465 27107
663476516 271 604 27112
663608568 278 102 27115
664497115 265 629 27137
665510741 273 875 27161
666015680 267 621 27174
666081011 270 692 27176
667602793 273 190 27214
667893333 276 686 27221
668305548 262 885 27231
669469550 264 301 27259
670098832 266 791 27275
670531706 274 602 27286
670815721 266 686 27293
671039101 272 381 27299
671516926 265 868 27312
671969939 268 169 27324
672796799 266 739 27346
673100160 267 944 27353
673281969 273 789 27357
673359850 275 800 27359
673788883 276 865 27369
674540865 262 978 27388
675069208 275 233 27402
675167530 265 414 27404
675277038 266 448 27407
675507886 275 762 27413
677334592 260 692 27459
677429542 262 142 27461
677572629 261 525 27465
678419456 262 963 27486
679033908 275 632 27502
679754223 267 145 27520
680281926 277 924 27533
680312354 273 270 27534
680475580 272 630 27538
680718828 262 344 27544
680998959 260 513 27551
682985687 268 793 27601
683231491 270 898 27607
683856299 260 387 27622
683932952 267 34 27624
684090535 279 665 27628
684996748 275 429 27651
685287969 270 123 27658
685878170 274 234 27673
687028858 271 77 27703
687152595 276 399 27706
687453386 261 153 27713
688839081 275 864 27748
689665500 261 825 27768
690014830 272 315 27777
690143250 260 402 27780
690224002 270 244 27782
690263401 271 661 27783
690797138 266 609 27796
691445851 277 473 27811
691802085 277 769 27820
692542400 278 908 27839
694033737 273 930 27875
694658457 271 860 27891
695236037 263 256 27906
695602473 270 358 27915
695677502 268 604 27917
695995339 260 27 27925
696397669 279 145 27935
696586751 267 803 27940
697155830 271 998 27954
697409876 260 799 27960
697439876 268 328 27961
698165923 265 0 27979
699157794 268 229 28004
699257705 279 784 28006
699944001 270 652 28024
700659176 260 667 28042
701256746 267 10 28056
705064880 275 967 28154
705554167 274 590 28167
708870773 264 914 28251
709436990 261 571 28264
710468001 260 559 28290
710662558 274 698 28295
710953364 264 605 28302
711177975 276 217 28308
711607789 279 806 28319
712312651 273 495 28336
712733799 264 7 28346
712861302 263 409 28349
714068361 278 525 28378
714396112 262 86 28387
715523481 267 196 28414
716214829 263 25 28432
717659804 264 153 28467
718339383 279 871 28483
718415810 261 29 28485
718458546 273 285 28486
718658639 262 895 28491
718786584 263 704 28494
718926345 267 757 28498
719536676 273 460 28513
719630300 275 622 28515
720747059 266 358 28543
721758386 261 269 28568
723723710 263 551 28617
724357362 263 77 28633
724644444 264 376 28640
724959538 277 59 28648
725375322 264 895 28658
727358512 271 256 28708
727760302 264 316 28718
727936097 260 49 28722
728563085 271 538 28738
728804533 263 895 28744
729245494 279 14 28756
729288237 263 307 28757
729582064 268 458 28764
730104775 267 462 28777
730232400 267 203 28780
730649213 276 152 28790
731177414 261 883 28803
731339890 272 211 28807
732393572 276 701 28834
732951469 260 878 28848
733740503 266 808 28868
733906786 274 269 28872
734667348 272 940 28892
735070286 279 295 28902
735354694 262 809 28909
735517833 273 822 28913
735551645 277 76 28914
736068031 274 133 28927
736184426 271 469 28930
736746892 278 959 28944
736843174 279 460 28946
738554072 268 681 28988
739378521 274 844 29010
739574752 276 190 29015
740503327 263 52 29039
740878722 277 653 29049
742314372 273 182 29085
742986015 261 67 29102
743389610 268 398 29112
744211624 270 519 29133
744582523 266 264 29142
744711336 260 705 29146
745242092 264 52 29159
745452240 279 592 29164
745521727 279 894 29166
745853985 264 517 29175
746728977 269 139 29197
749748882 264 996 29276
750436949 264 896 29293
751834708 267 980 29328
753136768 265 536 29361
756048225 270 180 29434
756665484 262 318 29449
758349038 271 56 29491
759747489 262 152 29525
759953527 276 449 29530
760355688 262 210 29540
760495631 279 372 29543
760723442 271 213 29549
761091528 279 760 29558
761295838 265 103 29563
761895699 269 370 29579
762404681 268 261 29591
762610787 270 674 29596
762915923 274 390 29604
763006754 270 624 29606
763343491 276 474 29614
763386685 261 221 29615
764165297 274 190 29634
764709912 262 795 29648
765086958 276 972 29657
765269307 273 525 29662
766485530 274 650 29693
766822125 261 810 29701
768311365 278 591 29738
768808682 261 270 29750
769098875 272 454 29757
769520062 260 836 29767
769648944 276 245 29770
770708688 266 314 29796
772183762 264 819 29832
773309441 272 744 29861
773705456 279 53 29871
775339170 274 165 29913
775959435 264 220 29929
777431931 260 680 29965
778236527 272 325 29986
778796878 265 380 30001
778925935 279 287 30004
779553922 260 612 30020
780473711 272 131 30043
780599782 272 930 30046
780759685 261 73 30050
780825233 265 75 30052
781391318 279 100 30066
781528144 266 362 30069
781615967 272 312 30071
783720304 275 190 30122
784049381 268 205 30130
785217100 265 827 30160
785579197 277 171 30169
785833986 278 853 30176
786474016 270 869 30192
786594836 270 196 30195
786966007 263 995 30204
787051105 279 816 30206
787445757 262 518 30216
787519545 268 923 30218
787987415 272 143 30230
788317056 267 946 30238
788660976 274 359 30246
789346553 274 954 30263
789795577 263 626 30274
790734127 267 852 30298
790774245 266 216 30299
791259894 267 366 30311
793538281 272 425 30370
793809015 271 823 30377
795631188 279 878 30422
795719026 272 61 30424
796106865 264 656 30433
796361336 279 225 30439
796883824 277 115 30452
796921786 263 705 30453
797863524 274 480 30476
797905918 278 388 30477
798359872 264 298 30488
798528569 278 372 30492
798906799 264 821 30501
799035538 262 226 30504
799789927 266 344 30522
801431217 269 225 30564
801853302 273 419 30574
802868873 262 895 30600
803833071 277 672 30625
803944804 275 756 30628
805622269 269 631 30669
806227323 271 976 30684
806591668 277 979 30694
806696178 269 932 30697
807458815 273 487 30716
807526292 268 7 30718
808225917 263 687 30736
809339570 265 998 30763
811463344 260 180 30816
811896442 264 298 30827
813305011 271 696 30863
813436846 275 896 30866
815659256 273 547 30921
815777135 260 288 30924
815983991 268 773 30929
816091149 260 889 30932
816827966 261 280 30950
817200111 265 246 30960
818800382 262 711 30999
819469694 266 21 31015
820639513 276 179 31044
820685344 265 818 31045
823135178 274 131 31106
823278722 266 402 31109
823507233 278 907 31115
823638917 264 351 31118
824163450 266 931 31131
824309289 264 587 31135
825296961 263 184 31160
825742217 262 551 31171
826479820 261 637 31190
826773088 271 622 31197
827446981 276 480 31213
827647267 277 705 31218
827929194 272 181 31225
829848853 270 696 31272
830334004 271 976 31284
831181324 279 712 31306
831757050 271 620 31321
832985599 263 198 31352
833187826 270 46 31357
833895807 271 750 31375
834139567 260 283 31381
834306756 279 341 31385
834478885 264 73 31389
834517172 268 905 31390
834720338 279 512 31395
834969923 278 756 31401
835716814 277 589 31420
836671527 275 221 31444
837222107 279 282 31458
838172460 267 215 31482
838294132 265 643 31485
838366309 278 394 31487
838405431 268 155 31488
838989321 264 528 31503
839065335 269 974 31505
839689477 261 615 31521
840415172 278 513 31539
840566883 271 382 31543
840673033 262 190 31546
841061455 278 562 31556
841679039 274 263 31571
843768175 263 806 31622
844362701 267 912 31637
844410866 260 302 31638
844941346 279 605 31650
845477252 260 905 31664
846567873 274 514 31690
847204219 273 273 31706
847595522 272 846 31716
848246398 277 561 31733
848768513 277 270 31746
848847987 270 161 31748
849251515 266 863 31758
849888266 273 489 31775
850945904 263 709 31801
851932012 265 412 31827
854811423 262 81 31898
855163725 270 664 31907
855452899 266 631 31914
855531318 276 964 31916
857098601 260 735 31955
857785207 277 172 31972
857899799 267 898 31975
859594459 266 476 32018
859816125 277 281 32025
860082114 269 415 32032
860210146 273 608 32035
860661547 277 763 32046
861841658 265 986 32076
862352187 266 20 32088
862398265 263 330 32089
863291634 262 700 32110
863445953 263 892 32114
863988664 268 127 32128
864356576 268 620 32138
865527634 266 552 32167
865950859 263 528 32177
866518139 261 245 32191
867064451 273 903 32205
868329121 268 32 32236
868414960 272 424 32238
868881685 261 271 32250
869158827 269 107 32257
869568069 262 217 32267
869604193 261 611 32268
870431657 265 157 32288
871120178 266 702 32306
871343348 261 283 32312
871379670 276 193 32313
871924503 273 740 32327
872214752 279 667 32335
872705918 260 495 32347
873324879 271 815 32362
873398640 271 6 32364
873558919 260 706 32368
875362498 263 427 32413
875614425 267 644 32419
875875905 279 321 32425
876135069 268 41 32432
876469640 279 242 32441
877358158 262 784 32464
877502785 272 987 32468
878633268 269 150 32497
879421082 264 759 32517
879492454 268 80 32519
879912769 263 379 32529
880017735 263 396 32532
880049219 269 707 32533
880700764 279 69 32550
880889017 262 965 32555
880973969 260 55 32557
881845665 272 220 32579
882478945 261 179 32594
882592504 268 122 32597
883308149 263 594 32614
884107981 260 395 32634
884637121 279 863 32647
885810190 275 944 32677
885846984 276 541 32678
886013170 272 984 32682
886169305 278 685 32686
886644219 275 970 32698
888167544 261 932 32735
889038766 275 296 32756
890186511 265 542 32784
890587364 266 308 32794
890680915 273 234 32796
892632918 274 155 32843
892668374 276 134 32844
893903474 262 678 32874
894013962 272 470 32877
894550616 274 914 32890
895397016 279 111 32911
895516936 267 483 32914
896100229 266 251 32930
896758738 277 984 32946
896849722 270 535 32948
896973596 270 442 32951
897178987 276 265 32956
897589051 266 503 32966
898595001 274 244 32992
899409051 279 451 33013
899533595 264 51 33016
900626541 271 792 33042
900822670 262 274 33047
901178770 261 586 33056
901693245 264 769 33069
901814111 264 912 33072
902527233 275 950 33090
902805639 265 758 33097
902902313 267 800 33100
903211281 266 265 33108
903549230 273 928 33117
903783333 263 367 33123
904018089 262 472 33129
904164812 266 436 33133
905341473 263 681 33162
905590076 264 8 33168
905722956 269 275 33171
905760946 262 839 33172
905959049 272 845 33177
906944629 269 304 33202
908083872 279 144 33231
908404064 279 256 33239
909132953 264 939 33257
909347669 277 188 33263
910305747 269 723 33287
910342458 268 186 33288
911168045 262 814 33310
912215381 278 554 33336
913398007 275 392 33368
913691003 270 266 33375
913922675 276 335 33381
915538603 261 185 33421
915569624 269 116 33422
915988193 260 650 33433
916301809 277 587 33441
916452594 274 875 33445
916745321 266 644 33452
916914914 277 464 33456
917449031 274 179 33469
918629460 263 666 33498
918948801 272 510 33506
919692473 266 903 33525
920661980 274 604 33549
920787961 276 445 33552
921098207 269 113 33560
921224990 269 162 33563
921555322 266 404 33572
922819984 271 490 33604
923068757 262 147 33610
923238086 261 350 33614
923279462 278 329 33615
924412880 277 579 33644
926247500 278 631 33689
927432151 265 155 33718
928528964 279 54 33746
928658454 261 738 33749
928949137 268 250 33756
930057028 270 156 33783
930100729 276 581 33784
930964899 263 667 33806
932318709 277 724 33839
934399676 275 515 33892
935022371 263 712 33907
936665897 266 964 33949
937289833 262 693 33965
937434345 277 727 33969
937530744 263 168 33971
937869699 273 84 33979
938280614 274 356 33989
938714660 275 304 34000
939306075 278 876 34015
939618899 260 885 34023
939771126 269 56 34027
941314596 263 344 34067
942204404 270 987 34090
942516033 272 503 34098
943235509 274 672 34116
944178488 274 603 34140
944260573 271 200 34142
944290697 262 966 34143
944936821 264 252 34159
945291151 273 752 34168
945678494 269 868 34177
947063374 271 996 34212
948806933 273 101 34256
948856933 261 906 34257
949167426 260 898 34265
949532712 263 627 34274
950965629 265 266 34309
951054439 270 291 34311
952017307 279 992 34335
952527709 261 581 34348
952598273 264 58 34350
953201520 273 710 34365
953309954 275 156 34368
954505962 270 146 34397
954906614 274 470 34407
955428215 260 242 34420
956096613 279 344 34437
956218741 268 154 34440
956586351 274 940 34449
956676257 266 607 34451
957600399 279 894 34473
958219185 260 950 34489
959304884 267 305 34516
959470040 277 836 34520
959784813 262 201 34528
