34384 55 443 0
1001273 55 682 24
1319008 56 20 32
3028525 41 283 74
3132579 47 213 77
3489052 41 703 86
3756654 48 203 93
4677679 47 673 116
5041712 56 75 125
5120232 51 710 127
5169927 47 517 128
5206908 55 600 129
6059821 41 177 149
7298603 43 173 179
7722235 47 578 190
10212537 42 907 253
10710258 57 279 265
11053416 43 604 274
14524097 50 206 363
14892111 40 350 372
15019978 40 614 375
15064992 48 861 376
15106015 49 984 377
15350927 44 850 383
16677658 49 586 415
17045381 59 735 424
17753850 44 684 442
18737781 54 220 466
19251528 41 637 479
19327031 44 760 481
20786264 48 958 518
20905611 57 862 521
20975090 42 637 523
21381718 52 644 533
22727074 44 94 567
22881776 49 412 571
22991659 49 285 574
24153198 41 22 602
24528776 58 593 612
24904215 45 855 621
25310855 56 99 631
26291445 45 756 656
26409492 51 139 659
26609049 52 71 664
27484872 43 422 685
28156611 47 412 702
28342098 41 589 707
28521727 45 924 711
29047732 59 192 724
29483503 41 657 734
29800018 48 947 742
30867265 54 129 768
31186575 51 412 776
32010926 47 900 795
32245534 57 875 801
32843860 46 364 816
32918203 51 304 818
33141665 44 808 824
33301116 47 132 828
33336111 56 636 829
33566677 59 543 835
33986423 43 63 845
34672826 52 313 862
35048853 46 610 871
36676374 53 933 911
36720380 51 707 912
37737825 42 19 937
39218306 46 561 974
39705566 52 156 986
40362271 51 285 1002
41076856 43 902 1020
41327644 45 634 1026
41889397 52 74 1040
42097669 42 774 1045
43070038 52 434 1070
43120038 59 234 1071
43196293 43 970 1073
43779402 42 962 1088
44774851 55 722 1113
45632264 40 171 1133
45712264 57 598 1135
45925608 59 739 1140
46398830 51 109 1152
48255557 46 38 1198
48789828 57 329 1212
49019032 57 108 1218
49898148 42 803 1241
50551476 43 414 1258
50747089 41 609 1263
52756813 59 545 1312
52956281 48 523 1317
53108716 47 406 1321
53221670 48 874 1324
53260368 56 872 1325
53774583 41 388 1337
53893352 54 834 1340
54172486 55 93 1347
55678358 48 298 1385
55914456 47 239 1391
56545410 59 821 1407
56934314 43 477 1417
57515955 41 721 1432
57732914 59 356 1438
58671785 40 615 1461
59085380 43 676 1471
59458777 43 927 1481
60472529 57 917 1506
61272105 54 191 1527
61408750 46 23 1530
62706482 59 75 1561
63879455 52 929 1590
64243213 48 5 1600
64644902 48 399 1610
64719133 55 294 1612
64960737 46 350 1619
65198258 46 448 1625
65902165 41 235 1643
66245990 46 273 1652
66586412 44 601 1661
66904397 40 984 1669
67775965 59 5 1691
68371842 59 450 1707
68415722 47 9 1708
69619112 48 304 1739
70306600 51 791 1756
70559456 42 675 1762
70718899 51 818 1766
71172622 59 1 1778
72180342 54 55 1804
72460675 47 795 1811
72608506 47 793 1815
72652368 46 392 1816
72778810 58 417 1819
73035035 58 901 1826
73198571 47 280 1830
73291684 46 161 1832
74015477 44 135 1850
74940753 40 542 1873
75055152 42 434 1876
75094668 56 754 1877
75428114 45 902 1886
76109146 56 816 1903
76307713 50 79 1908
76389676 45 927 1910
76512382 42 827 1913
77002600 46 495 1925
77169787 59 60 1929
77547562 47 115 1939
79955968 52 770 1999
80925096 59 661 2023
81073576 52 196 2027
81461370 56 888 2037
81888597 50 360 2048
83596959 52 676 2089
86198399 57 350 2154
86242293 40 300 2155
87721475 43 953 2192
87768119 41 962 2193
88856906 51 11 2221
89020042 56 426 2225
89058135 59 275 2226
89119245 54 749 2228
89470844 45 896 2237
89508956 46 840 2238
89625173 58 194 2241
90794983 40 207 2271
91891235 49 659 2299
92162014 51 538 2306
92920561 46 555 2325
93267660 40 796 2333
93982894 52 653 2352
94153512 47 407 2356
95091241 58 450 2379
95302258 47 608 2384
95465656 49 198 2388
96164475 48 209 2406
96459214 47 163 2414
97076937 53 519 2429
97166817 52 180 2431
97843091 57 614 2448
99281814 56 174 2483
99964038 41 905 2500
100261005 40 296 2507
100390290 46 260 2510
100768675 46 953 2520
101078740 45 570 2528
103319842 45 662 2585
105166782 56 135 2632
106534371 58 85 2666
106952497 56 743 2676
107989360 45 637 2702
108530277 54 824 2715
108620242 59 505 2717
113185314 46 871 2831
114636795 55 358 2866
114676312 44 907 2867
115077965 40 525 2877
115583116 51 195 2890
115850965 50 20 2897
115892221 59 974 2898
116078212 58 153 2903
116475193 47 472 2913
117022868 58 905 2926
117602576 42 838 2941
120013725 43 861 3004
120119581 55 667 3014
120129193 56 844 3015
120148910 55 95 3017
120263295 40 251 3029
120323700 58 249 3035
120682132 44 415 3071
120733211 46 261 3077
120799241 59 604 3083
121159321 54 996 3120
121411953 56 197 3145
121526483 41 455 3157
121785867 48 94 3183
122003925 44 137 3205
122126575 47 571 3218
122191234 51 146 3224
122707811 41 756 3276
122718364 46 165 3277
123020930 57 39 3309
123054640 50 533 3312
123499281 48 534 3356
123587674 42 533 3364
123649303 55 22 3370
123965729 50 173 3400
124018444 59 741 3406
124088305 45 81 3412
124213829 59 627 3425
124555624 42 50 3458
124647225 50 83 3468
124709328 44 44 3474
124888579 41 189 3492
124897613 46 12 3493
124922144 57 924 3495
125203023 42 685 3524
125396408 40 941 3543
125755821 55 678 3577
125922054 59 712 3594
125940473 50 190 3596
126079526 53 998 3611
126114282 44 983 3615
126158398 59 381 3619
126203906 48 916 3623
126339373 57 946 3637
126355703 47 305 3639
126740165 52 82 3678
127296852 53 585 3733
127404512 50 673 3744
127410593 55 905 3745
127508808 51 785 3755
127744213 57 703 3779
127791709 50 296 3784
128040388 41 109 3809
128153345 52 844 3820
128165482 52 688 3821
128212569 47 874 3826
128292680 49 500 3835
128489650 56 589 3854
128534911 56 391 3858
128543948 58 464 3859
128693788 41 274 3874
128728948 53 378 3878
128758158 53 541 3881
128861697 41 181 3892
129040508 52 127 3909
129268079 42 851 3931
129294036 56 332 3934
129482622 45 730 3953
129591528 50 103 3963
129656940 41 649 3969
129679142 42 428 3971
129882425 57 637 3991
130116322 52 288 4014
130194011 57 486 4023
130428820 40 85 4047
130549347 50 13 4059
130607030 44 238 4065
130794882 46 912 4084
130969168 47 770 4103
131042841 52 562 4110
131050224 52 984 4111
131610552 48 639 4167
131704117 46 245 4176
131833678 58 277 4190
131884631 46 854 4195
132039529 50 877 4211
132088338 58 745 4216
132380351 58 322 4245
132388651 46 785 4246
132580014 54 699 4264
132704143 45 240 4277
132801821 58 991 4286
132960909 49 288 4303
133233413 56 350 4330
133303342 49 519 4338
133411161 42 467 4349
133585055 51 920 4366
133666281 51 745 4374
133715049 55 369 4379
133875012 51 523 4395
133883307 59 590 4396
133901061 59 82 4398
133914061 41 50 4399
133976477 48 172 4405
134017907 58 9 4409
134214423 59 628 4429
134253692 40 122 4433
134311550 53 47 4439
134354010 55 851 4443
134382405 54 412 4446
134405417 55 906 4448
134424405 57 369 4450
134484450 45 675 4456
134538010 59 695 4461
134702177 49 880 4478
134818564 43 929 4490
134998262 41 523 4508
135049156 43 344 4513
135624792 58 288 4570
135995175 55 711 4610
136033750 56 34 4614
136103404 48 343 4621
136205743 48 340 4631
136222398 57 866 4633
136434516 41 289 4655
136471567 47 356 4659
136554315 52 956 4668
136708858 47 731 4683
137014110 55 778 4714
137144169 47 912 4727
137463730 58 759 4759
137512100 44 10 4764
137563889 45 680 4769
137805646 49 668 4793
137981166 48 435 4811
138308017 53 19 4842
138371325 48 781 4849
138474797 59 549 4859
138584522 51 762 4870
138738636 54 537 4885
138769226 44 849 4888
138793333 48 491 4890
138897128 42 774 4901
139015469 51 472 4913
139278046 52 890 4939
139495800 42 178 4962
139656952 50 415 4980
139678666 54 562 4982
139810984 43 232 4994
139844624 54 914 4998
139863393 56 502 5000
140287707 47 965 5043
140300707 55 822 5044
140312932 40 377 5045
140342299 51 298 5048
140529871 44 180 5068
140541103 44 311 5069
140798585 54 22 5095
141192961 51 992 5134
141381902 53 168 5152
141429067 56 169 5156
141441219 55 300 5157
141521106 56 18 5165
141608562 48 595 5174
141615998 45 233 5175
141628998 48 555 5176
141735162 56 217 5186
141763901 55 597 5189
141787906 45 612 5191
141806652 41 858 5193
142058668 49 883 5218
142138827 51 482 5226
142517531 43 933 5265
142562551 58 979 5269
142609729 40 64 5273
143038519 47 227 5317
143212306 45 825 5335
143361120 42 645 5350
143430634 43 956 5357
143463384 48 415 5360
143721627 47 479 5386
143956452 50 239 5409
144137271 48 237 5427
144301135 53 768 5443
144541154 44 703 5467
144685259 49 884 5481
144718702 46 409 5484
145172998 54 152 5530
145197373 50 724 5532
145326799 54 321 5544
145595090 54 936 5571
145624743 49 953 5575
145804866 52 914 5593
146131251 55 201 5625
146243319 51 201 5636
146363541 45 554 5648
147362864 56 431 5748
147377695 50 541 5750
147485866 50 844 5760
147680095 47 624 5780
147978249 40 528 5809
148458760 46 120 5856
148683292 45 254 5878
148702504 45 229 5880
148910051 50 724 5901
149126966 43 382 5923
149980994 59 809 6010
150020538 59 71 6014
151032640 46 542 6116
151110939 45 663 6124
151189577 59 768 6131
151197819 45 338 6132
151272099 41 287 6140
151381432 49 798 6151
151408164 46 41 6154
151488112 46 281 6162
151641084 51 721 6177
151935342 43 394 6207
152101010 54 974 6223
152158005 58 262 6229
152257557 52 468 6239
152281540 46 23 6241
152331658 46 28 6246
152415901 59 581 6255
152456175 50 856 6259
152475170 41 136 6261
152572396 52 576 6271
152700506 57 346 6284
152992926 50 733 6312
153029127 45 107 6316
153236151 53 786 6335
153334681 53 164 6345
153622807 42 427 6372
153682607 40 613 6378
153780327 59 672 6387
153816258 43 468 6391
153826656 40 717 6392
153963252 52 619 6405
153981682 44 558 6407
154021997 50 890 6411
154223947 45 600 6433
154232971 44 992 6434
154671885 57 510 6478
154891888 49 455 6500
154991917 49 851 6512
155011452 58 337 6514
155348498 58 530 6547
155822328 51 652 6594
155867950 45 995 6599
156100942 45 692 6623
156141941 52 457 6627
156204877 42 577 6633
156528654 51 28 6664
156541496 55 673 6665
156611369 43 407 6672
156783063 50 575 6690
156855698 48 126 6698
156933531 46 22 6706
156945595 59 913 6707
157270732 40 869 6741
157438043 41 928 6758
157458381 56 623 6760
157676419 44 331 6782
157686482 45 317 6783
157755850 59 79 6790
157885638 49 803 6802
157994887 41 848 6814
158082459 52 450 6823
158284023 42 664 6843
158468094 42 689 6861
158718277 55 815 6886
158727603 41 801 6887
158803982 50 860 6895
159039758 58 738 6920
159118698 40 374 6928
159255638 48 399 6942
159610753 52 99 6977
159663416 59 882 6983
160027479 58 185 7019
160210056 59 403 7037
160307126 50 18 7046
160383641 59 498 7054
160445958 51 608 7060
160590817 41 328 7074
160613950 54 118 7077
161345935 41 499 7151
162069570 53 580 7221
162353757 43 36 7250
162433529 52 597 7258
162525709 52 621 7266
162839891 46 759 7300
162865946 40 802 7303
163006490 56 74 7316
163024551 48 500 7318
163095414 55 34 7325
163648975 57 356 7380
163850211 41 211 7400
163892546 43 732 7404
163974822 45 584 7411
164293727 48 971 7442
164584499 42 552 7470
164701219 55 228 7481
165252996 49 653 7536
165273578 47 816 7538
165300512 45 105 7541
165385882 58 841 7550
165393882 58 367 7551
165484048 56 149 7560
165584122 40 603 7570
165845978 56 291 7596
166011115 50 430 7613
166257438 55 258 7638
166274445 52 19 7640
166306683 43 422 7643
166775622 54 317 7691
166837654 58 667 7698
166866379 58 755 7701
166940225 54 625 7709
166992700 51 107 7714
167144082 55 539 7729
167206103 46 372 7735
167371766 51 594 7751
167478527 58 618 7761
167500017 46 568 7763
167571571 42 160 7770
167590540 52 341 7772
167608562 41 268 7774
167996967 43 375 7814
168006606 59 997 7815
168059153 57 816 7820
168079187 44 195 7822
168131289 46 123 7827
168205335 42 924 7835
168430391 50 183 7857
168474950 41 118 7862
168555165 40 872 7871
168891487 58 227 7905
168913779 47 141 7907
168959626 51 108 7911
169065182 48 87 7922
169407857 59 818 7955
169507192 42 276 7965
169849746 55 100 7999
169966152 46 377 8011
170416480 43 822 8058
170485585 50 607 8065
170513940 55 122 8068
170541899 43 130 8071
170619106 46 157 8079
170654005 57 373 8083
170922488 41 200 8109
171034638 58 605 8120
171057119 47 454 8122
171118954 55 344 8129
171359557 53 632 8154
171366781 43 811 8155
171397534 43 133 8158
171445582 53 820 8163
171716104 48 478 8190
171992206 57 97 8218
172000520 57 751 8219
172912208 56 742 8311
172947758 41 699 8315
173066159 52 902 8327
173541475 56 196 8376
173806693 46 976 8401
173896205 40 708 8411
174001408 44 516 8422
174270462 41 82 8448
174345610 41 197 8456
174399417 55 467 8461
174433903 44 432 8465
174463049 49 330 8468
174473343 48 706 8469
174807029 56 56 8503
174888711 58 772 8511
174967761 52 97 8519
175129832 54 569 8535
175240106 45 428 8546
175399957 56 958 8561
175456693 45 701 8567
175692045 47 22 8592
175808449 44 302 8605
175983270 55 261 8621
176251747 41 708 8647
176276839 51 600 8650
176530041 40 778 8677
176825473 41 570 8707
177147845 48 603 8741
177169694 40 455 8743
177336827 58 911 8759
177385738 46 838 8764
177502161 48 92 8776
178336112 52 984 8858
178432031 45 43 8868
178530386 48 662 8878
178743812 51 719 8899
178862933 58 815 8911
179118361 44 744 8936
179487827 40 78 8974
179506977 43 541 8976
179620827 49 869 8987
179651049 42 830 8991
179784489 53 117 9005
179799976 55 230 9007
179811713 45 692 9008
179945832 42 519 9022
179973786 52 692 9025
180076327 58 16 9035
180135219 59 54 9042
180455305 52 844 9073
180600585 48 494 9087
180867752 42 635 9114
181069647 44 91 9134
181154495 46 608 9143
181361899 59 116 9164
181563745 56 936 9185
181699377 56 996 9199
181768379 57 525 9206
181929682 44 292 9222
182779694 59 424 9305
182873020 41 399 9314
183091573 54 492 9336
183240731 41 601 9352
183483508 46 598 9376
183645149 51 388 9391
183675679 48 971 9394
184414198 47 397 9467
184423681 41 667 9468
184485957 46 495 9475
184533959 40 28 9480
184544424 59 821 9481
184649985 53 709 9492
185066114 58 0 9532
185085546 52 889 9534
185303868 44 696 9556
185325727 58 980 9558
185420328 42 60 9567
185431358 44 760 9568
185642242 56 384 9589
185709929 57 695 9595
185802350 58 672 9604
186028189 49 152 9626
186102890 51 617 9633
186196522 41 790 9643
186205276 50 183 9644
186254874 52 924 9649
186842154 59 443 9706
186906224 45 683 9712
187121261 46 740 9735
187171726 55 977 9740
187182087 44 942 9741
187199654 55 942 9743
187355949 45 245 9759
187630005 55 706 9787
188140193 59 845 9838
188163898 51 856 9840
188183837 54 369 9842
188555783 42 546 9878
188661744 44 7 9889
188732169 43 96 9896
188871301 52 710 9910
189035119 57 602 9926
189377711 51 580 9961
189520682 41 558 9975
189596019 52 408 9983
190045836 46 11 10030
190223553 44 142 10050
190469785 46 660 10074
190505966 55 525 10078
190564583 53 766 10084
190822808 41 481 10111
190866637 44 478 10115
190875989 40 187 10116
190903198 46 633 10119
190913421 59 748 10120
191049596 52 652 10134
191598455 50 334 10190
191611122 59 228 10191
191663528 44 594 10196
191924897 52 82 10221
191987787 58 488 10227
192000787 59 364 10228
192070910 58 655 10235
192131142 42 124 10241
192287152 53 185 10258
192296538 55 39 10259
192384893 59 937 10268
192393945 41 492 10269
192414515 47 912 10271
192492935 50 942 10279
192553386 40 683 10285
192715851 57 404 10301
192911279 45 408 10321
192950663 59 727 10325
192990723 50 326 10329
193025558 54 329 10332
193092729 53 550 10339
193232963 57 175 10353
193262926 47 565 10356
193315560 43 911 10361
193571704 51 59 10387
193645952 42 135 10395
193707539 40 802 10401
193774983 58 410 10409
193937660 42 753 10426
194040574 43 521 10436
194434544 50 165 10476
194915735 46 99 10525
195016814 55 697 10535
195092376 41 138 10542
195126620 47 788 10545
195190259 57 934 10551
195294846 40 483 10562
195319723 59 86 10565
195576646 42 254 10591
195587754 59 69 10592
195640414 50 440 10597
195714591 44 657 10604
195935485 42 798 10626
195944588 53 917 10627
196143860 48 91 10649
196235623 55 384 10658
196565810 50 367 10689
196575532 40 5 10690
197041227 51 117 10735
197275869 47 876 10758
197988966 51 412 10831
198290682 45 480 10862
198699082 55 458 10904
198775257 56 929 10911
199000578 53 36 10934
199061020 59 854 10941
199183890 56 866 10953
199190326 59 73 10954
199420827 43 396 10978
199463154 42 392 10983
199494227 54 416 10986
199834327 56 802 11021
199938815 42 729 11031
199983656 57 984 11035
200319552 59 931 11067
200462718 56 723 11081
200553902 56 912 11090
200566307 55 314 11091
200641763 51 663 11099
200709814 46 979 11106
200806513 59 919 11116
200872907 56 720 11123
200881599 44 643 11124
201097204 51 204 11145
201307193 50 452 11166
201333687 44 966 11169
201453913 58 149 11181
201485898 41 0 11184
201513837 48 852 11187
201522410 55 628 11188
201808430 48 889 11216
201856761 45 287 11221
201879507 46 672 11223
201892042 47 810 11224
201909733 52 199 11226
202696923 42 293 11304
202868857 40 95 11321
202887217 59 815 11323
203203484 57 119 11357
203265774 53 974 11363
203415372 50 402 11378
203845174 57 722 11422
203922377 58 403 11429
203966258 42 518 11434
203975151 42 355 11435
204103785 50 48 11448
204528846 51 313 11490
204665991 50 654 11504
204821230 41 218 11521
204935550 41 194 11533
204954844 58 178 11535
205028911 43 379 11543
205129342 53 391 11553
205231584 46 217 11564
205369884 40 688 11577
205482860 43 473 11589
205532607 45 234 11594
205578095 40 373 11598
205692023 54 638 11610
205722535 41 101 11613
206029642 42 662 11646
206451868 52 642 11688
206506591 42 501 11694
207556274 59 582 11799
207563664 51 221 11800
207618913 45 264 11806
208190344 57 259 11866
208281083 49 102 11875
208317143 54 139 11879
208417433 48 154 11890
208442710 52 835 11893
208527123 52 755 11902
208536869 58 92 11903
208751536 46 335 11923
208820042 42 395 11930
209042809 54 780 11952
209238352 56 765 11971
209310809 50 282 11979
209373178 55 424 11985
209564860 44 945 12005
209652694 52 826 12013
209714752 53 203 12020
209787736 41 375 12028
209820820 58 842 12031
209838818 41 246 12033
209980384 56 431 12047
210021672 43 740 12051
210135829 54 686 12063
210187880 41 82 12068
210322238 52 57 12082
210371002 44 486 12087
210427011 55 138 12093
210461953 49 38 12097
210568438 51 948 12108
210826537 53 5 12133
210938624 51 428 12144
211207451 41 911 12170
211481079 53 663 12197
211922793 58 242 12241
211961811 45 436 12245
211974811 46 83 12246
212341749 52 775 12282
212435527 55 69 12292
212467037 49 655 12295
212594103 52 75 12308
212820192 56 97 12330
212859727 45 369 12334
212867943 59 484 12335
212947437 53 667 12343
212997371 53 769 12348
213369754 57 407 12386
213682355 51 457 12420
213821665 49 988 12433
213852690 45 298 12436
214252629 46 111 12476
214339906 55 49 12485
214555371 57 514 12507
214696643 56 822 12522
215122339 57 344 12566
215243658 53 750 12578
215428882 40 884 12595
215561719 49 770 12609
215602284 52 373 12613
215746696 51 316 12628
215865927 59 274 12639
215955099 58 30 12648
216036938 59 421 12656
216409922 50 982 12694
216439759 43 819 12697
216505861 43 216 12704
216808407 47 445 12735
217078017 51 431 12763
217475165 59 934 12802
217494942 42 618 12804
217524952 49 796 12807
217823079 55 802 12838
217962737 40 885 12854
217979050 44 926 12856
218230208 47 644 12883
218339578 52 338 12894
218475686 45 169 12907
218539469 53 52 12913
218552426 57 945 12914
218657736 53 157 12925
218840519 42 620 12944
218914112 40 890 12952
218954187 46 691 12956
219069210 50 692 12968
219529553 40 287 13014
219557911 56 808 13017
219600986 43 193 13021
220078694 56 281 13067
220220256 46 377 13081
220319502 43 951 13091
220419121 53 697 13101
220500380 56 167 13109
220533361 58 35 13112
220736227 52 144 13130
220834502 59 209 13139
221691582 47 898 13224
221797961 43 802 13235
221907498 42 61 13247
222076379 53 892 13263
222161487 49 665 13272
222255851 53 513 13282
222840305 59 421 13341
223165720 57 729 13373
223437447 58 202 13400
223597207 55 344 13416
223617848 48 578 13418
223812754 44 954 13438
223930865 56 936 13451
224094283 54 190 13467
224272565 56 336 13485
224610863 40 28 13519
224618758 57 212 13520
224729025 43 640 13531
225147749 42 321 13574
225200559 44 141 13579
225250902 47 597 13584
225361066 43 267 13595
225706721 50 9 13631
225957838 43 540 13657
226027337 53 913 13665
226789043 53 733 13746
227056408 41 494 13772
227217040 54 961 13788
227309817 44 102 13797
227322152 55 167 13798
227417378 43 778 13808
227516927 49 956 13820
227647383 41 498 13834
227677865 51 213 13837
227778711 46 849 13848
227795240 54 91 13850
227965986 47 829 13867
228134693 51 954 13883
228466269 56 155 13915
228502091 59 869 13919
228520519 48 680 13921
228802919 45 720 13951
228984653 56 170 13969
229055176 55 5 13977
229099258 54 439 13981
229292550 55 36 13999
229684518 58 546 14038
229748681 58 75 14045
229939520 54 955 14063
229963174 48 492 14066
230037913 52 48 14073
230248126 53 435 14095
230585278 49 316 14128
230767191 48 663 14147
230794719 50 327 14150
230883577 43 548 14159
230892650 49 968 14160
231119471 41 701 14184
231266428 42 642 14198
231497916 43 668 14220
231538323 47 880 14224
231636870 45 146 14233
231855545 58 521 14255
231876052 41 325 14257
232073453 50 97 14276
232149440 49 352 14283
232350863 49 307 14303
232503674 53 217 14319
232774968 59 970 14346
232908875 48 458 14359
232986088 42 758 14367
233120313 49 628 14381
233377365 54 793 14407
233426554 41 648 14412
233589251 45 457 14428
233774979 48 659 14446
233792625 55 145 14448
234246344 53 472 14494
234519534 52 920 14522
234552218 44 4 14525
234616899 50 133 14532
234626931 48 1 14533
234726153 40 800 14543
234737600 45 180 14544
234778549 54 680 14548
234826955 42 549 14553
235182377 42 649 14590
235284997 45 463 14601
235346417 46 183 14607
235378300 42 936 14610
235400922 53 908 14612
235476563 52 420 14620
235571434 41 256 14630
235784070 43 566 14651
235823950 54 249 14656
235869037 42 9 14661
236146005 58 353 14690
236199843 52 711 14695
236222782 49 70 14697
236291531 54 34 14705
236522269 41 804 14728
236686025 41 504 14744
236787214 50 117 14754
236992132 59 61 14774
237053226 41 373 14780
237073781 56 436 14782
237088608 48 330 14784
237223466 43 724 14797
237272063 52 256 14802
237577147 43 487 14832
237776276 58 842 14852
237811439 46 531 14855
237860749 47 631 14860
238082745 51 29 14881
238218254 45 500 14895
238322285 59 429 14905
238361452 57 414 14909
238707067 44 274 14944
238741245 56 988 14947
239047011 57 513 14978
239363811 55 93 15011
239609633 59 141 15036
240079873 56 941 15083
240096073 44 986 15085
240361846 50 570 15111
240439336 46 56 15119
240450839 57 987 15120
240504198 52 709 15126
240680012 52 887 15144
240840308 46 415 15160
240961148 56 959 15172
241109081 41 994 15186
241256987 56 405 15200
241396254 58 161 15213
241497896 54 707 15223
241541116 49 689 15228
241987499 50 154 15274
242107659 43 198 15285
242333388 52 193 15307
242595928 47 323 15334
242762899 44 888 15350
242786777 44 817 15352
242850869 45 512 15358
243111187 43 412 15385
243296415 52 356 15403
243733930 59 500 15448
243858954 48 731 15460
244202159 47 496 15494
244237191 49 677 15497
244430406 53 318 15517
244495786 55 102 15523
244653921 56 935 15540
244664330 43 371 15541
244886546 41 879 15563
244905990 46 63 15565
245064577 46 860 15580
245189369 59 265 15593
245656413 53 845 15641
245760930 58 906 15652
245801296 50 330 15656
245935629 58 277 15670
246012783 43 573 15678
246190041 56 239 15695
246393021 51 655 15715
246610484 57 570 15738
246741976 43 283 15752
246780473 47 61 15756
246879163 50 748 15767
246916816 40 97 15771
246998399 58 576 15779
247203009 54 93 15799
247467689 46 876 15827
247524728 43 437 15832
247565542 45 772 15836
247905829 56 437 15870
247990991 53 903 15879
248087956 45 348 15889
248127418 57 846 15893
248232920 44 596 15904
248391964 55 664 15919
248582309 52 471 15939
248701169 56 524 15950
248891896 43 868 15970
249015828 52 285 15981
249381339 50 955 16015
249922241 53 121 16070
250077399 53 614 16086
250119851 58 5 16090
250398338 41 283 16119
250503135 54 921 16130
250512278 52 199 16131
250804689 49 705 16161
251258382 46 304 16206
251379319 50 36 16218
251420785 44 270 16222
251591711 44 267 16240
251640898 53 316 16245
252066392 58 701 16290
252099401 50 782 16293
252263213 52 321 16309
252395118 40 863 16324
252422414 51 101 16327
252590181 54 142 16344
252879999 46 986 16374
252990565 41 922 16384
253125715 58 202 16397
253202049 45 857 16405
253262290 45 843 16411
253539291 47 327 16437
253548648 47 333 16438
253568908 58 534 16440
253615826 52 612 16445
253649820 53 635 16448
253707908 42 367 16454
254085623 52 669 16494
254228968 58 833 16509
254299705 41 399 16517
254430536 42 748 16531
254571811 58 7 16546
254753664 47 978 16565
254796338 47 714 16569
254961892 55 508 16587
255427866 55 447 16633
255553602 47 767 16645
255737440 41 748 16663
255748642 57 493 16664
256211927 46 235 16711
256323273 44 80 16723
256460836 43 326 16737
256537837 47 457 16745
256647882 44 228 16758
256787243 59 478 16771
256932027 54 595 16784
256953992 43 777 16786
256977396 40 369 16788
257004068 54 772 16791
257332810 53 848 16823
257373062 42 262 16827
257383929 56 349 16828
257498447 55 459 16840
257658668 54 746 16856
257728056 44 979 16863
257751257 57 865 16865
257866185 40 635 16877
257972473 43 980 16887
257982419 53 109 16888
258270800 55 312 16916
258279506 43 894 16917
258444734 41 802 16933
258629094 58 788 16952
258658636 55 781 16955
258739462 51 191 16963
258913575 43 885 16981
259397001 42 417 17006
260516960 55 643 17034
260585025 44 77 17036
260952551 44 588 17045
261098157 47 637 17048
261179716 42 852 17050
263503385 58 87 17109
264340816 40 10 17129
269783477 46 481 17264
269996668 43 864 17269
270032329 46 243 17270
270543375 41 342 17283
270702401 51 809 17287
271497921 57 849 17307
271760143 49 825 17313
271878739 48 482 17316
272026064 59 579 17320
272332934 47 821 17327
272615908 42 873 17334
273330403 42 917 17351
273980816 47 890 17368
275092943 59 524 17397
275489686 58 530 17407
275728837 56 655 17413
276077676 54 484 17421
276462390 52 794 17431
277084417 41 214 17446
277334662 53 347 17452
277500088 51 113 17456
277799659 54 846 17464
278856914 56 513 17490
280340343 43 282 17527
280629092 44 626 17534
280750001 40 849 17537
281981232 45 24 17567
282242631 52 104 17574
282591426 55 875 17583
282711691 48 979 17586
283967379 42 814 17618
284559668 44 147 17633
284684084 55 418 17636
285386421 45 294 17654
285643172 41 761 17661
285734761 59 753 17663
286212406 52 213 17675
286561472 52 300 17684
286849173 45 636 17691
286963377 53 843 17694
288727720 51 845 17739
288976033 59 286 17745
289257537 47 250 17752
289337308 55 108 17754
289387308 58 255 17755
289957812 45 156 17769
290213136 46 35 17775
290576103 56 344 17784
290620981 48 828 17785
290950878 58 214 17793
291801882 56 888 17814
292904577 56 702 17843
292991890 48 181 17845
293156894 48 553 17849
293499844 55 15 17857
294364239 47 615 17879
294449919 59 323 17881
296009377 46 32 17920
297345427 46 749 17954
298763285 48 264 17988
298957412 51 8 17993
299719561 53 98 18012
299941718 58 424 18018
300243434 53 375 18026
301413449 58 153 18054
301649279 47 391 18060
303185114 55 16 18098
303225516 59 391 18099
303270271 41 431 18100
304240632 58 492 18125
305151550 42 37 18147
305275959 44 315 18150
306215824 47 882 18173
307594248 48 687 18208
309258208 40 464 18249
309942440 57 637 18266
310276790 57 440 18274
312345404 46 527 18327
313300350 49 231 18350
313477994 51 193 18354
314231809 58 576 18373
315413414 54 792 18402
316839629 44 428 18439
317122314 44 807 18445
317883470 57 102 18464
318372143 41 189 18476
318843071 46 75 18487
319058389 58 110 18492
319848910 53 611 18512
320325797 45 320 18524
320531854 54 50 18529
320575817 40 54 18530
320613368 48 871 18531
322088978 58 956 18568
322479365 45 606 18578
322523303 56 221 18579
323116149 44 461 18593
324791288 46 211 18635
326007476 41 635 18664
327238995 50 361 18694
327552099 59 660 18702
327583935 40 523 18703
327937300 47 916 18712
327983498 48 959 18713
328207256 58 535 18719
328291444 52 680 18721
329067837 49 244 18740
329301453 52 512 18746
329420473 41 686 18749
329954234 49 632 18763
330226884 48 58 18770
330746682 58 82 18783
332647854 56 200 18828
332985392 40 278 18837
333024353 52 709 18838
333263450 41 755 18844
333600289 43 274 18852
334000799 46 939 18862
334565443 45 209 18877
335775540 53 130 18907
337051070 48 572 18939
337148880 45 735 18942
337526148 55 962 18951
337916594 53 711 18961
339689631 55 795 19004
340211548 52 404 19018
340811139 51 652 19033
340849092 41 422 19034
341362875 47 867 19047
342053350 57 199 19064
342173736 46 577 19067
342454358 59 847 19074
343027713 55 715 19089
344340692 45 675 19121
344790756 41 92 19132
344984127 51 967 19137
345883787 57 301 19160
345965189 45 375 19162
347250596 59 617 19194
347835511 41 942 19208
348427395 51 935 19223
348499480 55 730 19225
350455313 51 874 19273
351579362 40 895 19300
352064142 59 927 19312
352853547 41 623 19333
352901563 54 398 19334
353671557 41 425 19353
353837861 41 993 19357
354305603 52 958 19369
354544843 45 496 19375
354823577 49 299 19382
355081955 58 933 19388
356100468 50 957 19415
356713982 51 892 19431
357174359 59 488 19443
357366228 49 128 19448
358148253 40 748 19468
358834724 45 960 19485
359879259 46 223 19511
360322816 51 884 19522
360437981 48 657 19525
361695904 57 75 19556
361867900 55 272 19560
362648354 48 132 19580
362829614 44 636 19585
362873052 54 682 19586
362905551 45 242 19587
363028369 51 408 19590
363525038 45 205 19603
364354984 43 507 19622
364436006 53 760 19624
364905730 49 483 19636
365019146 41 805 19639
365881699 57 172 19660
367322307 49 378 19696
368180260 54 89 19718
368228943 48 647 19719
368589069 45 865 19728
368864654 44 862 19735
369582157 47 14 19753
369734020 54 847 19757
371069041 45 786 19791
371103939 52 91 19792
371245367 49 147 19796
371484453 40 319 19802
371714673 50 321 19808
372366081 44 964 19824
373302936 43 659 19847
373664229 47 512 19856
373750308 52 210 19858
374609612 40 48 19880
375649299 44 579 19906
375821774 40 562 19910
376275902 48 528 19922
376545459 50 394 19929
377556062 51 727 19955
378732475 48 284 19985
378931531 49 501 19990
378971528 58 836 19991
379266022 56 144 19998
379475463 45 270 20003
379513956 48 970 20004
379581377 58 290 20006
380719313 41 913 20033
382173825 43 409 20070
382389492 43 312 20075
385247007 53 909 20146
385805368 56 597 20160
386411364 51 681 20175
386625257 57 419 20180
387870318 49 208 20212
388197398 42 814 20220
388573640 52 653 20229
388654646 40 946 20231
388782348 45 988 20234
388874818 44 258 20236
389432476 55 563 20250
390412331 51 454 20275
390535703 47 599 20278
391381268 50 667 20299
391671158 53 326 20306
392116325 51 386 20317
392664708 43 276 20331
393451571 42 528 20350
393643108 51 908 20355
393853249 55 453 20360
395045244 45 13 20391
395194687 52 871 20395
395263673 51 757 20397
395640671 40 141 20406
396153009 50 827 20419
396317074 41 892 20423
396820495 43 843 20435
396910990 52 983 20437
398144421 41 841 20468
398269202 46 21 20471
398860978 52 396 20486
399230905 40 612 20495
400012213 44 627 20515
400325114 41 205 20522
400409907 43 334 20524
400936503 42 313 20537
401063566 46 710 20540
401277307 46 20 20545
402171698 45 13 20567
402524484 50 992 20575
403377431 41 13 20597
403650731 41 309 20604
403992804 55 209 20612
404599657 57 912 20626
405147860 47 973 20640
405687087 56 996 20654
406174846 44 483 20666
406789025 52 307 20682
407287981 55 124 20694
408488313 55 530 20724
408678371 54 289 20729
409352284 55 806 20747
411188825 59 978 20794
412759918 53 339 20832
413704571 41 420 20855
414183851 47 92 20868
414295694 44 726 20871
414334025 58 624 20872
415858958 57 194 20909
415898701 42 963 20910
416611622 42 682 20929
417272296 55 203 20945
417724213 41 660 20957
417935696 40 706 20962
417965696 58 899 20963
418331706 44 882 20972
421340078 51 550 21046
421381595 57 199 21047
422000062 48 755 21062
422771020 57 904 21081
422888140 47 667 21084
423006302 40 567 21087
423187608 56 275 21092
424403795 47 847 21122
424600942 56 753 21127
424814617 46 488 21132
425244781 40 590 21143
425345811 50 444 21146
426272479 54 364 21169
426587491 57 249 21177
426629822 56 995 21178
427074218 47 261 21189
427737061 52 31 21205
427924728 43 959 21210
428653558 47 271 21228
428858207 59 837 21233
429224616 49 240 21242
429355402 43 302 21245
429932721 58 216 21260
431189662 47 127 21292
431307835 54 266 21295
431960544 55 841 21311
432680032 54 64 21329
432906399 59 508 21335
433256256 45 769 21344
433373566 53 471 21347
434097385 41 507 21365
435712164 47 777 21405
436017375 47 53 21413
437168417 56 585 21441
438007644 51 146 21462
438453471 47 316 21473
438666722 50 239 21478
439685965 47 391 21503
440308465 54 873 21518
440373132 50 909 21520
440598808 53 145 21525
441563911 50 934 21551
441830724 49 925 21557
442306171 54 91 21569
443135538 54 660 21589
443969818 41 146 21610
444297130 52 411 21618
444773711 40 240 21630
445017854 53 590 21637
445497652 46 753 21649
445579664 48 673 21651
445901970 51 163 21660
446421071 48 650 21673
447548735 41 867 21700
447584265 56 586 21701
447712391 49 863 21704
449016720 51 113 21737
449370405 59 345 21746
449860561 51 538 21758
450409733 55 561 21773
450964557 49 503 21786
451396797 49 434 21797
451726050 44 976 21805
451926117 51 558 21810
453368500 55 961 21844
453487182 42 57 21847
453578059 43 200 21849
455067608 42 650 21886
455881221 57 17 21907
455969427 43 638 21909
456046875 45 376 21911
456908716 46 308 21933
457391937 48 108 21945
457547975 43 318 21949
458101182 44 812 21964
458459198 46 25 21972
458980081 52 436 21985
459839446 51 325 22007
459925847 52 649 22009
459967467 58 509 22010
460246646 45 916 22017
460289152 44 141 22018
461061068 43 500 22038
461299049 40 378 22044
461778414 55 149 22056
465650310 57 14 22152
465686805 49 614 22153
466161932 59 704 22164
467216506 47 552 22191
467335126 40 227 22194
467504497 42 106 22198
468475736 46 780 22222
470666560 42 948 22275
470707795 49 250 22276
471307150 45 919 22292
472002493 59 644 22309
472931525 40 888 22332
474581291 54 146 22373
475713402 51 552 22401
476007845 42 705 22409
476571454 53 653 22424
477211253 50 243 22440
477517619 45 994 22448
478624441 45 106 22476
478737750 41 968 22479
479366972 57 874 22495
479453082 50 591 22497
481430313 58 165 22546
481521483 55 444 22548
481783433 59 472 22555
482017882 46 599 22561
482280579 43 531 22568
482322274 56 495 22569
482823176 44 710 22582
483114025 43 407 22589
483276064 56 793 22593
483800692 46 260 22606
485049000 56 101 22637
485335121 58 708 22644
485422769 51 924 22646
485896357 41 939 22658
486027323 47 837 22661
486900757 48 848 22684
486984595 52 316 22686
488761951 51 855 22730
489084843 45 134 22738
489878882 54 991 22758
490583914 55 429 22775
492075611 45 56 22812
492905521 51 641 22833
493315545 46 995 22843
494203731 46 405 22866
494672872 59 927 22878
494716026 52 617 22879
495843981 41 122 22908
496069853 57 243 22914
497001545 52 766 22937
497598880 57 514 22952
497675166 44 936 22954
497842982 57 716 22958
498303626 42 959 22970
498351790 45 937 22971
498556183 58 514 22976
498971278 47 380 22986
499371220 42 647 22995
500053645 55 956 23012
500244695 48 88 23017
500584269 59 696 23026
501464736 57 383 23048
501661233 55 819 23053
503030748 59 116 23087
503363030 48 62 23095
503651073 58 46 23102
505917802 50 210 23160
507026283 40 147 23187
507370500 40 63 23196
507538188 49 947 23200
507969037 42 710 23211
508183651 55 612 23216
509766690 53 860 23257
511069843 56 181 23290
511735626 50 773 23307
511856262 43 332 23310
512244931 49 987 23319
513003703 41 157 23338
513210695 47 848 23343
513868117 54 478 23360
514351655 58 837 23372
514589138 51 801 23378
514977085 58 897 23388
516045956 42 103 23415
516133019 51 953 23417
516249937 41 322 23420
516497888 52 715 23426
517216827 47 337 23444
517773105 53 942 23458
517845883 53 113 23460
519012222 42 505 23490
520955061 57 492 23537
521490298 56 737 23550
522530742 53 779 23576
522567393 53 986 23577
522915942 45 288 23585
523165686 41 822 23592
523832631 40 606 23608
525342634 53 46 23646
525646979 52 165 23653
527432001 59 758 23698
527746926 54 71 23707
528837098 52 150 23732
529145137 41 830 23740
530765220 42 155 23780
530969142 59 482 23785
531079330 50 962 23788
531493485 46 675 23798
532731833 43 46 23829
533467936 54 896 23847
534783237 51 203 23881
534871085 51 33 23883
535571288 52 555 23901
536118045 48 114 23915
536607630 47 822 23927
536930462 45 110 23935
537423068 48 869 23946
537569213 58 820 23950
537605892 48 323 23951
538358026 52 74 23971
540294173 58 143 24019
541625467 52 196 24052
542134842 57 721 24065
542443154 59 732 24073
542967653 56 55 24086
544666713 56 426 24128
545742676 40 174 24155
546120695 54 807 24164
546405023 54 63 24171
546488198 50 336 24173
547702840 49 282 24203
547782642 49 814 24205
548103648 45 629 24213
549450953 48 47 24246
550622416 51 756 24275
550756362 46 970 24278
551152958 42 241 24288
551189765 46 453 24289
551420235 53 664 24295
551619355 49 256 24300
551825044 49 330 24305
552169179 40 763 24314
552730374 48 940 24328
552929747 46 717 24333
555727142 42 26 24405
556370398 42 511 24421
556733323 56 828 24430
556971550 50 109 24436
557048291 51 420 24438
557084386 57 162 24439
557422812 50 285 24448
557837794 44 272 24458
558628767 46 820 24478
559392715 48 501 24496
559750848 47 380 24505
560053725 56 847 24513
560727000 56 401 24530
560775628 49 487 24531
561023165 55 127 24537
561407823 44 506 24546
561744222 52 519 24555
562192579 40 562 24567
562756220 44 182 24581
563643874 40 196 24603
563883062 50 815 24610
564197707 41 288 24618
564858437 48 132 24635
565164434 47 840 24643
565473642 43 211 24650
565508269 54 512 24651
566653057 49 255 24680
566738010 47 318 24682
566962489 42 308 24688
567650380 45 797 24705
568199826 50 840 24719
568616711 40 226 24730
569015490 45 754 24740
569162747 50 998 24744
570361964 43 857 24774
570548277 58 366 24779
570594393 58 320 24780
571022370 51 697 24791
572184724 55 442 24820
572696659 53 613 24832
573223676 44 974 24845
574361170 56 344 24874
574681995 55 516 24882
574719067 51 945 24883
576067577 50 796 24917
576145150 41 911 24919
576808734 59 145 24935
577495210 44 223 24952
577705431 56 979 24958
578576589 55 837 24979
578822121 40 100 24985
579114436 51 378 24992
579564531 55 497 25003
579804758 47 485 25009
581598449 42 515 25054
582126271 58 219 25068
582376290 55 41 25074
583280814 56 447 25096
584665133 47 524 25131
584715133 49 490 25132
585028310 50 171 25140
585661603 40 784 25157
586556685 49 17 25179
587965791 46 602 25214
589468584 45 751 25252
590782001 56 368 25285
591011057 50 997 25291
591371194 55 737 25300
592489387 44 389 25328
593033651 55 661 25342
593197310 40 586 25346
595672480 42 982 25409
596168431 51 326 25422
596800306 44 342 25438
596928593 59 844 25441
597649466 40 166 25459
598025642 43 60 25469
598064918 52 826 25470
598105957 51 49 25471
598321084 44 742 25476
598412879 49 515 25478
598883286 54 77 25489
599433084 59 913 25502
599822528 57 914 25512
599898495 54 226 25514
599941687 49 741 25515
600220457 47 15 25522
600471384 41 769 25528
602744571 53 410 25585
603055593 51 868 25593
603813197 58 577 25612
604543939 53 850 25632
606015850 45 878 25668
606698707 58 31 25686
608438057 49 278 25731
608513139 46 688 25733
610939466 59 536 25793
612434619 50 22 25831
613590227 54 922 25860
613623849 58 494 25861
614025403 53 884 25871
616007152 53 128 25920
616175472 55 258 25924
616651927 52 541 25936
617683119 52 247 25962
617815007 52 570 25965
618480846 45 647 25982
619328874 55 657 26003
619516970 50 117 26008
621530243 54 271 26060
623718562 49 349 26117
624273374 52 43 26131
625013226 45 204 26150
625841813 40 315 26170
626618198 40 921 26188
626818492 44 490 26193
627309020 57 689 26205
628872630 42 0 26243
629050824 59 517 26247
629734633 59 898 26264
630035186 43 739 26271
630173625 45 568 26275
631449715 40 466 26306
632312877 51 781 26327
632621197 43 677 26334
633355032 51 361 26353
633755690 47 222 26363
633956339 51 795 26368
634278213 57 580 26376
634849465 45 547 26390
634934985 46 964 26392
635893003 59 710 26416
636562746 59 157 26432
636939505 59 389 26442
637214686 42 825 26449
638211988 50 363 26474
638534267 55 857 26483
638576234 58 109 26484
638704581 50 978 26487
638806504 51 481 26490
639016435 43 63 26495
640224629 59 696 26526
640396375 44 590 26530
641326665 52 464 26553
641786659 41 602 26565
642331079 49 98 26578
643352592 49 641 26604
643827468 44 808 26616
643912149 50 991 26618
644692356 56 370 26638
644877553 40 735 26643
645638442 41 539 26662
646477813 58 930 26683
646930899 51 570 26694
647106867 46 970 26698
647247749 51 639 26702
647478193 42 613 26708
647722984 43 320 26714
647884423 47 975 26718
648026272 52 214 26722
648066463 57 843 26723
648190637 40 989 26726
648648583 43 854 26738
651061120 58 558 26800
652136919 58 147 26826
652255312 56 661 26829
652911378 52 497 26845
653784858 52 178 26868
654279591 56 623 26881
654462994 46 751 26886
654586593 55 666 26889
655029827 49 449 26900
655848599 42 680 26920
656080670 46 36 26926
656767568 43 639 26943
657573701 50 8 26964
658704802 52 480 26992
659783220 56 352 27020
661120424 40 485 27054
661204967 44 427 27056
662389930 48 557 27085
663129959 50 248 27103
663434076 41 560 27111
663887151 41 232 27122
664169956 59 892 27129
664808251 57 257 27144
665239399 49 259 27154
666419649 51 210 27184
666779196 56 971 27193
667562975 46 336 27213
667810674 55 249 27219
667934992 57 706 27222
668178699 45 299 27228
668956086 46 490 27247
669700292 56 855 27265
670262797 59 486 27279
671599370 47 447 27314
671635533 48 471 27315
671919939 43 442 27323
672191756 46 296 27330
672426135 42 727 27336
672695050 55 235 27343
673455449 43 916 27361
673992919 56 211 27374
674317379 45 55 27382
674579468 54 38 27389
675470000 55 313 27412
676098634 53 787 27427
676476923 52 60 27436
676657369 53 28 27441
676702607 58 758 27442
676857190 49 109 27446
676930245 49 904 27448
676963949 57 767 27449
678967906 58 221 27500
679076157 57 123 27503
680038471 48 266 27527
680240754 40 803 27532
680678351 46 911 27543
682827423 51 301 27597
682895251 41 403 27599
682938192 54 600 27600
685115017 58 366 27654
685561099 55 78 27665
686413815 41 71 27687
687109516 58 361 27705
687337672 58 298 27710
687914073 41 368 27724
688580182 44 272 27741
688967317 52 100 27751
690464517 49 679 27788
690630361 47 719 27792
691404047 58 363 27810
691999088 47 963 27825
692721788 51 284 27843
693111744 59 742 27853
694286308 53 947 27881
694833948 41 8 27895
695091935 42 656 27902
696660778 46 101 27942
697200869 42 340 27955
697602075 53 287 27965
698682513 40 286 27992
699690451 41 55 28017
700099615 43 607 28028
700253896 56 832 28032
701180584 42 172 28054
702723675 46 87 28094
702789401 58 798 28096
703196045 56 979 28106
704674411 41 667 28144
705906419 43 628 28176
705981034 49 790 28178
706410025 50 847 28189
706487103 43 70 28191
706612938 40 89 28194
706881398 43 832 28201
707688633 48 277 28222
707966373 44 739 28229
708052339 47 540 28231
708657165 52 420 28246
710582962 51 741 28293
711532702 47 395 28317
713065942 52 258 28354
713472106 59 587 28364
714219276 46 71 28382
714255921 48 575 28383
714733443 57 647 28395
716139840 53 469 28430
716426058 45 223 28437
717082764 44 581 28453
717480784 51 952 28463
718052690 58 349 28476
718087113 52 832 28477
719333949 53 79 28508
722329833 45 178 28582
722923576 40 754 28597
723253549 52 214 28605
723370249 43 668 28608
723642586 54 360 28615
725577605 52 474 28663
728328468 54 608 28732
728648664 59 367 28740
729378904 44 319 28759
729466912 58 524 28761
730619213 53 226 28789
730731233 55 729 28792
731499495 46 884 28811
732431526 47 194 28835
733781578 45 119 28869
734515129 44 581 28888
735441574 51 822 28911
735745277 52 251 28919
736378265 57 272 28935
736499156 48 183 28938
736977279 41 75 28949
737062467 54 729 28951
737810510 41 621 28969
739041777 42 470 29001
739613121 46 528 29016
740651993 55 4 29043
740695944 47 73 29044
740731846 48 161 29045
740761846 56 194 29046
740836178 47 926 29048
741600582 56 608 29067
742457451 48 202 29089
743192513 41 330 29107
744612523 57 349 29143
745562311 45 763 29167
746144076 41 408 29182
746998293 40 629 29204
747202249 49 171 29209
747252089 51 536 29210
749140382 41 780 29261
749620277 48 925 29273
751163552 40 572 29311
752150119 54 203 29336
753011161 53 482 29358
753348796 53 326 29366
753434111 53 54 29368
754397463 40 526 29392
754472784 48 502 29394
755318301 54 412 29415
755811201 45 340 29428
756415014 46 343 29443
756838774 40 762 29453
757001530 57 931 29457
757211941 59 301 29462
758226344 55 523 29488
759098033 44 181 29509
759581696 40 323 29521
761178563 45 321 29560
761257207 59 949 29562
761456271 41 404 29567
762687237 54 633 29598
762965228 51 761 29605
765181324 56 59 29660
765383696 50 124 29665
766289935 59 755 29688
766336980 49 737 29689
767411911 58 852 29716
767441911 49 24 29717
768103400 52 992 29733
768354678 54 668 29739
768525668 55 789 29743
769698944 49 796 29771
770255456 46 966 29785
770296306 46 485 29786
770861296 58 326 29800
770946585 54 273 29802
772103866 42 414 29830
772809186 55 694 29848
773162410 48 314 29857
773618750 48 297 29869
778568856 59 455 29995
778879311 58 99 30003
778999890 54 643 30006
779824157 48 437 30027
780075783 54 553 30033
780910255 49 296 30054
781485672 59 55 30068
781565967 59 844 30070
781731357 52 836 30074
782502800 46 977 30092
783839921 43 791 30125
784288520 59 884 30136
784524691 50 5 30142
784680841 55 975 30146
785506869 54 238 30167
785728245 52 259 30173
785797859 42 432 30175
786434677 44 940 30191
786840773 50 710 30201
787288556 58 854 30212
787330330 46 532 30213
787554880 51 160 30219
788572832 52 766 30244
789650869 42 757 30270
789915925 56 401 30277
789952797 47 713 30278
790446766 41 88 30290
790552997 52 491 30293
791194488 49 229 30309
791433949 52 839 30316
791562709 59 450 30319
791796466 41 710 30325
793413324 50 286 30367
793610403 42 633 30372
793691568 42 464 30374
793910905 43 845 30380
794307687 59 758 30390
795113545 48 503 30410
795280692 44 52 30414
795365776 45 295 30416
796440381 44 704 30441
797307265 51 667 30463
798945295 47 717 30502
799269850 42 196 30510
799488467 43 79 30515
799746266 40 777 30521
799876621 47 176 30524
800179928 45 292 30532
800622913 43 361 30543
801160040 57 647 30557
802374122 56 265 30587
802948787 48 714 30602
803910512 43 695 30627
804541851 52 513 30643
804578283 59 391 30644
805047882 47 690 30655
805456448 49 943 30665
805868659 44 190 30675
805990849 47 426 30678
806941233 53 316 30703
807496292 52 74 30717
807799066 55 924 30725
808382180 44 751 30740
808541646 53 186 30744
808846428 45 346 30751
809267350 50 418 30761
809622340 45 52 30770
809803020 44 90 30774
810116645 58 133 30782
810569561 55 598 30793
811179058 50 250 30809
811697901 48 665 30822
812691634 51 940 30847
812766388 55 892 30849
812813671 57 456 30850
816134063 40 662 30933
816179765 50 810 30934
816254189 48 717 30936
817161417 42 22 30959
817247467 51 6 30961
817297467 59 230 30962
817473116 55 553 30966
818490868 52 158 30991
818624738 56 104 30994
822222798 49 9 31083
822519120 40 579 31090
822718984 44 779 31095
823055781 55 29 31104
823314223 46 833 31110
823542967 52 263 31116
823589959 50 973 31117
824390953 50 426 31137
824706525 44 707 31145
825787291 56 800 31172
828333926 54 627 31235
828375113 48 438 31236
828716129 57 992 31244
829457536 59 613 31262
829501432 44 372 31263
829534536 44 660 31264
829741095 53 829 31269
830537496 54 862 31289
830744062 47 772 31294
830779844 56 993 31295
833284820 52 991 31359
833362181 46 480 31361
834268087 41 697 31384
835571585 48 592 31416
836337524 42 918 31436
836554324 47 806 31441
837809503 55 445 31473
839019321 45 427 31504
840987801 47 589 31554
841720492 51 208 31572
841765032 54 683 31573
842358165 46 219 31587
842718206 58 330 31596
843375749 57 365 31613
845128617 49 884 31655
845203741 46 472 31657
845325187 54 877 31660
845597946 52 756 31667
845639770 56 267 31668
847279323 58 760 31708
847316612 55 188 31709
848543513 42 289 31740
849281515 43 818 31759
849774518 45 625 31772
850083029 41 676 31780
850718086 58 701 31796
851623174 47 118 31819
851659857 55 785 31820
852011799 52 337 31829
852542337 47 296 31842
852634724 53 486 31844
852756205 52 410 31847
853048431 43 160 31854
855371408 51 56 31912
855740685 59 825 31921
855882254 45 568 31925
855930260 59 600 31926
856624543 40 423 31943
857262573 40 563 31959
857535515 55 558 31966
858218896 51 238 31983
859042404 40 821 32005
859544459 51 666 32017
860411718 45 739 32040
860739365 49 1 32048
861057980 40 356 32056
861222236 40 440 32060
861257061 45 117 32061
861301245 46 747 32062
861342230 48 360 32063
863478999 50 457 32115
863955244 54 947 32127
864596308 59 370 32144
866708514 45 317 32196
867695458 51 630 32220
867860121 58 488 32224
867926309 58 529 32226
869331176 47 74 32261
869376638 49 579 32262
869728608 52 723 32271
869774542 47 82 32272
870968738 59 814 32302
871749681 53 49 32322
872390826 51 441 32339
873732258 59 681 32372
874298904 45 882 32386
874328904 40 386 32387
874666360 54 20 32395
874702119 48 578 32396
874778061 51 325 32398
875321121 42 868 32412
876516905 53 744 32442
876582156 45 479 32444
877923964 45 335 32479
878363406 50 678 32490
878591319 48 803 32496
878840580 58 865 32502
879238285 58 700 32512
879942769 54 543 32530
880166678 52 509 32536
880491947 56 541 32545
880859017 50 759 32554
881988824 46 122 32582
882018824 49 450 32583
883044032 52 707 32608
883554733 43 262 32620
885244791 56 655 32662
887187241 40 379 32711
887266915 50 894 32713
887772616 50 669 32726
887904110 53 526 32729
888586962 57 725 32745
889332831 55 46 32763
889442307 46 891 32766
890136972 49 777 32783
890904131 46 986 32801
891283649 57 138 32810
891443215 42 555 32814
891632638 45 626 32819
892707813 57 603 32845
893244605 44 785 32858
894093540 58 995 32879
894242936 48 337 32883
896273775 56 490 32934
896639038 52 382 32943
896890391 53 274 32949
897929210 42 187 32975
900112967 40 963 33030
900781073 59 652 33046
900872523 41 83 33048
901140181 49 175 33055
902192688 54 46 33082
903104438 47 872 33105
903507066 43 609 33116
903664739 41 812 33120
905505091 53 399 33166
906063468 59 4 33180
906645849 42 306 33195
906768649 49 846 33198
907454876 40 884 33215
908356027 43 194 33238
908451230 52 796 33240
909433087 58 973 33265
909470890 48 657 33266
910702577 48 197 33297
911769853 49 41 33325
912326852 51 209 33339
912666635 50 167 33348
912914036 46 749 33355
912953596 45 989 33356
913889121 44 189 33380
914284565 48 212 33390
914451280 48 227 33394
914649960 52 715 33399
914741137 52 818 33401
916578194 44 413 33448
918831431 50 730 33503
919150317 51 75 33512
920388131 42 726 33542
920745698 58 817 33551
920829502 45 638 33553
921017755 54 974 33558
921059347 50 947 33559
922567359 42 306 33597
923423197 40 364 33619
924454905 59 975 33645
925502747 47 627 33671
925714157 47 734 33676
926166161 50 436 33687
926828846 49 432 33703
928139564 49 443 33736
928416739 55 333 33743
928774090 52 621 33752
928856885 41 877 33754
929067130 43 415 33759
930172302 47 758 33786
930925198 49 792 33805
931452853 51 570 33818
931492888 44 805 33819
931783710 53 0 33826
932232819 50 934 33837
932430559 43 261 33842
932722849 41 909 33849
933392401 51 932 33866
934444923 56 584 33893
934687913 57 829 33899
935974979 52 278 33931
937026799 54 108 33958
937991102 46 912 33982
938399198 58 159 33992
939149663 43 423 34011
939264981 53 741 34014
939964978 42 771 34032
940119897 56 757 34036
941393081 50 132 34069
942401234 53 720 34095
943589743 55 467 34125
944533681 46 665 34149
944853475 43 725 34157
945458576 52 976 34172
945495117 57 637 34173
945850075 48 899 34181
946869541 53 478 34207
947247338 49 637 34217
947728032 55 196 34229
948037525 43 542 34236
948282311 50 734 34242
948331438 45 366 34243
950287366 52 34 34292
950648799 46 205 34301
951364062 40 889 34319
951438631 57 788 34321
952833632 44 636 34356
953381065 50 196 34370
953962995 44 615 34384
954375905 47 793 34394
954422322 53 16 34395
955390020 56 548 34419
957675099 56 854 34475
958259458 40 41 34490
958968467 55 248 34507
959179035 59 412 34513
959625934 59 990 34524
959745835 52 46 34527
