148274 226 27 3
261584 226 214 6
384814 224 469 9
578519 223 89 14
2222185 236 25 54
2341990 228 178 57
2512526 226 686 61
2898589 223 352 71
3091542 231 768 76
3869906 239 19 96
4000748 220 193 99
4893217 221 752 121
5418567 238 626 134
5868630 231 31 144
6284231 233 967 155
6522271 228 123 160
6764621 231 368 166
7015110 221 24 172
9264916 227 362 230
9916489 234 529 246
10162537 231 582 252
10331797 220 585 256
10629938 221 500 263
10856505 226 446 269
10897779 224 424 270
13065336 226 548 326
13132892 233 419 328
13299030 238 405 332
13427999 231 216 335
13948777 224 88 348
16887761 233 351 420
20228473 224 856 504
21577315 239 309 538
21618814 234 588 539
23230658 221 455 580
23684772 237 626 591
24031184 226 653 599
24189581 223 749 603
25111674 221 958 626
25640709 227 3 639
28892138 236 703 720
29688054 231 821 739
29718054 222 486 740
30077832 235 57 749
30768441 233 166 766
30947814 227 514 770
31454420 220 934 782
32088211 221 648 797
32886745 225 61 817
33523813 220 61 834
34593572 235 417 860
34713472 220 839 863
36219427 229 297 899
36252632 220 596 900
36349687 225 900 903
36480541 239 295 906
36525113 230 603 907
36608538 229 96 909
37814231 230 896 939
38016823 239 156 944
38050247 233 861 945
38272768 232 904 950
38751796 238 645 962
38962410 223 494 967
39467225 231 378 980
39795226 222 894 988
40967143 238 431 1017
41149875 232 352 1022
41558805 228 594 1032
42146715 224 509 1046
44376134 229 453 1103
44737283 233 466 1112
45142474 227 534 1122
45880760 239 150 1139
47587502 232 403 1181
47693958 233 199 1184
47809796 221 612 1187
48101937 231 413 1194
48578299 226 318 1207
48862910 232 755 1214
49243605 230 97 1224
49800614 232 464 1239
50164879 224 821 1248
50623608 231 154 1260
52609083 226 777 1308
54249406 239 111 1349
55559736 235 991 1382
56666255 236 495 1410
56740610 236 961 1412
57133103 223 508 1422
58185272 232 34 1449
58576233 231 874 1459
59876681 228 588 1491
59997385 228 944 1494
60397092 235 855 1504
61729120 228 23 1538
61819758 228 76 1540
62340455 237 316 1552
62790382 221 845 1563
63920256 226 184 1591
64749133 232 323 1613
65789224 220 201 1640
66129214 222 770 1649
66399004 227 734 1656
66438727 234 968 1657
66672584 235 653 1663
66748152 236 740 1665
67214337 229 498 1677
67526508 238 618 1685
67736452 227 811 1690
67846377 239 391 1693
68321958 222 703 1706
68815116 229 953 1718
69048845 225 958 1724
69147589 221 210 1727
71015523 229 155 1774
71250653 225 322 1780
71402013 231 658 1784
71836312 230 82 1795
72106497 233 727 1802
72312164 236 690 1807
73121421 235 64 1828
73154998 232 949 1829
73857378 222 932 1846
74585899 230 852 1864
75211522 232 721 1880
75824849 224 582 1896
76154607 224 46 1904
77350860 229 653 1934
79276336 229 492 1982
79712668 229 929 1993
79869776 229 635 1997
80658906 221 891 2016
81424576 222 419 2036
82182328 220 338 2055
82309314 239 241 2058
83038717 225 672 2076
83714611 233 92 2092
85366196 232 797 2134
86439742 222 801 2160
86759210 227 421 2168
87017005 224 189 2174
87841165 235 306 2195
88782529 233 552 2219
89234575 230 883 2231
89385306 231 735 2235
90009317 238 952 2251
90248360 238 619 2257
91423484 224 62 2287
91858373 233 86 2298
92206823 230 717 2307
92432152 224 715 2313
93641734 234 271 2343
93833246 228 282 2348
96097206 228 141 2404
97116817 229 946 2430
97245011 236 787 2433
98092262 224 669 2454
98134742 232 293 2455
98658991 226 694 2468
98936837 234 624 2475
99687705 233 920 2493
99892387 230 536 2498
100086389 236 111 2503
100923385 233 503 2524
101120845 239 41 2529
101200659 225 58 2531
101356675 228 466 2535
101623295 236 348 2541
101657612 239 941 2542
101853812 220 489 2547
102049751 223 354 2552
102165359 237 672 2555
102195359 238 220 2556
102299893 232 866 2559
102437365 227 191 2562
102486312 232 439 2563
102596543 224 512 2566
104129140 232 824 2606
104614486 234 824 2618
105038387 235 686 2629
105958195 239 245 2652
106094263 232 963 2655
106258181 231 705 2659
106781319 229 909 2672
106903002 228 368 2675
107084053 228 200 2679
107245534 222 165 2683
107410017 237 525 2687
107484957 235 12 2689
107607902 233 114 2692
107748175 231 620 2696
108415872 233 791 2712
108572607 232 737 2716
110111009 230 420 2753
110199484 235 487 2755
111038673 225 323 2776
111747231 239 891 2794
112484734 232 552 2813
112570064 224 874 2815
112817560 222 229 2821
114094954 228 877 2853
114185334 225 536 2855
116353402 234 430 2910
117136705 221 36 2929
117277171 225 793 2933
118467761 234 314 2963
119039193 228 789 2977
119075744 233 104 2978
120138972 236 409 3016
120403444 233 308 3043
120541599 224 87 3057
120553281 234 653 3058
120631305 233 374 3066
120791604 235 681 3082
120947716 222 828 3098
121021990 227 628 3106
121051711 231 563 3109
121059846 233 771 3110
121087256 232 85 3113
121365610 229 793 3140
121374554 225 224 3141
121547233 223 94 3159
121648589 235 389 3169
121712790 231 167 3176
121921772 221 238 3197
121952665 220 279 3200
121972045 235 942 3202
121984781 228 607 3203
122118781 236 252 3217
122146766 221 223 3220
122244992 229 307 3229
122477321 231 589 3252
122636053 223 619 3269
122775658 229 44 3283
122871705 237 332 3294
122926479 229 843 3299
122956002 231 451 3302
122973398 235 175 3304
123242184 228 4 3331
123444625 232 678 3351
123882330 221 865 3392
124127438 221 255 3416
124166361 226 493 3420
124184803 237 980 3422
124339243 237 979 3437
124352243 233 621 3438
124492568 239 646 3452
124603587 235 700 3463
124638002 230 148 3467
124835858 237 105 3487
124871010 232 434 3490
125301330 224 40 3534
125589887 230 56 3562
125609900 236 741 3564
125619737 231 397 3565
125736848 225 6 3575
125990619 225 851 3601
126046762 223 35 3607
126123273 232 771 3616
126215006 239 938 3624
126328856 235 904 3636
126393210 223 92 3643
126425943 237 526 3646
127021562 232 899 3705
127185365 225 619 3721
127203013 231 255 3723
127384183 238 814 3742
127455696 236 104 3749
127543143 231 396 3758
127699581 229 969 3774
127914404 224 725 3796
128103418 238 239 3815
128274716 222 388 3833
128301393 236 836 3836
128313214 236 498 3837
128408756 227 395 3846
128418455 238 701 3847
128478382 228 965 3853
128499492 239 185 3855
128555507 232 192 3860
128811086 232 418 3887
128989421 235 178 3904
129015989 233 893 3907
129176713 222 773 3923
129229079 239 184 3928
129311165 237 856 3936
129802931 227 578 3983
129843317 222 210 3987
129874173 224 616 3990
129937216 233 416 3996
130035223 236 923 4006
130204783 225 532 4024
130518420 236 586 4056
130617729 229 731 4066
130643621 227 466 4069
130710347 224 568 4076
130833381 226 552 4088
131266476 222 929 4132
131273702 224 756 4133
131316030 236 620 4137
131986029 228 735 4205
132066681 227 873 4214
132461515 228 131 4253
132491440 220 784 4256
132664766 221 312 4273
132809568 229 283 4287
133206360 230 756 4327
133347696 235 265 4342
133375873 237 665 4345
133397195 228 900 4347
133673575 236 31 4375
133889955 222 491 4397
133986447 234 211 4406
133995583 221 90 4407
134495015 229 297 4457
134800119 238 113 4488
134929566 236 326 4501
134946624 225 975 4503
135027168 220 694 4511
135219382 226 79 4529
135307497 236 436 4538
135320497 228 940 4539
135427480 233 336 4550
135462431 233 375 4553
135570229 239 112 4565
135581630 230 456 4566
135676894 237 180 4575
135924150 227 517 4602
136304546 236 190 4641
136316053 225 884 4642
136657380 226 61 4678
136867303 224 617 4699
136884265 223 53 4701
137041617 231 307 4717
137156056 226 692 4728
137298202 223 975 4742
137433810 238 836 4756
137610894 232 92 4773
137747190 228 263 4787
137923653 228 781 4805
138295107 236 504 4841
138329722 230 407 4844
138518100 228 857 4863
138545562 220 73 4866
139028438 229 371 4914
139232978 230 304 4934
139314804 231 328 4943
139396553 225 367 4952
139559175 237 411 4969
139607528 230 504 4975
140005866 223 109 5015
140107578 227 125 5025
140171341 233 230 5031
140268872 235 392 5041
140480780 221 250 5062
140862081 226 344 5102
140994967 234 122 5115
141017083 231 811 5117
141027985 228 6 5118
141503283 228 679 5163
141670636 228 504 5180
141718277 238 352 5184
141867974 228 195 5199
141919875 231 395 5204
142041641 222 503 5216
142070804 226 906 5219
142288340 235 200 5242
142651808 234 961 5277
142668565 238 229 5279
143338001 229 298 5348
143369295 228 484 5351
143453482 220 115 5359
143606903 235 710 5375
143733450 231 644 5387
143775175 230 553 5391
143782908 238 700 5392
143846960 228 110 5398
143856969 220 442 5399
143942274 238 566 5407
144048878 220 121 5418
144083258 224 31 5422
144163122 222 396 5429
144195496 239 125 5432
144497646 237 48 5463
144663829 229 247 5479
144768902 232 904 5489
144777400 238 930 5490
144950843 238 437 5507
145012989 220 265 5513
145474418 220 582 5559
145910854 225 736 5603
146005364 239 829 5613
146170068 236 781 5629
146316828 220 632 5644
146860375 233 173 5698
146909017 232 119 5703
146959298 235 211 5708
146970288 234 454 5709
147227301 228 993 5734
147313426 220 769 5743
147518341 237 541 5763
147535423 236 701 5765
147597992 231 300 5771
147926864 221 764 5804
147948652 222 303 5806
148066570 231 102 5818
148136152 238 611 5825
148273617 237 403 5838
148615978 234 823 5871
149037552 235 233 5914
149048226 227 425 5915
149136206 220 92 5924
149180191 231 558 5928
149600922 235 256 5972
149641969 235 844 5976
149677742 221 692 5980
149791170 226 955 5991
149803907 238 763 5992
149853343 230 940 5997
149902609 239 387 6002
150142000 221 69 6026
150165677 228 589 6028
150415518 227 281 6054
150443020 225 424 6057
150481957 223 425 6061
150817787 238 982 6093
150880615 239 684 6099
150973713 230 77 6109
151010619 222 137 6113
151090199 234 104 6122
151121045 234 345 6125
151146355 223 64 6127
151234814 222 933 6136
151511878 231 764 6164
151655260 220 716 6179
151720556 227 209 6186
152218683 224 382 6235
152226847 239 69 6236
152291941 235 152 6242
152438358 223 227 6257
152465755 234 251 6260
152553294 223 85 6269
153141189 230 455 6326
153344965 229 765 6346
153362719 235 176 6348
153792927 236 476 6388
154538612 229 656 6465
154704113 223 18 6481
154755581 228 199 6486
154813854 239 850 6492
154900058 231 492 6501
155001923 234 306 6513
155117021 236 109 6524
155153163 220 591 6528
155183746 231 331 6531
155191331 228 792 6532
155259947 224 512 6539
155467134 238 670 6558
155558124 238 84 6568
155609499 223 666 6573
155654391 224 995 6577
155672136 229 792 6579
155926048 237 583 6605
156037548 239 468 6616
156049028 231 556 6617
156121507 228 922 6625
156336718 225 67 6646
156470246 232 481 6659
156480429 221 328 6660
156716515 234 226 6683
156764335 229 718 6688
157069657 238 752 6720
157213898 233 596 6734
157242438 238 386 6737
157618435 235 693 6776
157736839 220 525 6788
157768850 225 693 6791
157818713 235 879 6796
157852900 220 175 6799
157969029 223 707 6811
158102700 235 694 6825
158990645 226 348 6914
158997288 220 233 6915
159207185 224 343 6937
159366636 231 295 6954
159418799 224 473 6959
159760463 237 880 6992
159863000 231 100 7002
159931915 239 248 7009
160363245 239 705 7052
160415427 229 515 7057
160517675 229 606 7067
160685130 229 35 7084
161145590 232 963 7130
161221525 228 865 7138
161379473 239 298 7154
161438320 227 434 7159
161522034 239 901 7167
161590818 229 183 7174
161612499 237 761 7176
161696666 239 379 7184
161748092 231 653 7190
161773750 235 663 7192
161828943 236 113 7197
161955857 238 992 7210
162171962 230 26 7232
162245468 233 395 7239
162423123 220 91 7257
162482000 236 354 7262
162504814 227 822 7264
162545780 237 931 7268
162718408 238 680 7287
162793580 233 817 7295
163076654 235 859 7323
163239650 236 615 7339
163283549 228 546 7343
163437444 221 238 7358
163546404 228 385 7369
163825192 221 933 7397
163872323 235 517 7402
163939560 236 360 7408
164053379 238 266 7418
164092993 231 623 7423
164169155 231 48 7430
164210192 225 279 7434
164261214 221 772 7439
164283319 223 123 7441
164537396 223 624 7466
164732077 221 10 7484
164952688 233 511 7506
165074890 229 373 7519
165082778 224 23 7520
165328251 235 6 7544
165472431 228 926 7559
165542398 232 845 7566
165621452 229 442 7574
165784903 224 634 7590
165836117 226 256 7595
165865913 233 739 7598
165911102 229 203 7603
165968320 232 451 7609
166126512 228 312 7625
166137318 227 691 7626
166247962 228 753 7637
166293683 231 287 7642
166372889 225 870 7650
166400187 220 989 7653
166412790 224 930 7654
166529218 231 198 7666
166815703 233 643 7695
167053921 227 485 7720
167540614 221 778 7767
167663966 238 139 7780
167878941 238 377 7802
168357108 235 224 7849
168366354 235 648 7850
168402414 221 207 7854
168880125 221 204 7904
169273938 238 812 7942
169517071 227 36 7966
169556269 236 301 7970
169834037 232 737 7997
169861649 220 0 8000
169878045 222 838 8002
170004701 227 816 8015
170039253 231 132 8018
170126024 228 791 8028
170229479 225 826 8039
170445797 235 135 8061
170457150 221 942 8062
170521476 224 422 8069
170714913 227 266 8089
170897639 235 278 8107
171164159 225 512 8134
171340030 231 322 8152
171389541 223 415 8157
171406934 239 394 8159
171696004 239 235 8188
172182302 238 905 8237
172284570 235 448 8248
172407916 231 727 8261
172512137 221 609 8271
172641749 229 671 8284
172823522 229 516 8302
173079159 225 200 8328
173156515 221 534 8337
173241662 230 604 8345
173253491 234 589 8346
173330440 236 717 8353
173507498 227 767 8372
173565259 222 354 8378
173589811 238 22 8380
173602811 234 858 8381
173854446 220 191 8406
173908431 220 615 8412
173993074 229 995 8421
174619992 228 82 8485
174673356 235 58 8490
174858491 223 497 8508
174904629 236 977 8513
175198400 235 854 8542
175261556 223 533 8548
175295720 237 321 8551
175328123 226 499 8554
175351384 232 529 8556
175561840 225 471 8578
175610899 233 833 8583
175728474 231 506 8597
175899284 221 47 8613
176028292 230 532 8626
176202400 221 362 8642
176242236 232 416 8646
176372551 235 440 8661
176448955 235 489 8669
176509442 225 250 8675
176561466 221 996 8680
176602804 239 872 8684
176966420 220 648 8721
177198876 225 38 8746
177260553 231 878 8752
177526955 230 819 8778
177545917 225 492 8780
177587240 238 953 8784
177622029 233 480 8788
177669765 220 103 8793
177830671 238 371 8809
178122361 236 214 8837
178138570 232 932 8839
178176885 239 115 8843
178220014 226 505 8847
178421167 231 261 8867
178501437 225 665 8875
178778133 226 581 8902
178986866 221 384 8923
179277920 233 928 8952
179335423 234 488 8958
179689972 222 534 8995
179704847 226 223 8997
179827492 224 201 9010
180118960 232 581 9040
180286195 220 570 9057
180669632 229 681 9094
180763374 237 427 9104
180827940 236 1 9110
181038133 228 324 9131
181094988 228 194 9137
181199178 229 197 9147
181401076 226 725 9168
181469056 238 688 9175
182089610 224 795 9237
182177716 238 201 9245
182419071 229 659 9269
182501096 235 855 9277
182572565 230 409 9284
182605358 239 547 9287
182752028 221 974 9302
182764438 225 903 9303
182858928 232 874 9312
182893967 236 534 9316
183148492 227 48 9342
183209343 225 167 9348
183281568 237 602 9356
183361497 221 291 9364
183394453 225 279 9367
183425389 223 332 9370
183696018 234 328 9396
183776479 224 714 9404
183806656 224 116 9407
184160876 224 356 9442
184185149 229 872 9444
184333062 238 552 9459
184342575 223 216 9460
184394559 221 442 9465
184431079 228 688 9469
184554486 224 752 9482
184594236 227 256 9486
184612969 234 569 9488
184715342 224 329 9498
185077048 228 156 9533
185464901 222 401 9571
185822305 236 360 9606
186072025 234 389 9630
186394197 232 863 9663
186577165 231 560 9680
186618738 227 422 9684
186717044 226 913 9694
186986884 223 661 9721
187078564 232 868 9731
187147174 222 750 9738
187190705 235 158 9742
187249628 231 84 9748
187468214 239 941 9771
187527512 236 954 9777
187829450 220 449 9807
187899748 230 912 9814
187949136 237 404 9819
188131548 230 702 9837
188222069 225 244 9845
188248828 236 878 9848
188567655 227 60 9879
188583796 227 489 9881
189232871 230 337 9945
189565761 221 729 9980
189574120 234 690 9981
189644439 225 310 9988
189867903 234 771 10010
189911693 220 259 10015
190263852 226 89 10054
190386357 223 675 10066
190516813 224 518 10079
190924581 232 385 10121
191001568 229 104 10129
191303367 225 838 10160
191549192 227 267 10185
191633990 227 791 10193
191739201 225 662 10204
191834958 226 61 10213
191846773 232 954 10214
192160266 231 972 10244
192215852 238 345 10250
192267754 234 543 10256
192615964 220 161 10291
192741753 226 321 10304
192922425 224 119 10322
193469224 224 228 10377
193478915 238 283 10378
193580078 232 143 10388
193655686 232 84 10396
194193991 235 873 10452
194233326 221 342 10456
194302504 230 94 10463
194455978 236 164 10478
194734176 236 800 10507
194840824 236 717 10518
194862374 228 212 10520
195257100 237 355 10558
195340694 228 117 10567
195516061 223 870 10585
195525941 229 378 10586
195548273 227 841 10588
195670176 239 913 10600
195721409 228 77 10605
195860149 230 137 10618
195925079 239 603 10625
195966847 231 875 10630
195987724 223 201 10632
195999264 223 26 10633
196022454 239 152 10636
196198206 223 550 10654
196327796 223 520 10666
196365554 228 974 10669
196850099 231 554 10717
196923100 236 483 10724
196957273 222 217 10727
197469880 225 216 10778
197585577 228 878 10790
197672551 235 23 10799
197918706 228 277 10824
197968730 224 125 10829
198244175 238 556 10857
198321637 237 344 10865
198690244 238 215 10903
198720299 234 744 10906
198768553 234 940 10910
198805878 230 754 10914
198866987 239 834 10920
199091262 232 509 10944
199174972 239 373 10952
199201016 226 76 10955
199481227 225 780 10985
199505708 236 697 10987
199879150 223 288 11025
199905707 221 139 11028
200046171 238 769 11041
200078718 232 662 11045
200190363 227 730 11055
200280162 237 55 11063
200584835 227 725 11093
200789433 222 904 11114
200799503 233 568 11115
200892703 222 812 11125
200927155 223 813 11128
201135193 231 690 11148
201164637 236 993 11151
201322779 221 873 11168
201730787 230 3 11208
201748360 220 857 11210
201941035 237 839 11229
202061436 233 342 11241
202108150 223 769 11245
202227543 232 520 11258
202277900 226 620 11263
202312314 221 78 11266
202373923 238 490 11272
202533321 222 135 11288
202623237 220 594 11297
202976205 239 337 11331
203104005 239 851 11346
203456085 221 441 11382
203471529 221 322 11384
203490731 224 893 11386
203602365 237 53 11398
203612811 236 416 11399
203666113 222 251 11405
203867358 220 943 11424
204005689 233 764 11438
204251100 228 636 11462
204280387 238 460 11465
204303711 234 101 11467
204330649 226 875 11470
204577637 233 927 11495
204890079 231 978 11528
205058370 220 206 11546
205097958 238 598 11550
205345956 228 533 11575
205609047 227 61 11601
205747316 233 644 11616
205758020 227 752 11617
205856810 231 299 11628
205867928 237 506 11629
205930897 230 903 11635
205987405 235 837 11642
206063356 231 134 11649
206151428 238 564 11658
206163534 222 544 11659
206374091 221 380 11680
206424101 237 332 11685
206575242 220 708 11701
206609450 237 267 11704
206771413 239 781 11722
206923863 221 698 11737
207011894 226 852 11746
207034090 227 386 11748
207297764 233 933 11774
207464827 226 163 11790
207521552 220 482 11796
207686297 230 291 11813
207893616 225 629 11834
208039705 223 197 11850
208120535 229 499 11859
208409305 239 454 11889
208453773 228 198 11894
208591516 237 802 11908
208603058 225 558 11909
208666637 221 302 11915
208731107 225 865 11921
208830710 229 187 11931
208848135 234 2 11933
209053768 233 531 11953
209415739 223 930 11989
209557172 231 773 12004
209681896 227 572 12016
209744892 232 722 12023
209800507 229 922 12029
209811157 235 237 12030
210071492 228 657 12056
210100990 226 481 12059
210313285 234 559 12081
210563843 230 130 12107
210628484 238 323 12114
210677926 224 596 12119
210748728 236 672 12126
211282058 231 406 12177
211757761 230 520 12225
211788803 237 291 12228
212073924 235 773 12256
212142238 225 774 12263
212192363 221 736 12268
212216859 235 182 12270
212840094 223 798 12332
212977709 234 633 12346
213016518 227 642 12350
213027347 238 489 12351
213223181 237 728 12371
213337909 234 741 12382
213344039 234 915 12383
213534399 229 699 12404
213625413 236 54 12414
213658049 222 751 12417
213673824 237 512 12419
213693993 231 791 12421
213798232 224 801 12431
213941682 225 245 12445
214004581 222 950 12452
214035693 233 666 12455
214044896 230 804 12456
214364498 236 803 12487
214419015 237 60 12493
214435753 230 330 12495
214473653 229 952 12499
214522168 233 322 12504
214676129 238 489 12520
214748979 233 173 12527
214798161 231 851 12532
214890109 227 830 12542
214996563 231 702 12553
215009282 235 346 12554
215056466 236 412 12559
215499013 223 953 12602
215528562 228 808 12605
215535562 224 502 12606
215706524 238 147 12624
215874925 227 106 12640
215964745 225 739 12649
215977174 239 470 12650
216125975 235 865 12665
216399557 239 778 12693
216577845 226 937 12711
216655208 221 544 12719
216736671 228 222 12728
216745543 225 321 12729
217124052 225 475 12768
217321330 226 293 12787
217574972 220 199 12812
217676452 231 288 12823
217734186 226 897 12829
217742658 238 258 12830
217811969 235 963 12837
218257652 231 471 12886
218269169 223 990 12887
218275676 239 792 12888
218378351 225 443 12898
218570538 228 206 12916
218683428 221 669 12927
218747221 224 2 12934
220056895 227 566 13065
220149164 237 978 13074
220410417 224 825 13100
220649443 229 510 13122
220691933 233 630 13126
220801498 235 943 13136
220874988 234 770 13143
220884677 238 626 13144
221033027 232 200 13159
221052344 227 282 13161
221113613 230 544 13167
221154025 234 845 13171
221413473 227 905 13196
221582598 227 882 13213
221637261 234 384 13219
221746656 234 926 13230
221996152 220 162 13255
222039331 223 660 13259
222111663 238 964 13267
222187884 239 516 13275
222618748 220 906 13317
222660114 239 546 13321
222831947 234 770 13340
222850168 235 290 13342
223308776 222 557 13387
223357142 237 797 13392
223551706 225 519 13412
223635521 225 983 13420
223728572 230 646 13429
223804445 234 517 13437
224010907 220 645 13459
224187481 222 241 13477
224320685 237 331 13490
224446560 238 12 13502
224788065 236 126 13537
224829043 234 614 13542
224934668 236 694 13553
225157752 234 90 13575
225240489 226 352 13583
225918866 234 940 13653
225928876 238 435 13654
226019024 235 613 13664
226135046 238 39 13676
226308362 230 737 13695
226353016 220 229 13700
226420756 222 994 13707
226734168 239 252 13740
227094085 229 743 13776
227103795 221 376 13777
227122596 234 864 13779
227466226 238 445 13814
227918120 237 379 13862
227936376 227 354 13864
227946026 236 659 13865
228189602 238 257 13888
228305990 230 229 13900
228386702 231 935 13908
228586692 238 465 13927
228645154 231 594 13933
228905285 222 600 13961
229025777 237 774 13974
229198876 235 986 13990
229312383 222 461 14001
229382518 237 986 14008
229516452 236 959 14021
230290438 222 724 14099
230410231 236 506 14111
230484541 234 873 14118
230574810 232 828 14127
230650386 230 355 14135
230843700 229 161 14155
230927054 238 441 14164
231016904 238 179 14173
231172597 232 938 14189
231452902 230 672 14216
231473568 230 94 14218
231684939 221 343 14238
231797896 222 246 14249
231846523 231 169 14254
232017466 221 969 14270
232047453 220 815 14274
232320895 239 16 14300
232339667 239 417 14302
232367231 237 7 14305
232494238 235 775 14318
232671250 233 40 14336
232725108 238 934 14341
232896358 220 741 14358
233546648 234 441 14424
233786563 226 684 14447
233898400 231 731 14459
234117537 237 765 14481
234163538 235 663 14486
234311684 235 435 14501
234324684 239 371 14502
234480888 221 300 14518
234562039 237 833 14526
234590825 226 943 14529
234690433 220 893 14539
234790024 221 545 14549
234851968 224 959 14557
235077980 237 186 14580
235163471 227 652 14588
235212131 228 622 14593
235485434 235 40 14621
235494203 229 45 14622
235735399 226 476 14646
235757342 220 243 14648
235859782 235 529 14660
235991376 235 738 14674
236443062 234 550 14720
236696245 225 791 14745
237138408 226 962 14789
237210466 232 543 14796
237313842 236 922 14806
237917413 221 28 14865
238160623 235 183 14889
238265236 230 376 14899
238527317 238 389 14927
238538469 224 528 14928
238911552 223 88 14964
239019561 223 971 14975
240060587 231 941 15081
240479544 225 111 15123
240754918 232 264 15152
240797046 234 947 15156
240852064 229 990 15161
240952904 229 437 15171
241027077 235 533 15178
241126007 220 533 15188
241169309 234 340 15192
241190668 223 225 15194
241322425 237 400 15206
241730103 227 251 15248
241940194 225 295 15269
241959982 225 954 15271
242500035 220 812 15324
242519426 233 256 15326
242571469 225 371 15331
243000106 230 159 15374
243028103 221 248 15377
243252714 227 323 15399
243416411 230 616 15416
243516820 228 905 15427
243592113 238 507 15435
243651373 226 274 15440
243694059 221 108 15444
243707059 229 81 15445
243958495 239 840 15469
244376091 234 25 15512
245046319 238 868 15578
245082370 228 350 15582
245093219 227 888 15583
245212267 239 362 15596
245265879 239 479 15602
245379929 238 364 15613
245535569 237 982 15629
245564941 234 260 15632
245597800 239 438 15635
245608932 237 211 15636
245638361 226 947 15639
245870825 236 615 15664
245891788 236 181 15666
246024442 228 200 15679
246371581 227 89 15713
246403273 229 124 15716
246553541 222 964 15732
246706385 227 836 15748
247181571 225 121 15797
247785718 225 346 15858
247819790 223 596 15861
247826127 237 126 15862
247956715 220 567 15875
247998201 235 645 15880
248027995 227 991 15883
248077268 233 575 15888
248245920 239 720 15905
248319556 221 880 15912
248433910 233 261 15924
248530974 224 182 15934
248614737 225 351 15942
248757181 226 372 15956
248936681 235 870 15974
249156829 220 97 15994
249389293 235 560 16016
249914153 235 117 16069
249955039 221 737 16073
249970933 221 522 16075
250454645 238 281 16125
250534079 236 962 16133
250939672 235 436 16175
250957008 236 703 16177
250968866 237 29 16178
250990187 225 934 16180
251440631 224 228 16224
251460957 231 88 16226
251793402 238 791 16261
251801759 226 240 16262
251947230 220 623 16277
252295988 220 94 16313
252433495 225 694 16328
252452129 235 600 16330
252746349 221 843 16360
252787872 222 207 16364
252851150 228 271 16370
252980779 221 167 16383
253052028 224 83 16390
253116146 222 337 16396
253166313 236 411 16401
253377446 232 559 16422
253517552 229 24 16435
253556512 229 82 16439
253627511 227 340 16446
253666668 225 596 16450
253818368 233 146 16464
253881476 239 74 16471
254050015 233 285 16490
254147692 223 317 16501
254543489 226 651 16543
254549971 229 553 16544
255019111 231 360 16593
255191442 225 887 16610
255528008 230 352 16642
255694917 231 403 16659
255791457 228 637 16669
255965704 237 316 16686
256005092 223 533 16690
256166350 230 281 16706
256281718 232 504 16718
256442646 224 657 16735
257214638 224 223 16811
257447536 237 736 16834
257551744 232 703 16846
257564426 239 898 16847
257576607 234 16 16848
258176187 224 636 16906
258239749 221 280 16913
258401850 235 412 16929
258648041 229 948 16954
258716767 230 357 16961
258989132 225 185 16988
259935692 232 882 17020
261804952 229 206 17065
261996108 228 408 17070
262459100 239 890 17082
262569319 236 676 17085
263158860 230 153 17100
263335166 232 495 17105
263894888 232 408 17118
265416346 236 835 17155
265566817 238 297 17159
265822740 239 439 17165
266068943 227 118 17171
266648219 227 573 17186
267637966 225 87 17211
268848102 234 852 17241
270198481 221 389 17274
270311457 225 778 17277
270652401 225 490 17286
271012429 222 960 17295
271239523 232 223 17301
271410474 232 611 17305
271541536 232 985 17308
271582592 224 284 17309
271842860 238 612 17315
272251118 233 443 17325
272417816 232 122 17329
273458404 239 333 17354
273535477 231 512 17356
274267226 227 701 17376
274306755 229 884 17377
275057547 234 58 17396
275296853 239 602 17402
275539686 236 82 17408
275765165 223 558 17414
275844469 222 380 17416
276343510 235 541 17428
277134417 226 126 17447
277602636 228 704 17459
279307549 224 737 17501
279749416 232 898 17512
280424545 239 597 17529
281296323 225 497 17550
282623679 228 340 17584
283453155 230 762 17605
283677499 237 584 17610
283833100 233 756 17614
284438506 233 949 17630
285185380 221 588 17649
285427508 220 256 17655
285799556 235 677 17665
286337942 225 597 17678
286371380 237 324 17679
286693448 228 73 17687
287291028 225 734 17702
288610145 223 179 17736
288808447 232 339 17741
289659467 237 652 17762
290075040 234 504 17772
291074941 223 89 17796
292866062 239 436 17842
293113383 223 786 17848
293319942 226 411 17853
294641599 222 564 17886
294786434 230 186 17890
295278435 231 874 17902
295345757 223 526 17904
296392547 224 113 17929
296460738 228 144 17931
296730660 220 961 17938
296800474 228 4 17940
296867758 235 535 17942
298727497 228 36 17987
299165764 232 982 17998
299548468 231 212 18008
299757532 228 6 18013
300011061 227 545 18020
300293434 238 7 18027
300711603 224 44 18037
300752442 236 890 18038
300964718 238 126 18043
302037553 226 329 18070
302257925 228 917 18075
302616977 227 993 18084
303385886 227 710 18103
303896316 236 189 18116
306098257 235 868 18170
307086498 231 605 18195
309035527 237 443 18244
309288528 235 496 18250
309904229 223 415 18265
310180161 238 19 18272
310326790 235 949 18275
311381826 231 354 18302
311460195 235 429 18304
311728149 232 938 18311
312635191 232 284 18334
312925033 225 523 18341
312975033 238 934 18342
313102234 237 324 18345
313758763 232 347 18361
313996974 232 984 18367
314766049 227 489 18386
316175039 233 314 18422
316540048 223 150 18431
317323893 227 138 18450
318007159 235 819 18467
319351075 230 277 18499
320215957 235 6 18521
320456456 233 727 18527
320783407 233 311 18535
321175465 220 264 18545
321765263 232 907 18560
322313864 226 950 18574
323235003 229 602 18596
323352369 232 597 18599
323884778 222 917 18612
323959555 220 394 18614
324754439 226 807 18634
326205725 225 886 18669
326658419 235 992 18680
327477006 236 362 18700
328026850 231 668 18714
329265776 236 44 18745
329607511 237 967 18754
329865457 221 109 18761
331125900 232 169 18792
331164448 231 633 18793
331577787 236 969 18803
331952465 230 594 18812
334220637 225 929 18868
334361669 228 471 18872
335108386 221 110 18891
335237423 233 387 18894
337011952 232 333 18938
337752206 239 514 18957
338251456 235 251 18969
339726971 226 303 19005
340530239 223 602 19026
341094758 222 753 19040
341701924 223 25 19055
342248637 225 48 19069
343445035 224 619 19099
344186135 227 528 19117
345450465 223 93 19149
346702628 235 179 19180
346944131 239 110 19186
347370173 221 281 19197
347495367 225 355 19200
347542706 230 147 19201
348548305 232 86 19226
348719950 232 35 19230
349702805 226 487 19254
351536129 223 834 19299
351984888 235 327 19310
352766053 236 659 19331
354111170 226 227 19364
355294345 237 664 19394
355471481 229 124 19399
356348203 224 869 19422
358113821 222 716 19467
358189272 229 774 19469
358425207 235 398 19475
359241223 228 556 19495
360681237 226 469 19531
360980777 234 779 19538
362150050 222 330 19567
363066137 227 641 19591
365564577 236 80 19652
366143114 221 104 19667
366313435 228 622 19671
366810310 222 541 19683
367484225 229 478 19700
368507377 236 799 19726
368741262 230 503 19732
368820218 225 707 19734
369460933 236 500 19750
370687681 224 527 19781
372281974 227 618 19822
373343121 226 437 19848
374441705 225 461 19876
377119663 223 847 19944
379173323 220 299 19996
379337332 229 853 20000
380293524 235 924 20023
380802464 238 464 20035
380918150 234 379 20038
382045924 220 488 20067
382081179 221 706 20068
382298259 233 702 20073
382465959 234 323 20077
382817126 229 740 20086
382976992 233 874 20090
383017686 229 412 20091
383145974 237 764 20094
383438997 222 415 20101
383886080 220 510 20112
385682400 237 337 20157
386050249 235 6 20166
386443684 221 238 20176
387161918 234 5 20194
387202368 225 227 20195
387277036 232 955 20197
389926298 224 841 20263
390015375 231 721 20265
390189394 226 0 20269
390497375 229 70 20277
391503253 233 212 20302
391909894 225 172 20312
393154783 229 597 20343
393233204 238 56 20345
394274184 227 1 20371
394594302 221 895 20380
395550342 236 515 20404
396004742 235 987 20415
396227492 221 77 20421
396861270 228 258 20436
397069012 224 179 20441
397235842 229 699 20445
398313047 239 78 20472
398818814 230 58 20485
400100672 237 79 20517
401354722 228 730 20547
401994605 231 880 20562
402137832 235 468 20566
402295934 224 2 20570
403107736 220 416 20590
403950662 237 664 20611
404034814 221 389 20613
404796369 232 607 20631
404838991 222 107 20632
404936269 231 525 20635
405013829 222 315 20637
405974370 239 69 20661
406138319 233 314 20665
406599338 222 641 20677
407095300 222 880 20689
407243172 220 648 20693
407405563 239 626 20697
408034906 223 217 20713
408358424 230 853 20721
408563184 222 553 20726
410211767 237 207 20769
410926213 220 622 20788
412075453 222 365 20816
412936077 232 897 20836
413354179 229 269 20846
413967279 220 742 20862
414226235 230 544 20869
417309143 238 933 20946
417461628 230 849 20950
417533746 225 797 20952
417654862 230 679 20955
419439980 237 553 20999
419743780 231 293 21006
421091894 229 547 21040
421222460 234 91 21043
422118677 223 441 21065
423074430 232 255 21089
423831113 233 609 21108
424198022 225 406 21117
424848924 223 698 21133
425993961 221 931 21162
426067884 226 838 21164
428273548 232 173 21219
428449293 224 658 21223
430416677 221 707 21272
430913848 225 781 21285
431598231 220 257 21302
431666492 225 303 21304
431755686 227 698 21306
432072166 226 658 21314
432151545 232 211 21316
433417800 236 953 21348
433645893 232 418 21354
433969165 224 608 21362
434318885 237 586 21370
434485624 229 605 21374
435068032 223 122 21389
435134444 225 952 21391
435287907 237 214 21395
435333783 220 433 21396
436515073 239 108 21425
436819983 236 934 21432
437385822 234 752 21446
439929687 222 236 21509
440461024 238 593 21522
441076997 239 447 21538
442649869 226 404 21578
443167779 232 298 21590
443245143 228 503 21592
444339413 233 843 21619
444379150 224 882 21620
444561531 224 572 21625
445688012 235 922 21654
445793308 227 399 21657
445830917 232 125 21658
446799535 222 171 21682
447873561 235 288 21708
448435964 229 766 21722
448710730 220 412 21729
451295028 235 486 21794
451848428 221 34 21808
452155319 239 512 21816
452884886 234 428 21833
454518837 239 806 21872
454713021 230 314 21877
455159030 225 722 21888
455847871 239 878 21906
456083538 221 920 21912
456397872 235 894 21920
457190537 225 562 21940
458244866 228 813 21967
458323509 228 208 21969
458903455 230 412 21983
458943758 224 196 21984
459329093 228 843 21994
459717942 234 475 22004
460124395 227 744 22014
460525278 234 805 22024
460789763 230 702 22031
461364756 228 16 22046
461905873 230 33 22059
462639149 223 116 22077
462685936 236 166 22078
462999719 226 832 22086
463393926 239 877 22095
463640373 233 304 22101
463999845 233 169 22110
464314736 222 174 22118
464535982 232 466 22124
464645346 228 35 22127
464873855 231 664 22133
465279288 231 171 22143
466001297 229 522 22160
466299477 229 4 22168
466344077 227 44 22169
466625467 231 486 22176
467258252 231 584 22192
468115472 222 844 22213
468270212 225 249 22217
469827398 234 424 22255
471023451 224 747 22284
471197423 230 211 22289
472822022 238 41 22329
473097423 237 517 22336
473362143 224 725 22342
473478186 238 191 22345
473639677 221 16 22349
474131626 221 902 22361
474239651 233 78 22364
474318649 227 478 22366
474432682 235 437 22369
474546307 239 386 22372
475308589 238 555 22391
475426798 226 154 22394
476390302 233 949 22419
476614768 222 213 22425
476733208 238 15 22428
477166348 234 951 22439
477842609 225 993 22456
478263112 225 364 22466
478593114 236 0 22475
479048951 222 172 22487
479579642 221 371 22500
479613532 235 135 22501
479781127 224 574 22505
480778392 224 741 22529
480928193 228 188 22533
481858934 236 135 22557
482763176 220 290 22580
483028864 226 318 22587
483478745 228 530 22598
483551312 234 48 22600
483590168 221 31 22601
483835352 224 260 22607
484206194 235 324 22616
484519943 238 99 22624
485173806 225 634 22640
485244395 223 968 22642
485817069 236 778 22656
486060363 236 425 22662
486546705 234 500 22675
487433374 232 270 22697
487707286 236 997 22704
487748984 226 39 22705
488096444 237 39 22714
489114843 226 225 22739
489231086 222 927 22742
489669256 231 939 22753
490305351 237 834 22768
490424477 223 188 22771
490913945 231 118 22783
491236194 232 97 22791
491358481 221 20 22794
492001909 231 566 22810
493062663 225 121 22837
493702982 228 873 22853
494163593 231 341 22865
495334216 235 808 22895
495962613 228 113 22911
496002440 228 937 22912
497917752 228 545 22960
498122873 237 47 22965
499647018 234 210 23002
500274695 227 162 23018
501028933 221 791 23037
502509169 220 49 23074
502548284 232 222 23075
502626897 229 55 23077
504289473 223 34 23118
504929372 226 286 23135
505136332 220 253 23140
505851588 223 351 23158
506113233 226 903 23165
507144739 235 398 23190
507253796 227 229 23193
508095290 236 415 23214
508690505 229 978 23229
509214495 225 130 23242
510296614 230 462 23270
511779726 232 820 23308
511976525 225 711 23313
512064542 230 917 23315
512442794 225 43 23324
512571534 235 846 23327
512686776 220 797 23330
513246612 230 823 23344
513566153 221 287 23352
513656289 229 820 23354
513686289 220 431 23355
514034778 223 395 23364
515385802 232 552 23398
515660022 239 491 23405
516212758 231 787 23419
516753080 223 208 23432
517100683 233 952 23441
517485876 229 797 23451
517886942 232 476 23461
518050054 236 16 23465
518309654 228 88 23472
518439551 238 683 23475
518835505 231 265 23485
519459764 232 624 23501
520396104 226 821 23523
520777722 231 655 23532
520846180 234 772 23534
521074658 220 303 23540
521365601 233 171 23547
521976709 239 794 23562
522224219 233 262 23568
523748892 238 721 23606
524958249 235 673 23636
525478066 232 653 23649
525887460 222 292 23659
526011509 232 639 23662
526083467 221 361 23664
526157182 236 97 23666
526799186 223 398 23683
527101699 228 868 23690
528030191 232 544 23713
528190214 231 606 23717
528905825 234 153 23734
529076438 239 899 23738
529852601 227 335 23758
529979561 223 158 23761
530233465 220 7 23767
530890007 236 250 23783
532211800 222 365 23816
532251428 231 255 23817
532535800 239 866 23824
532909373 229 821 23833
533503858 220 687 23848
533752833 221 178 23854
534350231 233 547 23870
534574377 230 165 23876
535150824 220 384 23890
535373908 228 294 23896
535763218 224 320 23906
535983584 226 13 23912
538202979 239 618 23967
538517326 232 871 23975
538777066 229 885 23981
540896913 230 278 24034
542856774 220 356 24083
543476687 235 98 24099
544420757 233 756 24122
544629675 236 564 24127
545203381 222 748 24141
546559381 226 897 24175
546686788 223 920 24178
546725285 239 433 24179
546927680 231 820 24184
547046782 233 415 24187
548141775 221 678 24214
548496843 226 83 24223
549828353 233 456 24255
550059311 224 530 24261
550173839 229 644 24264
550258447 221 699 24266
550798640 223 405 24279
550987924 239 337 24284
551906425 234 135 24307
552524969 224 143 24323
552643316 234 953 24326
553000713 236 126 24335
553835205 237 65 24356
553870400 227 739 24357
553953376 223 267 24359
554640921 226 443 24377
555945663 232 511 24410
556299254 233 319 24419
557232574 235 887 24443
557956174 224 58 24461
558129313 226 18 24466
559617341 235 764 24502
559667012 229 288 24503
559976164 224 276 24511
560316329 231 677 24519
560509657 236 700 24524
562575738 224 369 24577
563395973 228 63 24597
564824738 227 558 24634
564978248 227 479 24638
566891052 225 473 24686
566924209 225 146 24687
566999864 230 448 24689
568118676 230 428 24717
568416513 225 332 24725
568694127 221 490 24732
568864878 237 507 24736
569947400 235 280 24764
570636962 230 784 24781
570796755 234 604 24785
571610621 227 984 24806
572608297 224 713 24830
574490135 228 637 24877
574929332 231 175 24889
575986654 233 981 24915
576255529 238 888 24922
576767093 224 223 24934
577086843 229 6 24942
577415210 228 262 24950
578191449 225 234 24969
578424417 223 31 24975
579194837 235 239 24994
579967863 220 168 25013
580386213 222 171 25023
581561030 238 934 25053
582011839 223 867 25065
582059675 223 470 25066
582176271 225 376 25069
582219254 222 497 25070
583751683 234 876 25108
584474263 233 682 25126
585360492 220 355 25149
585546208 235 87 25154
585778840 230 63 25160
586399197 231 773 25175
586488367 228 555 25177
587129889 232 141 25193
588302647 224 14 25223
588445976 231 304 25227
589156061 233 848 25244
589510819 238 995 25253
591056818 229 350 25292
592006038 226 236 25316
592530057 225 507 25329
592572589 227 899 25330
592851188 230 643 25337
593078070 235 448 25343
593668406 223 360 25358
593821854 237 347 25362
594757377 222 544 25386
594887935 225 600 25389
595151026 232 251 25396
596253614 227 612 25424
596972776 226 819 25442
597568704 239 236 25457
597681090 230 519 25460
598153140 227 492 25472
598368488 234 667 25477
600064671 233 25 25518
600340859 221 563 25525
601224363 220 841 25547
601560029 226 414 25556
602076267 238 507 25569
602536906 233 493 25580
604169719 233 915 25622
604471338 221 870 25630
604501338 233 379 25631
604662308 220 466 25635
604858888 224 19 25640
604921890 229 893 25642
605153887 224 817 25647
605373459 233 901 25652
605843020 235 237 25664
606778928 225 403 25688
607710041 230 989 25712
608249541 238 589 25726
608766351 235 550 25740
610111772 239 59 25773
610225963 222 572 25776
610379075 224 564 25780
610676251 233 496 25787
611514072 225 340 25807
611717369 220 872 25812
612581032 236 992 25835
612792937 237 200 25840
614547383 234 173 25883
614585167 227 953 25884
614917811 229 479 25893
615161427 236 585 25899
615355970 232 308 25904
615877680 221 196 25917
615965961 229 844 25919
616607354 238 854 25935
617013769 221 449 25945
617213817 238 246 25950
617406217 220 453 25955
617922819 225 960 25968
618218171 231 623 25975
618297283 226 951 25977
618441506 237 653 25981
618653612 227 170 25986
618815995 222 711 25990
619218919 226 65 26000
619359356 238 863 26004
619579186 228 70 26010
620486762 228 793 26033
622798734 227 597 26093
623270045 238 668 26105
623344295 237 290 26107
623758744 237 391 26118
623797162 221 31 26119
624396958 235 699 26134
624601866 236 486 26139
625228839 237 660 26155
625753383 222 312 26168
625802781 222 822 26169
626128461 230 914 26177
627942975 226 214 26220
629576379 239 919 26260
631707685 222 124 26312
632527735 229 255 26332
632712546 234 187 26336
632777786 226 646 26338
633583056 237 371 26359
633624242 238 806 26360
635277068 220 459 26401
635392972 233 748 26404
635503772 221 275 26407
636427637 238 216 26429
636741059 239 526 26437
636862426 238 975 26440
637706002 220 823 26461
639057570 230 356 26496
639565241 232 934 26509
639832758 221 213 26516
639875214 221 898 26517
639943463 222 729 26519
640443458 231 228 26531
640787998 234 249 26539
640825143 234 836 26540
640975960 231 167 26544
641284223 224 309 26552
641481814 230 71 26557
642718561 234 896 26588
643269475 224 283 26602
643563918 238 195 26609
643606257 230 77 26610
643643243 226 102 26611
643796157 237 76 26615
644203967 235 769 26626
644286302 227 711 26628
644451067 224 914 26632
644608809 239 605 26636
644775547 227 819 26640
646005348 230 310 26671
646400177 234 603 26681
646442059 236 650 26682
648537499 229 705 26735
648776373 233 614 26741
649127195 232 389 26750
649271611 232 601 26754
650509917 225 404 26786
650896141 239 969 26796
651170169 223 690 26803
651918232 222 301 26821
652548417 231 594 26836
652717659 234 371 26840
652834911 228 363 26843
653462377 232 907 26860
654006613 226 820 26874
654043516 228 58 26875
655812138 233 205 26919
656164884 235 672 26928
657093018 221 542 26951
657153018 231 58 26953
657228625 232 203 26955
657822857 239 185 26970
659344431 236 156 27009
660188696 226 859 27030
660562681 238 328 27040
660693573 225 288 27043
661972769 227 517 27075
662018869 224 495 27076
662064580 220 655 27077
662224180 224 863 27081
662800969 236 961 27095
663172216 234 715 27104
663816823 235 996 27120
664634875 223 796 27140
665434435 224 771 27159
667183422 220 577 27203
667512975 232 373 27212
668781500 233 1 27243
668913818 229 73 27246
669172791 229 339 27252
669300083 238 927 27255
669333622 235 149 27256
669531299 221 633 27261
669568654 227 731 27262
669660781 223 318 27264
671671421 234 974 27316
672125020 228 549 27328
672393523 238 751 27335
672462421 225 699 27337
672765441 229 778 27345
675307324 224 569 27408
675680034 235 836 27417
676507592 232 848 27437
677459542 220 553 27462
677765729 236 919 27470
680396407 238 99 27536
680437150 228 185 27537
681307329 237 515 27559
681939895 227 236 27575
682226447 238 379 27582
682546757 226 336 27590
682630171 234 102 27592
683727132 232 775 27619
685408365 223 524 27661
685725458 235 378 27669
685769073 225 826 27670
686334338 234 794 27685
686791303 235 268 27697
689552377 224 750 27765
691487807 228 35 27812
691646044 221 962 27816
691880278 235 579 27822
692181939 221 774 27830
693564251 227 643 27863
693674251 238 381 27866
693788189 232 692 27869
693831040 230 908 27870
694440813 222 865 27885
695572473 231 334 27914
695881371 235 739 27922
696311853 228 92 27933
696736507 237 536 27944
697334657 239 971 27958
697821742 222 319 27971
698206864 221 166 27980
698250906 238 465 27981
698458690 227 65 27986
698903858 226 685 27998
699541294 222 615 28013
700620639 237 732 28041
701220791 232 278 28055
702177683 229 93 28080
703764810 233 794 28121
703953066 221 611 28126
704343298 239 468 28136
704509645 230 163 28140
704547322 223 106 28141
705426527 222 958 28164
706219043 232 139 28184
706369151 222 792 28188
706851398 223 477 28200
707269841 221 646 28211
707360657 230 386 28213
707470739 229 717 28216
709262399 222 325 28260
709719731 231 687 28271
710038293 230 213 28279
710114752 235 26 28281
710153044 223 790 28282
710273624 228 617 28285
710552962 230 88 28292
711331665 232 264 28312
711990725 229 93 28328
713654878 234 959 28368
714433099 236 34 28388
714658271 234 957 28393
714895373 228 656 28399
715436223 227 566 28412
716068376 237 431 28428
716706243 235 907 28444
717120262 223 170 28454
717157938 230 428 28455
718128778 232 962 28478
718167016 230 833 28479
718296690 229 473 28482
719193747 237 727 28505
719745536 223 904 28518
720628026 224 256 28540
721508226 230 830 28562
721591451 222 461 28564
722564283 222 986 28588
723604644 230 123 28614
724407362 220 480 28634
724764988 226 5 28643
724921336 235 243 28647
727519193 226 941 28712
727585725 229 462 28714
728086887 229 608 28726
728366766 234 889 28733
728532667 226 956 28737
728977163 235 884 28749
729205198 220 281 28755
729335057 220 57 28758
729421467 237 115 28760
730269615 237 786 28781
730399008 237 897 28784
730982768 233 11 28798
731063904 228 751 28800
732360946 226 852 28833
732911434 228 684 28847
733268223 223 989 28856
733944079 222 246 28873
735037362 228 509 28901
736151233 222 803 28929
736466655 226 875 28937
736893007 238 68 28947
737330761 225 340 28958
737998958 224 27 28974
738321657 233 514 28982
738363160 220 715 28983
739158049 229 901 29004
739775081 231 251 29020
740039282 228 43 29027
740608174 229 726 29042
741936407 232 680 29076
742620390 222 780 29093
742795565 225 627 29097
744310224 233 969 29135
744348070 235 28 29136
744383417 233 969 29137
745595882 234 843 29168
747116033 234 202 29207
748111520 221 910 29233
748893388 225 345 29254
749000951 228 793 29257
749299617 239 735 29265
749477118 232 823 29269
749911912 226 674 29280
750832107 229 436 29303
751713749 222 224 29325
753221459 239 49 29363
754314927 228 941 29390
755288301 224 533 29414
756539301 226 954 29446
756919339 236 211 29455
757698931 233 689 29475
759706334 231 153 29524
759829437 222 491 29527
760254642 226 719 29537
760757800 222 5 29550
761779045 224 362 29576
762499051 221 236 29593
762721718 237 753 29599
764277693 232 133 29637
764487395 235 941 29642
764554282 226 308 29644
764675953 220 165 29647
765654501 222 45 29672
766935042 224 250 29704
767222605 238 78 29711
767480544 233 218 29718
767891361 236 304 29728
768145362 233 445 29734
768195271 230 176 29735
768403269 238 872 29740
769006905 224 744 29755
769392939 226 629 29764
770211777 220 776 29784
770346306 233 334 29787
770472759 229 373 29790
770791250 231 613 29798
770986477 239 80 29803
771449983 238 845 29814
771499983 232 972 29815
771782586 225 340 29822
772356720 225 52 29837
772851596 224 700 29849
772881596 234 99 29850
773819316 237 163 29874
774087938 224 597 29881
774761570 223 62 29898
775152646 234 401 29908
776520953 221 679 29942
777543601 224 838 29968
777643520 238 156 29971
778313332 224 145 29988
778645117 223 370 29997
779187498 238 834 30011
779777888 225 532 30026
780515558 227 390 30044
781145332 236 981 30060
781175332 238 945 30061
781776781 221 766 30075
782150430 233 493 30084
782241887 224 744 30086
782664659 222 303 30096
783458491 222 779 30116
783634010 221 733 30120
784158177 234 72 30133
784572513 228 78 30143
784994032 233 811 30154
785763460 236 926 30174
786721394 225 330 30198
787142332 230 910 30208
787912481 220 245 30228
788183432 222 284 30235
789481597 235 304 30266
790520264 236 52 30292
791026372 232 318 30305
791671394 239 782 30322
791831808 232 943 30326
792052480 239 769 30332
792118864 237 351 30334
792161105 239 821 30335
792240784 234 519 30337
792399654 232 52 30341
793097328 231 157 30359
793335848 234 606 30365
794117404 235 584 30385
794960904 233 237 30406
796674979 223 363 30447
797087351 232 821 30457
797935918 224 798 30478
799443217 234 589 30514
799656693 230 863 30519
800591945 227 609 30542
801513434 233 2 30566
803258703 239 831 30610
803585036 226 227 30618
803687478 222 818 30621
804930222 221 927 30652
805017882 225 670 30654
805537449 220 617 30667
805586631 228 277 30668
806190905 227 318 30683
807594774 237 636 30720
809300185 225 310 30762
810331561 223 440 30787
810492374 230 914 30791
810736667 237 53 30797
810806657 234 72 30799
811257569 236 171 30811
812857325 230 473 30851
812933797 230 577 30853
813231752 232 488 30861
813742095 225 662 30873
813848701 238 489 30876
814180360 236 697 30884
814249585 236 812 30886
814536255 230 341 30893
815694894 223 712 30922
816017739 232 355 30930
817041468 234 36 30956
817125282 234 830 30958
818314931 228 143 30987
819224939 230 771 31009
819340587 225 221 31012
820837759 223 920 31049
821206194 228 698 31058
821248583 222 6 31059
821843534 222 925 31074
822059267 220 348 31079
822130358 224 179 31081
823184231 220 892 31107
824429293 232 641 31138
825426176 226 726 31163
827063490 239 514 31204
828010892 233 99 31227
828050654 229 157 31228
829377179 230 117 31260
830164768 224 133 31280
832110134 224 974 31330
832158368 230 105 31331
833740251 234 233 31371
833977310 227 929 31377
835073348 235 165 31404
835287681 230 385 31409
835420629 221 792 31412
836132109 234 431 31431
836735096 222 961 31446
837688843 227 5 31470
838645748 237 396 31494
840296179 229 563 31536
840945874 222 947 31553
841219653 220 181 31560
841833178 223 805 31575
843591546 238 455 31618
844143568 220 552 31632
845098617 227 18 31654
845395466 227 844 31662
845722637 229 795 31670
846092858 234 700 31679
846136318 229 304 31680
847737758 239 172 31720
848583879 226 398 31741
848989355 222 574 31752
849314044 221 208 31760
849920712 225 959 31776
850250056 221 620 31784
850563899 229 352 31792
852300098 236 13 31836
852457162 234 267 31840
852716230 223 586 31846
855620737 224 171 31918
855771932 238 51 31922
856818806 227 326 31948
857617005 225 199 31968
858646696 235 169 31994
859624459 220 287 32019
860461718 222 776 32041
860625635 232 792 32045
860704480 230 492 32047
860937766 221 14 32053
861179536 231 484 32059
861372230 229 141 32064
862095016 236 957 32082
862642630 233 853 32095
863642112 231 884 32119
864427811 238 752 32140
864641030 235 617 32145
865403828 231 810 32164
865486896 230 943 32166
865995599 232 703 32178
866942904 224 763 32202
867024150 228 934 32204
867309809 234 931 32211
868160663 222 85 32232
868204984 239 990 32233
868689128 228 85 32245
868931685 233 749 32251
869415804 238 620 32263
870040476 223 895 32278
870157691 222 115 32281
870401657 231 834 32287
871676540 228 90 32320
872594633 222 94 32344
872914745 238 642 32352
873230734 228 394 32360
874856682 223 460 32400
874886682 237 936 32401
876097681 230 543 32431
877236517 237 16 32461
877319258 223 441 32463
877703505 231 258 32473
877957276 231 405 32480
878215244 231 640 32486
878441627 220 620 32492
880422638 222 734 32543
881381902 239 569 32567
882236441 235 345 32588
882839282 233 308 32603
882925033 229 669 32605
883003722 237 491 32607
883220212 234 205 32612
883266524 239 37 32613
883473734 221 95 32618
883712976 221 115 32624
884886645 239 573 32653
885587141 236 173 32671
885656029 232 32 32673
887073779 226 238 32708
888847101 230 682 32751
889476226 238 338 32767
889638437 232 699 32771
889726867 229 35 32773
890765142 220 789 32798
892955068 221 69 32851
893644682 229 54 32868
894636391 238 285 32892
895035658 238 466 32902
895191173 225 29 32906
895273495 227 250 32908
895906165 238 943 32925
896424508 232 239 32938
898073573 233 476 32979
898205753 234 162 32982
898241892 232 558 32983
900508842 231 456 33039
903175975 224 706 33107
903623336 238 904 33119
903818198 228 790 33124
904128711 231 937 33132
905063570 226 207 33155
905383042 233 654 33163
905421536 222 829 33164
906131591 229 860 33182
907178363 239 966 33208
907416159 233 155 33214
907788231 232 292 33223
908896011 226 355 33251
909742986 221 419 33273
911601922 238 269 33321
911855953 225 178 33327
912468964 231 351 33343
913186103 233 77 33362
914072688 224 982 33385
914151465 221 688 33387
915690671 236 843 33425
915730041 238 648 33426
916622203 220 537 33449
917697132 226 745 33475
917745748 239 11 33476
919362112 220 850 33517
919442184 230 26 33519
920089746 225 489 33535
920579746 227 404 33547
921143245 228 334 33561
921693238 239 150 33575
922643670 233 202 33599
923911374 231 281 33631
924620390 239 497 33649
925177585 239 297 33663
925372978 224 691 33668
925588539 232 810 33673
925672970 226 596 33675
926002227 237 458 33683
926434456 223 939 33693
927201144 236 354 33712
928266439 225 579 33739
928986096 232 965 33757
929760760 237 610 33776
929942794 225 725 33780
930013860 234 250 33782
930278587 229 932 33789
930481292 231 149 33794
931365031 227 969 33816
933535856 230 252 33870
933813664 234 429 33877
934139362 236 722 33886
934843197 235 387 33903
934976652 234 1 33906
936103735 231 554 33934
936172167 223 106 33936
936513441 230 360 33945
936706058 222 871 33950
937567251 227 967 33972
938358256 236 149 33991
939735587 221 121 34026
940083073 236 529 34035
940825231 225 170 34054
941082349 221 466 34061
941240124 220 243 34065
941849023 237 29 34081
943697224 223 521 34128
943731844 227 627 34129
943935536 220 48 34134
944214962 230 591 34141
945026144 230 344 34161
945177305 223 730 34165
945251862 227 590 34167
945636525 227 521 34176
947354453 235 178 34220
947682975 225 622 34228
949287916 221 913 34268
950488252 234 608 34297
951762251 230 40 34329
952229394 220 985 34340
952450644 226 891 34346
952677501 227 689 34352
952878911 238 126 34357
953160245 232 785 34364
954166563 220 235 34389
954244424 221 190 34391
954290778 224 450 34392
956060377 222 7 34436
956386637 224 765 34444
957106075 229 926 34461
957465713 229 287 34470
958516168 232 286 34496
958675587 220 385 34500
