37796 247 13 1
220939 258 1348 10
569722 248 443 27
1432200 242 1706 69
2263411 256 267 111
2475149 255 1996 122
2491275 251 1124 123
2862173 255 1836 142
3803731 243 21 190
4117521 256 1090 205
4343663 259 1569 216
5004632 247 676 249
5266832 248 1530 263
5698864 244 192 285
5772287 240 1901 289
5831822 248 195 292
5929132 240 589 297
6026952 252 214 302
6134576 244 1438 307
6440038 240 481 323
6615827 248 1109 332
6650942 248 454 334
7103408 254 606 358
7739991 250 220 392
8253518 245 1969 418
8411119 255 1327 426
8472901 246 823 429
9292681 257 731 473
9775230 254 262 497
9799765 258 1079 498
10400233 256 460 528
10421085 257 494 529
10502984 248 1152 533
10574063 247 417 536
10657518 245 212 540
10721893 259 1099 543
11496056 245 390 582
11536587 258 1790 584
11655103 254 1209 590
11835227 241 1802 599
12330137 246 1586 624
12391652 249 1699 627
14011488 252 637 708
14070551 256 270 711
14129838 248 1989 714
14518169 253 343 734
14632189 247 1824 740
14819616 250 644 750
15103514 251 92 764
15226962 240 812 770
15300055 245 1485 774
15729221 256 1456 795
15769085 255 1505 797
15927205 246 1966 805
16079498 242 406 813
16098079 256 1933 814
16316088 245 301 825
16335547 240 1724 826
16356920 254 1390 827
16895197 251 859 855
17851320 250 1846 902
17983690 245 1000 909
18112057 244 1603 916
18505652 258 646 936
18607645 243 1426 941
19261037 242 1204 974
19351987 251 1142 979
19732673 257 324 999
20271118 243 891 1026
20791419 253 94 1052
20986680 251 1171 1061
21127283 259 750 1067
21470852 243 704 1085
21758605 242 110 1100
22079466 245 74 1116
22300588 240 28 1127
22360302 242 1766 1130
22809348 246 1897 1152
23018240 257 79 1162
23074379 252 1008 1165
23235349 241 212 1173
23256732 253 1308 1174
23343896 247 611 1178
23391477 244 283 1180
23736968 242 15 1198
23871122 259 1660 1205
24152587 251 1557 1219
24631230 246 431 1243
24797288 242 748 1252
24947988 246 144 1259
25608255 256 1805 1294
26123284 247 1125 1318
26501214 252 1767 1337
27765967 244 493 1401
28212099 245 1997 1423
28532495 255 270 1440
29124539 258 1615 1470
29160298 259 1273 1472
29204980 246 372 1474
30020447 241 1967 1514
30356927 258 216 1530
30400948 242 1374 1532
30539914 248 789 1539
30582043 258 1745 1541
30735241 244 991 1548
31046102 248 511 1564
31172530 254 1674 1570
31238635 254 161 1573
31815098 242 694 1602
31916863 244 563 1607
32228341 248 1528 1623
32759197 247 634 1650
32977889 243 1370 1660
33163273 256 907 1670
33482948 249 668 1686
33900446 242 705 1707
33994596 243 946 1712
34210903 253 1896 1723
34422294 247 20 1733
35653673 255 1572 1795
36331181 249 439 1828
36693650 247 1560 1846
36986217 258 354 1860
37071119 247 655 1865
37276676 256 1491 1875
37408357 251 74 1881
37638876 248 1152 1893
37758890 250 1686 1899
37838066 257 24 1903
38267930 243 763 1925
38459749 254 902 1934
38585009 259 211 1940
38783086 248 976 1950
38888258 247 1100 1955
39250045 254 1048 1973
39312452 241 856 1976
39426258 253 1358 1982
39865824 240 980 2005
40021540 250 973 2013
40524025 240 1807 2038
40770385 255 1198 2050
41042475 245 1126 2063
41313051 246 147 2076
41640417 249 609 2092
41854724 248 694 2103
42177703 248 559 2119
42471456 257 1625 2134
43750704 243 226 2199
43846556 256 1136 2204
43865982 248 1025 2205
44517159 242 1205 2237
44866363 248 1281 2254
44920254 258 1350 2257
44962485 254 520 2259
45146034 259 797 2268
45229443 259 1477 2272
46000149 257 249 2311
46368930 254 1465 2329
46465604 242 1162 2334
46548920 257 631 2338
46669039 244 1285 2344
46725760 241 16 2347
47946931 251 1225 2407
48429646 255 1284 2431
48563661 241 1596 2438
48606742 240 493 2440
48758842 256 1685 2448
49239317 259 1828 2472
49330462 242 1255 2477
49412132 254 1225 2481
49695798 257 1685 2495
49713161 256 1437 2496
50219308 258 704 2521
50766472 253 667 2548
50868243 246 249 2553
51275465 244 1464 2573
51519278 257 1805 2586
51749342 252 1017 2597
51886733 241 619 2604
52044438 241 1272 2612
52094438 244 496 2614
52597638 245 1996 2640
52967163 245 940 2657
53161529 255 624 2667
53550705 255 440 2687
53670094 254 1939 2693
53940280 250 1325 2706
54546485 257 236 2737
54592268 243 872 2739
54996434 250 238 2759
55201951 251 264 2769
55734980 257 1037 2796
55930503 254 1379 2806
55991602 248 1150 2809
56152558 258 268 2817
56334425 258 115 2826
57271974 243 961 2873
57566773 250 921 2887
58075073 259 1781 2913
58111943 248 1585 2915
58576506 249 1646 2938
58802786 243 789 2949
58928460 240 844 2955
59344930 242 292 2975
59558716 242 1785 2985
59940899 247 1347 3004
60595298 245 635 3036
60764997 247 98 3044
61250258 252 733 3069
61615977 246 458 3087
62006003 241 1270 3106
62267088 248 1034 3119
62385487 243 231 3125
62529551 242 1836 3132
62588192 257 99 3135
62611971 242 1430 3136
62648850 251 979 3138
62708104 242 1132 3141
63274027 252 1628 3169
63349638 250 1345 3173
63416308 258 1627 3176
63709274 258 1862 3190
63749184 251 395 3192
63966107 253 231 3203
64121151 249 1719 3211
64216983 252 620 3216
64602083 246 1844 3235
64664779 248 1099 3238
65215531 259 1707 3264
65260763 248 807 3266
65547297 257 162 3280
65790701 257 1782 3291
67133055 256 1055 3357
67175825 247 1514 3359
67341116 242 206 3367
67429287 255 113 3371
67447799 246 1680 3372
67472799 258 96 3373
67567502 245 1127 3377
67677004 249 277 3383
67985512 251 489 3398
68385751 243 534 3418
68786838 249 1624 3438
69429518 259 1150 3472
69550210 242 1350 3478
69792879 244 358 3490
69909171 243 51 3496
69929843 250 314 3497
71049362 244 1977 3552
71374589 247 1817 3568
71411245 254 323 3570
71919394 259 6 3596
72292473 243 1523 3614
73018646 243 168 3650
73079275 257 728 3653
73325417 245 739 3665
73511397 242 1574 3675
73799423 252 450 3689
73926911 254 1432 3695
75239611 241 567 3763
75413561 252 877 3772
75474261 249 1000 3775
75601096 240 1569 3781
75832180 247 1050 3793
75948803 250 1144 3799
76340817 259 64 3818
76748275 258 683 3839
76909404 252 1372 3847
77210918 257 1859 3863
77582342 250 941 3881
77607342 246 939 3882
77742735 249 1358 3890
77812162 243 1161 3893
77977272 251 1356 3901
78311249 244 867 3918
78609754 252 1712 3933
78922895 246 1930 3949
80069335 251 203 4004
80275178 240 1179 4014
80376548 252 1575 4019
81247067 255 1165 4063
81513437 254 107 4076
81549658 246 1940 4078
81744173 248 134 4088
81865949 248 1850 4094
81949952 258 1134 4098
82171343 245 270 4109
82366717 249 814 4119
83259534 243 1601 4163
83504640 251 776 4175
84486426 242 1692 4223
84742444 247 772 4236
85080467 244 735 4252
85468283 255 1394 4271
85555298 242 729 4275
85838894 259 127 4289
85971012 250 968 4295
86499560 245 1340 4321
86753632 249 1769 4333
87180034 256 1068 4353
87257348 241 1661 4357
87391275 253 1916 4364
87469978 243 350 4368
88229905 258 152 4406
88722142 248 551 4429
88765243 242 584 4431
88784716 244 49 4432
88942104 255 1189 4440
89324690 256 781 4458
89349283 258 1581 4459
89370370 243 1653 4460
89485185 241 328 4466
89566147 241 655 4470
89851466 257 1984 4485
89932223 244 1754 4489
89988545 254 652 4492
90609759 257 1003 4523
90955925 258 1853 4540
91090552 243 817 4547
91575972 255 1345 4571
92031011 247 1773 4593
92246188 253 1036 4603
92497492 245 688 4616
92682690 254 373 4626
92744230 256 636 4629
92835947 253 539 4634
93176732 253 277 4651
93252500 255 1889 4655
93656720 259 1795 4675
93720046 246 1729 4678
93951601 252 319 4690
94065357 241 1444 4696
94402556 248 1603 4712
94513909 251 1211 4718
94588932 258 1864 4722
94626167 244 137 4724
94865653 254 204 4736
95271970 254 1444 4757
95410842 252 211 4764
95429529 249 1024 4765
96124994 253 1242 4800
96426950 249 1387 4815
96519297 242 923 4820
96834384 255 1375 4836
96977958 250 582 4843
97056141 251 1023 4847
97089253 240 1080 4849
97491547 245 1908 4869
97543554 254 1410 4872
97563348 251 1811 4873
97606613 258 449 4875
97651241 243 1483 4877
98502116 242 743 4919
98772789 246 327 4933
99765433 253 1429 4982
99787331 259 1543 4983
99984144 254 666 4993
100217229 259 696 5005
100348533 253 1609 5011
100413353 255 407 5014
101204141 258 502 5053
101555479 250 955 5070
101862129 246 218 5085
101886889 240 404 5086
102175596 257 1579 5100
102218962 248 1578 5102
102335714 255 1336 5108
102500085 247 842 5116
102626332 246 296 5122
102998839 245 1140 5141
103998223 259 1668 5191
104446787 247 981 5213
104570039 250 100 5219
104640991 241 1385 5222
105120019 255 1895 5245
105355645 244 838 5257
105555677 247 1629 5267
105660613 244 880 5272
106068026 248 1195 5292
106466686 259 1720 5312
107509905 255 443 5364
107529039 240 1311 5365
107629356 241 861 5370
107927340 246 548 5385
108286203 254 1724 5402
108879305 247 615 5432
108903146 257 366 5433
109434702 242 1528 5459
109591038 251 1325 5467
109991531 253 1678 5487
110071163 241 587 5491
110889193 249 617 5533
111434520 245 735 5561
111576154 244 772 5568
112149701 249 1620 5596
112424145 243 849 5609
112721920 256 963 5624
112740216 242 672 5625
112761636 249 59 5626
112800237 250 1816 5628
113574844 252 633 5667
114385162 248 393 5706
114486661 241 555 5711
115136238 257 628 5743
115220718 241 1794 5747
115557826 254 1927 5764
115640576 257 758 5768
115678718 248 631 5770
115862933 256 299 5779
115969982 258 378 5784
116053285 245 1822 5788
116354632 259 364 5803
117039504 240 246 5837
117210793 255 262 5846
117253438 250 928 5848
117396431 251 1690 5855
117491315 254 1258 5860
117820092 257 1351 5877
117958091 256 811 5884
118036926 241 1492 5888
118514362 253 1415 5912
118533660 259 1113 5913
119453041 259 1453 5958
119575151 252 1523 5964
119648700 244 192 5968
120133891 253 1069 5992
120326490 242 1786 6005
120442790 246 699 6028
120463434 254 1672 6032
120485763 244 0 6037
120540841 251 1486 6049
120617695 249 1268 6065
120686838 245 838 6079
120714384 243 545 6085
120743408 244 1563 6090
120860012 249 521 6114
120927246 243 957 6128
120979899 249 739 6139
120997150 243 1927 6143
121075449 257 1186 6159
121124134 252 1754 6168
121227194 258 1391 6190
121297050 252 1445 6204
121302300 242 1898 6205
121387497 259 1635 6223
121439233 241 933 6234
121463951 255 1437 6239
121494432 258 878 6245
121509448 249 1460 6248
121551522 242 487 6257
121711231 249 650 6288
121902510 243 798 6328
122058769 256 262 6358
122208622 257 3 6387
122339037 255 117 6413
122405513 245 781 6426
122484765 248 1789 6442
122503696 249 1408 6446
122855634 250 146 6517
122871513 254 636 6520
122885463 255 664 6523
122996081 249 117 6546
123017813 249 479 6550
123092932 258 255 6564
123112959 257 1263 6568
123177803 244 1308 6581
123241582 240 1697 6595
123281416 240 1427 6603
123295976 246 301 6606
123328167 250 1738 6613
123507543 242 1978 6650
123623138 250 864 6674
123686908 259 1595 6687
123755994 240 1925 6700
123777473 254 817 6704
124057112 256 845 6760
124256873 258 6 6800
124268817 256 1972 6802
124304773 252 111 6809
124428061 250 1316 6834
124520090 240 1671 6851
124548387 243 869 6856
124569810 258 12 6862
124593974 254 1662 6867
124618181 257 1017 6871
124628327 256 97 6873
124648550 253 1338 6877
124785700 250 1515 6906
124856283 241 584 6920
124879150 252 122 6924
124918667 246 928 6932
124939095 248 523 6936
125007183 248 1687 6950
125134194 240 39 6977
125194453 240 1534 6989
125229546 240 1272 6996
125275860 253 399 7006
125280031 256 1341 7007
125559841 258 1637 7060
125602069 245 1507 7068
125806154 242 1536 7109
125921568 256 626 7132
125932104 240 900 7134
126048976 256 1732 7157
126141145 257 1228 7175
126231277 249 938 7194
126417129 257 974 7232
126438121 240 393 7236
126465330 245 1700 7242
126506095 252 514 7250
126564560 242 196 7261
126678275 240 1737 7285
126902957 254 1123 7332
126907123 249 508 7333
126937379 246 353 7339
126943177 244 323 7340
126971161 254 1816 7346
127004533 240 1879 7353
127015407 255 369 7355
127167378 243 1125 7387
127184491 242 823 7391
127536620 253 1175 7461
127859770 247 679 7526
127870749 256 1398 7528
127886318 246 1257 7531
128252736 254 224 7605
128285641 252 1543 7612
128322537 258 861 7620
128334601 245 734 7622
128475399 247 1874 7649
128543021 253 1227 7663
128547307 253 184 7664
128576927 258 1462 7671
128639753 256 255 7683
128736112 243 128 7703
128799973 245 1087 7715
128946302 258 1883 7743
129023142 258 1059 7759
129208692 244 999 7795
129290484 247 1927 7812
129359921 259 840 7826
129374474 250 1177 7829
129450621 254 689 7845
129533909 251 81 7863
129568374 250 17 7870
129581681 258 1585 7873
129603988 251 1871 7877
129646036 244 857 7886
129674163 249 1774 7892
129680996 242 948 7894
129877883 255 8 7933
129967021 245 1514 7951
130081089 259 755 7974
130109502 240 1926 7980
130137303 252 625 7985
130226161 250 1540 8002
130485544 244 1995 8055
130491105 250 1774 8056
130505873 244 1713 8059
130586034 240 776 8074
130596996 257 817 8076
130642562 240 409 8085
130645599 253 274 8086
130705297 252 1048 8099
130802539 250 1971 8119
130806000 249 1416 8120
130851931 255 120 8130
130900044 256 1710 8140
130905054 245 1299 8141
130973274 248 633 8155
131021694 244 1548 8165
131156581 241 1426 8193
131292650 247 631 8220
131297740 248 115 8221
131381452 255 1346 8238
131399911 259 1243 8242
131405655 256 821 8243
131508690 254 1622 8263
131582340 246 996 8277
131748755 255 82 8310
131787938 243 77 8318
131797237 252 992 8320
131858711 247 203 8335
131910234 251 1327 8346
132115111 247 1720 8387
132172658 255 919 8398
132223456 241 1976 8408
132243034 243 1458 8412
132294264 253 1851 8422
132407265 241 1045 8446
132533799 249 668 8471
132562616 247 1016 8477
132647006 240 1634 8495
132659074 247 1299 8498
132691492 254 1714 8505
132718998 244 832 8511
132819082 256 441 8531
132852064 255 115 8538
133036649 248 1994 8578
133056721 258 209 8582
133143963 256 390 8599
133345578 256 381 8640
133367160 240 706 8644
133429636 256 681 8656
133463664 240 486 8663
133475305 252 401 8665
133497303 256 1246 8669
133514397 251 53 8672
133646961 244 798 8699
133889183 249 702 8746
134017160 252 479 8771
134025467 257 1082 8773
134410203 242 1919 8849
134488511 242 1780 8865
134536735 248 347 8876
134969844 241 585 8961
135013863 242 1473 8970
135314434 256 934 9029
135341671 252 1867 9034
135384834 242 601 9043
135506002 248 1095 9067
135626766 253 581 9091
135755701 246 954 9116
135799466 246 903 9124
135847756 241 1639 9134
135862876 249 691 9137
135945621 251 449 9153
136005359 249 847 9164
136045700 253 280 9172
136081743 246 1589 9179
136093581 244 1356 9181
136097520 245 1589 9182
136260165 247 139 9215
136289477 242 124 9221
136334709 241 1661 9230
136415847 253 863 9246
136474950 251 551 9257
136658855 240 1291 9292
136670017 253 663 9294
136699161 254 1751 9301
136864866 244 267 9333
136924819 250 947 9346
137150406 257 1199 9391
137204018 252 1276 9401
137307024 243 1586 9422
137407099 248 1400 9442
137426619 258 1102 9446
137473293 249 1559 9455
137565631 248 420 9474
137571490 243 181 9475
137831082 250 307 9525
137933286 254 1024 9545
137963815 255 617 9551
137999917 257 1836 9559
138004943 252 1934 9560
138063941 256 1145 9572
138078199 242 567 9575
138174986 240 39 9593
138315332 243 177 9621
138321832 249 743 9622
138361832 253 1832 9630
138381235 252 1738 9634
138393422 259 700 9636
138521497 246 616 9661
138534103 249 600 9664
138633222 242 1603 9685
138725392 252 515 9704
138889393 245 1488 9738
138907748 245 1550 9741
138965653 244 860 9752
139028645 255 500 9764
139079477 256 388 9774
139127017 258 1050 9783
139149940 257 438 9788
139171496 251 1057 9792
139205472 255 74 9799
139369097 249 311 9831
139489619 257 459 9855
139500816 240 1599 9857
139531379 250 12 9863
139571739 247 242 9871
139583204 252 118 9873
139622364 248 1007 9881
139695520 256 833 9897
139743039 247 1489 9907
139796700 246 865 9917
139873328 256 1761 9934
140058523 256 1606 9971
140066550 249 519 9973
140124678 255 502 9985
140382672 259 1647 10037
140493473 255 646 10060
140531066 242 209 10068
140608723 242 505 10085
140617180 250 1955 10087
140622555 245 1745 10088
140682309 254 655 10099
140702299 245 841 10103
140795127 259 190 10121
140800199 253 1512 10122
140922617 240 1507 10146
141031711 252 733 10168
141101313 252 1387 10182
141158521 259 1620 10194
141323818 242 577 10227
141337609 250 1321 10230
141394888 257 1363 10241
141404566 247 607 10243
141419478 242 1758 10246
141430104 240 14 10248
141529148 242 346 10267
141675518 259 87 10297
141794434 249 1154 10320
141973243 246 1303 10357
141991745 244 1707 10361
142066464 253 1578 10376
142079617 255 554 10379
142118702 251 1183 10387
142193164 244 1382 10402
142206898 258 1297 10405
142238425 240 784 10411
142502084 250 1808 10462
142535363 258 1429 10469
142578640 248 1782 10478
142687391 253 28 10500
142772653 259 1010 10517
142796173 257 801 10522
142851000 240 1834 10532
142855250 251 1920 10533
142934349 251 9 10548
142944438 246 28 10550
143021128 253 390 10565
143102085 258 1492 10582
143316101 257 1185 10622
143386434 247 1286 10636
143606407 247 25 10682
143834188 243 182 10728
143859210 259 163 10733
143941410 240 528 10749
144008590 242 99 10763
144323095 253 1599 10828
144355653 249 1198 10835
144482368 252 602 10861
144504118 243 638 10865
144583616 241 823 10881
144636677 252 141 10892
144678603 254 1804 10901
144691352 243 1385 10904
144739681 259 1807 10913
144872935 244 385 10940
144921061 244 398 10949
144973136 245 1955 10959
144981036 242 1368 10961
145002896 253 317 10966
145091173 251 898 10984
145117862 248 1424 10990
145307962 257 1538 11027
145338775 245 251 11034
145369141 257 1769 11040
145419005 252 776 11050
145423941 250 1070 11051
145609086 247 1264 11088
145630430 254 237 11092
145695258 241 89 11105
145705981 254 1236 11107
145768474 247 47 11119
145782528 254 778 11122
145826622 248 733 11132
145885093 256 844 11144
145937806 250 1113 11155
145942018 245 1941 11156
146188972 247 490 11206
146223608 243 781 11213
146244951 255 1974 11217
146456750 256 425 11258
146473678 253 384 11262
146587297 252 51 11284
146591486 249 782 11285
146615092 242 1400 11290
146623864 255 622 11292
146731371 244 1939 11313
146787162 250 490 11323
146825513 244 749 11331
146846010 243 133 11335
146951886 255 178 11356
147184145 250 1321 11402
147188007 246 1945 11403
147241459 258 1003 11414
147451677 252 389 11454
147495584 240 220 11462
147802196 240 704 11522
147856167 253 1022 11533
147860945 253 573 11534
147890802 247 9 11540
147966518 255 327 11556
148054139 246 245 11574
148203426 250 590 11605
148288563 245 1384 11621
148386128 246 831 11640
148416846 256 765 11647
148511946 253 1382 11668
148567328 244 900 11679
148668145 253 1697 11702
148696462 248 1187 11708
148902945 251 998 11748
148945746 252 770 11757
148974103 251 1192 11763
148990558 247 557 11767
149021863 259 765 11773
149184347 256 581 11805
149256656 256 1980 11819
149362600 250 1822 11841
149438737 240 1479 11857
149601725 254 1488 11888
149766563 249 271 11921
149822163 249 1844 11933
150076397 254 780 11983
150086831 241 1891 11985
150132015 242 1189 11994
150147422 250 1660 11997
150180882 244 1749 12004
150191058 249 1759 12006
150483697 259 1010 12063
150513254 244 204 12069
150646424 241 649 12096
150673852 241 1155 12102
150699487 241 1368 12107
150803882 251 899 12127
150898194 244 491 12146
150977909 257 127 12162
151066049 255 730 12179
151108594 254 380 12187
151150943 244 1345 12195
151303903 247 503 12226
151308925 240 5 12227
151339043 245 1312 12233
151475507 245 55 12262
151511546 257 285 12269
151519684 252 1406 12271
151729792 256 1432 12314
151800350 257 1592 12328
151918303 245 432 12352
151936024 241 945 12356
151990931 240 948 12367
152096576 255 1045 12390
152126020 242 1854 12396
152327177 251 1581 12437
152332098 252 315 12438
152412545 247 762 12453
152423578 243 143 12455
152576427 246 1037 12485
152709804 240 907 12511
152816464 250 1714 12532
152847146 251 513 12539
152890800 249 1707 12548
152931284 255 1649 12556
152983931 250 910 12566
153064066 253 34 12583
153092910 240 1787 12589
153113793 249 759 12593
153314861 259 945 12632
153359235 251 356 12640
153412471 249 1900 12650
153450673 256 316 12658
153455127 257 1753 12659
153492073 253 1217 12667
153618729 250 1730 12693
153701800 257 561 12711
153772603 254 1230 12726
153782645 241 81 12728
153802723 245 125 12732
153822117 254 1602 12736
154033105 255 1440 12781
154074767 243 1943 12789
154604811 241 1139 12895
154620424 250 1593 12898
154818205 259 1312 12937
154828430 251 1601 12939
154982646 256 271 12972
155027537 254 1315 12982
155141167 259 26 13006
155151757 250 114 13008
155222375 252 125 13022
155227561 243 1876 13023
155300675 257 452 13039
155326124 257 1602 13044
155332368 250 447 13045
155372279 250 199 13053
155406655 241 828 13059
155517264 258 1837 13082
155521339 254 665 13083
155581199 241 180 13094
155667050 246 820 13110
155971710 250 811 13170
156044163 259 1678 13184
156352079 240 354 13247
156396167 243 955 13256
156413405 251 1763 13259
156477403 243 1959 13271
156542555 249 1312 13283
156547606 241 631 13284
156630155 254 1951 13301
156715913 253 1092 13317
156769327 244 227 13327
156940212 245 961 13363
156985616 248 1046 13372
157005962 257 423 13376
157168210 243 1057 13408
157279772 247 962 13432
157330877 250 1438 13443
157335989 245 16 13444
157467559 242 83 13469
157558817 257 1360 13486
157580064 249 546 13490
157658693 249 1386 13506
157668776 256 1165 13508
157677403 248 1688 13510
157722742 248 393 13520
157750053 241 1948 13527
157891964 248 1678 13556
157960588 247 194 13570
158026586 240 1763 13584
158085797 246 974 13596
158092297 250 985 13597
158161624 254 209 13611
158175382 250 1762 13614
158358614 257 870 13652
158395159 246 163 13659
158497556 259 1089 13679
158592860 253 1296 13699
158609763 256 74 13702
158642198 249 1490 13708
158862769 247 201 13753
158874016 258 411 13755
159150275 240 1424 13809
159246599 251 1515 13828
159398952 248 138 13856
159440353 245 1371 13865
159519312 259 1993 13880
159608052 243 1277 13897
159661137 241 547 13907
159745589 255 569 13924
159762439 248 74 13928
159832196 240 1122 13943
159962775 259 1089 13969
159978706 249 37 13972
160014247 253 1341 13980
160033387 249 606 13984
160102114 240 1754 13996
160107337 254 957 13997
160117442 257 133 13999
160277226 249 1739 14031
160324458 254 131 14040
160374405 245 1416 14050
160460489 244 1435 14069
160682900 258 1968 14114
160704988 257 1269 14118
160796213 242 542 14136
160884458 258 861 14154
161010585 259 1759 14179
161061771 252 1817 14189
161079072 248 144 14192
161182524 242 1317 14214
161328882 254 987 14245
161348457 255 1644 14249
161551814 241 1801 14291
161577243 255 665 14296
161878530 249 292 14356
162011344 256 1263 14382
162054556 254 1403 14391
162171381 248 1494 14413
162204039 256 1777 14420
162322544 246 945 14443
162372747 257 917 14453
162511937 244 2 14480
162624681 243 1133 14504
162642658 253 1872 14508
162705235 256 1563 14521
162762480 251 298 14532
162778600 244 1696 14535
162847313 249 1936 14548
162857487 259 1694 14550
162891341 248 464 14557
162972362 245 700 14574
163006395 259 1301 14581
163243113 253 1476 14628
163257837 250 9 14631
163468293 240 1611 14672
163517389 249 443 14682
163649509 255 515 14710
163656543 257 1434 14712
163672040 252 1806 14715
163687244 241 1517 14718
163701655 246 165 14721
163737031 255 90 14727
163842030 247 872 14747
163858094 244 1295 14751
163893402 248 1274 14759
163913775 255 290 14763
163947434 247 1528 14769
164010488 256 1519 14781
164019320 259 878 14783
164024213 258 1905 14784
164072583 251 983 14794
164159323 258 1223 14812
164175109 246 1012 14815
164216583 255 354 14823
164463902 255 1865 14874
164555120 241 852 14893
164578728 252 1555 14898
164654236 241 381 14914
164659717 249 1402 14915
164681369 259 1856 14920
164806609 242 1835 14944
164859753 246 1621 14954
164895782 241 1487 14961
164931803 246 904 14968
164988767 251 1974 14979
164993882 249 236 14980
164997174 248 988 14981
165165399 253 1968 15015
165241840 253 476 15030
165385370 251 1586 15059
165545872 251 1318 15091
165591400 253 462 15100
165623495 247 890 15107
165692886 246 1010 15120
165751113 249 1375 15131
165761420 247 651 15134
165770197 253 1951 15136
165840930 245 1293 15152
165871564 249 1106 15158
165991991 245 1754 15182
166133716 243 135 15211
166208249 259 1691 15227
166218253 258 434 15229
166223165 255 129 15230
166246861 240 1880 15235
166279021 258 672 15241
166318596 241 1357 15249
166372674 243 1203 15260
166498700 256 305 15286
166520373 257 1880 15291
166553216 250 1486 15298
166560277 255 979 15300
166737896 247 1828 15336
166774878 247 1797 15343
166789650 252 826 15346
166806014 248 1907 15350
166810933 251 968 15351
166880625 251 627 15365
166884852 240 693 15366
166916156 241 1939 15372
167059278 249 1851 15400
167160891 249 876 15420
167215179 259 1375 15431
167324673 240 1986 15453
167373458 252 720 15462
167520823 250 560 15493
167620335 258 1986 15513
167770004 243 829 15543
167784867 251 1685 15546
167895778 248 1867 15568
167948560 250 1045 15578
167962653 259 747 15581
167974575 256 1456 15583
168051589 245 1630 15597
168107978 256 1156 15609
168362453 254 980 15660
168425224 246 186 15672
168458734 256 1366 15678
168472477 242 708 15681
168518746 259 1320 15690
168545751 248 1089 15696
168564708 246 1009 15700
168867598 256 1369 15761
168956226 257 453 15779
169019816 251 503 15791
169054734 254 807 15799
169068683 252 1432 15802
169095456 255 528 15807
169103713 253 1141 15809
169144844 244 738 15817
169173752 253 1271 15823
169178810 246 1305 15824
169213296 258 300 15831
169437936 250 996 15876
169440346 258 951 15877
169625514 246 468 15913
169644832 240 1620 15917
169713144 245 1988 15931
169794176 242 391 15948
169966401 243 30 15985
170013472 253 24 15994
170125182 257 1554 16017
170209870 240 1515 16033
170229671 254 1948 16037
170239508 251 1800 16039
170489518 251 1418 16087
170558338 254 715 16101
170642670 248 1292 16117
170658752 257 1064 16120
170845621 242 1194 16157
170892159 259 1143 16167
170935833 254 628 16176
170955173 252 1046 16180
171000365 243 647 16189
171074260 243 1024 16205
171303808 240 830 16251
171384885 256 1578 16268
171491562 248 1461 16288
171573636 249 873 16303
171604294 249 71 16309
171716893 253 1063 16330
171741917 242 1742 16335
171838967 244 15 16353
171844596 259 110 16354
171863352 245 1393 16358
171881085 245 1019 16361
171896776 243 1671 16364
171983611 259 1948 16383
172012904 251 806 16389
172017710 254 935 16390
172276952 241 1231 16441
172347391 250 325 16455
172369933 246 786 16459
172380406 252 725 16461
172517792 242 181 16489
172586826 249 124 16502
172685482 253 464 16521
172698133 254 1274 16524
172803028 249 579 16545
173121492 244 297 16609
173164343 254 707 16618
173185721 248 900 16622
173272945 244 977 16639
173286553 240 1475 16642
173396937 247 1804 16664
173403437 250 225 16665
173581405 241 1793 16698
173615066 241 951 16704
173621428 253 1507 16705
173689422 246 1414 16719
173724605 240 722 16728
173787595 243 1506 16741
173858583 254 99 16755
174010916 251 403 16787
174028781 247 660 16791
174083675 245 1975 16802
174122526 259 1237 16810
174126262 256 1435 16811
174155840 254 563 16817
174168125 240 1801 16819
174309289 246 1753 16848
174321118 246 1242 16850
174374240 248 1691 16861
174520055 253 71 16891
174619152 257 320 16911
174623733 243 349 16912
174642402 259 295 16916
174846117 248 1851 16956
174873988 246 839 16962
174955524 259 293 16978
175052638 258 490 16996
175229288 241 1586 17031
175245544 244 1723 17034
175292638 259 745 17043
175337271 243 1971 17052
175477062 250 7 17081
175781167 251 1979 17140
175824792 241 208 17149
175840471 258 682 17153
175864954 252 384 17158
176031517 257 1400 17193
176203284 252 1535 17227
176334860 251 735 17254
176369305 250 1404 17261
176422760 249 1777 17271
176441410 241 1096 17275
176518730 245 271 17290
176615022 244 1882 17309
176638447 250 506 17313
176686515 257 1109 17323
176722415 250 935 17330
176742901 255 1936 17334
176863111 247 1640 17358
176953798 249 211 17375
177047687 257 377 17395
177129626 244 1547 17411
177268424 243 1035 17439
177521950 255 939 17490
177544674 247 6 17494
177659904 258 1772 17516
177731236 258 1458 17530
177755050 251 710 17535
177841437 256 172 17553
177866296 242 1265 17558
178017839 255 1742 17588
178073652 248 482 17599
178164120 245 349 17618
178245419 246 1973 17634
178275755 252 451 17640
178356413 258 251 17656
178452915 240 1669 17675
178475643 248 584 17679
178492049 251 403 17682
178503364 250 540 17684
178792060 246 873 17740
178894366 252 610 17761
179079501 246 886 17800
179085431 244 1659 17801
179140768 253 88 17812
179559358 246 1213 17896
179723906 246 384 17929
179774455 255 1611 17939
179887799 257 1665 17963
180096935 252 432 18007
180121865 256 1892 18012
180185110 241 1934 18025
180244408 249 894 18036
180272752 248 892 18042
180315710 252 1978 18051
180431269 259 85 18075
180469595 259 523 18083
180497982 254 141 18089
180701297 244 858 18129
180740450 251 1258 18137
180780894 259 1387 18145
180796142 253 617 18148
180820019 254 22 18153
181086656 247 1504 18206
181247402 255 198 18239
181356791 258 1855 18261
181369828 250 1045 18264
181520478 247 1864 18294
181589026 253 1300 18307
181624239 250 175 18314
181673758 255 832 18324
181938358 245 1173 18375
182029636 246 144 18393
182068290 251 325 18401
182208925 252 1203 18430
182219192 255 994 18432
182243578 256 457 18437
182277557 256 964 18444
182472123 255 635 18482
182776558 247 352 18543
182903119 255 1390 18568
182982364 241 924 18583
183032871 246 1451 18593
183059951 251 107 18598
183114721 259 671 18609
183150961 247 1813 18616
183211071 246 1954 18628
183251941 249 475 18636
183282197 245 555 18642
183461163 241 1419 18678
183528869 253 730 18692
183615013 256 1938 18710
183628327 242 1122 18713
183668741 240 1929 18720
183676026 241 1112 18722
183847472 253 1075 18756
184006013 247 1266 18787
184040125 257 1868 18794
184108853 242 1102 18808
184372451 256 1759 18859
184604775 247 573 18906
184672604 254 340 18919
184678592 253 259 18920
184725818 258 666 18929
184789059 242 1006 18942
185033614 249 641 18991
185142405 252 1929 19013
185164004 257 4 19018
185244159 248 1235 19035
185288531 248 636 19044
185415352 259 80 19068
185454307 242 1494 19076
185468018 247 937 19079
185564208 252 1355 19097
186159900 250 1279 19215
186170821 251 369 19217
186218378 254 512 19227
186257204 258 134 19235
186289369 259 248 19241
186317950 250 868 19247
186383465 249 1984 19260
186438676 240 1193 19271
186514398 257 405 19287
186518862 258 746 19288
186577875 252 1054 19300
186666160 240 530 19318
186802063 258 1746 19346
186825842 259 288 19351
186897415 241 1082 19366
186971556 240 1881 19381
187006356 256 1959 19388
187038662 254 267 19395
187066026 257 792 19400
187081010 255 1438 19403
187129083 259 381 19413
187287543 252 1235 19444
187291993 254 1260 19445
187336998 256 14 19453
187370870 255 1188 19459
187456591 249 1863 19475
187581658 256 1685 19500
187837725 253 1619 19550
187927965 258 1674 19567
188004657 244 1086 19581
188063531 257 240 19593
188068664 257 1216 19594
188457698 245 495 19670
188502130 245 1388 19679
188711105 250 1020 19722
188765464 249 790 19732
188837951 249 1406 19747
188849213 256 1 19749
188922504 257 30 19763
189052179 256 310 19789
189131240 247 534 19806
189331535 259 998 19847
189356576 250 1107 19853
189370167 247 657 19856
189375758 246 1183 19857
189494021 254 1791 19881
189499912 255 457 19882
189679702 245 1982 19918
189842926 246 108 19952
189855933 243 1864 19955
189982633 250 1797 19980
190033587 245 1940 19991
