161820 88 1069 7
1098148 97 1648 53
1122266 92 537 54
1637485 98 60 79
1850197 98 1575 90
2026667 84 1102 99
2064531 94 1566 101
2098892 96 428 103
2160737 80 1425 106
2399259 95 1746 118
2592487 97 740 128
2670127 89 684 132
3069454 81 1568 153
4207083 94 277 209
4475194 98 1992 222
5324646 88 1378 266
5341751 94 1096 267
5665254 83 421 283
6159576 96 1184 308
6215380 81 1608 311
6569109 91 1500 330
6749688 92 145 339
6881244 94 294 346
7138132 80 1359 360
7593194 99 967 384
7944378 86 962 402
8039805 83 379 407
8117942 98 354 411
8692052 92 1336 440
8741196 92 1281 443
9271966 91 811 472
9620841 89 1097 490
9883893 97 1779 502
10094189 89 133 513
10742627 98 1534 544
11268741 87 1381 570
12151564 86 452 615
12435302 84 900 629
12946234 84 1932 654
13502486 84 1387 682
13557014 95 1836 685
13696643 88 978 692
14229510 82 297 719
14685565 91 1695 743
15354209 83 1033 777
15455961 95 1477 782
15751595 94 571 796
15784569 84 1866 798
16258958 84 892 822
16380246 96 377 828
16549791 93 124 837
16718219 84 635 846
17318488 89 1735 876
17488407 86 359 884
17795662 86 1221 899
17926513 88 945 906
18096557 89 1470 915
18134813 97 1802 917
18650460 94 614 943
19008371 86 284 961
19067022 90 1956 964
19297582 91 50 976
19317057 83 8 977
19372455 88 473 980
19503767 81 1787 987
19921768 93 1186 1009
20290644 93 827 1027
20344798 99 55 1030
20540578 84 607 1040
21105290 90 998 1066
21655474 88 501 1095
22439790 90 1928 1134
22686889 80 960 1146
23412728 82 1956 1181
23431510 80 1399 1182
23778870 83 1428 1200
23794274 84 372 1201
23828642 82 1174 1203
24251348 87 1166 1224
24382831 92 1298 1231
24834150 98 1148 1254
25153663 87 1072 1269
25695471 93 1411 1298
25829770 95 1443 1304
25849252 99 1819 1305
25867325 86 405 1306
26002238 82 691 1312
26322116 94 524 1328
26479884 94 1175 1336
26597912 86 1328 1342
26790123 89 411 1352
27697143 83 1161 1398
27889362 98 424 1407
28434558 97 202 1435
28498759 86 1695 1438
29089104 88 1617 1468
29700819 93 1128 1498
29834109 98 661 1505
30856776 87 488 1554
30988470 92 594 1561
31147825 90 769 1569
31423377 83 1603 1583
31508742 96 612 1587
31549833 80 1782 1589
31855229 83 1902 1604
31897338 80 984 1606
32101304 86 612 1616
32725700 89 5 1648
33353057 91 1929 1679
33522993 85 905 1688
33726806 84 190 1698
34286876 85 1880 1727
34664789 87 891 1745
34765786 80 1505 1750
34804441 98 722 1752
35168326 98 326 1771
35546858 88 1765 1790
35798470 98 137 1802
36495501 85 673 1836
36656234 98 1281 1844
36962109 84 259 1859
37256481 93 1514 1874
37930368 81 986 1908
38024239 80 3 1913
38309662 97 194 1927
38745604 86 1185 1948
39091445 81 1388 1965
39349938 82 1908 1978
39405844 80 410 1981
39636442 84 1064 1994
39676559 82 1990 1996
39842995 92 1463 2004
39951907 90 821 2010
40434787 94 1533 2033
40911428 90 532 2057
41432920 85 1069 2082
41474806 95 1063 2084
41751626 83 767 2098
42584795 96 146 2140
42603285 84 1983 2141
42726857 95 1709 2147
42741857 85 375 2148
43212308 91 288 2171
43545037 86 207 2188
43697862 82 417 2196
43885154 89 973 2206
44037594 81 1156 2214
44395342 81 623 2231
44473271 82 570 2235
44645102 97 534 2243
44781323 82 275 2250
45707259 94 1437 2296
45741060 92 327 2298
46146272 99 1757 2318
46262881 93 813 2324
47069097 81 878 2363
47087481 90 5 2364
47262054 99 525 2373
47507978 96 671 2385
48132129 95 236 2416
48270607 97 647 2423
48409912 95 1277 2430
48546696 80 896 2437
49001234 87 139 2460
49017870 91 311 2461
49254317 86 252 2473
49467620 88 1691 2484
49672861 89 1963 2494
50006660 91 348 2510
50332739 82 1308 2527
50615761 99 987 2541
50703893 91 1115 2545
50925022 81 968 2556
50991169 99 666 2559
51608613 86 322 2590
52135991 90 1970 2616
52197317 82 1889 2619
52681169 93 553 2644
52877710 89 651 2653
53338750 91 457 2676
53607248 82 1315 2690
53883770 85 262 2703
53965280 98 1697 2707
54027937 93 1755 2710
54120203 80 125 2715
54769395 95 1503 2748
54809726 95 578 2750
55037111 90 589 2761
55236704 80 1470 2771
55499952 83 442 2784
55910513 92 832 2805
55974934 97 911 2808
56231285 93 1542 2821
56867579 90 1004 2853
57358131 97 1035 2877
57433292 99 100 2881
57604285 82 1261 2889
57833282 95 1829 2900
58244974 99 1675 2921
58291896 85 139 2923
58322781 92 196 2925
58477350 92 1140 2933
58781037 96 854 2948
59180067 84 1128 2967
59197774 93 15 2968
60007453 93 453 3007
60219533 96 1015 3017
60395731 90 1707 3026
60559287 92 475 3034
60660739 95 169 3039
60721554 89 139 3042
61478278 83 296 3081
61741796 95 1750 3093
62125654 89 325 3112
62429011 89 776 3127
62470137 87 1239 3129
63094528 98 282 3160
63692568 80 330 3189
64035482 85 547 3207
64196590 96 791 3215
64293303 95 1154 3220
64359160 90 529 3223
64643412 80 1959 3237
65046013 84 1260 3256
66034305 81 204 3303
66169681 99 1550 3310
66596843 84 1614 3331
67014861 94 1825 3351
67301511 96 1640 3365
67362861 92 1044 3368
67768041 85 1328 3387
67908959 92 1086 3394
67968767 95 415 3397
68275940 86 1263 3412
69211440 91 508 3460
69398072 99 1146 3470
69487842 93 1734 3475
69571223 89 1627 3479
69650477 88 714 3483
70185210 96 1695 3509
70354065 84 1500 3517
70374694 80 715 3518
71239668 88 1702 3561
71785127 91 1074 3589
72390106 99 1812 3619
72965366 89 711 3647
73472222 88 141 3673
73719464 92 862 3685
73967733 83 1285 3697
74157221 96 585 3707
74511199 99 520 3725
74782868 86 1799 3739
74932382 99 1795 3747
75199309 96 1254 3761
75489909 85 400 3776
75907284 94 1556 3797
76263567 82 483 3814
76319290 85 353 3817
76893129 92 345 3846
76979570 91 1474 3851
77081707 85 1861 3856
77172895 84 69 3861
77765942 87 1680 3891
78392955 86 468 3922
78515278 82 881 3928
78731412 95 1048 3939
78882895 81 1014 3947
79069178 90 836 3956
79536028 92 658 3979
79694932 84 1997 3986
79802588 84 1149 3991
80432048 85 119 4022
80553778 96 884 4028
80633915 80 168 4032
80697519 86 1679 4035
80716168 98 184 4036
80872390 85 1039 4044
81062691 85 613 4054
81308273 95 112 4066
81844322 87 1447 4093
82049385 86 962 4103
82086259 85 423 4105
82128045 95 321 4107
82150073 90 1035 4108
82684742 88 871 4135
83388197 85 235 4169
83545270 80 1017 4177
83631668 87 1977 4181
84383979 98 349 4218
85535057 87 1264 4274
85593132 80 377 4277
86479999 80 1327 4320
86967435 86 667 4343
87136568 84 1992 4351
87221330 81 27 4355
87662073 86 219 4378
88702961 81 530 4428
88881101 95 1821 4437
89026371 92 88 4444
89469286 81 987 4465
90133448 82 1450 4499
90153749 85 1269 4500
90188195 88 961 4502
90207035 97 515 4503
90398419 97 595 4512
90726849 88 224 4529
90915263 93 1540 4538
90976976 92 1042 4541
91128699 96 728 4549
91165881 91 412 4551
91496725 92 20 4567
91681926 89 1647 4576
91741832 94 568 4579
91871292 91 1548 4585
92006011 82 1338 4592
92095846 91 396 4596
92327197 80 1292 4607
92767107 86 1880 4630
92979913 81 750 4641
93023279 89 1023 4643
93082361 93 1827 4646
93099278 87 1266 4647
93366748 95 1480 4661
94194483 85 215 4702
94314605 98 120 4708
94959859 89 1218 4741
95023336 83 1524 4744
95066648 92 1172 4746
95237877 99 191 4755
95919225 81 403 4790
95956615 92 127 4792
96059920 99 403 4797
96499010 81 764 4819
96757600 93 1052 4832
97110260 99 771 4850
97806140 90 1209 4884
98343931 93 105 4911
99295062 94 106 4959
99842053 80 1570 4986
100094608 82 566 4999
100199985 83 75 5004
100511977 99 1164 5019
101533124 89 276 5069
102522466 89 204 5117
102919792 87 1540 5137
103150849 94 52 5148
103333354 82 62 5157
103404988 82 1594 5161
103443794 92 1670 5163
103815821 88 1907 5182
103978201 81 1597 5190
104125220 94 1764 5197
104305864 84 1873 5206
104660245 81 794 5223
104713805 94 222 5226
105174557 85 1046 5248
105298898 98 97 5254
105422301 98 137 5260
106000904 90 1664 5289
106024970 93 394 5290
106442864 90 1771 5311
106642898 81 1523 5321
106969258 83 1733 5337
107030341 89 949 5340
107130544 86 1433 5345
107199150 85 586 5348
107377280 93 131 5357
107881459 89 1626 5383
108448052 97 436 5410
108539587 93 1030 5415
108561003 90 618 5416
109176578 94 989 5447
109478316 87 1633 5461
110034394 95 1237 5489
110111223 97 1161 5493
110409870 82 973 5508
110942560 99 782 5536
111049285 91 1652 5541
111270493 95 757 5552
111327709 95 1537 5555
111496678 92 50 5564
111833737 91 817 5580
112111876 99 1157 5594
112776636 89 63 5627
112842427 83 1402 5630
112863473 99 1238 5631
113044525 95 397 5640
113346932 98 1131 5655
113513766 97 885 5664
113733031 81 1282 5675
114282995 97 24 5701
114406648 94 1921 5707
114442665 88 1340 5709
114668176 80 1046 5720
114966447 90 1396 5735
115444257 93 1248 5758
115928124 94 1726 5782
116182455 85 1916 5794
116410571 91 1064 5806
116861071 80 493 5829
117078005 89 1190 5839
117357050 84 363 5853
117433042 95 553 5857
117456055 92 718 5858
117739451 98 1145 5873
117880733 83 1767 5880
118124390 84 1332 5892
118179284 98 751 5895
118636328 92 15 5918
118815823 85 1641 5927
118876983 82 1444 5930
119027525 97 1405 5937
119049211 99 1832 5938
119554523 86 1230 5963
119827123 94 385 5977
119990532 89 1885 5985
120113876 85 1528 5991
120340634 81 1084 6008
120394575 86 754 6019
120604848 89 530 6062
120637250 96 352 6069
120658190 80 0 6073
120751793 99 1076 6092
120812115 92 1099 6105
120817690 88 821 6106
120847413 90 1648 6112
120969769 88 327 6137
120992518 94 1516 6142
121364638 98 1606 6218
121416590 80 1527 6229
121478485 85 957 6242
121484180 89 1336 6243
121680466 95 1710 6282
121686157 82 1455 6283
121828998 80 704 6312
122128489 83 673 6372
122239672 80 1132 6393
122248560 96 1201 6395
122283910 81 1800 6402
122308706 88 960 6407
122347723 96 308 6415
122427832 92 1898 6431
122437275 85 29 6433
122550048 83 59 6455
122590859 90 1952 6463
122615846 92 57 6468
122682656 96 987 6480
122781987 98 779 6502
122973445 97 979 6541
123035840 83 204 6554
123104351 85 249 6566
123127578 93 1070 6571
123163612 82 1193 6578
123251398 93 1164 6597
123377643 83 1354 6623
123389200 92 967 6626
123444653 86 1961 6638
123496632 95 1604 6648
123578477 97 22 6664
123666721 95 618 6683
123670729 94 973 6684
123761415 91 1845 6701
123841393 99 484 6717
123891114 94 1474 6727
123996673 84 511 6748
124407560 99 679 6830
124498436 89 1437 6847
124562385 96 885 6860
124712266 94 908 6891
124746166 84 1884 6898
124867559 83 1390 6922
124955040 81 544 6939
124982389 91 1163 6945
125003003 94 542 6949
125020833 90 698 6953
125034827 92 1614 6956
125094223 93 1004 6968
125110849 84 1023 6972
125115179 97 1846 6973
125160238 81 1585 6982
125314548 92 1450 7014
125327005 89 80 7016
125434736 89 458 7036
125608313 99 408 7069
125617682 90 1686 7071
125626629 95 60 7073
125926671 80 731 7133
126066720 96 1371 7160
126177594 85 694 7183
126291206 90 1144 7206
126340958 93 867 7216
126384606 86 678 7226
126432218 90 159 7235
126446255 86 737 7238
126481562 82 1598 7245
126574990 93 686 7263
126617631 82 1071 7272
126686792 93 1456 7287
126889606 83 1802 7329
126988585 95 1093 7350
127023366 90 1687 7357
127091478 91 1397 7372
127146358 96 1941 7383
127157982 97 934 7385
127354372 90 280 7424
127457018 86 1905 7445
127524346 89 629 7458
127557973 82 879 7466
127617019 99 1112 7477
127630820 86 1933 7480
127916381 98 541 7537
127969115 81 1124 7549
128148802 92 324 7585
128212472 84 976 7597
128221965 91 972 7599
128290759 81 902 7613
128300839 90 1971 7615
128350601 87 1188 7625
128425445 95 1710 7639
128517634 96 815 7657
128522385 81 1121 7658
128556760 86 1607 7666
128617060 98 683 7679
128789923 95 1709 7713
128856455 95 465 7726
128867624 83 214 7728
128895280 85 1241 7733
129000824 80 288 7754
129029345 95 1095 7760
129117724 98 324 7777
129144596 90 1035 7783
129285206 85 769 7811
129331790 86 1483 7820
129351904 96 1678 7824
129437633 89 1119 7842
129443044 99 1083 7843
129585615 84 1147 7874
129641076 89 1574 7885
129650756 81 705 7887
129660546 82 1637 7889
129687936 88 685 7896
129713271 80 864 7901
129735479 99 1892 7905
129820566 88 156 7922
129872623 88 449 7932
129939676 93 733 7945
130018696 92 906 7962
130154461 88 386 7988
130170404 82 507 7991
130614276 93 691 8079
130631451 86 569 8083
130650260 87 1394 8087
130668575 99 1547 8091
130786835 95 775 8116
130796854 80 1686 8118
130809400 90 939 8121
130953756 86 1261 8151
130962439 82 765 8153
130978072 81 1277 8156
131006062 92 1699 8162
131056138 87 1387 8173
131089526 93 1272 8179
131216052 88 649 8204
131237515 87 1090 8208
131486810 94 1225 8259
131531567 93 147 8267
131552017 89 1735 8271
131567121 90 1768 8274
131606241 92 1572 8282
131711420 92 1304 8302
131724176 83 1043 8305
131764475 99 206 8313
131849379 81 1191 8332
131931419 83 361 8350
132049974 93 289 8374
132198733 89 1230 8403
132220385 85 999 8407
132233162 94 763 8410
132308890 95 68 8426
132392221 86 1369 8443
132446390 95 1588 8453
132505325 83 1907 8465
132524511 86 1639 8469
132550361 80 370 8474
132558347 87 987 8476
132589938 99 1943 8483
132608993 82 1458 8487
132618535 86 1725 8489
132705707 95 608 8508
132729303 94 709 8513
132799377 96 739 8527
132803064 91 1686 8528
132828188 98 1189 8533
132869649 81 1884 8542
132903488 99 689 8549
132930705 87 232 8555
132999705 87 116 8570
133018015 95 131 8574
133138958 89 1893 8598
133155929 93 1621 8602
133161907 99 1877 8603
133176926 93 1625 8606
133237839 94 1558 8618
133252176 96 135 8621
133485068 91 1438 8667
133523275 81 360 8674
133790739 98 456 8728
133796598 88 1605 8729
133833755 86 691 8736
133971488 80 967 8761
134099206 91 893 8788
134304687 89 1946 8827
134361858 88 376 8839
134564781 99 1438 8882
134665003 94 890 8901
134669795 88 1688 8902
134824576 84 139 8932
134996270 84 963 8967
135008316 97 916 8969
135036673 80 920 8975
135172505 95 1172 9000
135241315 90 995 9015
135293382 84 313 9025
135308986 81 204 9028
135390204 94 75 9044
135394589 89 1367 9045
135409125 80 1766 9048
135450259 92 1514 9056
135520793 88 1250 9070
135652838 81 1217 9096
135683081 88 621 9102
135888980 86 364 9142
135904492 93 1981 9145
136075507 96 1643 9178
136113493 93 1176 9185
136140053 96 1909 9190
136293874 80 883 9222
136299095 85 1719 9223
136354226 80 665 9234
136370901 95 371 9237
136497402 84 808 9262
136732696 85 1888 9307
136802574 88 405 9320
136859810 84 1063 9332
136868468 97 1271 9334
137018631 98 1474 9364
137039594 84 1340 9368
137107010 94 200 9382
137136710 91 1078 9388
137317720 80 1176 9424
137484666 87 756 9457
137495573 92 1226 9459
137527828 96 702 9466
137710601 83 935 9502
137952421 98 410 9549
137974960 86 470 9554
138033935 97 1322 9566
138040311 80 1166 9567
138055053 88 1894 9570
138153909 99 1721 9589
138168697 93 452 9592
138416420 94 1068 9640
138565305 85 96 9670
138681029 97 1143 9695
138691748 87 1836 9697
138701408 91 579 9699
138816649 93 1171 9722
139100493 81 863 9778
139120959 90 1346 9782
139266485 84 223 9811
139325095 85 931 9823
139606078 99 1129 9878
139638178 91 1619 9885
139701178 80 1014 9898
140054959 97 244 9970
140179087 93 1493 9996
140220304 92 309 10004
140224506 86 479 10005
140314282 99 466 10023
140362889 90 913 10033
140373167 83 246 10035
140498171 98 845 10061
140646222 90 10 10092
140835630 99 498 10129
141066568 89 1551 10175
141213330 82 915 10205
141236219 87 1780 10210
141240362 82 198 10211
141284135 94 1198 10220
141376281 95 243 10237
141414030 92 630 10245
141522648 86 183 10266
141682018 82 772 10298
141714005 99 1803 10304
141812230 99 221 10323
141840161 84 1500 10329
141849079 91 1188 10331
141896945 84 1126 10341
141935135 87 1430 10349
142035321 82 1423 10369
142070833 93 1637 10377
142272025 99 721 10418
142292943 84 1479 10422
142310384 83 1600 10425
142314777 81 338 10426
142415868 98 1639 10445
142509460 89 628 10464
142531429 84 1976 10468
142817556 88 1371 10526
142922173 94 577 10546
143006397 83 1295 10562
143097610 97 1934 10581
143113848 92 537 10584
143117741 92 1382 10585
143164184 82 1528 10594
143339894 87 1997 10627
143354224 85 968 10630
143401926 94 1758 10639
143413628 95 1031 10642
143462337 87 125 10652
143495095 90 194 10658
143507393 93 76 10661
143532345 88 155 10667
143566699 84 1056 10674
143596501 90 265 10680
143644687 88 794 10690
143704443 82 920 10701
143826452 91 1679 10726
144067770 96 1190 10774
144249036 97 147 10813
144365245 91 277 10837
144370881 86 648 10838
144434841 94 1021 10851
144468620 95 444 10858
144493220 85 1545 10863
144647112 96 1543 10894
144674946 84 1434 10900
144719472 93 1914 10909
144748411 83 1975 10915
144753803 84 352 10916
144791198 90 187 10923
144796687 92 1333 10924
144877487 93 1480 10941
144888808 99 550 10943
144976814 93 1742 10960
145017712 97 1272 10969
145087127 82 917 10983
145243431 94 1834 11015
145248792 99 1698 11016
145270574 82 761 11020
145281583 90 1117 11022
145407324 96 1337 11048
145497177 87 802 11065
145531074 89 1664 11072
145739637 98 1743 11114
145832007 83 997 11133
145879739 88 501 11143
145897004 87 603 11147
146013364 83 971 11170
146022656 93 314 11172
146098717 83 260 11188
146128800 80 1062 11194
146142830 85 1329 11197
146201735 89 1417 11209
146239404 98 60 11216
146415250 97 580 11250
146468365 89 1183 11261
146490753 81 1553 11265
146639899 86 991 11296
146654604 96 1843 11299
146726230 93 11 11312
146753493 94 61 11317
146770580 85 861 11320
146899316 93 1734 11345
147192525 89 861 11404
147490287 99 468 11461
147560913 85 1906 11475
147572073 85 1643 11477
147621094 87 1692 11487
147680840 95 353 11498
147697102 99 1393 11501
147944406 97 1807 11551
148043938 92 830 11572
148094797 93 1492 11582
148139491 90 1560 11592
148169242 85 1032 11598
148207973 93 792 11606
148258152 87 1670 11615
148408506 92 368 11645
148430753 86 803 11650
148597104 89 666 11686
148774625 96 1478 11723
148892144 80 531 11746
148916917 84 705 11751
149010602 84 1498 11771
149016992 95 1684 11772
149125888 96 504 11794
149138244 80 1232 11796
149146854 82 992 11798
149158876 91 1578 11800
149346995 81 207 11838
149455923 99 1662 11860
149543059 83 1180 11877
149662973 82 1587 11901
149725794 90 393 11913
149761242 88 890 11920
149876639 97 476 11944
149904123 80 827 11950
149943275 97 958 11957
149976091 92 1113 11963
150070142 90 42 11982
150091271 91 499 11986
150150328 83 890 11998
150195170 96 548 12007
150317612 97 1740 12030
150373511 93 1981 12042
150434419 91 480 12053
150465211 99 999 12059
150680352 86 477 12103
150716550 93 919 12110
150771123 87 1988 12121
150807693 81 1908 12128
150837789 94 1721 12134
150929231 86 3 12152
150973852 97 919 12161
151103501 99 1038 12186
151147516 92 1181 12194
151207168 80 1435 12207
151282009 89 526 12221
151401673 99 766 12246
151419615 85 617 12250
151437481 90 1192 12254
151452855 93 1200 12257
151470657 89 1008 12261
151650782 97 1796 12297
151863353 87 1759 12341
152122379 98 1993 12395
152146500 89 56 12400
152211159 88 891 12414
152310303 88 758 12434
152368606 99 1306 12445
152556004 99 1378 12481
152567232 90 840 12483
152586457 82 1906 12487
152942844 87 1128 12558
152986830 93 392 12567
153213676 90 1332 12612
153353823 81 661 12639
153440469 81 486 12656
153472002 81 1364 12663
153501963 90 296 12669
153554113 98 1524 12679
153647456 87 471 12699
153685041 95 434 12707
153693710 91 861 12709
153739811 98 1875 12719
153757981 84 1598 12723
153857896 91 1751 12743
153916520 98 605 12756
153980218 93 241 12769
154147351 83 1108 12803
154167765 94 739 12807
154187488 98 1605 12811
154198163 84 700 12813
154375305 82 573 12849
154745775 96 1357 12923
154763335 89 1394 12926
154803378 99 1698 12934
154838460 82 1403 12941
154910270 88 1947 12956
154922282 86 1268 12959
154972766 92 980 12970
154990672 89 1989 12974
155246480 99 547 13028
155390825 91 1316 13056
155395616 98 372 13057
155512058 94 995 13081
155613001 92 485 13099
155648988 92 1833 13106
155654102 95 1367 13107
155657417 90 708 13108
155702960 92 955 13117
155843814 85 526 13144
155875372 82 494 13151
156033235 94 568 13182
156092684 92 1784 13194
156180851 86 1506 13212
156336208 88 1993 13244
156572099 92 1928 13289
156597884 98 467 13294
156610913 90 569 13297
156710414 96 1321 13316
156784063 94 1106 13330
156793119 99 1935 13332
156853232 99 118 13344
156861396 80 812 13346
156960622 89 144 13367
156970775 82 920 13369
156989617 87 1227 13373
157075858 99 633 13390
157081385 88 1065 13391
157118694 90 626 13398
157151503 84 1177 13404
157257333 82 1339 13428
157299230 85 1458 13436
157376692 90 741 13452
157397050 87 1952 13456
157422862 94 1868 13461
157455556 94 116 13467
157473101 86 1227 13470
157537518 88 1263 13482
157643479 98 1399 13503
157673725 96 599 13509
157679958 82 129 13511
157702898 94 295 13516
157707631 97 1191 13517
157712236 83 1489 13518
157775840 98 582 13533
157784639 92 620 13535
157854376 84 896 13548
157876858 87 1944 13552
157936320 94 973 13565
157955552 86 546 13569
157980614 93 1325 13574
158002383 95 355 13579
158034033 84 538 13586
158081111 97 1657 13595
158118149 82 270 13602
158150472 92 571 13609
158195471 81 305 13619
158207577 90 909 13622
158234787 84 9 13627
158343847 93 375 13649
158363345 81 1424 13653
158810793 96 1932 13743
158826001 93 1298 13746
158846526 89 1760 13750
158917579 88 1690 13764
158938130 80 1266 13768
158943238 95 1521 13769
159058452 93 892 13791
159104885 98 1653 13800
159139047 87 1138 13807
159208098 80 1362 13821
159413159 96 1932 13859
159523330 80 504 13881
159557732 82 95 13888
159596279 83 1167 13895
159645134 81 1809 13904
159656136 95 1390 13906
159706124 83 1856 13916
159824621 92 1851 13941
159855309 97 37 13948
159881598 81 290 13953
159940990 89 1403 13964
159951054 87 934 13966
159972429 84 1855 13971
159994606 81 1263 13975
160136510 88 1653 14003
160196518 98 1171 14015
160250558 82 656 14026
160260962 82 239 14028
160272122 88 110 14030
160353728 80 1861 14046
160435909 88 310 14063
160451762 93 1089 14067
160493408 95 1600 14076
160529775 94 107 14083
160540108 82 428 14085
160543505 89 900 14086
160580786 88 246 14093
160721020 96 1697 14121
160747897 81 69 14126
160783218 86 1092 14133
160857948 80 1790 14148
160942671 87 70 14166
160983677 89 1498 14174
161036772 95 834 14184
161163766 92 1255 14210
161194025 94 1220 14217
161215747 96 429 14222
161278465 89 505 14234
161339474 91 1622 14247
161466242 97 1258 14274
161608164 96 835 14302
161690810 81 1924 14319
161785631 94 1741 14338
161831169 83 920 14347
161925865 90 1802 14366
161932216 88 805 14367
162041103 86 1461 14388
162068365 86 331 14394
162108663 94 260 14401
162230108 89 1282 14425
162257061 85 62 14430
162278971 95 897 14434
162388456 83 1669 14456
162405148 95 170 14459
162425156 80 350 14463
162453196 85 1918 14469
162582140 97 904 14495
162807950 80 1346 14541
162919270 91 376 14563
162976999 89 940 14575
163014846 97 323 14583
163036640 97 1014 14587
163128726 86 788 14606
163200948 97 1548 14620
163252181 85 415 14630
163304767 99 325 14641
163341347 89 283 14648
163349322 96 233 14650
163381617 88 1056 14656
163483803 90 299 14675
163493820 85 265 14677
163581943 86 969 14696
163591940 97 166 14698
163611821 81 1961 14702
163682238 89 1221 14717
163712820 86 1345 14723
163725357 84 1644 14725
163731857 98 1662 14726
163958129 86 1359 14771
163991241 94 233 14777
164253379 83 167 14831
164299684 93 80 14841
164320242 97 458 14845
164530836 99 310 14888
164564189 81 1590 14895
164574678 84 1356 14897
164667916 92 852 14917
164820960 98 1974 14947
164876166 96 129 14957
164943427 82 188 14970
164969441 83 860 14975
164978792 89 351 14977
165001558 91 455 14982
165017654 88 1499 14985
165035409 97 242 14988
165448744 83 1043 15072
165470441 90 657 15076
165564258 82 1335 15095
165594828 89 396 15101
165738642 94 1134 15129
165754293 88 1075 15132
166094645 93 1754 15203
166173692 90 1775 15219
166186101 93 1510 15222
166354647 94 644 15256
166452787 92 1877 15277
166481268 91 857 15283
166535498 86 373 15294
166607428 83 890 15310
166693455 91 315 15326
166802401 84 1785 15349
166902929 91 588 15369
166945705 85 1524 15378
167127708 97 1928 15413
167241351 96 230 15436
167310574 83 413 15450
167329046 98 1464 15454
167339236 95 1835 15456
167435402 86 1943 15475
167451789 98 1388 15479
167484598 99 268 15485
167535638 89 30 15496
167644126 87 169 15518
167775251 92 1137 15544
167863029 81 1956 15561
167907480 84 1181 15570
167918546 89 447 15572
167927632 95 644 15574
168017819 83 1560 15591
168039665 80 1235 15595
168145869 93 1078 15617
168216642 87 1416 15631
168335282 91 342 15655
168371889 86 403 15662
168574386 83 595 15702
168579339 86 1636 15703
168721936 91 1545 15732
168967482 80 1075 15781
169113307 84 1992 15811
169119807 80 1475 15812
169206796 93 205 15830
169217077 82 1718 15832
169278239 80 1057 15844
169283592 91 1595 15845
169340197 98 1339 15857
169405892 82 1857 15870
169425961 90 1172 15874
169467168 83 1063 15882
169516295 85 344 15892
169556860 88 423 15899
169670072 95 1351 15922
169878315 92 1615 15966
169923454 88 1337 15976
170008523 93 1961 15993
170056765 98 751 16002
170059961 90 354 16003
170103684 91 834 16012
170121040 93 1188 16016
170130800 90 921 16018
170217850 98 1818 16035
170234691 91 1984 16038
170286245 87 347 16048
170341599 97 1816 16059
170397546 98 1839 16070
170407520 87 1188 16072
170446342 82 1284 16080
170508854 97 718 16091
170619430 96 1564 16113
170670746 90 1668 16122
170675205 92 981 16123
170686206 94 1200 16125
170702485 82 933 16128
170896797 86 289 16168
170911362 87 1068 16171
171084995 90 1006 16207
171102001 87 233 16210
171141148 95 1920 16218
171192518 89 1453 16228
171517592 84 1694 16293
171521968 88 584 16294
171559116 88 1260 16300
171582934 97 1638 16305
171633827 89 36 16314
171781379 90 1060 16342
172035106 94 1953 16393
172040114 99 1604 16394
172045345 80 1858 16395
172173030 86 1270 16420
172233800 89 1816 16432
172238838 88 1656 16433
172309492 86 656 16447
172343200 97 173 16454
172353398 84 378 16456
172466096 86 1330 16478
172562037 85 672 16498
172641951 91 1780 16513
172692050 84 659 16523
172745658 96 1789 16533
172847698 97 1212 16554
172869761 80 1723 16558
172889780 90 162 16562
172927575 82 106 16570
173017119 93 377 16588
173086426 87 577 16602
173096139 99 406 16604
173307611 80 5 16646
173422612 82 460 16669
173477343 83 921 16679
173594405 86 318 16700
173740686 95 744 16731
173759117 86 1427 16735
173763520 88 152 16736
173810956 96 786 16746
173828361 88 1231 16749
173838361 86 490 16751
173888339 81 536 16761
173897695 90 1284 16763
173902254 81 1027 16764
174063802 93 1444 16798
174147452 97 332 16815
174273133 91 1381 16841
174281596 90 1718 16843
174337965 81 700 16854
174391213 98 779 16865
174431500 84 860 16874
174493964 91 236 16886
174509644 99 1749 16889
174603506 84 1448 16908
174748446 83 478 16937
174789470 94 1192 16945
174808581 81 50 16949
175007193 96 1321 16987
175183077 99 1086 17022
175254922 85 1184 17036
175399660 98 854 17064
175519924 83 84 17089
175542264 81 1868 17093
175606943 94 318 17105
175620978 94 888 17108
175658144 83 763 17115
175673163 98 300 17118
175715568 86 513 17126
175725598 95 1926 17128
175765286 80 1930 17137
175854617 81 934 17156
175897185 99 1954 17165
175908509 90 1141 17167
175928116 81 961 17171
176062919 87 1262 17199
176067032 87 396 17200
176105679 98 478 17208
176296495 89 391 17246
176469571 99 1554 17281
176539407 88 1878 17294
176549245 97 1479 17296
176593467 81 431 17305
176620809 86 695 17310
176675115 86 257 17321
176732603 97 1496 17332
176855456 86 418 17356
176910689 84 1184 17367
176923021 86 1707 17369
176984455 86 332 17382
177277937 88 1966 17441
177303510 87 1570 17447
177342673 91 285 17454
177402789 82 1343 17466
177429404 80 1303 17471
177550132 88 837 17495
177568364 93 297 17499
177653413 91 802 17515
177687457 80 1537 17521
177810578 92 1895 17546
177837970 95 1231 17552
178080152 85 526 17600
178128332 91 221 17611
178236107 96 1870 17632
178332219 91 218 17651
178435018 88 946 17672
178840699 85 766 17750
178869785 89 331 17756
179050881 87 318 17794
179073946 87 1018 17799
179100331 87 684 17804
179115797 90 403 17807
179301104 93 140 17844
179328599 99 726 17849
179365402 81 215 17856
179388680 94 419 17861
179399796 87 137 17863
179469805 96 1013 17878
179529444 96 902 17890
179667663 97 994 17917
179779105 94 434 17940
179800351 93 925 17944
179809988 87 1526 17946
179899338 94 1471 17965
180019227 95 519 17991
180131969 85 610 18014
180204022 87 188 18029
180454953 99 30 18080
180459602 80 1635 18081
180597610 94 1613 18109
180619255 92 126 18114
180705159 88 1802 18130
180731095 96 1768 18135
180735284 92 1950 18136
180791285 99 1703 18147
180807715 93 13 18150
180977869 91 194 18184
180980382 98 543 18185
181015895 87 1006 18192
181154314 91 278 18220
181170456 93 683 18223
181218670 88 398 18233
181288923 81 542 18247
181348001 90 957 18259
181412773 96 1942 18272
181496651 93 894 18289
181668965 87 1315 18323
182023136 94 1575 18392
182036136 81 19 18394
182127660 94 733 18414
182263717 90 1794 18441
182312631 95 1968 18450
182335992 94 1478 18454
182351104 82 1682 18457
182521525 83 1941 18492
182576249 93 254 18503
182672156 84 1519 18522
182727530 80 411 18534
182760657 92 1797 18540
182826191 99 1730 18553
182830804 94 1749 18554
182987416 85 1520 18584
183012304 88 1828 18589
183054968 85 520 18597
183072473 84 286 18600
183080719 88 229 18602
183156265 89 573 18617
183176786 92 1837 18621
183181222 80 407 18622
183222749 98 40 18630
183234171 98 175 18632
183263121 81 1170 18638
183491282 98 1778 18684
183495515 94 220 18685
183583925 81 1149 18703
183713616 94 1023 18730
183727129 93 902 18733
183750591 97 596 18738
183761988 80 1003 18740
183856876 97 466 18758
183880213 82 1266 18763
184002402 91 1954 18786
184071897 82 1008 18800
184193632 98 136 18824
184290250 82 1454 18843
184336934 85 1589 18852
184413025 87 322 18867
184517828 96 1464 18888
184565507 87 1825 18897
184573300 83 520 18899
184581807 80 1134 18901
184649017 92 285 18915
184742456 82 1076 18933
184777965 83 452 18940
184816544 90 1180 18947
184834094 91 940 18950
184932160 82 318 18970
185029664 96 78 18990
185043228 99 1186 18993
185120683 98 1538 19008
185158308 84 305 19017
185234725 89 1919 19033
185275042 83 657 19041
185329319 92 1503 19052
185409205 83 697 19067
185499953 94 1411 19085
185526851 84 1526 19090
185843888 83 1779 19152
185886893 89 1627 19160
185891741 87 1980 19161
185919246 86 85 19167
185966208 99 857 19176
186044766 95 1073 19192
186128518 88 959 19209
186210555 87 1401 19225
186221235 99 1499 19228
186328598 91 1973 19249
186343894 86 772 19252
186358920 80 1976 19255
186465112 97 195 19277
186469710 85 1754 19278
186509666 82 1968 19286
186529345 92 664 19290
186606079 90 1123 19306
186719544 87 199 19329
186729124 89 1446 19331
186788055 89 1235 19343
186811803 82 1876 19348
186842589 89 1613 19355
186886500 98 1477 19364
186982295 89 1039 19383
187010699 98 983 19389
187028782 83 411 19393
187390839 89 1640 19463
187429573 92 1416 19470
187445774 85 1077 19473
187505445 96 286 19485
187681485 97 1161 19519
187698442 92 79 19522
187703356 81 861 19523
187821016 85 117 19547
187863941 84 1827 19555
187968813 88 1555 19575
188008769 80 1144 19582
188014756 90 958 19583
188025557 90 1270 19585
188048254 93 1096 19590
188145974 88 1509 19609
188276586 97 1133 19633
188325558 90 236 19643
188467456 82 928 19672
188565217 82 1303 19693
188687990 98 371 19717
188843106 80 719 19748
188891565 95 908 19757
188998657 88 1609 19778
189015471 97 1016 19782
189019989 82 1533 19783
189084871 97 1504 19796
189116086 89 1291 19803
189166877 84 21 19813
189317502 96 1650 19844
189448546 89 336 19872
189469555 85 690 19876
189736148 99 727 19929
190049259 85 1805 19994
