19615 289 123 0
60400 287 1777 2
629617 283 1811 30
901342 291 612 43
975327 295 784 47
997110 292 1330 48
1078030 289 1819 52
1225317 294 1488 59
1696637 285 476 82
1740146 294 1436 84
1757474 280 1163 85
2553923 281 1308 126
2821358 291 1696 140
2840647 284 625 141
3444153 289 362 172
3581738 282 1269 179
3601309 295 246 180
5964235 297 1281 299
6329904 293 1862 317
6480680 289 695 325
6822181 291 1695 343
7985630 291 182 404
8192451 283 420 415
9900109 287 873 503
9920678 285 1655 504
10943045 286 1434 554
11633341 282 58 589
11866263 283 994 601
12094919 291 500 612
12414030 296 1776 628
12621259 293 723 638
12646259 291 1403 639
12665214 285 1671 640
12859261 280 1335 650
12927246 294 446 653
14035174 292 1458 709
14498216 280 920 733
14552841 297 1393 736
14779635 295 420 748
14860557 294 331 752
16004392 281 1177 809
16293538 291 262 824
16433435 289 1634 831
16476056 293 833 833
16681983 282 802 844
16936682 292 1947 857
17145478 284 24 868
17423991 293 723 881
17692654 285 1991 894
18081557 281 657 914
18549407 294 1980 938
18706816 287 305 946
18983685 286 1318 960
19137015 294 447 968
19560791 294 1661 990
20443003 295 665 1035
20480647 283 1120 1037
21186972 288 1418 1070
21490572 282 60 1086
21783605 281 1972 1101
22141041 294 252 1119
22236450 281 652 1124
22745808 298 831 1149
22871862 293 469 1155
22959417 281 944 1159
23516692 288 605 1187
23671683 286 1618 1195
23755949 291 1383 1199
24610083 287 103 1242
24705153 280 22 1247
24966612 281 1124 1260
26066306 284 1784 1315
26085792 294 327 1316
26262176 283 595 1325
26341502 287 1619 1329
26361283 288 1732 1330
26464884 291 1317 1335
26689864 298 1889 1347
26918949 290 810 1358
26969239 291 1410 1361
27288503 298 1495 1377
27502836 286 1447 1388
27784026 286 1366 1402
27827806 286 611 1404
27927954 291 1461 1409
28115676 291 1231 1418
29598328 281 1528 1493
29657335 290 284 1496
29774736 294 0 1502
29956509 287 1397 1511
30038419 297 356 1515
30231104 283 1140 1524
30252711 291 1961 1525
30291699 280 1424 1527
31594492 287 38 1591
32187935 287 1135 1621
32372056 282 1854 1630
32407275 289 1905 1632
34092838 290 948 1717
34191429 291 1959 1722
34373859 292 123 1731
34876065 280 1442 1756
35322183 289 947 1779
35481069 297 641 1787
35673268 293 801 1796
35843571 280 1215 1804
35912576 298 1145 1807
36568195 284 582 1840
37002522 293 717 1861
37092333 288 1348 1866
37133021 295 1295 1868
37319082 292 689 1877
37682353 290 895 1895
38609439 296 218 1941
38844849 292 74 1953
39328302 288 548 1977
39583650 287 1 1991
39826798 293 1825 2003
39936907 289 1196 2009
40085143 292 931 2016
40104522 288 726 2017
40283830 294 245 2026
40978044 283 888 2060
41388627 280 226 2080
42318802 290 33 2126
43361091 280 1288 2179
43578766 280 1294 2190
44801925 289 314 2251
44903665 291 1760 2256
45566809 291 19 2289
45687117 289 1977 2295
45759903 285 1783 2299
45799740 290 870 2301
45934091 290 267 2308
46203350 298 1158 2321
46917871 297 1139 2356
47468248 295 1376 2383
47639763 281 1626 2391
48153612 286 1007 2417
48171123 281 115 2418
48191670 283 410 2419
48329056 293 1371 2426
49199686 281 1264 2470
49427132 284 423 2482
49577073 286 179 2489
49842524 281 1542 2502
50277171 295 1439 2524
50597558 297 563 2540
50903180 293 1875 2555
51256819 293 1337 2572
51305656 281 1029 2575
51626989 287 1354 2591
51831994 297 1908 2601
52004902 285 1604 2610
52769068 291 1126 2648
52814958 281 1369 2650
53251983 291 420 2672
53373321 293 1439 2678
53446837 294 1287 2682
53647391 281 613 2692
54008062 285 961 2709
54373399 287 1755 2728
54732972 282 658 2746
54752193 286 140 2747
54868463 282 1621 2753
55318047 283 1069 2775
55418931 289 907 2780
55433931 289 686 2781
55623410 293 420 2790
55716536 283 508 2795
55753421 298 36 2797
56209963 288 259 2820
56675141 293 1747 2843
56924939 283 1237 2856
57246974 283 550 2872
57522158 283 880 2885
57704682 282 1007 2894
58362476 280 1573 2927
58820391 292 298 2950
58904716 293 252 2954
59283220 288 796 2972
59520174 284 338 2983
59622284 287 718 2988
59831043 290 1822 2998
60092833 293 817 3011
60128914 280 139 3013
61359854 283 794 3075
61567705 284 972 3085
61896976 288 1889 3101
62446521 290 313 3128
62628250 293 1891 3137
62728046 281 1434 3142
62749400 298 1204 3143
62979889 292 1524 3154
63439240 297 1158 3177
63792174 281 1110 3194
63982366 283 1084 3204
64181493 291 880 3214
64252147 286 1797 3218
64274624 286 834 3219
64514804 290 1288 3231
64724676 286 1526 3241
64739676 294 711 3242
64762119 292 433 3243
64810161 295 876 3245
64830142 284 1774 3246
64880142 280 1249 3248
65620504 280 1431 3283
65709383 294 1911 3287
66094898 285 960 3306
66474804 289 363 3325
66543163 296 525 3328
66703423 297 990 3336
66852216 281 1529 3343
67723201 288 1101 3385
68311325 291 469 3414
68331867 292 284 3415
68489404 283 1853 3423
69285302 285 1674 3464
69856049 291 203 3493
70619218 284 984 3531
70933729 290 1219 3546
70949041 285 1680 3547
70967280 283 775 3548
71010509 285 79 3550
71113847 289 550 3555
71464612 282 806 3573
71589289 291 1719 3579
71874969 292 1636 3594
72004761 285 115 3600
72028568 281 1457 3601
72880199 290 1315 3643
73553506 297 1605 3677
73615300 284 165 3680
74041352 288 1669 3701
74344168 285 65 3717
74494276 297 466 3724
74820053 296 1122 3741
75162525 287 424 3759
75641265 282 1544 3783
76116020 281 102 3807
76201651 297 1709 3811
76416635 291 1697 3822
76615241 294 608 3832
76650475 281 303 3834
76693534 280 563 3836
77956421 280 1757 3900
78417021 291 951 3923
79020990 293 739 3954
79112599 296 1122 3958
79156334 292 258 3960
79322867 294 1395 3968
79573208 298 1 3981
80675124 292 951 4034
80789857 284 56 4040
80928222 284 614 4047
81658653 291 498 4084
81930446 293 748 4097
82270785 296 818 4114
82732591 282 1016 4137
83008532 291 1523 4151
83084381 284 788 4155
83104519 283 1299 4156
83127140 285 1601 4157
83366423 286 533 4168
83528010 292 278 4176
84285639 295 1585 4213
84670595 285 76 4232
84707523 285 893 4234
84889388 289 1189 4243
85057239 281 212 4251
85403594 284 1753 4268
85575688 290 819 4276
86274321 281 635 4310
86424446 290 973 4317
86947269 287 1239 4342
87161568 295 658 4352
87303478 285 1846 4359
87338157 288 256 4361
87770631 294 1287 4383
88147144 287 1713 4402
89446699 297 298 4464
89911404 281 1715 4488
90291755 290 676 4507
90872026 296 748 4536
91340838 281 843 4560
93676470 298 1230 4676
94462490 293 23 4715
95389788 286 1015 4763
95451542 284 385 4766
95770269 298 1684 4783
95833364 295 1260 4786
96646435 293 1821 4827
97274352 280 1804 4858
97409566 285 1135 4865
98206392 281 96 4904
98638439 282 1610 4926
98718938 289 1004 4930
98953069 289 910 4942
99037860 298 314 4946
99239695 297 771 4956
99887256 293 1529 4988
100158197 294 257 5002
100327344 295 494 5010
101067876 295 573 5046
101312268 282 1530 5058
101800631 281 1377 5082
102588780 288 1246 5120
102901386 280 1990 5136
103059920 297 1921 5144
103127079 290 1218 5147
103799266 285 1173 5181
104503582 290 273 5216
105057880 286 700 5242
105643517 297 1755 5271
105725590 292 501 5275
105867233 289 1650 5282
105925384 291 1168 5285
106806772 280 945 5329
107009824 293 994 5339
108054142 284 1630 5391
108348730 287 871 5405
108370843 296 1158 5406
108463585 289 1976 5411
108694398 297 777 5423
109323624 288 777 5454
109415083 283 1470 5458
109678555 297 217 5471
109783204 294 795 5476
110251432 296 1975 5500
110447431 295 666 5510
110562518 295 1627 5516
110964457 292 1692 5537
111915961 282 50 5584
112206685 287 584 5599
112223431 291 1948 5600
112527423 295 1359 5614
112567500 290 354 5616
112819394 298 338 5629
113143308 281 177 5645
113226494 280 1137 5649
113457017 290 1044 5661
114210614 291 255 5698
114800464 288 1932 5726
114910934 287 306 5732
115426108 297 267 5757
115742541 286 878 5773
116205508 283 196 5795
116721820 287 1667 5822
117021062 295 1651 5836
117298951 293 658 5850
117377098 294 1169 5854
117569601 283 1338 5864
117859650 296 1387 5879
117979643 295 699 5885
118082921 296 1087 5890
118661328 293 710 5919
119006476 281 1040 5936
119275963 286 548 5949
119320607 286 1860 5951
120331923 291 1803 6006
120345894 294 623 6009
120349999 290 1260 6010
120370906 293 886 6014
120511001 295 1005 6043
120520214 295 1443 6045
120546579 286 1967 6050
120622615 287 1524 6066
120671190 287 1819 6076
120747779 286 904 6091
120853512 287 852 6113
120864647 291 1773 6115
121012543 289 1137 6146
121139445 280 1294 6171
121150121 295 1577 6174
121199301 288 1885 6184
121246987 294 1920 6194
121283945 284 769 6201
121288795 293 468 6202
121316291 290 1641 6208
121393229 297 788 6224
121398279 292 1201 6225
121612907 290 1651 6269
121695368 294 103 6285
121716161 296 1506 6289
121785016 283 726 6303
121789239 282 559 6304
121961422 290 481 6340
121965759 280 1936 6341
122063109 297 1361 6359
122170938 294 1786 6380
122272728 297 320 6400
122379208 298 784 6421
122442813 282 376 6434
122632416 291 56 6471
122654567 289 25 6475
122665312 290 1645 6477
122671812 287 644 6478
122709551 287 275 6486
122768563 282 986 6499
122794064 289 165 6504
123072939 283 1670 6560
123081821 282 141 6562
123185933 283 1342 6583
123830945 295 38 6715
123940977 282 1540 6737
123980610 294 1302 6745
124011034 282 93 6751
124048321 283 1588 6758
124144669 284 1081 6778
124222273 292 496 6793
124231593 297 1560 6795
124402965 297 336 6829
124578108 285 1421 6864
124640611 294 1137 6875
124661416 296 1604 6880
124965981 282 1747 6941
124986997 291 1371 6946
125039159 286 148 6957
125460975 291 1795 7041
125657123 291 772 7079
125693487 293 232 7086
125718620 288 466 7091
125769290 297 1386 7101
125794957 290 1649 7107
125820377 281 251 7112
125893954 293 1399 7126
125948709 289 1655 7138
125955062 280 1910 7139
126086293 286 1400 7164
126195619 296 1552 7187
126206672 296 838 7189
126244940 292 1276 7197
126332733 289 1998 7214
126375684 283 1465 7224
126559088 297 691 7260
126720575 298 316 7294
126795671 298 1530 7310
126919224 298 969 7335
126962429 285 806 7344
127109261 282 193 7376
127181863 294 774 7390
127237860 298 1972 7402
127295404 282 1691 7413
127350337 294 806 7423
127404141 287 1233 7434
127460288 295 1870 7446
127586351 297 440 7471
127706767 283 696 7495
127746735 281 880 7503
127764023 280 1544 7506
127921853 292 1616 7538
128052752 295 369 7565
128189066 294 443 7593
128304993 295 305 7616
128449180 294 308 7644
128539303 291 1563 7662
128708925 287 68 7697
128829598 290 526 7721
128926984 294 176 7739
129237840 293 238 7801
129300445 297 1269 7814
129309986 288 1035 7816
129633742 290 1063 7883
129717854 285 1144 7902
129757117 284 1786 7909
129771970 282 1103 7912
129824391 287 1644 7923
129883347 295 1033 7934
129887761 287 416 7935
129898429 281 1637 7937
129914453 283 923 7940
129962892 298 377 7950
130035586 288 1175 7965
130278475 286 163 8012
130304493 284 928 8017
130394163 298 1204 8036
130522786 285 880 8062
130547626 298 121 8067
130553220 285 1196 8068
130623674 290 1217 8081
130708897 285 81 8100
130879301 281 200 8136
130918354 284 687 8144
130996868 280 366 8160
131036364 283 1298 8168
131104492 286 172 8182
131108652 280 84 8183
131137331 286 1248 8189
131226750 286 774 8206
131502690 296 1289 8262
131545945 282 1948 8270
131597778 289 375 8280
131699778 291 1418 8300
131755255 282 1029 8311
131807232 291 674 8322
132034419 285 353 8370
132042164 288 805 8372
132105794 282 1686 8385
132121611 292 655 8388
132271239 290 1275 8417
132369265 295 1777 8438
132435850 287 1411 8451
132632903 288 937 8492
132755596 286 1392 8518
132765652 281 1152 8520
132966747 280 469 8563
133073996 283 1354 8585
133299047 283 364 8630
133419881 289 1950 8654
133547403 282 126 8679
133593673 280 1396 8688
133599477 298 719 8689
133684352 283 998 8706
133894500 298 1058 8747
133937187 280 1648 8755
134119825 289 1956 8792
134137652 281 1147 8795
134184287 293 1180 8804
134204682 289 1699 8808
134208811 283 1930 8809
134213392 281 1359 8810
134261554 290 10 8819
134269882 287 902 8821
134336320 285 603 8834
134386541 292 1267 8844
134456913 281 236 8859
134493230 292 106 8866
134499672 294 1671 8868
134503740 286 252 8869
134541245 285 977 8877
134581629 280 1397 8885
134771049 287 1020 8922
134794645 281 244 8926
134798950 290 540 8927
134829596 283 1647 8933
134902549 287 1081 8947
135058318 297 851 8979
135062914 293 641 8980
135246537 287 1031 9016
135284344 283 1954 9023
135299732 292 1703 9026
135304694 281 300 9027
135495012 280 1310 9065
135708660 288 155 9107
135770841 289 1948 9119
135781604 285 1444 9121
135879529 287 1739 9140
135989015 286 1391 9161
136040585 282 1675 9171
136174293 291 1040 9197
136506607 285 1595 9264
136818453 282 95 9323
136842344 280 401 9328
136941057 297 1108 9349
137066453 287 1501 9373
137098455 297 325 9380
137130612 292 308 9387
137291971 280 45 9419
137332080 282 1596 9427
137381967 284 753 9436
137416947 287 831 9444
137438157 287 1843 9448
137510299 291 709 9462
137518130 285 1436 9464
137560316 283 880 9473
137607357 297 225 9482
137698998 282 23 9500
137736500 286 767 9507
137767232 283 501 9513
137772398 286 750 9514
137845842 282 493 9528
137862221 280 1802 9531
137917873 298 1310 9542
137936410 297 189 9546
137991823 296 568 9557
138073138 293 317 9574
138082610 294 152 9576
138208503 295 388 9599
138232420 291 26 9604
138337446 289 910 9625
138606950 284 1559 9679
138612229 284 1783 9680
138621113 286 1503 9682
138629917 294 346 9684
138646424 289 1659 9688
138671511 280 1403 9693
138784473 296 1242 9715
138857238 290 1199 9731
139057691 282 733 9770
139199864 293 308 9798
139213865 282 797 9801
139223155 286 1453 9803
139379028 283 532 9833
139479086 294 476 9853
139630066 294 1067 9883
139659604 293 1364 9890
139705462 287 436 9899
139760181 282 985 9910
139813143 287 67 9921
139899770 284 1622 9939
140027220 287 789 9964
140139493 284 1530 9988
140175116 298 427 9995
140308226 294 767 10022
140368194 282 1633 10034
140574997 287 977 10078
140640476 283 161 10091
140696912 297 1693 10102
140754177 298 1123 10113
140851345 291 1037 10132
140883486 286 1372 10138
140931923 280 630 10148
140948719 288 1231 10151
141060397 281 94 10174
141274627 281 1321 10218
141390099 288 1961 10240
141564262 292 207 10275
141723139 291 1200 10306
141728746 282 1414 10307
141920527 298 18 10346
141983156 288 1001 10359
142201567 298 1906 10404
142336289 284 1328 10430
142369585 296 1029 10437
142426742 280 1161 10447
142574911 295 313 10477
142636315 290 562 10489
142693341 293 1356 10501
142705967 282 1453 10503
142710042 286 877 10504
142766187 281 318 10516
142969121 287 1745 10555
143017509 290 599 10564
143068333 284 1580 10575
143082570 284 1986 10578
143123380 294 1987 10586
143251751 295 1073 10610
143450373 283 1901 10650
143602039 291 280 10681
143677845 289 366 10696
143793324 296 1599 10719
143895225 298 1955 10740
143946920 285 1684 10750
144082732 295 32 10777
144119448 283 956 10785
144121448 297 820 10786
144181775 294 337 10799
144244877 286 1179 10812
144399770 293 436 10844
144455338 294 1981 10855
144530103 292 1578 10870
144560375 298 154 10876
144779920 296 1424 10921
144909960 282 969 10947
145128718 287 1791 10992
145224363 294 1263 11011
145386787 286 663 11044
145397166 286 1176 11046
145429944 285 860 11052
145434948 286 1680 11053
145502031 281 266 11066
145534620 298 852 11073
145806198 289 1159 11127
145846353 283 321 11136
145947483 292 794 11157
146027578 288 1396 11173
146032250 291 21 11174
146158027 285 1035 11200
146383234 290 59 11244
146409147 296 1755 11249
146544994 281 1420 11275
146691928 285 1168 11306
146696671 295 90 11307
146743334 284 951 11315
146836800 297 944 11333
146851715 288 373 11336
146869446 290 1901 11339
147026929 294 590 11370
147068119 290 752 11378
147072746 293 1844 11379
147106716 295 1686 11386
147116342 280 1829 11388
147120453 291 1446 11389
147137840 292 273 11393
147157435 295 1384 11397
147173056 295 1599 11400
147208482 292 747 11407
147362595 283 1109 11437
147408991 286 1032 11446
147556142 287 413 11474
147729284 281 790 11508
147766786 284 1920 11515
147831625 287 1586 11528
147903727 295 1056 11543
147907493 287 982 11544
147922980 297 1307 11547
147929480 283 1901 11548
148085723 286 1230 11580
148337627 296 520 11630
148395862 289 690 11642
148466423 283 947 11658
148470161 282 1537 11659
148673236 280 783 11703
148712131 297 1111 11711
148763103 282 1050 11721
148818036 287 1401 11732
148869816 298 1926 11742
148907788 285 1437 11749
148911110 290 1169 11750
148931105 295 1220 11754
148977149 293 893 11764
148982833 292 545 11765
149095030 285 1576 11788
149120326 296 1594 11793
149272179 284 1175 11822
149386658 285 1227 11846
149391980 282 496 11847
149402550 292 874 11849
149471227 298 1450 11863
149476755 297 1118 11864
149481984 288 318 11865
149487717 295 971 11866
149597417 291 1873 11887
149644059 293 1736 11897
149730462 296 307 11914
149849243 284 19 11938
149886391 285 1497 11946
150136854 286 1767 11995
150171634 285 80 12002
150210447 286 112 12010
150296186 294 3 12026
150306142 287 978 12028
150479513 289 1485 12062
150497130 284 867 12066
150547222 287 1499 12076
150626197 288 608 12092
150649484 293 43 12097
150741886 293 277 12115
150783498 296 1123 12123
150798902 282 903 12126
150834218 296 1816 12133
150964252 283 704 12159
150983303 288 1772 12163
151038780 297 989 12174
151141729 283 1229 12193
151271917 280 338 12219
151363498 297 342 12238
151395428 289 484 12245
151433747 281 925 12253
151496842 280 1850 12266
151679730 294 1459 12303
151981409 297 1268 12365
152044377 286 1514 12379
152061284 286 1835 12383
152111819 282 608 12393
152186336 296 1687 12409
152245240 290 365 12421
152582669 288 91 12486
152693307 293 295 12508
152779102 296 1513 12525
152794940 294 549 12528
152811117 292 1349 12531
152821233 280 1447 12533
153012347 280 1065 12572
153072829 298 748 12585
153133240 290 1510 12597
153167469 297 1680 12603
153229413 289 946 12615
153342389 285 1993 12637
153468153 298 1351 12662
153486266 297 234 12666
153548970 283 1003 12678
153732170 287 888 12717
153838408 281 71 12739
153849725 284 1746 12741
153853710 297 620 12742
153875520 288 1710 12747
153907654 281 1763 12754
153960707 287 775 12765
154053609 295 1468 12785
154346424 283 61 12843
154472735 280 926 12869
154610132 284 402 12896
154845147 292 307 12943
154895367 293 140 12953
154899477 293 1822 12954
155019443 296 768 12980
155037567 285 1555 12984
155049299 282 276 12986
155099718 292 1951 12997
155252157 294 261 13029
155284472 288 759 13036
155288833 285 1236 13037
155368746 297 889 13052
155787767 294 43 13133
155826423 296 1843 13141
155905727 293 1988 13157
155955458 289 302 13167
155986722 289 1395 13173
156098449 294 1276 13195
156108405 295 1636 13197
156213328 295 1220 13219
156238368 282 1723 13224
156270653 292 1030 13231
156297441 286 1437 13236
156314858 294 294 13240
156589734 290 1249 13292
156593666 284 380 13293
156657832 290 1828 13306
156692803 287 272 13313
156733147 284 1550 13320
156764395 288 609 13326
156804932 282 1543 13334
156843855 281 1563 13342
156894612 296 1113 13353
156925657 290 1842 13360
156930162 282 1346 13361
156945441 280 141 13364
157044876 292 301 13384
157066007 281 666 13388
157086924 294 293 13392
157450669 288 1186 13466
157553943 283 571 13485
157620589 286 140 13498
157768174 298 1203 13531
157860508 286 1730 13549
158047063 285 9 13589
158053563 295 261 13590
158286083 283 330 13637
158297605 282 1831 13639
158316874 294 329 13643
158354745 290 1681 13651
158443861 288 1327 13668
158587809 298 1648 13698
158646351 281 1215 13709
158686623 290 179 13717
158752934 286 1537 13730
158767783 297 555 13733
158771616 282 1434 13734
158831017 280 16 13747
158898493 289 905 13760
159013172 280 1958 13783
159053195 295 414 13790
159068515 280 976 13793
159134480 291 1452 13806
159230597 296 1222 13825
159430882 284 1889 13863
159757770 280 1475 13927
159792993 292 1799 13934
159837599 297 832 13944
159886927 295 1618 13954
159935302 289 453 13963
159945485 297 603 13965
160243545 280 1792 14024
160287154 298 1771 14033
160291728 293 449 14034
160383573 298 1842 14052
160412623 298 1706 14058
160416887 282 617 14059
160421145 283 901 14060
160564671 286 125 14090
160571171 297 267 14091
160652049 293 1675 14108
160668546 297 269 14111
160714973 290 776 14120
160824382 281 1886 14142
160917098 288 1767 14161
160994082 281 1971 14176
161041447 288 503 14185
161083894 293 838 14193
161112383 282 625 14199
161139181 287 104 14204
161312286 297 1091 14242
161680618 287 927 14317
161696421 294 1046 14320
161727343 293 1628 14326
161764908 297 1116 14334
161796658 291 779 14340
161867262 296 1530 14354
161872030 296 138 14355
161896639 283 1550 14360
162035266 285 1448 14387
162046190 280 41 14389
162307745 292 1673 14440
162356262 286 36 14450
162382837 284 1306 14455
162528189 288 1060 14484
162563443 285 1157 14491
162628334 290 1485 14505
162786847 296 295 14537
162823902 293 1219 14544
163010910 287 647 14582
163065119 291 1451 14593
163133920 294 891 14607
163190615 282 1237 14618
163205926 286 1126 14621
163400575 288 1766 14660
163763484 297 1413 14732
163804509 288 380 14740
163931421 292 1145 14766
164154534 292 1157 14811
164165470 291 742 14813
164236006 286 413 14827
164419914 284 1366 14866
164613730 291 107 14905
164635968 295 400 14910
164722458 281 1118 14928
164738511 284 1046 14931
164781171 286 327 14939
164791770 282 522 14941
164850328 280 142 14952
164865093 281 970 14955
165029782 298 1396 14987
165096814 290 1860 15001
165199437 294 1218 15022
165248184 295 749 15031
165268242 285 789 15036
165364328 287 1298 15055
165420502 289 660 15066
165517982 295 323 15086
165584900 288 1853 15099
165606594 282 1468 15103
165813427 298 1052 15145
165926670 292 515 15169
165972699 280 494 15178
166056496 291 1109 15195
166169888 286 489 15218
166269479 282 629 15239
166307866 289 1463 15247
166358260 291 765 15257
166376221 287 1948 15261
166612442 296 540 15311
166644596 297 705 15317
166890904 292 237 15367
166958392 292 504 15380
167070607 293 237 15402
167081098 285 96 15404
167152268 293 1165 15418
167253753 285 5 15438
167585146 280 1330 15506
167726150 295 455 15534
167794261 293 400 15548
167837681 285 1723 15556
167959845 287 1213 15580
168125805 295 1286 15613
168282523 283 1330 15644
168292632 297 447 15646
168695907 283 489 15727
168717998 294 682 15731
168747880 283 632 15737
168772334 286 670 15742
168884954 288 1703 15764
168907443 290 1058 15769
169014794 292 610 15790
169147983 280 1369 15818
169331803 290 1127 15855
169391698 289 387 15867
169452449 287 1829 15879
169762078 296 662 15941
169767943 292 1530 15942
169837805 297 1048 15958
169847615 288 1033 15960
169868312 287 1465 15964
169933981 297 120 15978
170071543 282 1433 16006
170302783 291 45 16051
170372750 292 242 16065
170436082 282 219 16078
170596795 295 1918 16109
170665252 295 1399 16121
170712137 283 1074 16130
170766873 280 416 16141
170930685 284 639 16175
170974859 287 492 16184
171108501 294 1040 16211
171181685 298 704 16226
171313603 281 171 16253
171428527 284 206 16276
171685757 282 940 16324
171785754 281 497 16343
171807003 292 585 16347
171812940 281 472 16348
171828197 293 1105 16351
171963439 292 1113 16378
172105974 289 1183 16407
172258199 297 660 16437
172299197 287 1278 16445
172338338 290 192 16453
172417355 298 1723 16468
172456332 284 1915 16476
172513268 296 983 16488
172547785 291 1869 16495
172814984 297 565 16548
172864934 298 285 16557
172946004 290 1064 16574
172950607 286 1665 16575
173027237 286 1600 16590
173100249 287 1307 16605
173247089 296 975 16634
173541578 290 119 16691
173600414 297 954 16701
173776513 293 634 16739
173997013 280 1130 16784
174034814 289 540 16792
174104262 287 1959 16806
174162340 286 762 16818
174245305 291 983 16835
174326180 282 915 16851
174378501 282 1212 16862
174408424 285 1021 16869
174638932 289 1577 16915
174691145 285 1460 16925
174818541 291 376 16951
174830709 282 131 16953
174884202 291 544 16964
174907069 286 61 16969
174934137 291 1144 16974
174960351 280 1998 16979
175028348 294 1982 16991
175047936 290 685 16995
175084674 282 863 17003
175224399 294 865 17030
175472714 294 422 17080
175572780 280 21 17099
175940094 283 206 17173
175952595 295 1613 17176
175961994 296 1394 17178
176050343 280 1838 17197
176078173 297 888 17202
176083362 291 1511 17203
176406849 280 1232 17268
176565862 295 647 17299
176656814 290 141 17317
176774972 294 683 17341
176796737 298 85 17345
176845656 298 319 17354
177008811 283 458 17387
177058191 280 923 17397
177084493 297 1528 17402
177163462 286 311 17418
177191389 291 438 17424
177338534 284 1690 17453
177458536 285 1817 17477
177486451 291 809 17482
177490892 296 1183 17483
177516932 283 1121 17489
177622125 292 179 17509
177666152 293 1163 17517
177798104 292 1722 17544
177826581 282 367 17550
177871842 290 1536 17559
177908714 288 1023 17567
177933907 287 948 17572
178119197 280 770 17609
178152483 289 1036 17616
178194362 287 854 17624
178225593 280 1273 17630
178285299 288 1863 17642
178321468 282 939 17649
178369907 296 161 17659
178395547 284 294 17664
178419719 284 1656 17669
178446415 285 856 17674
178459254 288 1879 17676
178600511 283 676 17702
178643058 298 1559 17710
178687700 281 829 17719
178697306 284 33 17721
178976553 283 714 17778
178995502 294 1334 17782
179025519 291 1772 17788
179250480 283 1255 17834
179261978 295 20 17836
179428967 295 148 17869
179478927 287 385 17880
179525258 283 1787 17889
179606013 283 849 17905
179634763 293 438 17911
180050863 292 775 17997
180063100 287 57 18000
180105842 289 656 18009
180179675 296 157 18024
180209349 296 320 18030
180231969 297 1050 18034
180268718 294 1021 18041
180377637 290 773 18064
180624887 288 184 18115
180637262 290 603 18117
180685422 292 147 18126
180769061 289 1325 18143
180837855 292 284 18156
180935586 281 524 18175
180970959 289 734 18182
180985674 297 1016 18186
181022395 292 1000 18193
181222350 286 1850 18234
181227699 297 603 18235
181251495 289 1295 18240
181267663 291 331 18243
181273121 290 1295 18244
181284538 282 821 18246
181417238 287 1540 18273
181430852 293 59 18276
181434693 284 1446 18277
181564920 281 608 18303
181598305 287 606 18309
181630739 283 70 18315
181633868 287 812 18316
181643667 287 1587 18318
181864186 285 118 18360
181958695 290 365 18379
182178681 290 1103 18424
182187288 297 1284 18426
182213390 282 761 18431
182306147 288 337 18449
182578795 290 260 18504
182596367 287 281 18508
182691752 296 1835 18526
182809373 281 1301 18550
182887002 289 309 18565
182966511 281 900 18580
183049563 284 934 18596
183216330 297 1911 18629
183483215 286 621 18682
183563179 285 1589 18699
183578836 293 866 18702
183686363 296 1956 18725
183703633 285 322 18728
183735976 294 1740 18735
183860116 295 957 18759
183877401 286 1301 18762
184177633 297 1396 18821
184263726 287 130 18838
184320722 290 1582 18849
184326003 286 1985 18850
184343130 295 487 18853
184483614 298 1893 18882
184594412 297 1241 18904
184666513 284 139 18918
184693478 295 1093 18923
184698729 292 1796 18924
184703849 281 1517 18925
184857430 288 952 18955
184893146 287 770 18962
185249709 284 1378 19036
185284134 296 303 19043
185317621 287 1287 19050
185338772 285 323 19054
185427794 298 633 19071
185439181 290 974 19073
185606570 286 677 19106
185664798 294 551 19118
185689474 280 373 19123
185746084 286 1970 19134
185776349 286 463 19140
185782849 287 1054 19141
185787895 282 417 19142
185927303 288 660 19169
185954126 282 1195 19174
185972708 290 989 19177
185978922 285 211 19178
186068423 296 1025 19197
186176537 293 1183 19218
186201600 280 1835 19223
186206364 283 1625 19224
186246057 281 1117 19233
186369860 287 919 19257
186443815 285 1766 19272
186547203 289 244 19294
186595939 288 1859 19304
186609855 286 417 19307
186675216 297 144 19320
186845498 292 121 19356
186953914 295 1250 19377
186957101 296 1006 19378
187109304 298 735 19409
187282092 290 1824 19443
187313781 298 561 19449
187358524 292 187 19457
187484370 288 998 19481
187592561 287 1050 19502
187658942 294 1676 19515
187663885 298 927 19516
187735910 298 174 19529
187739239 287 1446 19530
187944279 292 741 19570
187963983 296 1010 19574
188031081 292 457 19586
188045099 297 255 19589
188074288 291 352 19595
188120095 285 1049 19604
188135991 295 951 19607
188374352 281 981 19653
188430472 297 321 19665
188447519 290 1582 19668
188479098 287 561 19674
188537758 291 739 19687
188549352 293 888 19689
188571356 298 1244 19694
188694385 294 595 19718
188739685 283 499 19727
188761061 287 546 19731
188971842 287 1232 19773
188992595 285 759 19777
189126426 290 1261 19805
189198232 280 995 19819
189380170 285 990 19858
189396467 290 147 19861
189402742 298 1630 19862
189435394 285 568 19869
189503921 295 192 19883
189512577 293 1656 19885
189726634 293 1990 19927
189759325 291 1120 19934
189901348 297 320 19964
189996217 294 1551 19983
190044194 284 564 19993
190054596 289 339 19995
190072635 286 1699 19999
