260752 31 708 12
490062 30 1565 23
611249 25 1388 29
794840 28 978 38
1246757 23 1342 60
1411471 22 1955 68
1454217 25 1858 70
1809913 28 1510 88
1829035 27 1309 89
1924390 37 1730 94
1986887 27 391 97
2140460 32 374 105
3282792 37 594 163
3361136 24 989 167
3767187 31 741 188
3936098 21 181 196
4285729 28 1613 213
4322500 22 30 215
4588788 37 314 228
4947903 26 1529 246
5105739 28 1857 254
5231300 28 1261 261
5625089 21 1819 281
5867751 38 205 294
5885976 23 79 295
6495927 36 698 326
6785729 26 1733 341
7065233 30 807 356
7466841 35 114 378
7777413 27 89 394
8213004 29 1455 416
8761122 24 1851 444
8799390 21 1831 446
8925766 26 1175 453
8962191 31 1543 455
9546669 31 1373 486
9819499 29 1692 499
10114114 35 1611 514
10192464 20 1552 518
10318726 33 852 524
10381819 27 785 527
10552314 20 327 535
10903045 29 822 552
11063194 21 1200 560
11557742 38 82 585
11778062 39 117 596
11929041 29 995 604
11991952 30 1333 607
12173819 38 1032 616
12229838 36 934 619
12352618 26 1655 625
12479318 39 1440 631
13024825 33 1909 658
13224376 25 472 668
13824554 30 479 698
13860499 39 91 700
14113810 26 1824 713
14286763 25 1675 722
14648011 36 396 741
14670234 25 995 742
14739066 26 217 746
15518812 30 1891 785
15803552 24 1543 799
15964301 26 1743 807
15986015 27 143 808
16739828 26 145 847
17033680 29 180 862
17168348 23 674 869
17403547 22 741 880
17549106 25 1363 887
17589200 38 1936 889
18048047 35 1548 912
18211222 26 1898 921
18688686 38 515 945
20251981 21 700 1025
20517269 23 894 1039
20685323 24 801 1047
21030290 29 283 1063
21453606 37 703 1084
21802908 31 1050 1102
22620082 22 103 1143
22641298 20 1346 1144
23134618 31 1848 1168
23368835 26 306 1179
24089787 31 44 1216
24131563 22 1980 1218
24290364 39 683 1226
25190599 24 1529 1271
25265221 31 1107 1275
25326381 23 905 1278
25358148 26 355 1280
26899465 21 1939 1357
27086999 29 549 1367
27572535 32 1648 1392
27637741 22 682 1395
28013700 37 1047 1413
28364058 32 123 1431
28844193 28 1019 1455
29326658 29 113 1480
29738855 27 802 1500
29898846 26 821 1508
30085864 28 1937 1517
30104929 33 1763 1518
30711987 33 391 1547
30796177 23 1059 1551
31213635 20 1232 1572
31377842 35 765 1581
31490673 26 31 1586
31530730 28 1064 1588
31615223 29 749 1592
32081538 27 8 1615
32288790 36 1387 1626
32523718 22 207 1638
33037216 34 1916 1663
33201066 39 533 1672
33432725 29 383 1683
33585731 28 1132 1691
33686719 37 243 1696
33880618 34 1767 1706
34892313 32 643 1757
34932555 39 1684 1759
35087572 31 954 1767
35414097 23 1294 1784
35633057 31 564 1794
35971906 25 335 1810
36307845 30 1323 1827
36351914 34 711 1829
37605700 38 898 1891
38059962 34 977 1915
38122606 31 1416 1918
38221060 26 1491 1923
38910635 30 949 1956
39071291 36 356 1964
39746288 28 39 1999
40207966 38 1533 2022
40268830 23 1296 2025
40320755 22 724 2028
41457047 24 141 2083
41715385 25 459 2096
41732062 26 1424 2097
41793069 32 1886 2100
41831961 35 1179 2102
41973907 37 540 2109
42491022 34 642 2135
42805566 38 1605 2151
42986792 27 1489 2160
43233410 39 1395 2172
43642862 30 1652 2193
43767492 27 552 2200
44243771 22 766 2224
44263476 38 1932 2225
44308601 28 1147 2227
44984176 31 1667 2260
45106361 34 1754 2266
45778569 39 339 2300
45895193 21 299 2306
46283916 32 1112 2325
46427079 28 142 2332
46652619 21 1056 2343
46747164 24 830 2348
47112481 28 1136 2365
47848010 20 1899 2402
48941243 25 1485 2457
49159715 32 1435 2468
49178560 34 1349 2469
49820248 29 603 2501
50124958 28 572 2516
50292171 21 1832 2525
50366671 23 1936 2529
50407642 35 676 2531
50725421 31 1774 2546
50742968 33 1379 2547
51177917 37 385 2568
51559821 39 391 2588
52217181 27 1201 2620
52235436 33 773 2621
52746180 32 1684 2647
53064195 24 1173 2662
53316398 33 802 2675
53716481 25 1223 2695
54429786 20 226 2731
54612153 32 500 2740
54716084 28 139 2745
55058606 26 1534 2762
55639691 33 1774 2791
56073435 26 1708 2813
56429886 21 431 2831
57337073 27 1430 2876
57379290 37 317 2878
57684339 28 1357 2893
58595687 22 1441 2939
58633598 20 1741 2941
58652177 36 567 2942
58715384 38 1412 2945
58737919 32 421 2946
58862079 26 1983 2952
59007778 25 1153 2959
59088908 35 1327 2963
59110938 21 15 2964
59662284 38 696 2990
59983115 35 1014 3006
60807346 22 913 3046
61269517 23 1144 3070
61521647 37 797 3083
61877194 25 496 3100
62344779 22 257 3123
62999339 33 738 3155
63055415 30 929 3158
63074767 38 1452 3159
63215706 29 197 3166
63327864 21 1486 3172
63543474 20 959 3182
64920102 37 369 3250
64985235 28 1339 3253
65091930 37 881 3258
65809065 36 1195 3292
66350094 28 1669 3319
66432497 33 1932 3323
66977611 24 855 3349
67624793 33 425 3380
69174083 35 881 3458
69252346 39 1870 3462
69302003 32 1720 3465
69469823 30 554 3474
70838891 29 1403 3541
70912380 22 1765 3545
71026463 33 1867 3551
71194698 34 1494 3559
71254668 39 1001 3562
71937048 27 1894 3597
71979959 39 167 3599
72046259 36 1721 3602
72170995 36 363 3608
72494840 28 1168 3624
72927364 34 88 3645
73910035 34 553 3694
74402176 31 211 3720
74573483 25 1058 3728
74594625 35 279 3729
74648052 36 1082 3732
74992875 28 26 3750
75031282 34 937 3752
75091876 36 575 3755
75343652 23 160 3768
75538441 27 671 3778
75798958 30 872 3791
76011798 32 1179 3802
76138152 35 1121 3808
76467245 30 1710 3825
76961581 34 1570 3850
76994570 30 727 3852
77560834 26 21 3880
77637342 32 132 3884
77726952 34 1575 3889
77790732 39 1691 3892
77993736 21 447 3902
78626558 30 1784 3934
78668106 32 529 3936
78942518 26 836 3950
79381518 21 973 3971
79462655 26 1829 3975
79479411 22 1027 3976
79779663 28 1127 3990
79842332 22 1166 3993
79891785 20 1601 3995
80026511 30 889 4002
80111381 26 1198 4006
80450315 27 820 4023
81288517 26 1431 4065
81330504 36 354 4067
81362260 35 551 4069
81431255 27 1690 4072
81607247 38 1143 4081
82189242 32 1614 4110
82429932 38 1544 4122
82892134 28 1428 4145
83043169 24 148 4153
83167923 39 762 4159
83606792 32 437 4180
83694870 29 1502 4184
83880100 39 1314 4193
84451492 28 1754 4221
84926498 28 675 4245
84969223 27 158 4247
85124732 29 1297 4254
85168786 27 629 4256
85231789 34 669 4259
85369416 24 41 4266
85678636 25 1986 4281
85701174 27 5 4282
85987624 22 1628 4296
86692306 28 1936 4330
86735108 37 787 4332
87280022 31 1275 4358
88529639 27 247 4420
88574747 22 1511 4422
89121959 23 909 4449
89387084 26 175 4461
89645780 23 268 4474
90170906 38 1489 4501
90267997 21 849 4506
90353651 25 353 4510
90466561 38 363 4516
91280975 34 711 4557
91556320 20 888 4570
91827253 35 833 4583
92547648 21 1971 4619
92562648 22 1574 4620
92934391 23 137 4639
93042803 33 1559 4644
93066023 30 231 4645
93616691 24 949 4673
94493883 25 330 4717
94606261 28 1641 4723
94723186 25 913 4729
95044030 26 1501 4745
95656005 38 1052 4777
96259191 36 867 4807
96441950 27 1489 4816
96482343 27 203 4818
96896114 25 833 4839
97328549 35 1086 4861
97471465 29 888 4868
97720638 31 468 4880
98324120 23 1091 4910
99091352 26 366 4949
99275366 20 1309 4958
99396687 33 1358 4964
99538901 33 1602 4971
100536912 28 1304 5020
100690686 35 938 5027
100851449 20 655 5035
101367352 25 592 5061
101735891 38 1420 5079
102397952 35 907 5111
102543649 39 1790 5118
102756789 24 414 5129
102860558 38 796 5134
102882654 29 1732 5135
103313016 34 220 5156
103370553 21 1841 5159
103597162 37 55 5171
103758262 32 789 5179
104244297 24 601 5203
104266246 23 1062 5204
104857933 34 162 5232
105622043 33 1734 5270
106152283 31 580 5296
106171635 38 1370 5297
107275141 33 1775 5352
107357864 35 318 5356
108178851 38 1710 5397
108633743 37 1933 5420
108780346 28 1575 5427
108825539 23 1742 5429
108937635 20 1218 5435
109136164 22 266 5445
109261723 31 1994 5451
110427963 29 960 5509
110581043 25 369 5517
110906751 27 1515 5534
110921751 22 1147 5535
111067762 27 1850 5542
111143275 29 382 5546
111748782 27 1863 5576
111975244 35 781 5587
113083739 35 295 5642
113246408 22 460 5650
113716437 32 164 5674
114506934 35 586 5712
114551087 34 853 5714
115112774 36 1880 5742
115464284 29 323 5759
115497898 24 1169 5761
115537475 29 71 5763
115580233 23 536 5765
115953080 35 18 5783
116008955 31 79 5786
116095901 25 138 5790
116158686 31 1144 5793
117276280 35 344 5849
118016594 24 804 5887
118215453 39 207 5897
118414608 38 1494 5907
118556026 35 1567 5914
119238236 28 622 5947
119255323 25 234 5948
119491373 29 1020 5960
120489168 22 545 6038
120580145 36 326 6057
120703380 27 751 6083
120709483 27 1822 6084
120731391 28 1891 6088
120827615 29 1862 6108
120960209 28 1937 6135
121143533 23 1499 6172
121252610 31 1683 6195
121258329 20 48 6196
121459678 30 716 6238
121504878 36 1264 6247
121522470 22 959 6251
121561566 23 1562 6259
121587759 27 575 6264
121654013 31 1255 6277
121795593 38 1199 6305
121810230 22 352 6308
121969979 29 674 6342
122034650 38 1307 6354
122263076 35 1599 6398
122388604 25 1101 6423
122446781 23 1804 6435
122525254 28 41 6450
122702122 33 258 6484
122714708 24 1163 6487
122756197 31 473 6496
122829116 31 504 6511
122848985 25 19 6515
122860804 39 1206 6518
122935810 36 992 6533
123054580 21 808 6557
123098621 39 849 6565
123227752 20 118 6592
123343638 35 121 6616
123423324 35 667 6633
123611736 30 12 6671
123643304 26 309 6678
123663638 29 1823 6682
123726781 22 1775 6694
123731758 35 452 6695
123783973 35 1689 6705
123821075 23 1134 6713
123860842 25 1720 6721
123865564 20 385 6722
123886842 20 709 6726
124026246 24 1212 6754
124165133 29 1557 6782
124175065 39 308 6784
124251345 24 1895 6799
124353806 39 711 6819
124459574 21 994 6840
124469536 28 1856 6842
124482536 38 1533 6844
124488829 25 1531 6845
124658106 38 986 6879
124665992 33 1938 6881
124721374 25 445 6893
124725662 30 1461 6894
124729990 36 1596 6895
124975898 36 320 6943
125079148 24 903 6965
125164056 29 1466 6983
125198776 20 1225 6990
125302732 26 1154 7011
125347322 26 847 7020
125465300 39 1695 7042
125635873 26 555 7075
125772370 34 1976 7102
125777897 28 1134 7103
125867917 36 565 7121
125876954 36 172 7123
125912321 20 60 7130
125917483 36 339 7131
125937632 22 1325 7135
125989841 37 729 7146
126018129 39 1928 7151
126038782 33 1362 7155
126081036 26 144 7163
126097360 31 276 7166
126135718 39 245 7174
126226511 33 463 7193
126240989 21 1952 7196
126274853 32 1947 7203
126450800 36 872 7239
126476391 33 1174 7244
126550645 34 21 7258
126610401 25 1244 7270
126614057 20 1488 7271
126675059 34 373 7284
126682434 36 844 7286
126712726 36 349 7292
126763763 31 1945 7304
126993437 22 123 7351
127062819 28 343 7366
127096358 29 670 7373
127211420 31 1826 7397
127282159 21 526 7410
127370810 33 1181 7427
127383854 30 1843 7430
127419814 29 649 7437
127715592 20 1352 7497
127811328 37 945 7516
127849301 31 576 7524
128033384 37 7 7561
128042158 39 126 7563
128120146 30 904 7580
128201023 27 1657 7595
128502390 34 1475 7654
128530739 34 804 7660
128566856 30 457 7668
128654617 31 1269 7686
128692486 31 1158 7694
128697863 33 1993 7695
128757519 23 1146 7707
128768393 38 1198 7709
128778403 34 1913 7711
128851586 29 1291 7725
128899178 32 1043 7734
128916289 38 402 7737
129058116 26 1463 7765
129078321 35 939 7769
129090892 35 60 7771
129108947 29 1816 7775
129126348 31 756 7779
129261660 31 1795 7806
129326778 38 201 7819
129370178 25 1497 7828
129378146 21 1637 7830
129476380 38 324 7850
129482492 25 1259 7851
129519432 20 1098 7860
129592115 20 231 7875
129746351 33 1253 7907
129782002 36 1648 7914
129793707 36 1689 7916
129806562 34 942 7919
129829273 33 1309 7924
129904524 34 788 7938
129919121 38 197 7941
129929514 39 1034 7943
129958200 36 844 7949
129994874 22 1704 7957
130060867 26 1595 7970
130147961 28 1806 7987
130246161 26 1317 8006
130347944 34 1185 8027
130456134 33 1536 8049
130482523 28 484 8054
130527460 22 614 8063
130695738 21 1634 8097
130717936 29 880 8102
130874565 32 1633 8135
130931850 39 1102 8147
131186956 35 521 8199
131193131 33 381 8200
131409670 37 1363 8244
131463329 32 1028 8254
131519142 26 1310 8265
131777913 20 804 8316
131825593 28 232 8326
131985690 24 699 8360
132018719 21 1421 8367
132147214 33 300 8393
132209670 25 248 8405
132314308 32 563 8427
132331116 22 693 8430
132341551 20 713 8432
132385412 27 1576 8441
132417063 30 526 8448
132455495 29 1496 8455
132500543 33 461 8464
132514612 22 1893 8467
132576988 37 1667 8480
132643464 25 1761 8494
132847193 37 559 8537
132865524 24 1491 8541
132976983 37 1041 8565
133033536 38 912 8577
133258676 34 946 8622
133279075 39 231 8626
133293164 25 1062 8629
133320179 22 167 8634
133339167 28 1026 8638
133502363 31 917 8670
133556530 33 162 8681
133643053 20 780 8698
133749320 25 359 8719
133814234 35 1915 8732
133905583 30 1394 8749
133965031 31 1648 8760
133985892 36 641 8764
134070257 25 1261 8782
134086522 28 953 8785
134104680 26 1771 8789
134331881 28 1814 8833
134350751 26 739 8837
134391484 24 49 8845
134575129 30 1644 8884
134586994 26 401 8886
134747067 35 1114 8918
134758439 24 558 8920
134804520 20 430 8928
134848352 23 1035 8937
134864045 21 467 8940
134986558 25 1657 8965
135046737 32 683 8977
135176997 31 1037 9001
135346588 22 1588 9035
135429071 20 1039 9052
135688104 34 1513 9103
135814969 27 379 9127
135857797 31 747 9136
135924981 38 311 9149
135978905 28 960 9159
135998879 37 529 9163
136008920 23 1323 9165
136034845 38 1917 9170
136051092 24 1583 9173
136690805 23 1 9299
136743712 38 929 9309
136748979 27 1540 9310
136775078 38 1153 9315
136807953 30 1475 9321
136950001 27 619 9351
136999558 38 335 9360
137086758 29 1606 9377
137171420 32 1436 9395
137176489 21 1242 9396
137241010 28 1372 9409
137337110 34 605 9428
137369299 21 1566 9434
137397883 27 946 9440
137444034 28 1439 9449
137658682 36 605 9492
137689012 20 477 9498
137761527 30 28 9512
137804386 24 514 9520
137819965 32 1061 9523
137906853 32 1879 9540
137942604 38 1044 9547
138092147 29 710 9578
138158985 26 164 9590
138260315 38 5 9610
138399795 25 1943 9637
138489631 32 938 9655
138500862 39 1788 9657
138658208 29 492 9690
138706095 38 1576 9700
138731844 29 1759 9705
138988502 37 273 9756
139012881 39 1862 9761
139084130 27 919 9775
139155366 29 950 9789
139165291 30 471 9791
139195979 22 670 9797
139243728 32 1186 9807
139249905 23 1921 9808
139305757 27 1042 9819
139434504 31 206 9844
139439126 30 825 9845
139512306 28 639 9859
139516546 26 667 9860
139540195 34 217 9865
139554978 24 370 9868
139668652 24 357 9892
139853455 34 844 9930
139905246 23 1369 9940
139910580 32 1871 9941
139916296 30 809 9942
139947173 37 637 9948
140023539 20 1542 9963
140134912 27 1352 9987
140193032 20 1805 9999
140245180 21 1042 10009
140277452 24 47 10015
140409237 32 358 10042
140473298 32 74 10055
140477045 27 1151 10056
140508453 36 108 10063
140545043 29 1422 10071
140677698 21 1895 10098
140712243 39 112 10105
140734904 36 586 10109
140769147 20 256 10116
140846339 28 1551 10131
140873799 28 980 10136
140898053 32 1330 10141
140909402 34 957 10143
140937868 23 192 10149
140977908 38 468 10157
140998302 37 1686 10161
141014616 22 1280 10164
141129738 33 557 10188
141141545 36 790 10190
141299435 37 1501 10223
141379678 35 712 10238
141399616 37 653 10242
141440949 26 1720 10250
141776149 34 418 10316
141876562 27 270 10337
141915394 34 1699 10345
142006356 20 646 10364
142147123 30 1586 10392
142349963 27 598 10433
142506289 36 1720 10463
142515249 26 1159 10465
142540592 29 818 10470
142556392 28 1676 10473
142568411 36 1974 10476
142594450 35 851 10481
142650769 28 271 10492
142791909 24 1587 10521
142845371 21 1386 10531
142910424 21 1931 10544
142949706 30 170 10551
143043569 26 283 10570
143305783 23 23 10620
143367224 35 252 10632
143378250 24 1846 10634
143409461 39 1003 10641
143489539 25 429 10657
143524755 31 691 10665
143571571 38 141 10675
143614514 22 532 10684
143741790 28 783 10709
143762173 22 950 10713
143822040 26 1797 10725
143965778 39 99 10754
143980714 28 677 10757
144225932 22 1084 10808
144290196 21 1925 10821
144304682 32 191 10824
144449654 37 190 10854
144571460 34 1852 10878
144701799 27 55 10906
144775563 35 646 10920
144809123 32 1509 10927
144854751 20 240 10936
144864892 28 441 10938
144895308 36 244 10944
144926665 38 1732 10950
144949318 35 1539 10954
144958313 33 530 10956
145011335 20 1760 10968
145036350 21 267 10973
145113937 35 1182 10989
145264875 23 1535 11019
145319821 32 1135 11030
145473310 23 963 11060
145477219 22 886 11061
145548457 24 100 11076
145683585 35 267 11102
145692873 22 1778 11104
145710712 25 792 11108
145841122 39 572 11135
145923787 36 754 11152
146124414 23 437 11193
146168422 26 1128 11202
146207870 20 1384 11210
146311690 24 1966 11230
146345357 32 650 11236
146378416 35 660 11243
146441647 21 1879 11255
146461940 37 1174 11259
146480178 22 779 11263
146524747 36 1993 11271
146549407 28 1431 11276
146558326 35 1915 11278
146578766 32 280 11282
146610481 31 1947 11289
146748153 38 725 11316
146840565 22 36 11334
146902069 30 491 11346
147001437 37 984 11365
147011694 37 698 11367
147197048 36 282 11405
147245142 23 110 11415
147371824 30 1155 11439
147389715 37 1153 11442
147440301 30 856 11452
147473514 38 1079 11458
147479242 25 1725 11459
147484447 24 1872 11460
147501103 27 1990 11463
147545315 36 1153 11472
147582116 26 839 11479
147642920 37 1730 11491
147666356 31 759 11495
147671968 24 1570 11496
147744550 25 1590 11511
148025033 39 430 11568
148068314 21 230 11577
148104126 21 658 11584
148179958 30 1955 11600
148241818 28 682 11612
148253001 37 1816 11614
148313356 23 905 11625
148329006 21 898 11628
148453197 33 584 11655
148478120 39 668 11661
148549250 34 53 11676
148605644 38 745 11688
148741800 24 711 11717
148804302 21 879 11729
148843074 23 712 11737
148959605 30 1085 11760
148986657 39 861 11766
149180679 37 199 11804
149303761 37 1475 11829
149309189 22 641 11830
149317955 26 243 11832
149341923 23 1322 11837
149352440 20 1865 11839
149368121 37 640 11842
149528173 29 769 11874
149560162 25 1015 11880
149630704 30 1563 11894
149693848 27 1421 11907
149755849 38 1707 11919
149925889 26 732 11954
150001233 35 1674 11968
150014933 35 1305 11971
150111945 21 1177 11990
150220736 31 71 12012
150362541 27 513 12039
150503630 22 648 12067
150561365 26 1749 12079
150588496 20 1737 12085
150637931 30 1353 12094
150663489 33 446 12100
150685202 27 1006 12104
150711846 37 500 12109
150721146 20 1165 12111
150923685 28 1569 12151
150944225 37 479 12155
150967352 27 1315 12160
151031277 26 1616 12172
151034878 23 484 12173
151119897 29 956 12189
151213668 33 1860 12208
151262022 28 1462 12217
151440851 29 48 12255
151675201 35 78 12302
151740650 21 898 12316
151884186 36 627 12345
151902131 29 1051 12349
152149131 26 258 12401
152153821 26 1669 12402
152379695 21 184 12447
152436542 27 1013 12458
152484277 39 150 12468
152489668 35 752 12469
152528975 31 1035 12476
152534834 34 790 12477
152571417 29 1466 12484
152636180 39 1858 12497
152645067 34 984 12499
152676342 32 1101 12505
152784338 37 503 12526
152839473 36 298 12537
152856349 30 141 12541
152979055 26 1728 12565
153016779 20 751 12573
153078210 37 1686 12586
153098427 33 139 12590
153127889 29 494 12596
153160969 31 1968 12602
153182806 23 1165 12606
153245292 24 241 12618
153298996 22 1726 12629
153379620 20 534 12644
153635879 33 88 12697
153676336 22 1220 12705
153722179 23 904 12715
153749553 37 1466 12721
153893890 29 846 12751
153971197 33 625 12767
154009961 37 1141 12776
154137396 35 1963 12801
154142503 38 1505 12802
154212284 33 1346 12816
154392057 23 1275 12852
154426539 33 995 12860
154578402 32 1159 12890
154641808 34 891 12902
154708018 29 470 12915
155234175 20 361 13025
155306350 37 1689 13040
155352419 30 190 13049
155430352 26 1886 13064
155451724 23 82 13068
155493949 20 677 13077
155498795 22 610 13078
155546924 27 532 13088
155568827 30 155 13092
155575327 21 208 13093
155735957 28 1223 13123
155916862 31 1354 13159
155925486 28 481 13161
155950822 34 1292 13166
155996848 29 416 13175
156028320 37 1218 13181
156148799 35 1513 13205
156166249 30 1614 13209
156325280 20 998 13242
156391454 35 1715 13255
156467683 30 1550 13269
156501301 32 578 13275
156567806 27 1846 13288
156641563 36 1475 13303
156679227 39 935 13310
156722413 26 790 13318
156813410 20 147 13336
156819404 31 1018 13337
156889054 24 957 13352
156955911 22 347 13366
157019698 25 1861 13379
157179804 24 1754 13411
157206452 27 1397 13417
157356331 21 613 13448
157599492 24 1078 13494
157740342 28 943 13525
157779088 20 756 13534
157806795 34 3 13539
157985452 35 1653 13575
158011814 21 335 13581
158058754 26 1959 13591
158155971 24 633 13610
158222192 26 1083 13625
158565862 39 1445 13692
158716790 30 758 13723
158880029 20 1726 13756
158914348 35 1777 13763
158929192 32 278 13766
158933909 21 133 13767
158981898 24 1858 13777
158986553 26 269 13778
159062867 26 1540 13792
159202249 20 959 13820
159252407 23 364 13829
159281797 25 1768 13834
159307810 20 1548 13839
159542349 29 273 13885
159585931 25 1352 13893
159591230 20 1797 13894
159624716 39 142 13900
159725881 34 648 13920
159897564 32 131 13956
159914053 23 1638 13959
159989787 37 1075 13974
160067052 35 1224 13990
160131437 26 1196 14002
160182961 28 1931 14012
160186319 21 1705 14013
160205732 35 1055 14017
160330750 34 1672 14041
160363959 31 567 14048
160403948 34 1579 14056
160444303 28 533 14065
160497967 33 682 14077
160616211 33 327 14100
160851448 38 1563 14147
160868614 22 1699 14151
160953230 27 1323 14168
160999176 31 1444 14177
161152304 25 1589 14207
161189411 34 194 14216
161234647 29 1987 14226
161240159 27 1573 14227
161282384 27 1187 14235
161289321 32 1701 14237
161416303 32 334 14263
161425052 37 1267 14265
161435707 25 20 14268
161475263 28 277 14276
161516125 34 1992 14284
161541732 29 892 14289
161565881 26 1693 14294
161617295 26 1309 14304
161627927 23 121 14306
161632126 30 750 14307
161645882 35 1389 14310
161708679 28 1377 14323
161750760 31 456 14331
161806431 37 1556 14342
161900982 25 1163 14361
161938093 20 1881 14368
161968880 32 1283 14374
161998755 21 75 14380
162030035 28 1096 14386
162063569 33 1460 14393
162097443 35 2 14399
162120620 37 1225 14404
162131108 33 1087 14406
162177044 25 179 14414
162289201 22 1145 14436
162537922 34 1737 14486
162572782 39 1102 14493
162659636 37 1106 14512
162724681 22 551 14525
162755980 31 311 14531
163300317 30 1400 14640
163373350 20 1586 14654
163513121 37 1909 14681
163652579 33 879 14711
163779670 38 463 14735
163986531 22 1337 14776
164033938 27 1223 14786
164195271 33 1028 14819
164264664 33 849 14834
164326041 28 756 14846
164378499 24 713 14857
164387674 23 1766 14859
164453236 24 443 14872
164506805 38 1194 14883
164777577 29 849 14938
164816782 28 943 14946
164845914 28 1002 14951
164984807 34 102 14978
165070456 21 515 14995
165214662 31 903 15025
165257752 21 1376 15033
165273228 35 1524 15037
165287440 27 238 15040
165297211 23 1307 15042
165435768 24 1086 15069
165481115 21 1708 15078
165485537 33 1554 15079
165550051 27 837 15092
165581433 20 1063 15098
165708579 20 1813 15123
165803014 21 737 15143
165921717 37 42 15168
165951805 39 158 15174
165957915 25 1031 15175
165987988 34 1 15181
166099662 26 1690 15204
166110417 34 467 15206
166233677 21 132 15232
166294027 28 89 15244
166313938 32 1117 15248
166324004 22 1925 15250
166396734 35 192 15265
166600928 22 183 15309
166815234 33 640 15352
166827804 38 1871 15354
166852783 35 1970 15359
166973880 31 1118 15383
167164962 37 802 15421
167220978 23 334 15432
167230460 35 864 15434
167247851 31 1400 15437
167279989 37 237 15443
167506073 22 1765 15490
167625950 22 248 15514
167640014 38 655 15517
167686353 29 416 15527
167750856 21 1952 15539
167765435 26 1544 15542
167779195 23 96 15545
167800761 32 402 15549
167826658 34 272 15554
167878154 35 1732 15564
167886538 32 1027 15566
168103663 33 234 15608
168140429 37 315 15616
168237250 37 1567 15635
168327084 22 528 15653
168488191 25 1871 15684
168733534 21 476 15734
168767931 35 680 15741
168899231 39 1219 15767
168938957 33 799 15776
169002270 36 1330 15788
169038149 31 19 15795
169046286 23 202 15797
169073670 29 1875 15803
169100288 32 1834 15808
169130325 36 473 15814
169192636 26 647 15827
169269915 30 1613 15842
169287912 37 1315 15846
169292385 20 1402 15847
169368127 24 1806 15862
169527563 24 432 15894
169582149 36 1322 15904
169606785 30 217 15909
169678073 30 1026 15924
169841873 23 1860 15959
169882641 39 308 15967
170035861 36 1029 15998
170155707 37 303 16023
170166448 30 1781 16025
170172195 25 934 16026
170243277 22 294 16040
170297444 20 1425 16050
170422280 22 1831 16075
170494473 35 1566 16088
170549591 36 1600 16099
170594057 22 1445 16108
170708847 34 621 16129
170742214 24 1873 16136
170817526 23 996 16151
170878300 22 1014 16164
170966168 22 730 16182
171031584 37 1078 16196
171064537 38 913 16203
171134144 21 23 16216
171317426 29 247 16254
171351977 22 1340 16261
171370121 35 1683 16265
171433316 39 607 16277
171439329 37 59 16278
171594099 35 587 16307
171728082 22 791 16332
171790061 20 1148 16344
172000920 34 966 16387
172081922 33 565 16402
172143977 25 82 16414
172202612 39 57 16426
172304357 39 1103 16446
172314701 29 946 16448
172461574 34 1682 16477
172485116 32 164 16482
172537432 24 436 16493
172630977 21 167 16511
172751843 30 1491 16534
172764831 34 1677 16537
172842858 27 946 16553
172899717 38 315 16564
173126934 39 1211 16610
173195326 32 1138 16624
173282257 28 1905 16641
173413457 22 1095 16667
173418175 35 1801 16668
173461818 25 1156 16676
173685334 32 236 16718
173708314 33 961 16724
173730108 24 1796 16729
173872302 37 198 16758
174024567 25 1325 16790
174072766 35 1987 16800
174089333 31 846 16803
174098770 28 387 16805
174109272 20 507 16807
174235888 25 1381 16833
174369191 27 1983 16860
174387679 33 529 16864
174427892 33 272 16873
174484312 31 130 16884
174505865 23 1768 16888
174536472 38 1959 16894
174556726 25 1693 16899
174562828 21 1505 16900
174700996 27 1038 16927
174717601 22 281 16930
174726739 35 6 16932
174803625 38 461 16948
174878482 39 356 16963
175023728 23 1553 16990
175105892 21 600 17007
175142804 37 640 17014
175178825 39 697 17021
175198595 27 927 17025
175235788 24 189 17032
175272319 22 1205 17039
175353489 21 1650 17055
175374001 22 1758 17059
175390807 21 1084 17062
175395145 32 1031 17063
175482156 38 1969 17082
175577540 31 782 17100
175794712 31 56 17143
175801212 31 669 17144
175812697 38 1161 17146
175849433 21 1359 17155
176009780 29 847 17188
176220695 29 1923 17230
176301979 33 1851 17247
176375033 31 1294 17262
176449417 28 791 17277
176486870 23 1688 17284
176503996 32 1606 17287
176611545 37 470 17308
177246642 31 665 17435
177369054 37 242 17459
177387051 25 739 17463
177396771 34 597 17465
177462993 27 1576 17478
177563095 23 1817 17498
177604917 30 1165 17506
177643205 22 825 17513
177724034 31 1423 17528
177763924 30 1239 17537
177789504 28 1387 17542
177822749 28 38 17549
177846113 30 192 17554
177881884 39 1095 17561
177890344 27 1573 17563
177912584 35 134 17568
177989140 34 874 17582
178058358 33 358 17596
178098696 28 1656 17604
178123459 34 1904 17610
178181011 38 17 17621
178310393 39 33 17647
178379586 28 1166 17661
178509170 30 644 17685
178627771 33 1818 17707
178715452 28 495 17724
178745928 22 123 17730
178764537 21 707 17734
178981347 29 607 17779
178984804 37 1021 17780
179295637 31 1284 17843
179369191 37 482 17857
179489732 20 909 17882
179563627 25 1231 17897
179579556 22 1268 17900
179630566 25 103 17910
179706187 37 1823 17925
179728847 21 100 17930
179825082 32 1318 17950
179845050 24 702 17954
179914090 25 100 17968
180226596 37 367 18033
180366411 22 1613 18062
180419895 22 105 18073
180493044 22 1241 18088
180568185 25 198 18103
180648689 37 1341 18119
180892028 30 471 18167
180956906 39 1712 18179
180994048 28 1383 18188
181046321 20 1590 18198
181058091 33 529 18200
181077955 34 1840 18204
181108013 35 1628 18210
181210952 37 296 18231
181445157 26 1710 18279
181453948 34 21 18281
181751816 22 1694 18339
181841605 30 1447 18356
181911400 29 1535 18370
182110685 22 324 18410
182143531 22 798 18417
182167797 29 335 18422
182233838 29 1749 18435
182533071 34 923 18494
182538844 22 1726 18495
182656370 33 381 18519
182700346 21 1968 18528
182871264 21 1073 18562
182876534 23 245 18563
182918468 26 945 18571
183003121 31 669 18587
183166335 21 1501 18619
183205063 22 787 18627
183431884 27 1519 18672
183514634 34 377 18689
183545487 38 899 18695
183572336 21 1032 18701
183599458 36 1709 18707
184031072 23 537 18792
184045584 34 979 18795
184173106 24 330 18820
184363610 25 1127 18857
184377970 24 179 18860
184618641 26 1395 18909
184643927 23 166 18914
184688724 22 130 18922
184747479 22 429 18934
184757703 30 85 18936
184838115 28 1633 18951
184866084 32 1855 18957
184976311 31 432 18979
185177211 39 1195 19021
185264123 33 494 19039
185444194 32 1717 19074
185483834 27 710 19082
185490334 38 1538 19083
185595814 35 1977 19104
185693722 24 1053 19124
185724975 38 1018 19130
185741770 31 1521 19133
185850388 28 201 19153
185878077 22 111 19158
185914081 38 1385 19166
185949169 33 1674 19173
186024055 37 1287 19188
186106758 39 710 19204
186132851 39 1874 19210
186148409 27 213 19213
186236359 32 1945 19231
186309893 23 1985 19245
186656078 25 1227 19316
186661065 24 1451 19317
186743587 30 423 19334
186764884 22 593 19338
186791351 31 1093 19344
187264661 20 1901 19440
187376080 21 1504 19460
187385688 27 833 19462
187434256 37 193 19471
187490870 35 111 19482
187546993 29 569 19493
187715009 27 1117 19525
187720258 33 557 19526
187766963 20 578 19536
187804753 27 564 19543
187826915 21 1955 19548
187879060 25 159 19558
187955024 21 1594 19572
188177573 34 656 19615
188191422 30 59 19618
188270746 39 382 19632
188317413 36 810 19641
188342777 28 542 19646
188435677 22 848 19666
188521444 39 1801 19683
188619512 38 1515 19704
188635545 28 1159 19707
188639660 31 126 19708
188645233 32 199 19709
188671121 23 622 19714
188792063 36 615 19737
188833225 30 1142 19746
188853619 20 916 19750
189038040 24 1575 19786
189093622 30 1024 19798
189283113 22 489 19836
189421970 38 274 19866
189565482 34 388 19895
189596776 29 1588 19901
189657834 38 1155 19913
189666709 38 1249 19915
189701141 25 1183 19922
189755197 29 964 19933
189806574 20 390 19944
189860426 27 743 19956
