141863 4 657 6
1269548 4 768 61
1395265 9 851 67
1966716 17 811 96
2451728 18 36 121
2941388 3 1028 146
2983145 17 1144 148
3241275 1 1971 161
3261033 10 75 162
3429153 10 1221 171
3545568 12 1342 177
3984782 15 1376 198
4002977 2 652 199
4074632 1 1109 203
4228277 6 764 210
4387795 3 1512 218
4743595 0 1381 236
4901506 13 651 244
4925986 7 608 245
5022244 0 1153 250
5157904 3 1752 257
5459558 19 898 273
6045184 5 1485 303
6087288 14 692 305
6109576 9 483 306
6312694 1 1743 316
6517753 3 34 327
6912559 13 1613 348
7081700 4 296 357
7273452 18 1254 367
7312440 8 103 369
7430336 6 1624 376
7490237 8 940 379
7624352 7 1783 386
7841785 7 1624 397
7866553 2 1072 398
8023124 5 827 406
8331535 9 610 422
8390913 14 1256 425
8506887 4 1116 431
9445679 12 1 481
11232730 0 1839 568
11436325 17 1038 579
11851094 16 502 600
11887827 10 1505 602
12115375 8 1109 613
12134460 5 231 614
12497578 1 1009 632
12817526 18 931 648
13432547 14 273 678
13973978 17 893 706
13991659 2 1356 707
14419097 7 354 729
14439697 2 512 730
14571736 11 1704 737
14610777 14 1114 739
14720008 8 726 745
15185017 7 1491 768
15662620 4 194 792
16202140 18 353 819
16699074 2 1761 845
16859806 18 1334 853
17884071 12 1690 904
18526365 16 516 937
18670966 12 905 944
18939773 6 412 958
19544526 3 1568 989
19613376 7 1726 993
19712703 0 1351 998
19847684 19 1070 1005
20311379 15 1222 1028
21143368 10 1918 1068
21861330 17 127 1105
22015936 17 353 1113
22158530 5 87 1120
22174725 1 26 1121
22500144 7 348 1137
22915194 11 1492 1157
23179367 0 1761 1170
23479690 6 1310 1185
23536596 11 889 1188
23811694 15 1035 1202
24067380 11 1764 1215
24502807 6 894 1237
24520639 16 166 1238
24648135 5 393 1244
24667268 12 113 1245
24905438 2 1177 1257
25283317 3 119 1276
25474091 4 771 1286
25655342 17 116 1296
25933320 11 1425 1309
26769374 10 1367 1351
27052151 7 1681 1365
27249858 18 968 1375
27717972 12 961 1399
27740967 17 1632 1400
28342062 15 1770 1430
28515460 7 348 1439
28823231 16 393 1454
28924488 17 1394 1459
29051908 16 1464 1466
29245180 10 384 1476
29443465 2 1313 1486
29510072 9 194 1489
29813842 10 845 1504
29913846 0 1832 1509
30274463 0 1751 1526
30624323 17 1865 1543
30754076 12 639 1549
30930247 16 1325 1558
31028169 10 1818 1563
31124962 0 154 1568
32033756 14 318 1613
32057862 4 733 1614
32270075 17 1155 1625
33225421 16 1166 1673
33505388 6 1124 1687
33539749 4 1186 1689
34134804 3 269 1719
34546622 17 22 1739
34641579 3 879 1744
34745918 11 1445 1749
34839585 2 1229 1754
35050494 0 1897 1765
35247701 6 780 1775
35435184 17 826 1785
35889993 3 157 1806
36008241 1 1053 1812
36080235 2 850 1816
36474677 16 281 1835
36511904 10 1265 1837
36793024 2 197 1851
37522715 10 90 1887
37544979 1 1092 1888
38158234 15 1614 1920
39030940 17 115 1962
40712937 16 1004 2047
40809404 3 1115 2052
40892778 0 421 2056
40994495 14 209 2061
41231878 17 827 2072
41332485 18 696 2077
41495805 19 823 2085
41533420 18 664 2087
41660896 8 361 2093
41991809 19 573 2110
42008780 12 780 2111
42033780 6 211 2112
42116891 5 248 2116
42256544 2 766 2123
42372924 0 484 2129
42412924 2 672 2131
42822232 19 1400 2152
42845641 8 1586 2153
43070016 0 1354 2164
44181842 6 1164 2221
44286305 14 714 2226
44743866 10 1444 2248
45494112 12 1898 2285
46082922 4 341 2315
46305387 16 795 2326
46573920 16 355 2339
46806701 13 1020 2351
47279372 1 684 2374
47790319 8 938 2399
47887880 14 352 2404
47909418 5 693 2405
48308630 11 68 2425
48352227 13 1249 2427
48389122 7 704 2429
48720452 7 121 2446
49967447 1 1973 2508
49990785 5 1341 2509
50428485 18 1157 2532
50949443 4 1925 2557
51195668 0 1461 2569
51216933 2 1790 2570
51325678 1 693 2576
51343279 17 1985 2577
51500770 17 1484 2585
51583613 15 1024 2589
51770640 0 922 2598
51792761 9 249 2599
51969692 5 754 2608
52547678 18 682 2637
52855271 15 25 2652
53010601 10 1528 2659
53081188 2 894 2663
54232761 17 722 2721
54446513 15 1369 2732
54786316 18 637 2749
55116990 13 1845 2765
55602324 12 1970 2789
55885513 6 935 2804
56248988 2 503 2822
56656000 19 287 2842
57810653 3 354 2899
57852781 11 1136 2901
58136943 8 1757 2916
58178318 18 87 2918
58422650 5 119 2930
58441093 3 1142 2931
58758571 6 1209 2947
59304014 1 730 2973
59321090 0 1671 2974
60376600 0 560 3025
60939880 8 1626 3053
61116315 4 1071 3062
61213366 16 1515 3067
62028496 14 1147 3107
62691645 8 694 3140
62771797 18 1021 3144
63652765 14 1749 3187
64578033 5 1263 3234
64855142 1 1592 3247
65021163 2 170 3255
65278003 14 588 3267
65465783 19 714 3276
66136449 6 479 3308
66247374 8 585 3314
67844090 9 1793 3391
68149942 17 117 3406
68351249 12 1477 3416
68429069 13 804 3420
68663980 6 237 3432
69081709 9 1997 3453
69231229 17 1782 3461
69335339 6 347 3467
70471646 12 374 3523
71072303 2 1808 3553
71093924 8 1659 3554
71821843 9 929 3591
72863946 9 1190 3642
73141560 0 916 3656
73635116 8 498 3681
73946857 15 1676 3696
74004691 16 1640 3699
74611094 3 1245 3730
74630355 19 890 3731
74855604 1 1844 3743
75143295 1 1040 3758
76091020 8 1206 3806
76222057 10 660 3812
76360269 0 293 3819
77132499 2 1074 3859
77155333 16 478 3860
77310578 3 14 3868
77335404 4 1527 3869
77373218 17 1152 3871
77889474 2 268 3897
77913851 11 1549 3898
77931421 9 761 3899
78216820 14 673 3913
78290791 16 1966 3917
78350383 1 1801 3920
78474280 11 1823 3926
78496528 18 436 3927
78844389 5 900 3945
79595399 12 923 3982
79670399 6 1536 3985
80192715 4 186 4010
80353862 2 945 4018
80609206 17 1743 4031
82385329 9 894 4120
82450597 4 512 4123
82602887 13 1145 4131
82768857 4 452 4139
82986814 1 1309 4150
83650896 3 91 4182
83774674 12 507 4188
83902475 3 910 4194
83967893 8 882 4197
83989168 9 1935 4198
84090939 11 1153 4203
84342005 10 1799 4216
84807641 12 1294 4239
85099732 9 1238 4253
85268888 11 941 4261
85330664 14 586 4264
85388594 6 734 4267
85451484 12 1011 4270
85925803 5 834 4293
87038266 9 1400 4346
87619084 11 1252 4376
88009320 14 1923 4395
88613529 11 526 4424
89078491 14 211 4447
89168621 18 476 4451
89729352 12 555 4479
89872105 17 203 4486
90088162 9 936 4497
90377193 14 1393 4511
90768384 15 647 4531
91073074 14 221 4546
91244644 1 1848 4555
91386459 6 1195 4562
91640619 1 1722 4574
91930736 1 1581 4588
91971320 0 1373 4590
92182508 2 1219 4600
92429315 11 170 4612
92450553 9 1083 4613
92466151 15 1842 4614
92513218 12 1329 4617
92893211 19 1406 4637
93695046 15 647 4677
93913109 15 214 4688
94005852 16 1832 4693
94169714 17 1359 4701
94294278 12 469 4707
94334421 9 350 4709
94782995 5 1971 4732
95107791 12 1475 4748
95128805 13 1777 4749
95197324 14 761 4753
96001285 6 758 4794
96038400 15 849 4796
96554179 9 124 4822
96775241 5 1261 4833
97073361 9 1945 4848
97346276 9 1526 4862
97387473 16 49 4864
97507218 7 1869 4870
97885494 1 1923 4888
98184826 9 1402 4903
98580934 18 566 4923
99131334 6 494 4951
99173672 2 1666 4953
99220638 5 867 4955
99458906 16 1111 4967
99559338 2 65 4972
99741499 6 920 4981
99804715 3 1207 4984
99999144 1 588 4994
100182020 6 1969 5003
100795803 0 238 5032
100832128 2 1580 5034
100894588 17 422 5037
100959698 19 1740 5040
101226736 5 347 5054
101484986 15 1759 5067
101642451 0 283 5074
101908260 3 1202 5087
101991797 4 1122 5091
102119449 13 1995 5097
102777644 8 1629 5130
103017173 7 1037 5142
103353570 17 210 5158
103502924 2 1735 5166
103578942 17 337 5170
103613963 13 919 5172
103654964 3 1813 5174
104427296 13 1079 5212
104738030 11 1592 5227
104919641 13 1460 5235
104958199 16 231 5237
105036971 6 386 5241
105318478 16 289 5255
105377734 2 877 5258
105456120 19 192 5262
105847490 9 1003 5281
105985904 5 1312 5288
106089291 12 1688 5293
106485978 7 91 5313
106887626 5 1199 5333
107260141 14 853 5351
107441027 18 879 5360
107744370 9 769 5376
107821330 18 1668 5380
108029142 16 853 5390
108242552 0 687 5400
108387852 8 1792 5407
108429445 1 1671 5409
108844722 16 40 5430
109282724 18 498 5452
109304754 18 1711 5453
109501184 4 1901 5462
109931714 13 337 5484
110129739 6 1025 5494
110494488 10 1641 5512
110854175 15 1480 5531
111768532 1 1184 5577
112361156 14 1839 5606
112466894 13 316 5611
113166502 15 1555 5646
113289387 13 426 5652
113328300 4 388 5654
113498766 4 111 5663
113695731 10 674 5673
114185614 1 1495 5697
114303313 14 1266 5702
114346017 7 574 5704
114531934 11 659 5713
114588023 4 1035 5716
114817619 8 365 5727
117095027 10 1738 5840
117417802 18 916 5856
117475168 17 1860 5859
117549198 14 1889 5863
117684924 8 157 5870
118699847 16 936 5921
119300963 15 1303 5950
119418339 9 192 5956
119681582 0 59 5970
119746606 4 127 5973
120177618 9 101 5994
120457774 6 442 6031
120476986 7 1440 6035
120505826 6 1014 6042
120594349 9 1483 6060
120599836 12 1147 6061
120798792 5 981 6102
120889970 6 1276 6120
120984203 7 471 6140
121037517 11 1475 6151
121059131 7 974 6155
121071983 7 74 6158
121079909 1 1758 6160
121092909 12 698 6162
121146294 13 647 6173
121322791 12 1577 6209
121431210 11 1457 6232
121456024 7 1747 6237
121488527 12 334 6244
121530794 2 1578 6253
121556615 5 547 6258
121593937 5 1235 6265
121648723 6 1873 6276
121742652 19 1538 6295
121871762 9 157 6321
121895483 2 868 6326
121923309 6 236 6333
122222412 7 269 6390
122228703 16 1613 6391
122480313 0 601 6441
122518917 19 1424 6449
122579416 5 682 6461
122719970 3 1115 6488
122853634 14 1209 6516
122881442 9 1380 6522
122889694 12 304 6524
122959620 10 1328 6538
122965203 11 889 6539
123012895 2 870 6549
123181238 3 399 6582
123191439 17 117 6584
123285476 18 1477 6604
123464548 4 1808 6642
123480350 5 373 6645
123582541 0 1522 6665
123606448 2 1074 6670
123632495 7 838 6676
123637716 9 536 6677
123653598 11 1424 6680
123773335 14 91 6703
123900600 0 300 6729
123919611 19 1071 6733
123924976 2 1750 6734
123931136 10 1077 6735
124021192 15 1328 6753
124298559 15 121 6808
124316042 16 357 6811
124340697 5 152 6816
124379777 4 1976 6824
124412813 6 1923 6831
124515121 13 863 6850
124750668 10 1730 6899
124769616 17 1761 6903
124796136 8 711 6908
124817178 2 1910 6912
124861396 14 1352 6921
124930615 1 1666 6934
124991500 1 1362 6947
125148333 8 1105 6980
125168626 3 239 6984
125286359 2 713 7008
125309850 11 1885 7013
125331713 1 667 7017
125388638 12 952 7028
125400527 2 1061 7030
125475629 0 1256 7044
125496698 17 175 7048
125500867 17 1589 7049
125642373 1 1704 7076
125646214 13 1336 7077
125834797 12 724 7115
125887454 7 1746 7125
125897335 11 1884 7127
125983810 17 1654 7145
125995598 5 1102 7147
126075494 15 1058 7162
126157495 6 667 7178
126192372 1 979 7186
126251440 0 137 7198
126426543 7 684 7234
126531889 13 1951 7255
126586033 3 619 7265
126605570 15 1031 7269
126623338 1 1591 7273
126668791 15 1059 7283
126696028 2 1264 7289
126700423 8 216 7290
126734500 3 1165 7297
126741998 14 1628 7299
126756141 7 462 7302
126805095 5 1072 7312
126952694 2 801 7342
127019652 11 1609 7356
127049897 11 1039 7363
127317363 11 763 7417
127395481 10 1648 7432
127443849 0 1241 7442
127676088 11 1535 7489
127770443 4 999 7507
127774382 18 1159 7508
127784674 9 1768 7510
127954870 0 1599 7546
128195566 8 177 7594
128478712 5 82 7650
128611380 0 148 7678
128784441 7 371 7712
128970164 15 1555 7748
129062427 17 348 7766
129103391 8 204 7774
129398924 14 855 7834
129446188 7 811 7844
129637254 1 1986 7884
129664954 3 400 7890
130090523 0 500 7976
130120262 16 134 7982
130131592 4 187 7984
130190536 18 1343 7995
130199751 11 304 7997
130251880 5 1130 8007
130367667 17 1553 8031
130387663 3 973 8035
130476566 19 586 8053
130501656 13 1447 8058
130673942 14 1108 8092
130735715 15 522 8105
130832920 1 1442 8126
131119489 17 227 8185
131171130 11 120 8196
131181876 18 505 8198
131386546 15 1842 8239
131390185 0 1974 8240
131440156 9 344 8250
131515190 19 735 8264
131539831 3 318 8269
131669002 2 1462 8294
131680259 9 561 8296
131695282 16 250 8299
131719682 2 1365 8304
131914467 1 435 8347
132045299 8 1904 8373
132100928 16 663 8384
132125414 15 657 8389
132248674 15 120 8413
132259903 15 808 8415
132265553 10 1444 8416
132351366 11 590 8434
132413765 14 1600 8447
132538916 3 104 8472
132673646 10 1740 8501
132700263 15 1357 8507
132710326 0 1270 8509
132723102 2 484 8512
132813124 14 1750 8530
132824142 14 1065 8532
133080496 5 1852 8586
133103123 5 86 8590
133122954 19 8 8594
133446012 6 443 8659
133479520 11 463 8666
133582562 0 1967 8686
133619159 5 314 8693
133663359 11 788 8702
133672962 7 340 8704
133819798 11 210 8733
133830615 7 1822 8735
133848471 14 1723 8739
133878501 14 690 8744
134000861 12 625 8767
134414710 11 299 8850
134434482 9 1029 8854
134436693 4 802 8855
134446314 0 1416 8857
134510240 0 1874 8870
134558432 11 870 8881
134634082 19 1285 8895
134644923 8 7 8897
134703144 1 411 8909
134728319 10 1604 8914
134811020 2 42 8929
134907513 4 62 8948
134916138 0 577 8950
134951854 2 1450 8957
135032649 11 1266 8974
135086168 13 823 8984
135220043 9 1266 9010
135289354 13 1509 9024
135336483 3 1654 9033
135370028 17 1576 9040
135511332 7 1260 9068
135592913 6 920 9084
135599037 6 950 9085
135613233 10 837 9088
135676808 15 1861 9101
135899039 4 1123 9144
135935210 1 100 9151
135967281 1 95 9157
136553497 0 511 9273
136726785 11 790 9306
136936687 10 227 9348
136945439 1 1013 9350
136955129 5 390 9352
136982823 16 1813 9357
137125452 8 1001 9386
137219005 7 1643 9404
137236403 13 1432 9408
137261725 2 1421 9413
137277595 6 610 9416
137343066 4 349 9429
137513838 12 1094 9463
137546621 6 127 9470
137669259 8 857 9494
137749398 1 810 9510
137808694 17 641 9521
137813465 12 1993 9522
137947411 4 1458 9548
137970413 16 1680 9553
138017268 2 359 9563
138108026 2 380 9581
138125723 17 81 9584
138387657 4 819 9635
138404389 4 1375 9638
138469667 0 1971 9651
138494884 11 111 9656
138800925 5 752 9719
138833594 10 219 9726
138885075 0 890 9737
139054355 4 1075 9769
139114611 15 1125 9781
139145984 3 319 9787
139186365 7 814 9795
139229421 3 1375 9804
139233316 11 816 9805
139442572 8 534 9846
139465956 16 1567 9850
139535926 15 1825 9864
139544819 13 1269 9866
139560147 3 889 9869
139647463 9 362 9887
139651381 2 705 9888
139894404 15 1148 9938
139922129 13 374 9943
139961841 5 530 9951
139974942 13 1358 9954
140006714 12 1486 9960
140018228 15 1678 9962
140035150 17 1069 9966
140084626 14 1646 9977
140099628 15 1902 9980
140187815 1 1903 9998
140272200 12 966 10014
140292317 5 570 10018
140303393 9 1467 10021
140317893 0 825 10024
140348156 14 1279 10030
140387848 7 994 10038
140453142 13 943 10051
140522542 17 256 10066
140559130 7 1197 10074
140590013 16 1823 10081
140629024 10 678 10089
140912153 5 738 10144
141071412 12 96 10176
141154409 12 1494 10193
141187189 6 1283 10200
141218136 10 1393 10206
141232001 18 687 10209
141280431 16 364 10219
141317318 18 1354 10226
141487236 5 820 10259
141506145 16 83 10263
141544449 1 1789 10271
141756289 17 517 10312
141880596 13 1864 10338
142221770 19 1098 10408
142268041 6 1948 10417
142319910 15 501 10427
142359926 0 1793 10435
142365315 11 256 10436
142420588 8 780 10446
142525926 11 195 10467
142614634 4 1813 10485
142723663 13 700 10507
142811056 9 577 10525
142885394 18 1265 10539
142900577 17 243 10542
142979609 7 1080 10557
143168270 8 283 10595
143554751 12 1614 10672
143661240 0 851 10693
143667740 2 1939 10694
143960502 13 1055 10753
144127025 10 792 10787
144193804 12 945 10801
144201330 4 1124 10803
144336794 9 1463 10831
144385919 12 626 10841
144440369 18 1329 10852
144464890 11 27 10857
144499720 8 503 10864
144576507 19 727 10879
144631697 19 1819 10891
144696218 4 154 10905
144786347 1 1600 10922
144931951 13 1032 10951
144952629 16 1978 10955
145100466 5 249 10986
145198891 19 1197 11006
145294056 6 512 11024
145312116 2 1818 11028
145441043 14 1781 11054
145452693 11 798 11056
145492870 7 274 11064
145520680 15 1819 11070
145578486 11 1317 11082
145593984 17 1368 11085
145620596 10 1051 11090
145636930 12 147 11093
145852045 19 713 11137
145902424 8 182 11148
145955266 13 645 11159
146046912 15 1642 11177
146192621 14 1663 11207
146218392 9 827 11212
146420259 2 1998 11251
146568853 14 276 11280
146618806 17 1849 11291
146830462 7 1306 11332
146863773 17 412 11338
147061619 10 1738 11377
147112361 17 1297 11387
147217179 5 1569 11409
147309214 14 843 11427
147332504 15 403 11431
147337617 2 1950 11432
147531269 13 1484 11469
147734523 4 940 11509
147816902 1 1047 11525
147954951 9 85 11553
148038539 2 1450 11571
148159733 6 1257 11596
148223640 9 845 11609
148235484 0 799 11611
148279119 11 1473 11619
148332237 19 250 11629
148495948 10 1325 11665
148593060 4 963 11685
148613752 8 320 11690
148623057 0 1859 11692
148796026 17 1731 11727
148874710 13 701 11743
148880472 14 700 11744
148921943 16 1949 11752
149032703 14 378 11775
149397517 1 830 11848
149450085 16 878 11859
149501174 19 338 11869
149511040 9 991 11871
149625749 2 301 11893
149800426 0 1080 11929
149843531 4 743 11937
149969783 19 215 11962
149993213 6 1698 11966
150040195 17 18 11976
150155316 7 1790 11999
150226238 12 945 12013
150366119 12 780 12040
150476808 2 1052 12061
150570403 7 929 12081
150610895 8 233 12089
150750559 14 101 12117
150761349 1 924 12119
150792448 8 9 12125
150829472 15 962 12132
150852747 8 1519 12137
150888593 8 1694 12144
150917712 8 276 12150
151014157 11 1065 12169
151060033 18 1677 12178
151077611 13 1076 12181
151083330 2 1300 12182
151088763 14 1177 12183
151193491 3 1849 12204
151203097 13 83 12206
151289861 12 971 12223
151349540 6 814 12235
151369160 14 193 12239
151381432 19 909 12242
151481157 16 974 12263
151548086 7 584 12277
151569448 13 1094 12281
151599602 18 18 12287
151608649 6 19 12289
151687830 3 1106 12305
151735209 15 1405 12315
151757693 6 1845 12319
151929862 17 158 12355
152035228 10 1834 12377
152064839 4 349 12384
152226235 7 327 12417
152235469 19 1004 12419
152290127 10 524 12430
152341954 18 11 12440
152374046 9 1708 12446
152417644 7 1732 12454
152544613 9 1434 12479
152622559 18 1134 12494
152729747 6 266 12515
152916399 7 1108 12553
152995598 3 1512 12569
153023279 16 285 12574
153056679 1 946 12581
153204042 16 287 12610
153261562 10 1828 12621
153385521 2 1060 12645
153396187 17 318 12647
153430078 7 180 12654
153543365 15 1430 12677
153574436 4 652 12683
153681331 17 1265 12706
153762285 19 1816 12724
153899644 19 290 12752
153957136 16 1158 12764
154001319 2 1582 12774
154023344 0 889 12779
154105748 2 887 12795
154247328 17 180 12823
154271067 0 312 12828
154466368 7 1348 12868
154653089 4 748 12904
154676872 0 1305 12909
154731260 5 81 12920
154880942 19 1647 12950
154903791 10 944 12955
154947127 14 1645 12964
154959822 15 1603 12967
155068778 2 1209 12990
155115863 8 1278 13001
155158257 15 1974 13009
155176663 16 923 13013
155187169 3 1097 13015
155237861 10 1609 13026
155308350 19 1721 13041
155314124 1 596 13042
155400155 3 259 13058
155416650 9 1094 13061
155503402 3 0 13079
155528899 1 1287 13085
155622623 8 1643 13101
155800428 18 528 13136
155858189 8 1809 13147
155862607 16 1872 13148
155891908 18 762 13154
155991741 11 1270 13174
156064143 14 1609 13188
156152554 8 1957 13206
156261863 19 738 13229
156346937 15 374 13246
156382121 5 1008 13253
156461958 15 661 13268
156527613 17 905 13280
156577296 8 104 13290
156602183 16 1069 13295
156647347 12 53 13304
156688462 19 748 13312
156704322 10 1960 13315
156728323 7 1950 13319
156773450 5 311 13328
156873832 17 374 13349
156922850 3 1221 13359
156950242 7 174 13365
156996117 5 1550 13374
157001786 4 1 13375
157048984 6 1551 13385
157097570 11 680 13394
157146604 6 1851 13403
157211993 3 617 13418
157284152 8 783 13433
157317550 2 1309 13440
157346628 5 1938 13446
157428225 4 950 13462
157573564 14 193 13489
157594244 13 1078 13493
157604439 11 182 13495
157610245 3 139 13496
157694023 8 462 13514
157743778 7 685 13526
157866572 2 1358 13550
157917245 16 873 13561
157928809 18 398 13563
157939527 7 1505 13566
157950868 13 724 13568
157995180 15 524 13577
158203529 7 1756 13621
158228692 14 398 13626
158310860 7 1482 13642
158376042 9 1881 13655
158407089 15 554 13661
158422095 11 218 13664
158535836 2 609 13686
158561029 18 1759 13691
158625907 16 1479 13705
158664030 7 265 13713
158747455 4 476 13729
158885981 7 271 13757
158894894 2 1214 13759
158904993 15 1976 13761
158998207 7 366 13780
159041540 10 418 13788
159160835 3 763 13811
159219569 0 638 13823
159258617 12 79 13830
159325175 7 831 13842
159445801 15 866 13866
159453623 13 1104 13868
159552422 8 1108 13887
159580311 11 1430 13892
159695521 12 499 13914
160073351 18 1194 13991
160177734 12 1802 14011
160226424 3 1608 14021
160237045 13 1667 14023
160254963 14 1255 14027
160266813 7 59 14029
160399405 17 513 14055
160456318 9 107 14068
160518494 16 1819 14081
160558766 8 10 14089
160595070 10 368 14096
160678327 1 751 14113
160777381 10 54 14132
160834350 1 1973 14144
160938413 19 440 14165
161143199 2 1849 14205
161230232 18 1376 14225
161333158 11 883 14246
161358355 6 1255 14252
161367853 17 1202 14254
161373821 19 288 14255
161388225 3 1213 14258
161432407 9 1329 14267
161525080 0 15 14286
161643132 16 1503 14309
161791188 18 386 14339
161842298 11 604 14349
161854801 10 1206 14351
162136754 16 692 14407
162221319 16 514 14423
162235347 1 1686 14426
162398882 2 755 14458
162410653 19 1433 14460
162431656 1 190 14464
162436896 0 1286 14465
162445830 15 1283 14467
162450385 9 972 14468
162459024 5 229 14470
162505437 4 1673 14479
162634258 17 1920 14506
162639405 6 25 14507
162646103 18 1125 14509
162740333 0 1025 14528
162750930 18 434 14530
162829665 4 872 14545
162882383 14 1379 14555
162964110 11 19 14572
162982332 10 177 14576
163081885 16 1063 14596
163163541 10 1059 14613
163169785 10 1152 14614
163498789 4 776 14678
163596658 5 1704 14699
163867800 11 1336 14753
163897452 16 1817 14760
163918964 4 258 14764
164004806 11 128 14780
164056222 11 1830 14791
164149625 14 1738 14810
164171970 19 1004 14814
164221521 4 257 14824
164225553 10 1311 14825
164382705 2 1383 14858
164397568 13 667 14861
164497879 0 1310 14881
164502322 19 572 14882
164545162 13 634 14891
164609092 15 746 14904
164645783 0 622 14912
164685149 13 647 14921
164787191 0 245 14940
164870244 5 157 14956
164902202 11 862 14962
164974931 3 1503 14976
165045738 7 1165 14990
165211294 14 1552 15024
165225250 16 536 15027
165341964 4 100 15050
165380127 8 1035 15058
165390004 8 271 15060
165414834 19 1632 15065
165454113 6 970 15073
165491845 3 719 15080
165540328 14 1811 15090
165554340 6 622 15093
165569512 3 1426 15096
165619748 8 658 15106
165687036 14 48 15119
165759358 12 970 15133
165983329 10 1271 15180
166144647 2 342 15213
166253361 11 1029 15236
166431216 2 448 15272
166503459 7 69 15287
166508950 19 1431 15288
166586367 17 346 15306
166684128 12 1552 15324
166688991 10 1434 15325
166759835 18 1748 15340
166867109 13 1956 15362
166871191 15 1730 15363
167030371 1 495 15394
167036871 8 1158 15395
167104793 7 7 15409
167122250 10 1734 15412
167195018 9 1665 15427
167225882 10 1157 15433
167378875 11 477 15463
167388016 3 1045 15465
167421094 12 1093 15472
167489625 11 806 15486
167531254 18 210 15495
167564930 16 1294 15502
167611493 9 489 15511
167806257 6 1816 15550
167846139 19 527 15558
168022449 0 1913 15592
168303786 14 1235 15648
168346277 19 965 15657
168357171 9 1357 15659
168397204 13 1045 15667
168419589 12 972 15671
168483779 10 1256 15683
168512368 14 4 15689
168560763 3 1281 15699
168569721 16 168 15701
168752660 17 72 15738
168930836 1 990 15774
168975686 12 1893 15783
169041617 10 1929 15796
169085920 13 1306 15805
169109189 14 947 15810
169151810 3 1062 15819
169197545 16 479 15828
169296877 9 1385 15848
169312940 3 1815 15851
169461457 8 1366 15881
169592942 2 1084 15906
169649520 11 77 15918
169673884 1 1748 15923
169689756 13 598 15927
169696094 0 526 15928
169732877 5 1724 15935
169742654 4 773 15937
169748800 3 98 15938
169890796 16 1415 15969
169970368 8 1957 15986
170051510 10 433 16001
170145747 1 1510 16021
170150519 12 1903 16022
170307404 5 1128 16052
170311297 19 1412 16053
170332323 14 1206 16057
170478455 19 1180 16085
170680756 13 1014 16124
170733195 6 940 16134
170859172 3 804 16160
171041279 12 1888 16198
171215498 8 1070 16233
171235049 18 1341 16237
171283413 8 1406 16247
171401621 16 1706 16271
171485062 19 1846 16287
171540240 4 417 16297
171546116 8 930 16298
171578377 11 7 16304
171676064 11 1627 16322
171705692 17 1276 16328
171959446 3 1583 16377
171987109 13 443 16384
172050496 12 359 16396
172166508 18 285 16418
172216796 4 117 16429
172253129 0 1635 16436
172281744 6 1649 16442
172335094 7 181 16452
172363817 4 1514 16458
172442723 19 511 16473
172524292 1 73 16490
172647669 7 1519 16514
172778815 7 1227 16540
173191867 19 995 16623
173205911 16 1297 16626
173226840 6 1232 16630
173236829 9 1727 16632
173456499 3 1570 16675
173488225 5 1301 16681
173503845 13 1722 16684
173722281 16 257 16727
173782014 5 965 16740
173796745 19 1694 16743
173863718 16 752 16756
173893955 17 245 16762
173916535 19 385 16767
173985427 4 466 16781
174000941 5 701 16785
174142967 10 355 16814
174229731 0 1683 16832
174240431 0 1958 16834
174489985 9 1369 16885
174588833 11 1042 16905
174721985 17 449 16931
174753496 0 1350 16938
174865531 9 1764 16960
174911345 12 1569 16970
174945324 9 1227 16976
174950760 4 1547 16977
175213297 13 1967 17028
175298602 18 1133 17044
175307765 13 1323 17046
175332006 4 1840 17051
175443630 8 1476 17073
175555626 13 624 17096
175648174 9 1621 17113
175687559 8 1671 17121
175748559 12 901 17133
175769668 4 1789 17138
175775256 18 1043 17139
175888728 7 109 17163
175970098 9 1478 17180
176071673 2 1781 17201
176145790 16 1542 17216
176168251 10 1221 17220
176209784 5 1981 17228
176230752 8 717 17232
176237151 10 1167 17233
176261157 13 1989 17238
176344858 16 922 17256
176585887 15 846 17303
176780115 1 283 17342
176811956 15 995 17348
176829709 19 1962 17351
176933599 19 97 17371
177017628 13 1834 17389
177022618 2 259 17390
177176722 12 1140 17421
177201741 0 1601 17426
177205937 5 1181 17427
177256933 0 535 17437
177453766 17 934 17476
177533722 11 1301 17492
177573477 8 152 17500
177589471 9 1199 17503
177611342 15 297 17507
177617842 4 1335 17508
177696269 16 662 17523
177887229 2 56 17562
177963173 5 1323 17577
177972326 2 1935 17579
177978123 2 510 17580
178105913 10 1023 17606
178279589 5 1762 17641
178295552 4 1820 17644
178413233 11 1975 17668
178558840 3 1286 17694
178725310 17 1516 17726
178731744 6 783 17727
178783168 3 353 17738
178801767 16 1617 17742
178805107 3 1962 17743
178834931 11 213 17749
178906414 8 1993 17763
178963209 0 223 17775
179150008 11 201 17814
179196266 6 1625 17822
179343371 8 994 17852
179404784 11 1590 17864
179415440 2 494 17866
179418505 7 380 17867
179584536 18 214 17901
179594814 0 836 17903
179679892 9 1802 17920
179711179 4 385 17926
179720230 3 1459 17928
179746073 18 1953 17933
179770043 15 1332 17938
179927009 4 1241 17971
180034663 2 1959 17994
180091924 18 1165 18006
180157070 7 1089 18019
180221020 19 1404 18032
180300838 17 67 18048
180344641 10 1916 18058
180523593 9 386 18094
180653610 14 1981 18120
180754644 11 82 18140
180861072 13 1327 18161
180865148 12 54 18162
180918031 15 1153 18172
180974650 1 1185 18183
181037208 8 886 18196
181096702 9 849 18208
181136288 13 1894 18216
181195812 10 910 18228
181242910 18 1359 18238
181523347 5 232 18295
181532810 13 1493 18297
181549648 10 1358 18300
181570922 16 1169 18304
181577422 6 206 18305
181854007 0 1580 18358
181859001 0 1498 18359
181932941 18 183 18374
181974017 11 1522 18382
181996171 15 1380 18387
182101619 0 1399 18408
182137031 12 400 18416
182160428 16 1464 18420
182204014 11 1793 18429
182413070 3 875 18471
182466322 8 1879 18481
182571885 13 802 18502
182601960 17 1893 18509
182607365 14 518 18510
182677639 9 1667 18523
182709741 1 1007 18530
182748806 12 489 18538
182785201 15 1645 18545
182866377 18 1978 18561
182898025 10 712 18567
182908808 14 37 18569
183017390 8 931 18590
183065973 1 63 18599
183110249 9 1017 18608
183138732 12 164 18614
183144901 10 1428 18615
183256621 14 1908 18637
183345028 11 1666 18655
183351137 18 1067 18656
183356139 8 744 18657
183375984 6 664 18661
183439858 13 826 18674
183451219 0 1634 18676
183471762 2 858 18680
183477644 8 1465 18681
183634827 16 1552 18714
183647117 17 1120 18716
183651503 14 437 18717
183798638 18 428 18747
183842050 14 509 18755
183929681 11 1423 18772
183947710 16 1810 18775
183997843 3 601 18785
184099188 7 1063 18806
184237137 17 102 18833
184248479 8 361 18835
184304356 9 170 18846
184432934 19 151 18871
184448530 14 975 18875
184537797 14 337 18892
184590657 7 1382 18903
184608480 4 913 18907
184729381 0 1897 18930
184769273 13 896 18938
184851518 12 1030 18954
184876674 0 410 18959
184917350 1 298 18967
185010430 1 1671 18986
185048335 10 200 18994
185076420 4 1491 18999
185106402 5 550 19005
185195971 11 1464 19025
185312668 5 463 19049
185515930 13 1797 19088
185549119 12 1286 19094
185762032 12 1394 19137
185826971 8 1963 19149
186120379 12 72 19207
186241228 13 1860 19232
186323746 11 1192 19248
186334251 13 941 19250
186523588 0 507 19289
186534456 16 1139 19291
186695684 14 830 19324
186734599 0 365 19332
186774828 6 624 19340
186865123 9 1676 19360
186891997 7 667 19365
187119662 0 1812 19411
187141272 14 378 19416
187249087 14 270 19437
187275820 3 46 19442
187460841 5 326 19476
187669969 6 1113 19517
187753454 14 1426 19533
187794015 1 20 19541
187959900 10 1205 19573
188035570 13 630 19587
188168451 18 951 19613
188203145 17 35 19620
188232220 13 971 19625
188292604 14 1556 19636
188304451 17 376 19638
188452129 6 370 19669
188525509 7 803 19684
188586370 18 1784 19697
188702288 5 718 19720
188801261 12 1239 19739
188817177 1 1058 19742
188874564 16 24 19754
188917300 3 312 19762
188935974 4 1698 19766
189107648 19 1075 19801
189122586 19 850 19804
189156040 11 226 19811
189173035 15 1357 19814
189237682 1 329 19827
189242831 0 1245 19828
189290632 2 902 19838
189336374 11 152 19848
189554158 6 864 19893
189671814 18 1886 19916
189802106 14 353 19943
189815861 16 1933 19946
189887050 17 1306 19961
189920929 17 927 19968
189967440 5 205 19977
189971686 0 1513 19978
190001246 12 1125 19984
190022603 1 745 19989
