386616 53 760 18
646714 42 1535 31
1329703 58 1950 64
1352500 46 827 65
1865439 49 122 91
2007841 41 475 98
2222565 45 534 109
2905893 41 1765 144
3681784 40 288 184
4525880 46 1724 225
4885227 40 1266 243
5086433 49 988 253
5809884 49 1896 291
5985638 54 1216 300
6297694 54 556 315
6858551 50 1930 345
7121778 59 885 359
7155747 42 1944 361
7685242 43 456 389
8081971 40 1226 409
8350619 56 547 423
8547547 53 1572 433
8652700 47 1716 438
8983722 44 464 456
9017472 50 1217 458
9083421 49 220 462
9141481 44 640 465
9332717 52 1457 475
9467903 51 1922 482
9527488 42 1814 485
9642741 52 76 491
9981690 47 728 507
10074201 48 648 512
10177289 58 1311 517
10360312 55 1218 526
10440549 52 430 530
10807376 51 1205 547
10878045 50 854 551
10999485 56 725 557
11674965 47 855 591
12010345 44 1942 608
12596259 41 568 637
12746067 46 852 644
13243230 52 1334 669
13659264 54 1714 690
14169320 49 1854 716
14187781 52 1571 717
14380597 40 611 727
14795837 48 1169 749
15041218 45 255 761
15245301 57 60 771
16184932 42 210 818
16585759 49 62 839
16641396 43 689 842
16838595 49 452 852
17360617 44 1828 878
17381401 45 1180 879
17443180 59 1308 882
17530207 45 1079 886
17814017 57 1566 900
17906261 48 1685 905
18190402 59 741 920
18818083 53 1420 952
18959519 49 580 959
19025998 47 1626 962
19196389 44 399 971
19594087 53 1344 992
19674979 57 951 996
19748696 54 530 1000
20583635 51 669 1042
21375397 42 1005 1080
21511100 49 196 1087
21743605 58 273 1099
21959258 51 1666 1110
22766291 45 1670 1150
22934417 43 1629 1158
23155611 48 466 1169
23280942 50 1635 1175
23594678 58 1902 1191
23909514 54 557 1207
23987589 46 952 1211
24213585 46 590 1222
25110957 44 11 1267
25214090 47 333 1272
25379560 58 1232 1281
25632675 50 1708 1295
25761458 44 501 1301
25786074 48 1732 1302
26025147 59 544 1313
26632765 53 206 1344
26749411 43 735 1350
28275147 48 86 1426
28291351 40 1521 1427
28475563 44 764 1437
28637407 59 154 1445
28695580 50 22 1448
28880770 49 352 1457
29104104 48 103 1469
29305324 53 1488 1479
29366881 48 259 1482
29676419 42 1129 1497
30063283 44 868 1516
30521521 46 1417 1538
30603704 46 557 1542
30666683 59 1880 1545
31402660 57 988 1582
31467199 44 388 1585
31660082 55 1597 1594
31834828 55 866 1603
31950724 55 1432 1609
32152784 52 585 1619
32663645 55 7 1645
32871371 46 1683 1655
33648187 57 1349 1694
33765482 59 664 1700
33846771 45 1947 1704
33862505 56 1569 1705
34398859 53 1046 1732
34531622 43 207 1738
34585810 57 1572 1741
34702467 44 981 1747
35208427 44 1995 1773
35301140 53 1717 1778
35820220 49 45 1803
35866826 50 1391 1805
36027466 45 115 1813
36754701 51 459 1849
36772719 44 1375 1850
37946572 58 1251 1909
38242930 49 739 1924
38931949 54 1415 1957
39459115 59 494 1984
39528900 54 1319 1988
39619030 45 567 1993
40472366 53 761 2035
40788890 52 1331 2051
40930311 58 1716 2058
41350125 47 1147 2078
42567456 56 589 2139
42942691 50 1061 2158
43340982 44 416 2178
43599725 57 160 2191
44018461 43 323 2213
44139129 49 1042 2219
44329708 49 995 2228
45205631 51 1790 2271
45252422 43 1858 2273
45380269 51 1810 2279
46040308 50 429 2313
46783657 58 1759 2350
47243083 44 790 2372
47693861 44 819 2394
47808088 55 1335 2400
47828689 51 1312 2401
47987342 47 169 2409
48047595 57 1760 2412
48527142 55 1588 2436
48919117 42 1700 2456
49038003 52 1212 2462
49352953 48 1531 2478
50030565 59 991 2511
50472028 59 952 2534
50681758 43 204 2544
50789531 44 464 2549
50833605 56 1366 2551
50967671 41 1191 2558
51365302 56 1870 2578
51446006 41 1064 2582
51644513 59 82 2592
51685016 46 734 2594
51849081 46 1836 2602
52832551 47 574 2651
53027136 58 149 2660
54214632 42 1371 2720
54674826 50 1363 2743
55255056 54 356 2772
55334938 54 98 2776
55521377 50 36 2785
55697487 49 591 2794
56290326 49 771 2824
56691342 43 578 2844
56751680 46 1181 2847
57040208 55 1735 2862
57099280 57 407 2865
57397158 49 1741 2879
57543013 49 1783 2886
58675588 49 1850 2943
59135938 59 58 2965
59500206 58 54 2982
59783297 48 1481 2996
60257904 43 484 3019
60361600 40 1812 3024
60411408 47 685 3027
61009991 53 619 3057
61592512 47 93 3086
61921313 52 1612 3102
62286738 59 392 3120
62509147 48 714 3131
63016547 54 830 3156
63230706 57 199 3167
63291676 42 1312 3170
63813224 47 1005 3195
64556827 57 359 3233
65328003 49 600 3269
65483938 49 30 3277
65522379 42 1102 3279
65662065 47 1268 3285
65870298 59 346 3295
66833151 47 1082 3342
67320096 40 1067 3366
68091137 49 1392 3403
68190574 56 902 3408
68210719 58 1772 3409
68369918 49 1633 3417
68469960 54 1466 3422
68523871 55 63 3425
68724942 56 784 3435
68849815 50 1024 3441
69877434 52 332 3494
70120144 45 1008 3506
70428414 53 409 3521
70489017 47 1996 3524
70505775 40 1006 3525
71217540 45 622 3560
71621977 47 1952 3581
71803250 45 1306 3590
72192553 41 585 3609
72452259 59 861 3622
72629689 43 1758 3630
72828220 55 1326 3640
73060390 40 1798 3652
73244181 58 1063 3661
73432309 45 1913 3671
74210037 57 660 3710
74269969 42 1593 3713
74686363 49 860 3734
74836804 54 1606 3742
75283308 53 1650 3765
75376649 44 1251 3770
75554865 58 113 3779
75659014 54 1783 3784
75717888 54 1431 3787
76304290 50 1544 3816
76770806 57 147 3840
77357295 56 669 3870
77391480 52 144 3872
77503246 56 940 3877
77711411 59 1664 3888
78013020 42 441 3903
78231820 46 42 3914
78271682 52 677 3916
79177289 40 707 3961
79258025 47 1430 3965
79299970 41 1730 3967
79364725 54 1538 3970
79515585 51 555 3978
80152439 49 401 4008
80170403 57 683 4009
80947656 40 553 4048
81125487 57 524 4057
82030321 47 1174 4102
82791312 41 1807 4140
83342487 45 497 4167
83671070 51 13 4183
83799168 55 1740 4189
83945073 49 1266 4196
84533293 44 1859 4225
84727444 40 1445 4235
85146670 56 1 4255
85193786 54 401 4257
85212775 44 1101 4258
86343102 44 1333 4313
86628466 50 31 4327
86669001 51 358 4329
86797555 50 953 4335
86840100 40 918 4337
86992435 48 611 4344
87060534 50 1114 4347
87078607 51 1275 4348
87199447 54 1489 4354
87409828 53 329 4365
87449131 50 450 4367
87832729 54 452 4386
88279603 57 1323 4408
88304603 41 785 4409
88550899 57 612 4421
88592291 58 1980 4423
89524503 54 1153 4468
89626855 55 396 4473
89662252 45 1588 4475
89774863 54 846 4481
90043254 48 1744 4495
90222035 49 367 4504
90489536 51 223 4517
90652258 47 1561 4525
90811767 45 923 4533
90934065 48 1324 4539
91149472 53 39 4550
91432258 45 1391 4564
91512179 49 1925 4568
91721618 54 853 4578
91764779 56 917 4580
91805741 59 1693 4582
92813168 45 1419 4633
93287953 40 197 4657
93415200 56 1422 4663
93509755 42 798 4668
93988311 43 1078 4692
94683310 50 1217 4727
94843523 40 1269 4735
95087025 59 230 4747
95574581 43 701 4773
96278620 41 734 4808
97133290 44 530 4851
97368598 48 874 4863
97434566 41 1031 4866
97762711 52 410 4882
98916526 52 705 4940
99016284 40 51 4945
99072263 58 1020 4948
99195638 51 1244 4954
100139454 56 1187 5001
100940689 50 577 5039
101450693 48 995 5065
101509986 58 792 5068
101575678 58 1809 5071
101599015 43 869 5072
101716049 58 1323 5078
101822577 56 1905 5083
101924524 47 940 5088
102034314 56 1068 5093
102379746 51 938 5110
102415347 42 1225 5112
102844266 40 27 5133
103539440 52 409 5168
104020120 55 1519 5192
104085212 46 417 5195
104189339 46 732 5200
104208847 49 864 5201
104223847 57 1891 5202
104895412 48 1146 5234
105215226 50 1055 5250
105439063 56 1111 5261
105477551 42 1921 5263
105534085 58 990 5266
106294075 57 1493 5304
106519957 40 1371 5315
106605196 49 1744 5319
106786484 55 1986 5328
106846882 56 125 5331
106909669 49 972 5334
107239318 40 1527 5350
107417472 44 596 5359
108079142 46 608 5392
108515459 48 1834 5414
108655038 54 291 5421
109079368 50 1462 5442
109711857 55 722 5473
109733204 50 680 5474
109912086 46 1070 5483
110272893 48 1127 5501
110293720 47 1297 5502
110672424 46 1033 5522
110732654 57 1333 5525
111128275 53 465 5545
111398045 59 301 5559
111514393 51 559 5565
112189272 50 1622 5598
112487564 51 1563 5612
112885275 53 473 5632
113268293 55 495 5651
113388694 56 1275 5657
113534043 50 584 5665
113636568 53 7 5670
113909306 49 1693 5684
114117855 59 459 5694
115844855 45 957 5778
116074153 59 1816 5789
116502568 48 247 5811
116814802 41 1452 5827
116836071 45 1228 5828
116930001 57 114 5832
117585296 58 1694 5865
117802203 44 757 5876
117839215 42 574 5878
119197119 41 1835 5945
119510586 42 1038 5961
119593168 49 175 5965
119785404 48 1769 5975
119955008 53 1107 5983
120092057 49 299 5990
120158216 47 1657 5993
120321662 59 1884 6004
120376236 45 1861 6015
120406821 44 832 6021
120524187 51 248 6046
120675428 48 1620 6077
120807496 47 360 6104
120899676 54 686 6122
121163870 58 1942 6177
121180889 49 659 6180
121235945 52 1284 6192
121408624 54 461 6227
121411144 58 898 6228
121572521 54 895 6261
121669568 58 640 6280
121690457 59 37 6284
121910184 50 1691 6330
121946594 44 1306 6337
121997221 41 226 6347
122071687 44 245 6361
122092222 53 140 6365
122244905 51 306 6394
122327435 48 1892 6411
122487031 58 1223 6443
122497805 52 154 6445
122596289 54 744 6464
122678312 56 698 6479
122730272 48 111 6491
123196067 59 1266 6585
123323408 46 1348 6612
123355727 58 1510 6618
123360413 55 1288 6619
123416824 59 1512 6632
123491378 59 1227 6647
123521513 59 1061 6653
123628408 43 43 6675
123647995 51 1433 6679
123698432 50 1957 6689
123804039 43 1237 6709
123911181 45 1183 6731
123965541 57 578 6742
124194077 50 523 6788
124277781 58 467 6804
124349772 46 109 6818
124362543 40 700 6821
124439037 47 1808 6836
124453208 42 1444 6839
124476036 47 1287 6843
124504936 59 1281 6848
124924330 51 932 6933
125050141 40 1145 6959
125103340 46 7 6970
125107154 50 1176 6971
125130005 57 1659 6976
125239434 43 338 6998
125341859 59 1387 7019
125470897 45 1934 7043
125563699 46 1122 7061
125660997 59 919 7080
125671300 50 918 7082
125759728 58 785 7099
125840289 49 716 7116
125999609 50 98 7148
126054354 44 270 7158
126211753 53 1246 7190
126222023 59 1979 7192
126236378 44 1485 7195
126285929 47 161 7205
126316058 59 1704 7211
126352930 44 1515 7219
126379700 58 975 7225
126457300 58 121 7240
126596121 57 1685 7267
126601550 48 434 7268
126641152 45 409 7277
126774588 57 908 7306
126812839 51 1314 7314
126855391 48 227 7322
127176777 51 209 7389
127249872 53 1226 7404
127331981 58 1557 7420
127410571 55 644 7435
127483423 48 1850 7450
127491122 57 592 7452
127545886 59 1648 7463
127701696 46 1066 7494
127807342 47 1860 7515
127965346 58 820 7548
128022430 46 670 7559
128091216 41 1923 7574
128170429 40 1922 7589
128207523 46 517 7596
128237461 46 1385 7602
128262151 42 1511 7607
128309155 46 341 7617
128601253 59 351 7676
128987622 57 1649 7751
129160028 56 101 7786
129175863 55 1064 7789
129218561 43 919 7797
129279707 48 1072 7810
129320761 55 522 7818
129341125 59 279 7822
129416142 49 1365 7837
129486583 54 840 7852
129506658 42 1778 7857
129538923 56 482 7864
129543342 57 280 7865
129767132 44 458 7911
129923842 54 1739 7942
129950129 41 382 7947
130055885 45 693 7969
130070577 57 253 7972
130187579 54 748 7994
130241686 48 918 8005
130293365 42 510 8015
130383998 56 319 8034
130542498 56 1829 8066
130558526 57 1966 8069
130590584 42 1518 8075
130636232 50 1373 8084
130677529 53 702 8093
130824271 40 646 8124
131044941 48 1369 8170
131132990 40 1758 8188
131264868 55 589 8214
131576630 42 356 8276
131593017 48 1936 8279
131662502 44 546 8293
131683873 51 1334 8297
131706278 45 623 8301
131802810 45 1734 8321
131820817 45 1425 8325
132069200 41 1445 8378
132183780 59 1057 8400
132188020 57 723 8401
132320642 40 1486 8428
132347488 46 1871 8433
132355045 56 884 8435
132518903 46 1961 8468
132595930 59 1075 8484
132681958 56 1131 8503
132686465 40 545 8504
132785307 48 740 8524
132833071 49 1971 8534
132941869 57 395 8558
132957061 59 599 8561
132982435 44 581 8566
133022458 55 685 8575
133085093 54 191 8587
133213089 56 1377 8613
133334777 46 363 8637
133381851 56 338 8647
133460295 57 27 8662
133540903 41 780 8678
133667637 44 1108 8703
133738156 47 1288 8717
133958777 58 366 8759
134029460 53 641 8774
134035474 55 348 8775
134040200 57 702 8776
134154098 53 1967 8798
134168125 57 358 8801
134280089 56 1660 8823
134299496 51 1411 8826
134322301 45 121 8831
134356957 43 1324 8838
134462745 53 1230 8860
134529689 48 1303 8874
134722544 41 1221 8913
134741616 51 1569 8917
134788779 54 321 8925
135021536 47 333 8972
135101266 51 919 8987
135145216 51 411 8995
135166005 49 1807 8999
135183497 40 484 9002
135325544 43 641 9031
135440680 43 203 9054
135446696 54 355 9055
135469570 51 772 9060
135474655 48 1655 9061
135560648 54 1842 9078
135691923 53 1751 9104
135738389 46 1874 9113
135749201 58 876 9115
135837884 56 1278 9132
135869376 48 1877 9138
135961525 42 76 9156
136056997 49 1043 9174
136069530 48 1300 9177
136102315 59 1403 9183
136155394 47 393 9193
136188709 46 243 9200
136195209 56 1357 9201
136304550 59 1295 9224
136364401 47 632 9236
136379661 51 1712 9239
136390149 46 296 9241
136398776 50 1521 9243
136452078 49 767 9253
136492230 44 632 9261
136517574 49 583 9266
136564307 49 505 9275
136738057 58 467 9308
136814453 57 1620 9322
136851224 43 586 9330
136892763 48 453 9339
136917049 59 929 9344
136988627 57 928 9358
137014419 40 1139 9363
137061280 42 678 9372
137094570 54 853 9379
137181442 45 1864 9397
137253067 46 1372 9411
137375467 40 1381 9435
137449977 41 1222 9450
137580317 46 1805 9477
137617164 59 404 9484
137623284 47 1820 9485
138136518 54 1239 9586
138142404 57 1389 9587
138243978 56 1438 9606
138349387 51 122 9628
138421875 49 1545 9641
138529879 49 1281 9663
138549960 58 1717 9667
138637040 45 1243 9686
138676078 51 1934 9694
138763324 55 450 9711
138825503 40 92 9724
138935738 42 165 9747
139022413 58 1438 9763
139088614 51 675 9776
139108111 53 215 9780
139191975 51 517 9796
139284595 42 1224 9815
139341308 52 553 9826
139386083 52 1984 9835
139447923 58 1011 9847
139521794 44 1692 9861
139601752 46 238 9877
139612021 51 753 9879
139673566 40 337 9893
139679324 54 48 9894
139765870 41 1096 9911
139792006 57 1486 9916
139925997 48 878 9944
140031424 56 1109 9965
140062345 44 1370 9972
140074101 46 717 9975
140204004 41 1518 10001
140208635 42 942 10002
140282707 49 1074 10016
140288288 54 1679 10017
140329893 51 1054 10026
140428061 43 903 10046
140433536 48 961 10047
140448110 47 1344 10050
140512774 40 674 10064
140549409 43 1455 10072
140603656 42 491 10084
140634342 51 1303 10090
140723245 52 703 10107
140968280 58 1059 10155
141003972 59 186 10162
141080083 54 1807 10178
141120442 46 1192 10186
141149949 46 288 10192
141191572 59 627 10201
141343450 49 781 10231
141761023 44 1960 10313
141826284 54 344 10326
141910533 46 1228 10344
141941013 55 581 10350
141978963 49 363 10358
142044146 45 294 10371
142093522 57 218 10382
142103817 50 500 10384
142233174 58 952 10410
142254147 46 641 10414
142345502 49 1871 10432
142491513 54 986 10460
142521024 51 872 10466
142890381 59 1231 10540
142953781 47 1598 10552
143059031 49 1858 10573
143142688 59 1908 10590
143206601 58 158 10602
143327146 44 1391 10624
143349601 50 611 10629
143360724 41 269 10631
143396401 46 1183 10638
143405992 42 976 10640
143477483 48 168 10655
143483946 53 118 10656
143536999 49 1597 10668
143798991 45 1911 10720
143803100 47 825 10721
143845543 41 1498 10730
144020492 58 269 10765
144041562 43 1270 10769
144111599 49 857 10783
144150914 52 1057 10792
144346452 47 582 10833
144411984 49 1131 10846
144670754 45 652 10899
144870503 49 1635 10939
144883987 59 1229 10942
144937440 52 579 10952
145022248 49 1402 10970
145044881 53 874 10975
145095543 40 1400 10985
145106205 56 1481 10987
145110242 48 480 10988
145123510 51 1520 10991
145212480 53 366 11009
145277074 59 1931 11021
145401824 58 528 11047
145507042 44 1342 11067
145615448 52 1020 11089
145658985 41 202 11097
145800823 56 1730 11126
145993306 41 1961 11166
146001689 42 418 11168
146075348 53 1172 11183
146103055 56 1287 11189
146293164 58 10 11226
146501838 59 1127 11267
146529758 58 471 11272
146601818 42 1775 11287
146737822 41 1476 11314
146922304 42 783 11350
146971195 44 1970 11360
147020429 49 947 11369
147036585 46 1622 11372
147124032 45 112 11390
147142384 41 244 11394
147212976 40 1458 11408
147235574 42 1293 11413
147258401 48 1409 11418
147398308 53 910 11444
147607799 43 570 11484
147754635 51 134 11513
147836569 54 172 11529
147898992 58 417 11542
148058298 42 1206 11575
148063342 54 457 11576
148131604 47 964 11590
148143835 48 1218 11593
148175053 40 1213 11599
148213675 42 196 11607
148366807 51 1594 11636
148474766 44 1916 11660
148518144 51 586 11669
148526260 46 371 11671
148602122 40 784 11687
148647802 50 33 11698
148748300 46 1306 11718
148800173 49 369 11728
148848194 58 983 11738
148999740 51 1988 11769
149053921 46 1406 11779
149073093 53 1246 11783
149110498 55 1438 11791
149169141 58 544 11802
149290249 55 499 11826
149323876 48 789 11833
149336781 40 973 11836
149683892 54 485 11905
149688663 41 356 11906
149699404 44 379 11908
149704896 48 1719 11909
149710482 56 1059 11910
149893735 45 1256 11948
150005064 49 313 11969
150044274 54 1622 11977
150050746 40 1859 11978
150056622 45 568 11979
150141418 44 1726 11996
150206015 57 1827 12009
150253944 57 1082 12018
150323768 53 743 12031
150333305 52 1356 12033
150592983 53 868 12086
150605504 53 1591 12088
150667737 48 268 12101
150695173 59 166 12106
150883383 58 812 12143
150902023 59 22 12147
151224974 46 195 12210
151231023 42 360 12211
151236013 42 656 12212
151298895 49 732 12225
151344815 42 1268 12234
151487253 42 991 12264
151589286 57 1130 12285
151614177 54 1264 12290
151640677 50 1398 12295
151710096 56 922 12310
151805896 51 1681 12329
151842691 48 1358 12337
152010180 58 521 12372
152038939 42 1691 12378
152052615 44 1408 12381
152091366 53 664 12389
152256650 55 438 12423
152363871 54 25 12444
152668199 47 741 12503
152719360 57 1225 12513
152743989 49 887 12518
152760535 52 1828 12521
152937615 59 886 12557
152969092 44 1156 12563
153041719 55 89 12578
153047244 55 942 12579
153108806 52 425 12592
153198611 54 915 12609
153325259 59 1557 12634
153390653 43 602 12646
153420644 41 391 12652
153425841 55 405 12653
153434518 51 991 12655
153810572 40 758 12734
153940589 44 1638 12761
154019283 52 958 12778
154110739 51 1632 12796
154132889 47 1179 12800
154173412 49 204 12808
154241785 52 1826 12822
154304879 45 590 12835
154456729 51 1024 12866
154520077 52 888 12879
154614478 56 1512 12897
154793367 55 1857 12932
154937204 52 618 12962
155336923 45 443 13046
155358560 52 1952 13050
155535399 45 429 13086
155557919 59 496 13090
155562844 58 1515 13091
155587699 43 620 13095
155661767 50 1269 13109
155708280 44 702 13118
155767289 46 1218 13129
155961958 52 1674 13168
156067526 44 867 13189
156081833 45 1418 13192
156189437 55 1828 13214
156281717 55 353 13233
156319532 43 1780 13241
156377587 49 1090 13252
156437032 53 1642 13263
156483274 45 143 13272
156583234 40 17 13291
156606586 45 651 13296
156737768 53 317 13321
156760082 40 623 13325
156787783 45 1437 13331
156799619 55 1204 13333
156857906 42 797 13345
156935130 56 874 13362
157217388 48 1282 13419
157391820 54 705 13455
157408671 42 1628 13458
157515884 44 983 13478
157542909 40 510 13483
157716930 49 318 13519
157759981 43 1265 13529
157811168 51 1321 13540
157827297 51 1823 13543
157839389 44 1085 13545
158245032 52 1704 13629
158270254 50 9 13634
158410475 46 971 13662
158569369 40 190 13693
158727473 48 1342 13725
158756912 51 401 13731
158763412 50 291 13732
158784147 42 1340 13737
158857564 54 1656 13752
159019530 48 968 13784
159080537 45 927 13795
159116609 47 1868 13802
159434495 46 43 13864
159502132 55 1416 13877
159574516 58 693 13891
159614552 50 983 13898
159620159 57 1336 13899
159686312 42 1792 13912
159720066 53 161 13919
159730132 54 1590 13921
159909157 59 1581 13958
160045132 48 1942 13986
160281123 52 636 14032
160379135 55 227 14051
160733530 43 1851 14123
160757884 48 752 14128
160906723 47 1764 14159
160979250 45 1251 14173
161014849 46 723 14180
161103202 51 1685 14197
161284892 53 756 14236
161294603 59 960 14238
161318786 59 1619 14243
161392901 48 1205 14259
161478473 52 1057 14277
161505411 47 900 14282
161520249 51 1800 14285
161637147 50 235 14308
161700170 45 777 14321
161733401 57 556 14327
161738395 45 1736 14328
161992432 53 1835 14379
162050252 48 1326 14390
162085760 42 520 14397
162103184 53 1717 14400
162182314 43 505 14415
162197898 45 1582 14419
162245684 59 1320 14428
162262341 47 1018 14431
162318327 59 770 14442
162486073 41 468 14475
162492321 54 1596 14476
162558442 59 1910 14490
162614075 58 123 14502
162797088 48 481 14539
162885878 57 108 14556
163086502 40 265 14597
163185509 58 1070 14617
163226099 51 180 14625
163320594 40 1924 14644
163360925 51 400 14652
163472896 41 1641 14673
163536413 40 341 14686
163631802 53 1831 14706
163973531 51 902 14774
163980031 54 1869 14775
164039520 58 1966 14787
164103249 51 1031 14800
164108769 54 1987 14801
164120062 57 1128 14804
164269578 51 1576 14835
164402658 40 821 14862
164487958 50 489 14879
164521303 40 157 14886
164622787 49 218 14907
164705337 51 1298 14925
164732618 58 1018 14930
164833072 44 1757 14949
164855499 45 592 14953
164889566 54 865 14960
164955511 52 1536 14972
165104295 45 1053 15003
165130374 52 1651 15008
165160383 44 1793 15014
165404675 55 728 15063
165671886 42 1820 15116
165712689 45 623 15124
165744613 53 660 15130
165785897 55 159 15140
165832904 40 601 15150
165836350 50 1718 15151
165912056 40 1645 15166
165940652 56 1093 15172
165967564 56 1257 15177
166011001 50 443 15186
166139129 56 1126 15212
166183261 48 1470 15221
166258514 46 1981 15237
166439229 56 1233 15274
166460817 59 1765 15279
166544094 49 658 15296
166564611 55 1141 15301
166626923 49 927 15314
166655423 44 276 15319
166672102 59 1609 15322
166720327 56 1164 15332
166797411 42 225 15348
166831508 50 1182 15355
166912620 48 1564 15371
166925158 45 304 15374
166995882 46 781 15387
167041975 54 1197 15396
167110319 51 1546 15410
167115957 55 835 15411
167209002 56 40 15430
167299975 50 494 15448
167317074 59 343 15451
167367532 59 1048 15461
167383391 46 1137 15464
167466998 46 322 15482
167503253 43 1212 15489
167648643 45 1613 15519
167699346 58 1891 15529
167746688 44 1966 15538
167817869 49 1823 15552
167821317 46 452 15553
167842501 52 1680 15557
167931177 59 1864 15575
168045314 50 866 15596
168056906 59 1885 15598
168071235 48 1 15601
168081505 48 1411 15603
168115071 55 753 15611
168187201 45 1227 15625
168191441 40 240 15626
168228336 55 172 15633
168241826 59 1454 15636
168276023 57 1598 15643
168366135 41 1804 15661
168409981 49 834 15669
168554347 51 1629 15698
168682584 40 951 15724
168815824 41 1419 15751
168820880 59 1557 15752
168826849 43 1882 15753
168926913 45 1008 15773
169060237 50 667 15800
169156186 41 1520 15820
169168623 48 1894 15822
169183472 44 194 15825
169230812 54 423 15835
169492215 56 1115 15887
169522739 47 1579 15893
169534008 58 1104 15895
169545888 52 1254 15897
169588161 54 1147 15905
169635059 57 1549 15915
169660259 59 434 15920
169664899 48 1191 15921
169702173 57 1959 15929
169718305 47 902 15932
169723421 57 1413 15933
169737165 40 1444 15936
169787007 59 916 15946
169872979 44 586 15965
169909804 48 625 15973
170093243 51 1677 16010
170270244 40 1830 16045
170315879 59 157 16054
170363655 46 1753 16063
170411947 58 1249 16073
170512907 57 68 16092
170563636 58 1585 16102
170727489 40 819 16133
170787596 56 374 16145
170888358 58 1604 16166
171091495 42 1071 16208
171137542 43 1648 16217
171156799 55 1854 16221
171188171 56 1399 16227
171262076 59 1240 16243
171334165 57 736 16257
171474512 52 1340 16285
171506738 58 1770 16291
171567136 58 123 16302
171656545 50 1815 16318
171673491 53 174 16321
171711262 42 894 16329
171967824 43 1736 16379
171973489 54 1418 16381
171995949 45 467 16386
172116353 57 1856 16409
172212445 57 1217 16428
172375512 43 1355 16460
172438556 40 178 16472
172596350 48 1074 16504
172635884 44 1516 16512
172664350 59 1058 16517
172708675 58 1583 16526
172904053 57 1242 16565
172956040 56 1717 16576
173052555 45 584 16595
173071319 54 743 16599
173081426 47 529 16601
173199411 45 1271 16625
173277476 44 971 16640
173313031 59 952 16647
173315031 50 1763 16648
173333702 45 138 16651
173353299 57 1137 16655
173428576 55 377 16670
173434448 43 372 16671
173439320 42 940 16672
173530851 48 1560 16689
173548007 52 1011 16692
173792202 53 1558 16742
173935043 45 1439 16771
174138337 55 906 16813
174224426 49 712 16831
174353037 47 1307 16857
174448614 58 474 16877
174500187 46 577 16887
174539177 49 1642 16895
174546600 42 1363 16897
174658586 44 1402 16919
174670748 45 430 16921
174681199 45 1415 16923
174917208 42 1840 16971
174996488 47 1602 16985
175013042 59 1316 16988
175032467 57 1058 16992
175079288 57 1520 17002
175102352 52 1431 17006
175260662 56 1603 17037
175342535 59 74 17053
175417870 42 1034 17068
175567571 59 844 17098
175583526 46 257 17101
175662667 53 1308 17116
175720553 55 1017 17127
175834883 44 1203 17152
175985915 49 582 17183
176173051 41 977 17221
176183888 43 1641 17223
176245735 44 1962 17235
176283593 56 1262 17243
176416711 49 1351 17270
176431794 44 12 17273
176493370 49 1054 17285
176528006 45 1542 17292
176532907 53 415 17293
176605045 51 204 17307
176652244 40 763 17316
176835092 48 662 17352
176883501 40 108 17362
177028916 53 1386 17391
177032897 59 1657 17392
177144147 40 1770 17414
177235198 52 1586 17433
177299974 54 1156 17446
177309443 54 1526 17448
177417963 53 1904 17469
177502935 40 139 17486
177701978 54 911 17524
177743355 41 931 17533
177759994 52 1009 17536
177850965 47 1475 17555
177876377 42 878 17560
177895075 47 957 17564
177899081 49 1922 17565
177918084 58 1226 17569
177950173 44 373 17575
178158983 45 191 17617
178216982 47 1974 17628
178299226 44 1592 17645
178345996 50 1382 17654
178374735 50 1816 17660
178520401 54 1138 17687
178672684 42 237 17716
178756480 45 378 17732
178786806 59 679 17739
178910580 56 333 17764
178959068 49 892 17774
179122297 45 1689 17808
179144906 46 1937 17813
179225397 45 446 17829
179282078 50 17 17840
179311401 48 373 17846
179423359 54 169 17868
179574041 47 1177 17899
179641263 59 1397 17912
179878047 49 5 17961
179894278 57 1968 17964
179945109 40 636 17975
180127602 53 1506 18013
180193680 55 715 18027
180199710 55 1976 18028
180288412 56 1693 18045
180336246 45 1676 18056
180442160 50 1591 18077
180527623 58 1191 18095
180534123 49 783 18096
180549312 48 510 18099
180554889 57 1397 18100
180601807 44 1177 18110
180689373 43 1699 18127
180715743 46 551 18132
180939784 53 1125 18176
180950425 53 290 18178
181027917 45 193 18194
181103202 47 804 18209
181116927 40 428 18212
181236625 57 1687 18237
181256523 49 562 18241
181278038 45 1552 18245
181406312 48 338 18271
181426948 42 1131 18275
181480556 45 1928 18286
181559606 46 1866 18302
181760746 57 1310 18341
181770514 51 1929 18343
181799145 46 924 18348
181816841 44 135 18351
181884124 44 1411 18364
182039371 51 153 18395
182081362 40 552 18404
182192930 45 1920 18427
182283413 44 1594 18445
182439855 50 1120 18476
182454331 57 1483 18479
182494236 43 462 18487
182562507 40 1222 18500
182629387 55 1266 18514
182668363 52 1235 18521
182839436 59 377 18556
182851201 57 1840 18558
182923408 40 1784 18572
182955128 42 1235 18578
182999763 58 1547 18586
183185799 41 1913 18623
183199911 53 73 18626
183291566 57 1490 18644
183520099 55 1979 18690
183679461 58 1614 18723
183721539 53 313 18732
183866362 47 666 18760
183978746 40 1170 18781
184125141 46 50 18811
184131393 43 1929 18812
184134784 59 975 18813
184233147 40 84 18832
184349012 57 1360 18854
184436509 48 613 18872
184477661 42 913 18881
184634910 56 596 18912
184773943 53 517 18939
184843790 42 399 18952
185000611 41 1461 18984
185090169 43 1311 19002
185172637 59 80 19020
185231047 54 1346 19032
185297894 42 697 19046
185301605 46 969 19047
185390948 59 1801 19064
185423730 47 1216 19070
185633251 48 7 19111
185793405 58 1062 19143
185831962 52 1783 19150
185943845 57 635 19172
186083745 45 1935 19200
186154239 49 1810 19214
186213576 49 1711 19226
186283033 57 875 19240
186306439 51 1722 19244
186349070 43 373 19253
186425365 57 1912 19268
186488116 52 1217 19282
186538783 52 1565 19292
186571560 43 1533 19299
186591600 56 946 19303
186631294 49 675 19311
186701259 47 1106 19325
186706511 41 513 19326
186714896 49 1073 19328
186805749 48 471 19347
186882367 56 881 19363
187022491 58 1181 19392
187166732 42 979 19421
187296624 43 110 19446
187324259 56 1344 19451
187394991 46 106 19464
187400550 42 1194 19465
187510764 48 1764 19486
187624843 47 64 19508
188173114 54 125 19614
188197922 50 1310 19619
188347569 59 25 19647
188399470 50 1417 19658
188553849 52 1412 19690
188557939 52 1327 19691
188606629 59 928 19701
188660542 51 1212 19712
188681490 59 1304 19716
188750995 44 1214 19729
189067353 58 640 19792
189071533 49 1179 19793
189228017 48 292 19825
189286027 42 785 19837
189296126 53 1082 19839
189340927 57 242 19849
189345551 46 1661 19850
189416398 44 1801 19865
189634947 45 1914 19908
189685703 45 626 19919
189832624 47 645 19949
189905833 59 1846 19965
189910711 57 775 19966
190011737 58 388 19987
190038501 40 1789 19992
190069976 56 584 19998
