485896 72 1382 24
714981 62 891 35
938685 66 878 46
1184133 65 186 58
1752984 63 1307 86
2281885 76 1792 112
3171508 76 71 158
3187975 60 121 159
4046014 70 1118 202
4081245 79 752 204
4386406 75 87 219
4966506 73 1229 247
5009927 62 944 249
5181134 74 1130 257
5797078 76 13 288
5871252 71 471 292
6009651 74 1696 299
6090376 78 639 303
6244497 64 76 310
6795821 68 523 337
7039135 71 1901 349
7199231 65 402 357
7437007 61 50 369
7553913 71 954 375
7624215 73 820 379
7714322 64 699 384
8718565 75 1000 433
9888590 76 687 490
10264188 63 1834 508
10302587 60 1477 510
11130957 60 425 551
11481285 62 1483 568
11947938 71 1658 592
12076004 68 1959 598
12203236 72 868 604
12721871 76 924 630
13150318 76 1201 651
13274145 76 1192 657
13680076 74 1367 676
13764527 72 1681 680
15203086 68 916 750
15506920 71 155 766
15652578 68 1411 773
15887634 76 643 785
15932914 71 0 788
16686385 78 1674 826
16748580 75 634 829
16941722 71 75 838
17479545 62 584 865
17722947 72 669 877
18316252 68 1784 907
18336994 62 1554 908
18638664 72 515 923
18677067 75 1122 925
19637405 60 242 974
20019360 64 6 993
20202984 69 29 1002
20642747 71 299 1023
21648108 77 1754 1075
22035805 77 1133 1094
22846614 60 1153 1135
22989372 69 850 1142
23658461 69 1319 1176
23738457 61 1812 1180
23983665 69 698 1192
24142222 79 1793 1200
24314588 62 1173 1208
24373810 67 961 1211
24549245 78 421 1220
24591035 78 251 1222
24913795 79 250 1238
25028558 69 452 1244
25642296 61 1377 1276
26188731 62 1225 1303
26656991 67 1408 1325
26736844 65 1856 1329
26956150 70 1552 1340
27120167 70 520 1349
27155673 79 633 1351
28212214 74 619 1404
28363895 61 116 1412
28587670 70 445 1423
28926012 75 792 1440
29238374 66 701 1455
29477552 61 1375 1466
30038305 62 1014 1494
30129323 64 1580 1499
30427084 68 967 1513
30571138 62 319 1520
30681690 74 1695 1526
30715594 76 895 1528
31484806 79 951 1567
31687183 79 1921 1577
31768431 79 328 1581
32470583 67 106 1615
32530091 60 703 1618
32921657 76 724 1637
33306717 60 180 1657
33532157 76 167 1668
33999428 69 332 1691
34301753 67 865 1707
34420707 76 1964 1713
34787564 63 1660 1731
35426605 66 955 1762
35636968 66 282 1773
35750479 71 438 1779
35819443 69 1617 1783
36054264 70 624 1795
36116413 70 1924 1798
36495877 77 856 1816
36539473 69 1388 1818
36702621 66 1481 1826
36936111 78 1947 1838
37588458 63 242 1872
37708524 76 130 1878
37927384 72 183 1890
38540571 76 1861 1921
38561276 72 137 1922
38891119 62 763 1938
39153651 73 1870 1951
40668002 79 42 2026
41005312 78 244 2043
41704934 69 1952 2078
42301836 74 781 2107
42346088 71 1634 2109
42368240 70 1537 2110
42687251 60 964 2126
43523050 68 1469 2168
43581144 64 1584 2171
43758070 78 296 2180
43834698 68 213 2184
44535517 64 1348 2218
44744027 75 978 2228
44985641 76 1932 2240
45007632 63 8 2241
45085590 61 603 2245
45799823 60 323 2280
45836942 73 1720 2282
45930705 70 95 2287
45991854 69 731 2290
46062712 75 539 2293
46125272 61 1417 2296
46301319 60 304 2305
46523586 72 104 2316
46543159 69 1717 2317
46932967 66 823 2336
47013477 76 402 2340
47038477 78 1159 2341
47142482 63 1950 2346
47285010 76 201 2353
47504874 71 1258 2364
47844528 73 1582 2381
47922163 61 1880 2385
48052268 68 997 2392
48174024 66 1479 2399
48391081 61 1860 2410
48526205 75 1043 2417
48703128 71 1804 2426
48721967 76 116 2427
48773137 76 767 2430
48933431 69 1290 2439
48977270 70 525 2441
49725605 63 251 2479
50015214 77 271 2493
50035307 74 1221 2494
50383023 67 441 2511
50488592 60 627 2516
50581304 73 635 2521
50732714 74 1395 2529
51011910 67 1395 2542
51086926 63 945 2546
51528950 74 1616 2568
51606253 75 1808 2572
51649027 79 1476 2574
51791018 77 277 2581
52273816 63 1489 2605
52398055 62 1883 2611
52519891 68 866 2617
52682046 70 1649 2625
52772246 75 535 2630
53332893 76 1480 2658
53350866 78 566 2659
53509947 65 412 2667
53594249 68 647 2671
53860878 79 73 2684
53898433 60 206 2686
54242087 69 330 2702
54389918 74 1462 2710
54553648 73 262 2718
54989824 71 400 2740
55204145 68 1051 2751
55404657 72 1025 2761
56023131 73 1667 2791
56199727 61 456 2800
58199626 67 1628 2902
58998228 78 351 2942
59021063 66 1357 2943
59076393 63 1688 2946
59435239 67 95 2964
59559444 79 1983 2970
59730835 69 342 2979
59913460 67 173 2988
60011992 63 748 2993
60113050 76 933 2998
60178514 75 1906 3001
60444670 62 280 3014
61329143 77 708 3058
61371730 70 294 3060
61618834 76 442 3072
61764613 76 22 3080
62637325 74 1761 3125
62794713 62 1728 3133
62910802 65 1184 3139
63161429 65 44 3151
63299460 71 1390 3158
63596365 63 1480 3173
63635087 64 224 3175
64186978 70 595 3203
64475902 75 1341 3218
64744916 75 438 3231
65304530 61 554 3260
65968476 76 799 3293
66899312 60 381 3339
67038510 60 1129 3346
67252978 74 177 3357
67540168 68 30 3372
68091969 71 554 3400
68287494 69 319 3409
68916514 71 345 3440
69142506 75 837 3452
69251931 61 1057 3458
69376718 78 1500 3464
69493559 76 1734 3470
69511360 74 883 3471
70151262 79 1281 3503
70277062 70 1728 3509
70298250 68 1760 3510
70375783 61 391 3514
71536118 73 1105 3572
71710066 78 1654 3581
71767533 74 430 3584
71951319 62 966 3593
72090543 71 882 3600
72216617 69 720 3606
72391390 61 1111 3614
72414215 66 30 3615
72554367 62 935 3622
72784272 69 1768 3633
73431685 64 1019 3666
73580453 71 1005 3673
73962477 72 553 3692
74022872 64 907 3695
74698661 77 1880 3727
74799821 79 1069 3732
74920039 79 1304 3738
75306342 63 1052 3757
75435731 76 549 3763
75450731 69 1888 3764
75616082 61 546 3772
75674800 71 259 3775
75979099 65 1009 3791
76596996 74 323 3822
77004740 67 1108 3842
77868166 78 137 3885
78226969 72 150 3902
78319923 77 1909 3907
78460102 67 1597 3914
78504267 64 497 3916
78526303 72 1363 3917
78694421 79 891 3926
79336511 61 1328 3959
79530213 76 1248 3969
79602688 60 1720 3973
79698663 61 1733 3978
79758916 63 782 3981
79852805 75 1671 3986
79968444 72 42 3992
80260777 64 914 4006
80645507 74 834 4025
80663016 72 809 4026
80779680 76 1053 4032
80995338 60 1806 4043
81661418 77 1574 4077
81739429 74 235 4081
81759532 62 906 4082
81981235 62 915 4093
81998303 62 520 4094
82580382 68 766 4123
82761921 62 763 4132
82947655 68 824 4141
82990128 75 412 4143
83394141 74 359 4164
83880110 78 1179 4188
85186771 76 893 4256
85485633 68 107 4271
85869022 64 816 4291
86019163 63 819 4299
86741161 63 1598 4335
87246244 76 646 4360
87285995 70 406 4362
88012174 76 1104 4397
88029440 73 1645 4398
88238425 69 524 4408
88315213 67 1407 4412
88477337 61 735 4420
88725122 65 1 4433
88826524 62 344 4438
89312142 64 484 4463
89378940 70 1755 4466
89456841 79 1029 4470
89520711 72 840 4473
89630798 72 608 4479
89794566 77 585 4487
90232786 74 1409 4510
90549173 60 1489 4526
90940918 72 638 4546
91547700 63 731 4576
92698130 64 246 4632
92946585 76 259 4644
93170426 76 1153 4656
93340975 76 311 4664
93543875 66 912 4674
95296171 63 995 4759
95315933 66 1604 4760
95601601 68 1488 4775
96118714 70 243 4801
96510227 68 172 4821
96552949 62 426 4823
97174505 66 1826 4854
97221529 68 1581 4856
97266441 68 891 4858
97630501 73 1710 4877
98265917 69 896 4909
98443244 74 1877 4918
98913585 72 217 4941
99521294 70 1986 4971
99932928 76 582 4991
100047664 78 1435 4997
100417879 62 67 5016
100956874 60 401 5043
101276926 78 1985 5060
101452405 62 352 5069
102264317 79 975 5109
102653992 74 1234 5129
103033008 67 1679 5147
103103880 61 1280 5151
104481263 62 1447 5221
105011103 79 1128 5247
105495962 79 1581 5271
105654730 78 1313 5279
105676615 63 78 5280
105695048 71 1661 5281
105881412 77 1907 5290
105923959 78 334 5292
106081599 76 1315 5300
106212254 68 1512 5306
106918618 77 454 5342
107051376 77 413 5349
107438647 68 838 5368
107987470 78 52 5396
108008283 78 356 5397
108066420 65 20 5400
109183038 64 986 5456
109528706 70 765 5472
109606684 68 1775 5476
109733869 66 1053 5482
110664218 70 171 5528
110917001 69 1717 5542
111002871 63 280 5546
111826411 72 619 5587
111921839 67 1089 5592
112044273 72 1365 5598
113060001 61 1160 5647
113081631 70 1214 5648
114271937 66 1038 5709
114534647 63 1122 5722
114813497 76 1322 5735
115092128 64 1304 5749
115295746 71 277 5759
115576074 66 965 5773
115650155 67 1971 5777
116255885 72 494 5807
116667385 76 522 5827
116776803 77 452 5832
116820248 72 717 5834
117094307 71 1185 5847
117245594 77 1854 5855
117428630 62 237 5865
117591943 62 51 5874
117792806 79 1129 5884
117979505 75 1847 5893
118455606 60 854 5916
118846671 74 484 5936
118945005 68 359 5941
118998627 75 1179 5944
119194553 70 1078 5954
119252296 70 1830 5957
119715840 69 1972 5981
120131700 67 1982 6002
121210733 78 531 6055
121468410 69 1852 6068
121842427 77 222 6086
122209525 65 1215 6104
122254842 70 1222 6106
122299089 71 535 6108
122316484 67 1719 6109
122401031 69 349 6113
122774276 71 964 6131
122965627 75 1711 6140
123824539 65 188 6182
124057362 63 778 6193
124295669 75 1982 6204
124629967 63 146 6221
124686499 68 291 6224
124781410 69 1483 6229
125136557 63 51 6247
125197659 78 45 6250
125340117 74 1729 6257
125423384 67 1753 6261
125498610 74 1469 6265
125697947 62 493 6276
125821589 70 1308 6282
125944298 60 81 6288
126228633 72 1445 6302
126374848 69 592 6309
126779431 67 797 6329
127302520 78 427 6356
127610618 69 465 6371
128286125 69 1348 6404
128916722 65 326 6434
129243773 79 1194 6450
129496075 79 222 6463
129692481 73 1523 6473
129776370 66 440 6477
129895604 68 450 6483
129918866 72 981 6484
129938995 78 1123 6485
130115153 77 78 6494
130138994 62 1837 6495
130304650 72 630 6503
130670528 70 162 6521
130814584 71 1016 6528
130961707 74 1227 6535
131040162 60 1371 6539
131648475 71 1242 6571
132373381 65 1895 6607
132745368 69 608 6625
132948217 69 627 6635
133275395 61 1994 6651
133293524 69 1305 6652
133317761 60 1560 6653
133422282 72 1750 6658
133481642 75 1450 6661
133535431 60 1245 6664
133700674 63 575 6672
133948025 65 1628 6683
134401579 61 75 6705
134667675 63 1069 6720
134868307 75 926 6730
134953759 61 1382 6734
135250383 75 1813 6749
135388759 66 1102 6756
135814241 73 71 6778
135875248 63 1337 6781
135895537 62 138 6782
136501193 75 50 6812
136988485 67 1537 6836
137202883 75 1012 6846
137299138 70 836 6851
137323139 78 1406 6852
137446930 60 486 6858
138283577 63 802 6901
138898606 61 1522 6931
139218662 70 499 6946
139394981 61 1303 6955
140562349 73 1617 7014
140623601 65 1140 7017
140661675 69 1852 7019
140720397 64 394 7022
142509243 65 1371 7111
142666842 69 77 7119
143002620 79 622 7136
143084777 74 74 7140
143395799 77 1355 7155
143512360 75 918 7161
143757904 79 312 7173
144106942 60 755 7190
144156512 68 1728 7193
144176682 72 1523 7194
144254305 69 25 7198
144514565 64 1044 7211
144835616 68 1954 7226
145370860 74 239 7252
145479515 78 1765 7257
145745971 77 1035 7271
146063858 61 296 7287
146647663 76 1611 7316
146712361 68 1813 7319
146897749 69 75 7328
147140979 61 288 7340
147204582 70 725 7343
147442714 62 1210 7354
148118037 69 1645 7388
148200297 65 1106 7392
148491345 73 559 7407
148844797 61 1864 7425
148924671 66 77 7429
149131118 62 11 7440
149294206 70 619 7448
149639681 60 544 7465
150028559 61 891 7484
150401723 79 884 7503
150554373 74 1624 7510
150750143 60 58 7520
151140720 65 1174 7540
151740663 74 1226 7570
151837160 65 1767 7575
152417212 60 723 7604
152495366 70 427 7608
152685362 66 1136 7618
153003398 73 1654 7634
154219345 69 1118 7694
154612643 72 1525 7714
154739966 69 983 7720
154875363 63 1433 7727
154966277 64 121 7732
155004686 72 1476 7734
155639856 60 664 7765
155821547 68 1222 7774
156250088 64 1814 7795
156924362 60 707 7829
157249653 69 1985 7846
157434332 62 1469 7855
159091038 77 309 7937
159250356 78 152 7945
159754745 74 1971 7971
159909526 62 787 7979
160329503 75 1567 8000
160552725 78 1466 8012
160577459 78 713 8013
160713679 63 1009 8020
160794113 62 237 8024
160857017 72 925 8027
160928786 77 1182 8031
160969167 77 100 8033
161055218 72 1869 8038
161818519 68 97 8076
161936214 69 1157 8082
162478365 63 301 8108
163248352 79 741 8147
163375137 70 1926 8154
163602269 64 1497 8165
163741599 63 791 8172
163942298 70 299 8182
164788047 61 1763 8226
164812145 70 1735 8227
164832367 74 900 8228
165081939 61 1897 8240
166051491 71 1861 8288
166693963 74 1534 8320
166886578 62 1698 8330
166944407 63 80 8333
167724628 61 374 8372
168045792 63 1598 8388
168381277 70 1755 8404
168467292 75 1263 8409
168843023 69 1620 8429
169092842 66 1958 8441
169731795 62 1054 8471
169994799 71 613 8485
170140711 71 1315 8493
170231936 63 1797 8497
170382945 64 1641 8505
171216463 66 1105 8545
171447719 66 348 8557
171569517 60 39 8563
171623653 75 608 8566
172306987 62 282 8600
173170802 65 1260 8643
173234297 64 1227 8646
173578918 62 1162 8663
173985080 75 1830 8683
174048736 64 941 8686
174066388 75 373 8687
174411662 71 1390 8704
174497165 79 242 8708
174653728 65 703 8716
174796486 65 1599 8724
174948643 64 1945 8731
175268955 77 1150 8747
176239400 72 485 8796
176556223 76 1034 8811
176812102 63 1797 8824
176827102 78 1134 8825
176964234 60 1060 8832
177064694 64 266 8837
177186360 72 1519 8843
177388112 71 1172 8853
177427936 74 602 8855
177883203 67 1465 8877
178150189 60 552 8890
178229869 78 48 8894
178672815 79 1643 8918
178854729 67 798 8927
179500500 75 655 8959
179915792 71 1265 8979
180421834 73 72 9004
181104343 66 1781 9037
181389742 78 979 9051
181871750 64 1055 9076
182406991 79 261 9103
182572629 78 1676 9112
182782851 76 712 9122
182846014 72 1333 9125
182886957 79 408 9127
182907071 64 1302 9128
183630482 67 1204 9164
183847079 73 1365 9175
184455100 68 1344 9205
184536036 67 122 9209
184815516 75 1309 9223
184875958 77 390 9226
185085333 77 664 9237
185309915 79 536 9248
185566740 74 480 9261
185661506 67 1067 9266
186077776 73 1948 9287
186123469 77 108 9289
186720923 70 1585 9319
187013623 72 1193 9334
187317305 79 119 9349
187481792 70 191 9357
187550399 78 426 9361
187670928 66 1927 9367
187982073 78 437 9382
188001913 77 1952 9383
188122015 61 1206 9389
188424857 72 269 9404
188507164 79 1933 9408
188665297 64 210 9416
189331700 65 352 9450
189817549 63 1627 9474
189964052 60 578 9481
190344798 65 1877 9500
191006170 70 26 9533
191396764 77 301 9552
191740640 79 1947 9569
192084163 78 923 9585
192224458 64 589 9592
192374284 77 1739 9599
192468983 65 1167 9604
192811660 77 1206 9621
193582114 79 1206 9660
193950424 79 1347 9678
194385401 71 551 9699
194405059 64 1873 9700
194723000 68 1238 9717
194813994 62 1701 9721
194926891 73 1886 9727
195076868 78 456 9734
195319642 71 1345 9746
195509777 69 725 9755
195857199 63 1963 9773
196134638 71 1172 9787
196213390 71 91 9791
196442708 76 1958 9802
198230784 78 1356 9893
199405848 61 197 9952
199443570 77 239 9954
199485089 78 476 9956
199520548 70 1892 9958
200053649 73 455 9985
200396932 75 1849 10003
200727406 74 553 10019
200882744 69 684 10027
201084619 68 1986 10037
201333240 70 778 10050
202285712 62 384 10097
202591131 63 838 10112
202681552 79 283 10117
202762077 66 347 10121
202854381 62 182 10126
203317074 63 1510 10149
203386348 71 1733 10153
203484575 60 263 10158
203609875 72 892 10164
203708173 79 744 10169
204103162 68 216 10189
204240132 72 857 10196
204323492 76 556 10200
204429724 75 1148 10205
204494819 66 1565 10208
204621796 79 438 10215
204758504 79 772 10222
204797253 62 1046 10224
205482522 63 1808 10258
206696123 61 1525 10318
206849109 67 103 10326
207598228 77 234 10362
207675110 61 1454 10366
207819607 77 616 10373
207897049 71 608 10377
207954631 75 6 10380
208261153 75 694 10395
208493584 78 1245 10407
208514957 62 808 10408
208632125 69 194 10414
208657125 70 1813 10415
209013390 64 1479 10432
209545763 73 518 10459
209699573 63 897 10467
209972231 63 1767 10482
210096039 63 495 10489
210205386 75 1428 10494
210226972 71 98 10495
210574605 72 1798 10512
210814650 62 1854 10524
211393003 75 467 10553
211552580 65 1421 10561
211573717 77 520 10562
211923238 66 1603 10579
212062525 77 976 10586
212313532 66 1767 10598
212388403 74 543 10602
212732517 79 1650 10619
213027584 64 1929 10633
214046527 72 1693 10686
214082886 65 723 10688
214202106 78 1271 10694
214914456 75 371 10731
214998904 65 1092 10735
215040598 70 1744 10737
215529830 62 1829 10761
215551584 68 1891 10762
215649865 79 1632 10767
216532910 63 122 10810
216994855 68 621 10833
217481047 61 227 10857
217637760 69 681 10865
217695453 62 318 10868
217808751 68 567 10874
217906416 62 1500 10879
217941088 74 1164 10881
218370989 76 1703 10903
219770058 79 233 10974
219831544 61 41 10978
220205236 62 178 10996
220614996 79 378 11017
220648084 67 572 11019
221087460 69 543 11041
221133032 60 1947 11043
221251796 74 1049 11049
221810273 69 97 11076
221831838 76 1909 11077
222389557 79 1825 11105
222479262 73 994 11109
222756751 73 78 11123
222924122 65 1685 11131
223063108 68 1178 11137
223432352 75 1756 11155
223621661 74 1728 11164
225116478 67 691 11238
225218525 75 644 11243
226038849 71 1717 11282
226575906 62 1749 11308
226592667 64 1784 11309
226880813 69 388 11324
227302365 73 1481 11345
228055555 62 1832 11383
228639226 74 1336 11413
229271779 70 1269 11445
229480923 77 544 11455
229994728 63 231 11481
230333725 77 1696 11499
230451510 63 869 11505
230787763 71 291 11523
231140625 70 1738 11540
231568374 73 140 11561
232158863 64 678 11590
232572581 79 1889 11611
233337083 64 719 11650
233502262 77 391 11658
233542703 74 1288 11660
233686346 68 1243 11667
233941778 71 1372 11680
234230834 67 734 11695
234328639 77 327 11700
234961890 65 1125 11731
235412090 76 905 11753
236862612 73 751 11825
238525791 65 1896 11908
239200240 73 687 11942
239258500 61 978 11945
239570120 75 80 11961
239690794 65 910 11967
239847470 70 380 11975
239906654 73 141 11978
239942199 70 1653 11980
240062424 68 264 11986
240214724 61 600 11994
240381690 77 78 12002
240803361 79 632 12023
241898768 74 959 12079
242082254 76 997 12088
242584173 66 1300 12113
242839126 75 1167 12126
243108164 61 371 12139
243460924 73 284 12156
243617607 66 763 12164
244129418 61 1571 12190
244491231 77 1284 12208
244707508 68 23 12220
244918970 63 946 12231
245265256 64 1831 12248
245471570 79 1757 12257
245673515 76 220 12267
245875531 67 82 12278
246312687 67 115 12299
246333431 79 148 12300
247464298 68 1675 12357
249017070 78 1865 12433
249320307 68 1944 12449
249599715 77 1961 12463
249915142 78 795 12479
249994933 75 1755 12483
250455129 74 837 12505
250761327 70 441 12520
251158203 63 1727 12539
251670153 61 490 12564
251840850 75 1897 12573
252001860 74 1704 12582
252021276 67 844 12583
252241502 65 1563 12594
252317148 75 1305 12598
252397344 66 328 12602
253267746 65 854 12646
253482256 62 1274 12657
253727637 60 120 12669
254172096 77 1614 12692
254786032 61 1014 12724
254897979 62 889 12729
255494118 68 1597 12759
255571389 70 1344 12763
255687572 78 451 12769
255742805 66 1605 12772
256021523 75 242 12786
256169283 61 1338 12794
256390351 76 321 12804
256444003 62 1286 12807
256744343 65 385 12822
257165697 72 1232 12843
257228361 72 930 12846
257607633 72 1899 12865
258434970 75 1014 12907
258671442 73 1007 12920
258959018 67 952 12934
258978375 75 15 12935
259419914 70 914 12957
259758322 76 1515 12973
259820997 65 1167 12976
259879124 62 381 12979
260054952 64 987 12988
261198866 66 1170 13046
261536180 79 1161 13062
261614852 71 1088 13066
261804312 78 924 13075
262493969 79 1079 13109
262715934 67 1541 13120
263214851 66 186 13145
263711835 77 151 13169
263926732 67 1695 13180
263985058 68 1189 13183
264132863 70 1671 13191
265174482 72 1843 13243
265604475 78 190 13265
265879273 60 85 13279
265917575 61 1619 13281
266227214 68 1673 13296
266690221 62 1969 13320
266777742 77 24 13324
266858024 61 786 13328
267460015 65 1033 13358
267496664 62 1474 13360
268672130 75 1642 13418
268903058 67 540 13429
269156830 71 520 13442
269269224 73 1862 13448
269358674 75 278 13452
269378631 76 1665 13453
269635160 76 1990 13466
270204831 77 1677 13496
270290101 77 42 13501
270552812 63 1818 13514
270589833 79 105 13516
270906542 66 1405 13532
271491257 61 1377 13563
271616986 79 118 13569
271918121 67 1928 13584
272515088 78 1182 13614
272687904 69 955 13623
273785431 62 852 13676
273940530 63 1909 13684
274181816 68 600 13696
274251854 71 1379 13700
274296237 71 579 13702
274398423 66 1008 13707
274753348 70 682 13724
274809270 67 938 13727
274832485 73 1659 13728
275461196 75 79 13760
275501225 79 320 13762
275715787 79 384 13773
275751170 60 946 13775
276082288 67 471 13792
276706100 66 35 13822
276895628 72 795 13831
277336654 71 724 13854
277555020 67 1636 13865
277590182 74 627 13867
277608693 66 49 13868
277753342 64 1801 13875
277927642 78 844 13884
278462649 67 1268 13910
278520931 67 1430 13913
279033488 62 1384 13939
279048937 75 1624 13940
279200075 67 1233 13948
279528510 76 689 13964
279568177 78 1263 13966
279593177 66 1147 13967
280528427 62 1652 14014
280671813 75 760 14021
280747226 64 877 14025
280844910 68 163 14030
281367153 66 1363 14057
281444136 68 266 14061
281523366 67 1147 14065
282486178 73 1208 14113
282589391 62 1182 14118
282831399 69 1685 14130
282911936 75 16 14134
283029145 76 1449 14140
284874944 62 1555 14231
285501386 73 1391 14264
285724565 79 860 14275
286063229 62 1534 14291
286082004 75 1253 14292
286186533 67 1463 14297
286476297 77 1924 14311
287316529 76 617 14353
287440089 64 376 14359
287623482 69 353 14368
287811790 64 799 14377
287972836 78 1843 14385
288073068 69 1732 14390
288172300 67 639 14395
288197250 72 454 14396
288330646 68 1657 14402
288395139 60 1700 14405
288730073 78 1135 14421
289169279 74 789 14443
289521565 68 1653 14460
289608822 70 867 14464
290078138 79 1619 14488
290913542 65 879 14531
290989336 75 297 14535
291644877 77 816 14568
292078880 74 1909 14589
292415098 79 482 14606
293091352 75 137 14639
293456953 60 1396 14656
293811784 60 1445 14673
294044393 65 1534 14685
294144496 67 719 14690
294454468 62 737 14705
294514052 76 1061 14708
295062942 61 358 14736
295244003 66 96 14745
295769836 60 1373 14772
296395220 68 1 14803
296464294 60 47 14807
297129172 63 1005 14841
297225617 76 244 14846
297389740 73 360 14854
297630594 67 1555 14866
298003155 77 1567 14884
298186455 65 1750 14893
298645666 71 1 14916
299132234 70 1319 14941
299235452 62 1864 14946
299499068 75 1785 14959
299655625 65 863 14967
299842929 72 1155 14976
300933184 72 1659 15032
301382284 78 27 15054
301905976 65 1834 15080
302212654 72 821 15095
302532634 69 1200 15111
302593046 62 466 15114
302955106 76 541 15132
303104840 76 1041 15139
303439643 71 982 15156
303592408 67 1996 15164
303613202 70 494 15165
303859906 66 1356 15177
303984573 70 1957 15183
304222072 70 1189 15195
304455847 72 1222 15206
304687425 79 515 15218
304887262 64 1149 15228
305446677 65 301 15256
305495205 71 1912 15258
305631839 70 319 15265
305786473 70 1764 15273
305951357 68 950 15282
305984119 66 244 15284
306917098 61 408 15330
307189358 70 846 15344
307308238 74 133 15350
307375139 77 1914 15353
308178777 60 878 15394
308196983 65 1790 15395
308638765 64 1648 15418
309047092 70 655 15440
309105605 62 1367 15443
309918116 64 501 15484
310324186 60 845 15504
310428298 76 1378 15509
310567533 61 755 15516
310665402 65 512 15521
310807215 74 115 15528
311581541 77 1447 15567
311627107 65 339 15569
311955400 78 112 15586
311988588 62 1994 15588
312271732 66 314 15602
313055466 78 41 15641
313512525 60 1261 15664
313697463 68 1221 15673
314180792 78 590 15696
315101027 64 1922 15743
315162418 60 1169 15746
315462985 78 547 15761
315575586 65 1834 15767
316019678 67 1366 15790
316702962 75 957 15823
317111724 73 923 15844
317270389 67 988 15852
317818967 73 1198 15880
318395691 73 733 15909
318507273 62 414 15915
318848414 77 1264 15931
319406423 79 475 15959
319625487 64 1272 15970
319953664 71 1340 15987
321167851 69 1817 16050
321594817 74 1763 16071
322189488 72 1455 16102
322239116 64 1657 16105
322569929 74 1117 16121
322668349 74 516 16126
323513913 69 908 16169
323687330 67 197 16178
324279993 64 357 16208
324321352 77 375 16210
324433692 66 1807 16215
324490824 79 1508 16218
325253659 74 1345 16256
325319083 62 1557 16259
325575714 63 240 16272
327361084 68 1782 16362
327576635 68 316 16373
327750156 75 1728 16382
327976883 60 665 16394
328171486 79 1006 16404
328654883 66 1887 16428
328927568 65 1170 16441
329566071 74 1678 16473
329766538 71 1962 16483
330113469 65 1871 16501
330239669 73 1520 16508
330284002 60 1616 16510
330552137 78 1396 16524
331058059 61 955 16548
331685494 65 1315 16580
332286119 65 197 16609
332305852 60 883 16610
332621302 73 114 16626
333076720 71 363 16648
333764283 74 1870 16684
334203693 73 980 16706
334284846 72 1488 16710
334485088 79 730 16720
334564685 68 900 16724
334791581 73 137 16735
335234523 72 1483 16757
336172539 69 1014 16805
336294895 71 1466 16812
337302113 69 1230 16863
337544845 65 1548 16876
338394025 78 182 16918
338570192 64 1505 16927
339208799 60 407 16958
339365887 75 1320 16966
339572727 63 776 16976
339669344 70 562 16981
339687833 72 561 16982
340003381 63 429 16998
340323384 74 1457 17015
340526371 77 1566 17025
340909805 72 1967 17045
341013495 74 868 17050
341555362 60 36 17077
341595777 62 402 17079
341613077 61 1783 17080
342257858 71 793 17112
342832994 75 1805 17141
343036085 74 1870 17152
343405528 79 65 17170
343702308 68 1388 17185
344244070 78 1741 17212
344460694 71 241 17223
344539344 63 742 17227
345392479 75 859 17269
345573266 78 1467 17278
345931339 79 945 17296
346027942 70 250 17301
346243062 69 1988 17312
346740289 64 146 17336
346777062 70 58 17338
346887730 61 1287 17344
347012292 74 809 17350
347159651 76 1105 17358
347179616 66 122 17359
347222182 66 55 17361
347238908 77 1214 17362
347540046 79 1548 17377
347744814 70 975 17387
348032898 77 1974 17402
348464025 65 1128 17423
348613814 75 547 17430
348726086 75 153 17436
348817297 75 189 17441
348832297 62 845 17442
348957384 62 525 17448
350124002 69 384 17507
350220763 74 1408 17512
350915712 65 1316 17548
350935628 65 1161 17549
351490624 76 960 17577
351744284 68 364 17590
351805256 77 446 17593
352130667 79 1923 17609
352339040 71 1410 17619
352798666 61 1547 17642
353157500 67 1866 17659
353295631 60 492 17666
353509150 75 1017 17677
353760674 70 1505 17690
354177360 66 15 17711
355259212 67 1299 17763
356397236 60 593 17820
356689376 62 1691 17834
356790704 66 222 17839
357507126 73 1983 17875
357525067 68 1778 17876
357541163 69 1424 17877
357738155 61 1330 17887
358972064 64 1275 17950
359117738 68 1578 17958
359409605 79 381 17973
359471205 72 1344 17976
359553494 76 1970 17980
359590791 67 1854 17982
359748497 68 636 17990
359975395 63 1788 18001
360228089 75 485 18013
360511414 60 1683 18027
360780935 75 1595 18041
361002954 67 1469 18052
361262908 76 95 18065
361692735 66 1007 18087
361936217 61 61 18099
362105912 78 1147 18107
363515903 69 452 18177
363828176 64 485 18193
364153495 60 776 18209
364309906 77 971 18217
364533750 73 107 18228
365049164 67 1694 18253
365267458 77 1068 18263
365748189 75 987 18287
366123124 66 186 18307
366314892 75 58 18316
366378628 78 1799 18319
366436955 62 1607 18322
366751530 78 162 18338
366860613 72 1439 18343
367560878 79 719 18378
367748766 79 574 18387
368136205 70 693 18407
368643168 66 1957 18432
368948045 74 663 18447
369201737 75 630 18460
369480077 62 1166 18473
369504523 74 1066 18474
369811019 74 1956 18490
369891220 73 1272 18494
369967523 75 268 18498
371650410 72 1111 18582
371690029 60 190 18584
371893571 70 988 18594
371910220 64 1258 18595
372121882 63 873 18606
372287323 77 784 18614
372990916 74 1509 18650
373601642 77 397 18680
373986792 78 1539 18699
374952582 69 42 18747
375065590 73 1660 18753
375319117 64 1284 18766
375444168 66 1540 18772
375735013 69 1900 18787
376094749 68 1506 18805
376217734 78 1204 18811
376427766 77 553 18822
376771954 67 1057 18839
376849097 65 776 18843
376910983 72 51 18846
377892903 74 1036 18895
377934500 79 594 18897
377994495 61 1945 18900
378053186 70 85 18903
378224408 62 1407 18911
379030762 65 943 18952
379061812 77 443 18954
379082500 76 1148 18955
379124145 60 798 18957
379141384 68 1889 18958
379675435 67 1371 18985
381097622 68 247 19057
381241734 60 645 19064
382308815 63 1446 19118
382352120 61 969 19120
382751758 78 1457 19141
383123725 66 926 19160
383528186 72 1223 19182
384041118 67 286 19207
384478762 61 925 19228
384589890 70 841 19234
384940371 72 243 19252
385529825 77 971 19281
386842895 66 250 19346
387600878 71 1611 19385
387683865 69 1792 19389
388611031 61 694 19436
388729979 76 149 19442
388788916 76 270 19445
388923462 62 1469 19451
389001008 79 1052 19455
389099585 76 1317 19460
389260988 77 1945 19468
389317800 78 1787 19471
389357692 69 452 19473
389376636 73 1096 19474
389849432 70 1288 19498
390137202 62 653 19512
390260341 72 5 19518
390780310 74 1959 19543
390818166 65 903 19545
391690401 79 1091 19589
391707970 61 147 19590
392324559 60 393 19621
392668096 72 1575 19638
392833554 78 1946 19647
393774851 70 1706 19693
394440871 76 1928 19726
394843051 66 1630 19745
394925526 61 1536 19749
394961018 67 792 19751
395123601 72 889 19759
395334768 70 1647 19769
395620187 72 464 19783
395908210 78 837 19797
396434955 62 1497 19823
396519829 77 254 19827
396626649 77 1524 19832
397333388 68 680 19867
398246763 73 658 19911
398382255 70 1552 19918
398965184 70 1013 19947
