39129 112 1216 1
111513 105 121 5
1369086 112 1305 67
1565951 105 1071 77
1875443 118 631 92
2691243 109 759 133
2890494 114 1774 144
3069455 113 307 153
3537813 113 1819 176
3682577 119 991 183
4160806 112 1766 208
4863617 107 276 242
6159884 110 281 306
6347400 115 1487 315
6950229 105 109 345
7090974 108 33 352
7733749 111 1838 385
7986311 117 1636 397
8072380 100 803 401
8296543 118 1440 412
8738878 103 528 434
9189437 109 1744 455
9208458 110 320 456
9387453 101 1250 465
9521577 115 133 472
10179063 114 921 504
10388778 116 18 514
11039067 110 674 546
12011086 113 454 595
12496091 103 1716 619
12866496 106 151 637
12971804 104 1303 642
13427708 118 1440 664
13655076 101 351 675
13746699 103 1360 679
14118443 112 1691 697
14398164 114 818 710
15252922 111 8 753
15447259 102 195 763
15564475 117 461 769
16025748 116 1514 793
16220365 102 1113 803
16270365 118 1576 805
16642906 106 620 824
16710839 117 1737 827
16811102 110 589 832
17285944 103 1759 856
17309546 109 1228 857
18047789 111 767 893
18087742 106 1529 895
18252406 113 532 903
18301252 118 106 906
18485996 106 1536 916
18510512 119 1734 917
18550665 107 1811 919
18829869 109 771 932
19217724 100 935 952
19252707 107 164 954
19496043 114 1300 967
19828005 113 580 983
19985997 118 904 991
20073851 116 888 996
20098851 103 702 997
20446414 107 592 1014
20679922 109 1888 1025
20786681 114 541 1030
20938864 102 1263 1038
21447598 110 220 1065
21464935 114 886 1066
22093084 119 757 1097
22149774 100 1335 1100
22710552 109 1027 1128
22868447 102 711 1136
23472714 110 1745 1166
23779883 110 1402 1182
24161856 110 1217 1201
25374606 119 1378 1262
26069143 101 1066 1297
26110526 112 1455 1299
26233825 113 227 1305
26382377 100 1034 1312
26715681 101 1645 1328
26770666 100 245 1331
27213639 100 1657 1354
27254044 112 1173 1356
27412975 111 1829 1364
27858955 101 407 1386
27979630 108 1471 1392
28384864 109 1040 1413
28542202 111 1942 1421
28717723 113 1236 1430
28788166 109 440 1433
28844613 119 1352 1436
28965917 101 1695 1442
29105539 100 51 1449
29147705 111 1 1451
29411611 115 823 1463
29598982 111 1401 1472
29698062 118 1238 1477
29737775 102 84 1479
29955097 107 279 1490
30149003 106 1625 1500
30318426 110 12 1508
30503549 101 685 1517
30811656 118 365 1533
30826656 104 19 1534
30885759 105 1128 1537
31461904 110 1305 1566
31726703 107 417 1579
32012645 105 926 1593
32312930 113 614 1607
32380234 107 851 1610
32858192 105 262 1634
33094599 115 1194 1646
33459530 103 399 1664
33888798 114 524 1686
34525091 103 600 1718
34940194 100 1804 1739
35321526 103 16 1757
35693007 116 117 1776
36285436 117 425 1806
36764546 114 848 1829
36841069 117 1770 1833
37075921 116 735 1845
37454615 100 623 1865
37834757 103 478 1885
38154353 114 1663 1901
38210234 104 1146 1904
38468806 114 1389 1917
38506017 105 554 1919
38524111 116 1035 1920
39225689 112 1322 1955
39475826 101 1983 1967
39493279 118 541 1968
39785386 105 1694 1982
39883950 100 1629 1987
40073744 105 1415 1996
40220171 116 112 2004
40408253 104 407 2013
40712000 105 769 2028
40904541 107 85 2038
42257714 111 975 2105
42389238 115 215 2111
43174929 104 533 2151
43423688 105 109 2163
43618608 107 1966 2173
43722291 103 150 2178
43794081 107 997 2182
44435057 114 253 2213
44887451 108 957 2235
44951277 104 670 2238
45025669 111 225 2242
45132692 106 1590 2247
45213006 105 1701 2251
45638123 112 1806 2272
45950421 109 1445 2288
46408331 116 1828 2310
46424507 118 1735 2311
46954062 103 1814 2337
47788529 102 286 2378
47902194 100 1618 2384
48957924 106 1915 2440
49219661 109 903 2453
49642309 100 255 2475
50113908 107 492 2498
50134854 100 120 2499
50600635 104 1529 2522
50624626 119 1063 2523
51047621 109 999 2544
51130564 105 404 2548
51567334 107 1094 2570
51624747 102 1328 2573
51885999 103 1631 2586
52604965 108 723 2621
52753777 100 1219 2629
53825669 104 364 2682
53844191 105 1211 2683
54374060 114 24 2709
55118883 116 1855 2747
55464827 102 657 2764
56042027 108 689 2792
56317336 113 1209 2806
56400541 114 1575 2811
56421059 105 1955 2812
56840017 106 1178 2833
57254459 107 281 2854
57866937 118 135 2885
57944750 101 1241 2889
58422378 106 882 2913
58518206 103 1585 2918
58935736 114 993 2939
59415561 100 1447 2963
60091885 113 1140 2997
60325643 116 675 3008
60693994 108 1651 3027
61536422 112 1008 3068
61635619 105 418 3073
61783107 115 1464 3081
61841076 109 675 3084
62653907 101 1226 3126
63771136 108 270 3182
64125756 110 463 3200
64208483 112 20 3204
64419106 106 1460 3215
64573239 106 955 3223
64678059 102 1556 3228
64763506 118 690 3232
65041832 100 1252 3246
65089336 118 1090 3248
65139549 100 1556 3251
65364801 104 787 3263
65382974 112 1590 3264
65728419 106 1220 3282
65750773 108 1074 3283
65772975 112 735 3284
65790809 106 1083 3285
66443506 103 902 3316
66629609 114 891 3325
66690251 112 1549 3328
66843413 115 1672 3336
67075207 114 792 3348
67800537 107 126 3385
68179744 106 311 3404
68247700 107 1986 3407
68266506 106 1266 3408
68366959 100 1791 3413
68610481 115 961 3425
68727335 106 209 3431
68989835 110 1503 3444
69288250 105 665 3460
69334874 119 1471 3462
69357504 108 1138 3463
69452668 108 719 3468
69591348 105 1590 3475
69636599 106 597 3477
69784666 112 1320 3485
69887886 117 1062 3490
70170933 116 1473 3504
70882769 108 508 3539
71131448 106 1222 3552
71870403 104 1033 3589
72653530 117 177 3627
72761055 106 1959 3632
72919357 119 1467 3640
73049800 103 1365 3647
73106924 105 63 3650
73343280 100 911 3662
73614485 114 1502 3675
74207247 117 1751 3703
75224325 106 1156 3753
75786069 101 1198 3781
76144496 103 1338 3800
76236638 109 1250 3804
76369297 111 1323 3810
77412135 117 499 3863
77557835 114 826 3870
77579533 118 1896 3871
77625579 110 625 3873
77771999 108 662 3880
77851484 118 1216 3884
78019083 114 737 3892
78297316 107 218 3906
78602156 110 474 3921
79316897 116 1232 3958
79623215 110 542 3974
79908743 107 1356 3989
80144598 111 527 4000
80295906 112 279 4008
80374522 106 1625 4012
80819069 113 1646 4034
81013638 110 992 4044
81152058 100 52 4051
81592357 119 1508 4074
81818509 113 1733 4085
81941944 111 1194 4091
82084770 107 1719 4098
82480539 117 1771 4118
82603839 101 1661 4124
83099335 100 1920 4149
83183499 108 590 4153
83657636 103 463 4177
83794902 116 437 4184
84440365 110 1478 4217
84572780 113 1333 4224
84706788 115 587 4231
85167750 104 1526 4255
85441829 118 1994 4269
85909968 112 181 4293
85943317 113 399 4295
86052969 109 1560 4301
86093741 114 752 4303
86509420 114 819 4324
86554682 103 1846 4326
87082161 113 260 4352
87266433 114 373 4361
87442653 109 509 4370
88114953 105 1650 4402
88132221 105 244 4403
88454287 112 1192 4419
88707667 104 1748 4432
88851286 109 350 4439
89008918 115 1933 4447
89060449 102 386 4450
89209167 110 198 4458
89273566 114 23 4461
89296554 103 161 4462
89439614 112 1215 4469
89580600 109 633 4476
90216314 112 748 4509
90298722 101 1553 4513
90414815 111 1919 4519
90688142 105 892 4533
90901944 103 1623 4544
91278874 112 1580 4563
91293874 103 904 4564
91651047 108 193 4581
91706860 107 145 4584
91852507 106 1114 4591
92319243 117 1909 4614
92481283 106 813 4622
92501641 103 1145 4623
92678076 101 1055 4631
92777660 107 944 4636
92797853 101 666 4637
93098075 110 1633 4652
93228751 117 1179 4659
93297701 100 1559 4662
93363885 116 1692 4665
93626757 119 1945 4678
93819586 103 1242 4687
94039244 106 1517 4697
94380652 116 1109 4714
94605318 108 730 4725
95059295 101 159 4747
95194109 112 1820 4754
95548259 116 538 4772
95972639 113 1387 4794
96295726 118 846 4810
96533025 110 1203 4822
96632226 107 1127 4827
96905223 114 1631 4841
97045001 101 1980 4848
97106351 100 686 4851
98516876 115 803 4922
98976835 109 1328 4944
99062630 101 1216 4948
100167158 102 1674 5003
100225788 114 271 5006
100250788 114 1842 5007
100496343 105 388 5020
101810729 117 1319 5087
102365501 100 55 5114
102769320 104 166 5134
102831573 107 1695 5137
102935914 107 147 5142
103334543 105 926 5162
103386313 108 1563 5165
103619219 103 547 5177
103657788 103 1235 5179
103705920 104 905 5181
104199167 110 1690 5206
104277390 111 824 5210
105298892 113 133 5261
105459021 104 1140 5269
105714793 116 36 5282
105986267 100 1398 5295
106165425 108 1723 5304
106342962 109 928 5313
106462086 102 279 5319
106480538 106 267 5320
106765163 113 714 5334
107270307 105 651 5360
107683283 104 1228 5381
108105669 105 1027 5402
108629861 119 1357 5428
108743950 107 569 5434
108986794 109 1008 5446
109144832 102 879 5454
109329245 116 635 5463
109437042 116 1436 5468
109769326 101 654 5484
110606835 117 1873 5525
110648110 111 1563 5527
110802209 104 1487 5536
110840501 101 785 5538
110859098 105 1082 5539
110980363 118 1926 5545
111097091 111 1169 5551
111119553 116 1356 5552
111290764 112 1088 5560
111306034 100 668 5561
111744021 113 1462 5583
112353457 119 1717 5613
112496957 103 1021 5620
112754610 116 427 5632
113355400 105 313 5663
113961939 108 1855 5693
114070424 100 408 5699
114210644 107 97 5706
114312689 106 1924 5711
114332482 101 735 5712
114663184 104 554 5728
114873560 113 1474 5738
115488970 106 85 5769
115633454 104 1842 5776
115957594 108 791 5792
116156221 119 1420 5802
116799784 115 551 5833
117071287 115 1064 5846
117313813 109 746 5859
117337610 111 1325 5860
117353046 111 1609 5861
117955680 108 1589 5892
117997194 106 1076 5894
118081904 109 735 5898
118925031 111 786 5940
119411077 100 870 5965
119614155 103 234 5976
120234143 118 1360 6007
120392771 106 1005 6015
120672816 100 1258 6029
120759587 106 1716 6033
120817696 115 720 6036
120879586 100 337 6039
120945242 116 26 6042
121169648 108 1899 6053
123271526 107 1197 6155
123843343 110 774 6183
124331632 113 1155 6206
124352922 119 715 6207
124412926 100 1392 6210
124608956 119 275 6220
124766410 107 606 6228
125444426 114 13 6262
125610285 118 420 6271
126312077 117 1246 6306
126447973 113 1901 6313
126512866 108 1454 6316
126568629 114 1763 6319
126754431 114 1266 6328
126861050 100 1315 6333
127013266 112 1139 6341
127196284 108 1097 6350
127508226 105 1446 6366
128060855 101 1860 6393
128243160 105 1881 6402
128322508 106 447 6406
128735108 114 298 6425
129456205 103 805 6461
129530942 102 1941 6465
130211486 115 1533 6498
130428664 105 14 6509
130615140 108 1669 6518
131385728 112 1737 6557
131459108 101 1069 6561
131928568 110 1377 6585
132391392 106 1269 6608
132543327 109 1288 6615
132685635 105 1908 6622
133055115 102 1071 6640
133220503 118 307 6648
133901479 108 1914 6681
134763623 106 149 6725
134847650 111 1857 6729
135488143 111 130 6761
135644310 119 69 6769
136181000 115 313 6796
136717560 117 1197 6823
136759165 112 1747 6825
136822730 104 1047 6828
137380681 106 213 6855
137708493 119 1666 6871
137815097 107 1553 6877
137971596 109 195 6885
138070461 105 417 6890
138427980 111 256 6908
139127250 110 1635 6942
139837951 102 746 6978
139903541 102 686 6981
140250808 107 333 6998
140484146 114 760 7010
140539241 100 57 7013
140948339 116 1737 7033
141103482 106 1094 7041
141180566 101 993 7045
141483910 110 1033 7060
142036374 107 455 7087
142201615 119 809 7096
142243608 112 252 7098
142261510 104 536 7099
142816809 107 1007 7127
143040194 106 167 7138
143107787 111 620 7141
143433451 118 1970 7157
144627070 118 151 7216
145311047 103 113 7249
145497453 107 328 7258
145551751 106 1128 7261
145713599 116 677 7269
146330449 115 1412 7300
146372468 112 1891 7302
146629288 107 1931 7315
147037409 101 1562 7335
147183366 102 1032 7342
147309125 101 116 7348
147356907 102 1758 7350
147560789 107 161 7360
147609447 107 1116 7362
147969664 119 1018 7380
148100318 116 1842 7387
148432252 103 1981 7404
148509413 109 198 7408
148882175 113 989 7427
148961452 109 1572 7431
149174949 118 1975 7442
149833724 104 1813 7474
149853267 113 971 7475
150613336 110 574 7513
151021687 103 604 7534
151228843 106 1967 7544
151273109 100 995 7546
151559226 110 1508 7561
151893454 110 514 7578
152610082 102 403 7614
152807999 104 925 7624
153650700 117 1179 7665
153996174 100 186 7683
154155854 109 1652 7691
154798934 102 1705 7723
155737519 105 613 7770
156994024 100 1250 7833
157698703 117 541 7869
157742342 109 900 7871
157842510 116 1662 7876
158313505 104 1253 7899
158842952 112 484 7925
159225433 104 1669 7944
159410891 112 1696 7953
159927316 105 895 7980
160126859 101 693 7990
160162039 115 1472 7992
160382412 116 1393 8003
160877383 111 174 8028
160892383 106 334 8029
160950146 117 1971 8032
161684990 101 1366 8069
162093085 102 469 8089
162319554 105 1057 8100
162724747 108 1091 8120
163196480 118 879 8144
163305211 118 1385 8150
163437280 108 337 8157
163959969 102 694 8183
164236550 105 414 8198
164534711 104 823 8213
165185088 119 58 8245
165598763 104 1224 8265
165759507 117 1969 8273
166130268 110 1297 8292
166522011 101 932 8311
166629304 118 287 8317
166756397 114 1514 8323
166831297 117 1803 8327
166847112 111 733 8328
167065678 117 902 8339
167180060 113 678 8345
167233049 112 1287 8348
167511722 114 1148 8362
167806732 109 1745 8376
168067127 117 1670 8389
168230450 107 1886 8397
168683934 102 842 8421
168959992 105 1106 8435
169068339 110 1139 8440
169171495 119 1559 8445
169350145 117 1915 8453
169603582 100 1545 8465
171027086 102 755 8536
171466568 105 659 8558
171694662 116 345 8570
172060618 111 1390 8588
172327579 117 1797 8601
172432547 114 1048 8606
172660897 117 1376 8617
172705580 114 1655 8619
172770193 103 1494 8622
173392569 105 1648 8654
173681118 103 957 8668
173761723 100 1129 8672
173821663 110 281 8675
173841194 115 308 8676
173900895 119 1906 8679
174178513 101 918 8692
174310456 110 1478 8699
174430043 115 402 8705
174719884 102 469 8720
174839102 117 1444 8726
174968809 113 773 8732
174990546 117 1708 8733
175772666 101 68 8773
176218942 109 780 8795
176388457 100 544 8803
177227916 109 519 8845
177452936 106 1337 8856
177495876 106 210 8858
178062639 112 61 8886
178345700 101 1221 8900
178992978 112 309 8934
179209494 114 83 8945
179255571 114 1540 8947
179561662 106 1833 8962
179754049 115 305 8971
179775965 112 235 8972
179990535 102 137 8983
180636918 109 1378 9014
180846205 112 1582 9024
181341347 117 1114 9049
181585291 105 1326 9061
182013236 101 16 9083
182034586 109 36 9084
182225898 107 56 9094
182261057 114 1773 9096
182319246 107 787 9099
182388311 117 218 9102
182737438 110 697 9120
183691721 109 1005 9167
183973905 101 1012 9181
184758042 100 1338 9220
184837526 117 1454 9224
184858997 109 1570 9225
185023662 116 980 9234
185835053 102 839 9275
185976770 105 1603 9282
186363658 103 521 9301
187032116 116 1846 9335
187071095 100 1072 9337
187716963 118 1024 9369
187946531 108 416 9380
188211724 105 624 9393
188443541 106 844 9405
188883597 118 1172 9427
189395225 106 1647 9453
189702180 107 1337 9468
191130430 102 860 9539
191763168 108 1777 9570
191828363 108 1100 9573
192160545 102 1246 9589
192244628 113 1305 9593
192509866 113 1700 9606
192573981 100 1646 9609
192749598 114 1311 9618
192911785 110 1300 9626
193060477 111 1393 9634
193152554 116 565 9639
193176155 117 1802 9640
193542325 112 721 9658
193754221 104 157 9668
193839868 111 1451 9672
194319873 111 472 9696
194795947 104 1016 9720
195484777 107 1203 9754
195604797 107 948 9760
195919473 118 750 9776
196153500 110 143 9788
196297827 111 1566 9795
196360852 107 479 9798
196499783 116 1209 9805
196644049 103 1010 9812
197144747 109 1592 9838
197245943 109 602 9843
197403859 119 1817 9851
197424969 106 1512 9852
197899101 101 752 9876
198099626 109 1764 9886
198271761 109 212 9895
198796757 109 1905 9921
198829211 102 876 9923
198887490 113 427 9926
199129898 118 756 9938
199267646 117 1225 9945
199720245 114 1689 9968
199948165 104 1077 9980
200109801 118 446 9988
200627527 118 690 10014
200940672 101 605 10030
201238324 111 1061 10045
201317944 110 806 10049
201434030 103 1166 10055
201476714 114 1898 10057
202303480 103 1920 10098
202387541 115 1752 10102
203526341 112 193 10160
203728839 113 485 10170
203844246 105 1278 10176
204686360 119 81 10218
205419932 105 990 10255
205842558 112 380 10276
206584551 114 81 10313
206605186 106 574 10314
206757590 100 1965 10321
207196204 119 504 10343
207473603 105 514 10356
207583228 118 38 10361
207881096 100 753 10376
207998436 106 148 10382
208610437 101 1926 10413
209390713 114 1265 10451
209525395 114 1750 10458
209734895 104 1411 10469
210264179 101 963 10497
210451206 112 526 10506
211373181 105 1239 10552
211671442 107 1596 10567
211978933 115 813 10582
212520525 107 1620 10608
213237402 104 195 10644
213312354 108 923 10648
213543811 115 795 10660
213680614 100 682 10667
213871169 108 885 10677
214157931 107 1521 10692
214656212 112 902 10718
214737814 113 1621 10722
215151614 119 308 10742
215692862 119 1568 10769
215857061 118 1218 10777
216605265 112 578 10814
216957359 107 1732 10831
217538838 111 8 10860
217562012 107 1154 10861
217599462 107 1529 10863
218196254 109 1943 10894
218939247 118 726 10931
219544315 103 1871 10962
220032878 118 1430 10988
220097435 112 433 10991
220220243 112 1865 10997
220909966 112 569 11032
220948407 107 164 11034
221037684 117 396 11038
221158032 115 1579 11044
221195723 117 1509 11046
221210723 108 98 11047
221273517 106 667 11050
221291458 107 1511 11051
221338364 104 285 11053
221420644 114 1085 11057
221440111 111 1221 11058
221461263 113 1490 11059
221525805 103 1958 11062
221897064 110 837 11080
221951201 100 858 11083
222234739 106 1342 11097
222575318 104 916 11114
222642337 109 1451 11117
223039305 116 1751 11136
223129206 106 1098 11140
223266803 102 664 11147
223495143 115 1836 11158
223742436 100 1880 11170
223761902 108 1228 11171
223804634 113 1117 11173
224011849 106 1090 11183
224461838 106 1758 11206
224524220 113 1809 11209
224718316 101 754 11219
224817533 116 66 11224
224839513 106 975 11225
225239682 112 106 11244
225760419 105 218 11268
226192858 106 861 11289
226254518 108 1854 11292
226982029 106 890 11329
227098303 106 208 11335
227360942 110 1686 11348
227460844 114 1001 11353
227476380 111 455 11354
228194922 102 1150 11390
229137459 119 1853 11438
229303552 107 1891 11447
229737271 118 1016 11468
230173355 102 509 11491
230196152 109 989 11492
230309748 115 1473 11498
231364539 117 1270 11551
231846470 102 889 11575
232220568 112 1938 11593
232360086 113 1991 11601
232529381 112 1053 11609
232670187 108 151 11616
232723225 100 902 11619
233355832 110 1958 11651
233482252 101 30 11657
233841498 115 495 11675
234122352 116 76 11689
234158155 109 662 11691
234424289 118 434 11705
234571961 115 291 11712
234592239 107 1574 11713
235097568 115 640 11738
235143096 104 1269 11740
235581492 106 850 11761
235881777 109 126 11777
235952683 104 1147 11781
236092315 116 65 11788
236135109 119 28 11790
236224725 103 165 11794
236453334 101 666 11805
236881895 110 579 11826
237202146 103 684 11842
237760097 104 1662 11870
238244329 100 741 11894
238400919 107 277 11902
238815243 101 1383 11923
239016871 110 651 11933
239329785 112 575 11949
240553485 107 749 12010
240666946 114 1533 12016
240744195 105 1281 12020
241282187 101 510 12048
241456697 119 951 12057
241966204 118 1437 12082
242130510 108 10 12090
242209293 101 20 12094
242306240 107 1493 12099
242347606 104 1987 12101
242814126 103 1543 12125
243146409 107 197 12141
243250139 119 1186 12146
243813192 118 891 12174
244006893 106 872 12184
244658882 117 1745 12217
245331222 117 1613 12251
245822398 116 107 12275
246873081 119 870 12327
247135478 100 1189 12341
247176344 114 1862 12343
247264439 102 350 12347
247341273 118 1900 12351
247556030 118 637 12362
247598471 113 1922 12364
248398740 108 1766 12403
248540844 117 130 12410
248744986 118 965 12420
249078774 112 1118 12436
250300037 101 163 12498
250825814 108 1616 12523
252554431 101 779 12610
252856601 108 1975 12625
252962710 104 1175 12630
253155868 112 1755 12640
253749916 102 402 12670
253960638 116 529 12681
254418849 108 1822 12705
254692454 104 253 12719
254857544 116 1831 12727
254921455 105 1390 12730
255317511 107 1269 12750
255406706 119 1848 12754
255898685 101 1344 12780
256188683 117 1387 12795
256207835 107 1678 12796
256807197 118 915 12825
256979324 115 1604 12833
257468077 102 1397 12858
257747100 112 169 12872
257810786 104 988 12875
258046482 109 231 12887
258127157 114 1354 12891
258224293 100 340 12896
258656442 101 1885 12919
259216359 119 557 12947
259304121 113 1897 12951
260039952 101 400 12987
260815017 102 264 13027
261035027 110 1561 13038
261306556 119 149 13051
261392642 103 1766 13055
261476890 107 518 13059
261653588 110 1589 13068
261863920 102 1445 13078
262352445 105 858 13102
262512642 110 26 13110
262536376 102 779 13111
262557626 111 1393 13112
262963103 106 1714 13132
263019894 114 1376 13135
263102417 103 1754 13139
263469205 111 607 13157
263969031 116 1205 13182
264085150 100 1446 13188
264175440 103 1862 13193
264230654 110 703 13196
264263418 100 18 13198
265837174 104 1032 13277
265956100 110 876 13283
266274803 112 245 13298
266431559 104 1948 13306
266632275 116 1748 13317
266879585 103 1396 13329
267828127 100 1129 13376
268942834 109 1839 13431
269216655 109 821 13445
270084087 106 104 13490
270413107 109 1360 13507
271043305 109 586 13539
271636858 113 637 13570
271855769 103 44 13581
272209039 106 990 13599
273269987 113 723 13652
274318520 108 605 13703
274516028 117 729 13713
274560109 101 784 13715
274711668 102 450 13722
275084177 107 1582 13741
275358061 114 662 13755
275419607 117 1890 13758
275833820 118 128 13779
275987535 108 1127 13787
276270530 113 1856 13801
276333840 114 1858 13804
276525045 103 1436 13813
276913946 105 987 13832
277178037 118 480 13846
277351654 113 1429 13855
278177410 119 821 13896
278297717 119 295 13902
278868179 100 886 13931
278937125 109 1841 13934
279086227 107 840 13942
279384231 112 1290 13957
279799150 100 85 13977
279876764 112 754 13981
280158184 107 1214 13995
280222442 103 244 13998
280358801 110 1489 14005
280389302 112 1775 14007
280627146 119 1329 14019
280863444 119 499 14031
280945156 107 571 14035
281429136 106 188 14060
281726788 110 1673 14076
282419182 104 276 14110
282949763 107 401 14136
283190612 102 1556 14148
283210975 107 606 14149
283293197 100 1293 14153
283684239 103 210 14173
283847920 119 188 14181
283864703 119 754 14182
284143105 102 523 14195
284402626 104 1767 14207
284504368 106 862 14212
284835981 109 807 14229
284889944 108 1503 14232
285109030 102 1495 14244
285401765 105 1897 14259
285842000 111 619 14280
286240613 115 1429 14300
286600957 104 1649 14317
286700919 119 1909 14322
286993720 118 1965 14337
287419125 107 1639 14358
287683392 101 1884 14371
287788529 119 890 14376
287918247 108 1150 14382
288109456 107 710 14392
288129450 108 648 14393
288218605 111 366 14397
288706481 113 503 14420
289094847 117 374 14439
289394116 105 1537 14454
289725769 116 1190 14470
289847129 116 622 14476
289963600 110 507 14482
290582574 113 365 14514
290689159 102 212 14519
290855075 106 1988 14528
290929097 106 302 14532
291454544 110 1854 14558
291526197 106 689 14562
291783527 100 648 14575
292006294 110 1114 14586
292055444 100 574 14588
292454644 112 1958 14608
292478047 118 1005 14609
292668891 112 1975 14618
292847590 100 371 14627
293264682 117 1552 14647
293308452 111 1039 14649
293329013 103 457 14650
293369675 111 600 14652
294205447 107 1109 14693
294250211 105 329 14695
294473962 104 1758 14706
294599342 119 448 14712
294693784 118 865 14717
295482824 109 1899 14757
295659093 114 1595 14766
295853960 105 786 14776
295890405 116 221 14778
295948732 109 36 14781
296872096 110 1400 14827
297307300 103 632 14850
297692093 113 60 14869
297733918 113 1958 14871
297876658 119 772 14878
298221367 108 1333 14895
298240674 108 1836 14896
298259696 115 570 14897
298525769 107 1074 14910
298564726 110 974 14912
298621129 116 128 14915
299416358 115 1395 14955
299616955 103 606 14965
299635319 116 1310 14966
299913486 116 787 14980
300112839 110 1507 14990
300129947 102 1673 14991
300289228 119 660 14999
300629137 105 886 15017
300649267 104 442 15018
301493150 116 1082 15059
301552359 107 718 15062
301844924 118 1552 15077
302007760 108 1189 15085
302170211 107 1487 15093
302366177 114 966 15103
302698442 106 51 15119
303166248 118 998 15142
303386750 109 1671 15153
304087564 100 839 15188
304207072 107 494 15194
304386710 103 536 15203
304572599 113 1604 15212
305043881 105 986 15236
305085341 103 649 15238
305126105 110 1322 15240
305145979 116 756 15241
305610385 114 672 15264
305648116 103 277 15266
306713651 117 890 15320
307108953 104 1342 15340
307225781 116 1535 15346
307350999 104 804 15352
307714233 105 779 15370
308163777 109 29 15393
308747174 111 333 15424
309202346 112 269 15448
309417297 111 592 15459
310443298 106 1182 15510
310587356 115 926 15517
310685134 102 881 15522
311353395 115 1410 15556
312025905 113 774 15590
312103721 105 806 15594
312829269 108 402 15629
312884269 110 786 15632
313015818 103 1104 15639
313154273 111 1803 15646
313173417 117 1189 15647
313296328 101 1392 15653
313819674 100 1150 15679
313948510 119 1186 15685
313986179 109 1018 15687
314046793 116 1809 15690
314197733 119 1096 15697
314463489 100 1256 15711
314566375 103 208 15716
315711092 106 1798 15774
315804842 116 767 15779
315903876 117 1477 15784
316124427 109 607 15795
316372944 119 438 15807
316659425 113 1779 15821
316740749 109 269 15825
317130610 102 1870 15845
317288523 111 90 15853
317307139 111 162 15854
317325797 102 1360 15855
317355797 102 570 15857
317500449 113 41 15865
317655655 107 805 15872
317740685 107 101 15876
318074022 101 184 15892
318224244 100 1953 15900
318245234 103 614 15901
318279222 103 1729 15903
318294222 106 411 15904
319548301 112 1506 15966
319933893 102 335 15986
319992775 117 1242 15989
320297629 101 1904 16005
320632056 119 59 16022
320686271 103 1556 16025
321267999 107 681 16055
321370862 119 1729 16060
321740756 108 86 16079
321974206 105 448 16091
322306697 107 1320 16108
322749120 104 1531 16130
322773317 107 1144 16131
322869861 113 1014 16136
323774289 117 388 16182
323957151 101 516 16192
324019240 113 661 16195
324118824 105 1648 16200
324523634 118 1812 16220
324793038 104 1252 16233
325910218 110 878 16289
325989430 113 1593 16293
326183859 112 1559 16302
326446443 116 976 16315
326499452 108 827 16318
326781348 108 896 16332
326817701 111 731 16334
326910245 106 1305 16339
327061094 118 947 16347
327379819 100 902 16363
327498592 103 1929 16369
327696395 113 1453 16379
327717229 107 24 16380
327941664 101 1827 16392
329090217 119 901 16449
329233809 116 131 16456
329921762 116 731 16491
330148048 105 1622 16503
330166922 108 160 16504
330991014 102 1599 16545
331035191 100 1857 16547
331285222 110 201 16560
331753345 100 1830 16583
332123932 101 1432 16601
332476404 107 1052 16619
332597953 114 1413 16625
332930708 104 1753 16641
333786308 102 1940 16685
334119798 107 509 16702
334731223 117 1304 16732
334809183 104 1721 16736
335255124 106 508 16758
335748914 112 114 16783
335989724 101 1418 16795
336007824 101 96 16796
336749640 108 684 16835
337283878 111 215 16862
337318808 104 957 16864
337470828 101 1118 16872
337509515 115 1536 16874
337567400 119 1292 16877
338347596 113 1072 16916
338604872 116 1854 16929
338834839 116 431 16940
339283933 119 1298 16962
339406797 104 105 16968
339593491 118 432 16977
339650988 106 793 16980
339878168 109 1053 16992
339916835 107 430 16994
340291340 100 541 17013
340655321 103 1822 17032
341285942 106 1299 17063
341402226 117 290 17069
341501071 101 255 17074
341523741 106 574 17075
342061290 115 108 17102
342083606 118 173 17103
342395719 101 759 17119
342481031 101 648 17123
342500348 102 1973 17124
342573549 118 1173 17128
343770400 118 1667 17188
343983813 104 1298 17199
344139144 104 1725 17207
344441152 114 662 17222
344497243 103 516 17225
344973178 100 1623 17249
345038621 114 906 17252
345589333 109 1238 17279
345652170 118 463 17282
345869077 104 226 17293
346343941 104 1010 17317
346578655 101 1734 17328
346834008 116 1922 17341
346872588 105 196 17343
347578839 101 1189 17379
347617910 118 1094 17381
348095359 119 896 17405
348420450 111 1131 17421
348509786 111 1474 17425
348530588 101 1588 17426
348596422 106 99 17429
348918411 117 1456 17446
349250750 119 1040 17463
349800285 115 1348 17491
350005701 115 65 17501
350455928 100 1317 17524
350539692 112 58 17528
350580506 105 966 17530
350867116 104 1681 17545
350973769 108 367 17551
351632104 105 652 17584
351647343 116 569 17585
351685067 100 931 17587
352086605 115 796 17607
352234275 115 766 17614
352475113 110 1282 17626
352595102 111 400 17632
352648833 113 1164 17635
353138001 115 332 17658
353337196 114 942 17668
353888941 102 1092 17696
353972919 108 541 17700
354026894 103 1228 17703
354467784 110 38 17725
354606388 103 335 17732
354894661 109 732 17746
355002467 108 1534 17751
355192073 117 1865 17760
355213974 110 1931 17761
355375407 108 53 17769
355640690 105 1863 17782
356300065 107 1550 17815
356844928 107 1517 17842
357042770 112 426 17852
357401845 102 68 17870
357837094 119 1249 17892
358219847 107 849 17911
358516884 107 501 17926
358554417 113 125 17928
358907902 100 45 17947
359371877 103 1193 17971
359687149 107 958 17987
359851692 101 495 17995
360286467 118 248 18016
360422258 102 448 18023
361282754 108 1908 18066
361651811 118 607 18085
362191937 116 1810 18111
362272659 106 1455 18115
362311013 118 330 18117
362465157 106 213 18125
362961884 104 1875 18150
363028648 104 1100 18153
363183648 105 1294 18161
363367803 115 228 18170
363675089 110 1190 18185
363952304 115 115 18199
364256130 107 602 18214
364334906 116 504 18218
364549994 111 1012 18229
364695546 113 1727 18236
364789403 102 1030 18241
365116327 106 720 18256
365325626 101 1775 18266
365461319 102 1743 18273
365505105 105 1653 18275
366475018 110 259 18324
366576562 101 1647 18329
366617202 111 431 18331
366649690 114 1442 18333
367429289 103 1705 18371
367539604 112 1440 18377
367691706 109 1933 18384
367870674 102 1222 18393
367959472 109 810 18398
368208989 107 1844 18411
368247671 103 161 18413
369122576 113 894 18456
369378328 116 664 18468
369828600 118 153 18491
370480361 109 913 18524
370693506 103 1416 18535
371572042 110 1531 18578
372007420 107 1294 18600
372202136 104 1336 18610
373210754 109 1130 18660
373269265 102 630 18663
373716695 116 1940 18686
374007453 119 1131 18700
374104878 109 1804 18705
374479147 109 1306 18724
375128793 113 1656 18756
375340416 113 1911 18767
375426842 103 390 18771
376051115 119 246 18803
376140727 107 944 18807
377057186 107 1465 18853
377250933 106 237 18862
377480921 106 1310 18874
378166180 102 1503 18908
378314723 100 794 18916
378392122 111 1357 18920
378752402 109 1090 18938
378897235 113 657 18945
378934905 115 1871 18947
379046812 102 1541 18953
379264744 116 792 18964
379287252 102 1198 18965
380116622 111 1446 19007
380500581 106 1458 19027
380619823 112 1347 19034
380727769 116 453 19039
381035908 115 715 19054
381159942 111 887 19060
381177562 115 1468 19061
381394993 108 253 19072
381940485 111 367 19099
382018744 110 1669 19103
382246854 104 99 19115
382599305 117 1507 19133
382791140 115 970 19143
382913638 102 877 19149
383007076 107 1361 19154
383081599 114 375 19158
383598651 116 1936 19185
383635724 105 340 19187
383788555 119 62 19195
384231170 113 1983 19216
384425036 116 828 19225
384441398 119 181 19226
384906035 108 430 19250
385198351 102 164 19265
385670471 101 743 19288
386386040 115 127 19324
386473730 106 358 19328
386708717 111 772 19339
386747566 101 247 19341
387117156 104 606 19361
387334462 118 1109 19372
387930128 119 236 19401
388085923 118 543 19409
388663750 109 351 19439
389159330 116 663 19463
389530648 107 664 19482
390372786 108 1138 19524
390530220 106 459 19531
390865038 116 718 19547
391325859 116 646 19570
391667430 111 1440 19588
391725139 100 727 19591
392073498 114 670 19609
393019480 111 806 19656
393040895 114 89 19657
393438155 103 1094 19676
393454537 109 1829 19677
393826200 106 340 19696
394674378 105 69 19737
394800450 114 179 19743
395105831 104 3 19758
395465057 103 825 19776
396101587 107 1245 19806
396403527 119 976 19821
396419944 118 1568 19822
397213827 114 1401 19861
398419929 110 1417 19920
398503383 108 324 19924
398790785 117 1937 19938
398827997 100 1062 19940
398911839 111 1997 19944
399160849 107 1786 19957
399689848 110 538 19983
