78846 207 1557 3
129836 218 822 6
272208 205 1158 13
659438 211 380 32
1055904 201 737 52
2244932 203 27 110
2401360 207 615 118
2459958 205 447 121
2501082 218 199 123
2521958 219 542 124
2988465 215 1669 149
3052897 212 1755 152
3427326 207 1460 171
3471151 207 975 173
3818655 213 171 190
3970756 207 357 198
4344211 213 1973 217
4513304 202 1940 225
4537862 217 696 226
4761456 204 601 237
4945039 201 1927 246
6115376 206 1534 304
6453955 201 1651 320
6518022 217 1459 323
6631964 215 1084 329
6719137 210 29 333
6839213 209 334 339
6972783 212 1216 346
7113419 206 1753 353
7647258 219 1032 380
7962294 200 1578 396
8141659 214 1339 404
8617436 206 1182 428
8890410 206 451 441
9716286 208 487 482
10720037 207 10 530
10759049 218 709 532
11019592 207 1937 545
11358883 217 428 562
11526930 208 1951 570
12577721 210 602 623
12682211 200 888 628
12799848 214 576 634
12903806 207 693 639
13883485 200 336 686
14051655 208 1052 694
14164833 204 858 699
14183784 205 297 700
14206765 208 598 701
14729038 214 1676 727
15270637 213 607 754
15589475 215 1286 770
16085550 215 1439 796
16285365 218 1533 806
16382066 205 680 811
16463089 213 21 815
16545738 214 97 819
17417146 207 1216 862
17497194 216 1856 866
17582754 219 1525 870
18352532 201 1613 909
18409901 204 1998 912
19678048 201 1570 976
19697916 207 106 977
20319210 208 1722 1008
20335943 210 860 1009
20558628 201 1083 1019
20627209 218 878 1022
20823479 214 429 1032
21545076 217 1851 1070
21913918 212 1769 1088
21955083 216 687 1090
22000239 210 947 1092
22444169 203 591 1115
22673098 209 1145 1126
22732113 213 1679 1129
22929780 208 297 1139
22948853 208 1110 1140
23010192 216 1172 1143
23168865 205 838 1151
23268750 215 706 1156
23540925 207 1005 1170
23919079 200 904 1189
24178801 202 45 1202
24654513 210 529 1225
25237241 205 1706 1255
25351421 219 1138 1261
25605490 206 727 1274
25955099 211 1744 1291
25977658 203 576 1292
26170462 213 1990 1302
26293743 209 588 1308
26694123 209 1478 1327
26752449 213 1381 1330
26792859 208 1450 1332
27555290 200 369 1371
28002485 211 1656 1393
28034699 213 909 1395
28481133 207 144 1418
28517202 206 910 1420
28829613 203 811 1435
29280958 205 1903 1457
29499358 203 1954 1467
29519706 206 1085 1468
29715975 217 1355 1478
30075598 216 540 1496
30091725 209 829 1497
30170607 212 737 1501
30697031 202 159 1527
30845398 217 1337 1535
30868775 208 830 1536
31084410 204 1351 1547
31334973 208 219 1560
31604736 203 1356 1573
32049582 216 463 1595
33059847 216 1959 1644
33552544 205 1734 1669
33569080 218 1969 1670
33607820 211 1634 1672
34762564 211 944 1730
35172756 213 1159 1750
35711345 216 146 1777
36437660 218 1140 1813
37403787 207 1505 1862
37421460 216 1931 1863
37687954 218 498 1877
37968907 209 1951 1892
38315080 208 1627 1909
38336393 207 1703 1910
38908893 200 1444 1939
39132952 212 1641 1950
40446360 212 1585 2015
40791230 204 1443 2032
41397054 210 1453 2063
41419514 207 1859 2064
41540949 204 1460 2070
41667645 217 1156 2076
42848130 219 73 2134
43272916 214 243 2156
43293166 200 1446 2157
43636098 203 824 2174
43700903 212 1800 2177
44107344 216 1953 2197
44335344 210 1920 2208
44551505 212 51 2219
44612282 210 1218 2222
45663123 209 594 2273
45892496 204 1429 2285
46204373 216 1877 2300
46243518 209 1100 2302
46711334 219 1410 2325
47355829 205 1926 2357
47441897 206 1989 2361
47665343 212 438 2372
48230804 208 537 2402
48542278 211 659 2418
48737933 201 396 2428
48993101 201 565 2442
49037226 208 299 2444
49376844 204 50 2461
49447290 206 328 2465
50189494 210 458 2502
50281093 214 1491 2506
50639626 209 1025 2524
50863156 215 1377 2535
51332916 209 8 2558
51697716 218 632 2576
51736686 210 1340 2578
51930679 207 98 2588
51945679 209 433 2589
52096975 202 1283 2596
52807410 209 685 2632
52822410 205 1628 2633
53264719 212 268 2655
53654273 213 559 2674
54338621 202 665 2707
54428651 211 1737 2712
54468508 201 1536 2714
54660521 200 1235 2724
54682066 218 1779 2725
55525621 208 1292 2767
55590812 211 1681 2770
55955993 202 1989 2788
56332336 203 1278 2807
56685463 206 1895 2825
57375519 210 1610 2860
57726830 208 583 2878
57800156 216 638 2882
58024881 200 1636 2893
58538467 200 260 2919
58810712 206 875 2933
58859848 209 1724 2935
59259344 205 1286 2955
59275985 217 1394 2956
59853714 200 360 2985
60649323 216 1325 3025
60852455 208 271 3035
60868531 215 1257 3036
60988790 212 1567 3042
61575977 209 985 3070
61652023 217 1510 3074
61880698 213 1901 3086
62434517 205 1422 3114
62756950 204 1742 3131
63316459 204 1643 3159
63732205 211 1928 3180
63867289 209 414 3187
65022503 218 1947 3245
65414820 203 1937 3266
65877880 214 52 3289
65943476 205 1315 3292
65993476 215 1232 3294
66112498 209 598 3300
66236448 216 1319 3306
66405641 204 1880 3314
66463321 210 968 3317
66671288 209 925 3327
67149690 218 1881 3352
67385462 214 1327 3364
68325928 200 1178 3411
68495236 208 1314 3419
69007366 202 1736 3445
69470457 218 253 3469
69569659 202 172 3474
69651599 205 1768 3478
69972774 216 792 3494
69989228 215 1147 3495
70009840 207 861 3496
70229117 202 471 3507
70412547 207 598 3516
70582037 201 120 3524
70708701 207 1614 3530
70979137 202 211 3544
71049337 206 983 3548
71473856 209 69 3569
72048969 206 758 3598
72476068 201 1392 3618
72589338 217 409 3624
72901262 218 58 3639
72934357 205 1822 3641
73261737 211 1449 3658
73699508 215 1964 3679
73761223 206 1468 3682
73924557 202 724 3690
73943597 205 1645 3691
73983740 211 1483 3693
74266778 219 1139 3706
74366518 209 695 3711
74653274 211 1146 3725
74759556 207 53 3730
75560544 212 1570 3769
75600806 200 1090 3771
76211706 211 39 3803
76524089 203 279 3818
77123548 207 1092 3848
77790355 204 1487 3881
78120087 215 1454 3897
78798628 213 1498 3931
78992583 219 1341 3941
79099035 202 1148 3947
79274375 213 519 3956
79567976 216 1541 3971
79582976 218 1154 3972
80800177 202 541 4033
81686114 213 252 4078
81799121 218 169 4084
82197308 201 848 4104
82722812 218 334 4130
83260355 206 1964 4157
84057723 207 145 4197
84098624 207 678 4199
84253583 204 1148 4207
84383014 211 167 4214
84403556 208 1033 4215
84907906 205 1032 4241
85092299 215 1918 4251
85274940 211 1782 4260
85659330 200 1936 4280
85963289 208 1200 4296
86598974 202 1662 4328
87141182 209 854 4355
87421566 211 821 4369
87850846 216 650 4389
87989108 206 452 4396
88052032 213 1371 4399
88197544 211 469 4406
88336858 212 804 4413
88498322 200 77 4421
88675025 212 989 4430
89939173 215 1050 4494
90072036 215 1004 4501
90647413 200 1238 4531
90979195 210 1313 4548
91318661 210 802 4565
91374987 206 1148 4568
92398083 213 787 4618
92564292 219 674 4626
92963588 201 1016 4645
93434454 218 1633 4669
93480912 219 1756 4671
93602605 210 1455 4677
93777474 208 1863 4685
93948664 200 1987 4693
93973084 203 1710 4694
94157020 204 609 4703
94237747 213 1629 4707
94868639 218 343 4738
95009446 201 556 4745
95176197 215 1132 4753
95400925 205 1165 4764
95494372 205 1422 4769
95662815 216 1079 4778
95679392 214 326 4779
95735378 206 1200 4782
96192933 209 1355 4805
96278259 208 367 4809
96568386 211 1405 4824
96749953 201 1044 4833
97009458 215 1968 4846
97667825 210 1451 4879
98536034 215 1499 4923
98580759 208 1395 4925
99801978 202 1704 4985
99824880 201 206 4986
100064426 216 255 4998
100895505 214 12 5040
100940984 207 1377 5042
100996845 216 1728 5045
101015821 216 904 5046
101162675 207 854 5054
101419089 203 1543 5067
101498549 212 792 5071
101537072 209 1488 5073
101635944 216 16 5078
101919152 203 1768 5092
102165192 211 1765 5104
102244630 201 559 5108
102618374 204 482 5127
102889183 211 1239 5140
103979445 203 388 5195
104016688 213 1859 5197
104057231 209 757 5199
104179392 216 1653 5205
104737336 212 1472 5233
105150042 209 460 5254
105254079 207 522 5259
106261542 211 1831 5308
107395312 205 1842 5366
107700191 207 1740 5382
107886229 201 364 5391
108167008 205 825 5405
108229836 209 36 5408
108383839 212 1044 5416
109708869 204 215 5481
109792748 209 1016 5485
110169087 205 854 5503
110465015 204 103 5518
110765513 205 954 5534
111055503 211 1426 5549
111203053 203 1977 5556
111222697 209 1491 5557
111408578 200 1606 5566
111606356 211 1401 5576
112204524 218 701 5606
112313782 210 956 5611
113122287 205 770 5650
113900533 216 1855 5690
113998378 218 1807 5695
114890645 208 446 5739
115157187 217 219 5752
115274571 217 1546 5758
115839305 202 94 5786
116398482 201 1375 5814
116626563 210 1515 5825
116940577 200 1217 5840
117134393 201 43 5849
117390700 218 168 5863
117544508 205 1909 5871
117733630 201 1824 5881
118018219 213 1850 5895
118562507 200 1094 5921
119213471 208 1120 5955
119732493 214 1099 5982
119829813 214 1944 5987
120011802 209 1065 5996
120031535 200 459 5997
120067062 202 77 5999
120657816 219 1230 6028
120692890 217 1511 6030
121324831 214 1692 6061
121725023 215 1605 6080
121740023 219 1618 6081
122577913 203 1033 6121
123163242 208 658 6150
123550588 212 615 6168
123682666 200 1215 6175
123800324 206 860 6181
123911225 208 758 6186
123932308 204 1699 6187
123951106 206 1020 6188
124277448 212 1007 6203
124486502 204 606 6214
124706874 200 776 6225
125031033 205 387 6242
125860935 207 572 6284
126021829 219 287 6292
126333904 211 444 6307
126730550 201 1932 6327
127111574 203 791 6346
127212528 214 634 6351
127228420 213 1061 6352
127853682 208 538 6383
127938826 205 493 6387
128449821 200 1210 6412
128985601 217 1365 6437
129225578 209 1803 6449
130046183 204 1430 6490
130065346 217 1475 6491
130452128 204 1469 6510
130879211 214 1782 6531
131021511 201 1867 6538
131549993 215 1045 6566
131972195 204 89 6587
132439363 209 1252 6610
133255258 211 590 6650
133383165 205 1569 6656
134323175 208 1155 6701
134471723 216 500 6709
135157644 216 1424 6744
135920537 218 1408 6783
137249485 217 635 6848
137400589 209 1638 6856
137546605 219 419 6863
137785097 213 1682 6875
138030815 203 1985 6888
138251111 200 1622 6899
138818146 205 1104 6927
139273499 214 1413 6949
139596062 215 808 6965
139669173 219 1630 6969
139987661 205 1517 6985
140053608 213 4 6988
140641854 200 1515 7018
141158610 213 256 7044
141260942 212 1480 7049
141443910 202 803 7058
141458910 210 415 7059
141649683 206 1698 7068
142420156 214 580 7107
142858621 202 977 7129
143777304 203 346 7174
143938636 216 172 7182
143978739 209 176 7184
144121942 212 1309 7191
144336809 218 1236 7202
144603903 207 267 7215
144673718 214 1410 7218
144910897 200 977 7230
145001636 211 1925 7234
145786637 218 1640 7273
146191561 211 1429 7293
146473899 207 1603 7307
146668868 213 329 7317
147121295 209 1344 7339
147834342 208 658 7373
147989439 217 347 7381
148312109 213 236 7398
148601365 209 1700 7413
149195397 209 667 7443
149373698 211 496 7452
149457984 208 56 7456
149598308 208 1303 7463
149765581 201 260 7471
149893616 202 672 7477
150179846 209 827 7492
151165720 217 1923 7541
151208687 202 1711 7543
151354311 207 123 7550
151790739 211 1351 7573
152011834 212 109 7584
152147323 212 207 7591
152557077 201 386 7611
152828042 216 1780 7625
152942851 208 1657 7631
153027299 209 1662 7635
153339850 211 1702 7650
153565579 204 411 7661
153675700 211 1955 7666
153709817 214 1067 7668
153940550 216 35 7680
153956597 216 687 7681
154017588 202 908 7684
154422907 208 987 7704
154456564 209 1279 7706
155104933 201 1242 7739
155204325 209 616 7744
155267192 210 1150 7747
155904027 214 1497 7778
155946393 200 1396 7780
156271710 218 986 7796
156367420 208 509 7801
156513710 201 125 7808
156697870 201 158 7817
156733858 213 661 7819
156788438 211 1557 7822
156943176 210 257 7830
157014730 212 1672 7834
157113784 217 297 7839
158436881 213 1725 7905
158657706 209 447 7916
158970445 203 988 7931
159571678 215 1477 7961
159948202 217 380 7981
160264384 206 1509 7997
160364685 205 1840 8002
160773845 208 839 8023
161339423 209 237 8052
161464708 206 441 8058
162385979 201 1955 8103
162540639 203 818 8111
162742861 212 524 8121
162808202 219 769 8124
163087181 218 597 8138
163129024 201 996 8140
163357288 201 1936 8153
163582716 204 455 8164
164587021 216 700 8216
164651868 200 158 8219
164674348 218 1855 8220
164955790 211 926 8234
165121395 205 1342 8242
165163192 203 302 8244
165637698 201 1741 8267
165814173 205 1093 8276
165973021 210 1073 8284
167046904 205 951 8338
167770401 212 747 8374
168255450 202 1434 8398
168646764 210 592 8419
168730598 204 1403 8423
169002150 203 882 8437
169043339 212 78 8439
169483300 216 425 8459
170009799 219 1014 8486
170313949 204 1158 8501
170651219 205 1 8518
171138335 217 579 8541
171738490 218 1127 8572
172273281 213 1096 8598
172366472 210 681 8603
172615230 203 744 8615
172954060 214 396 8632
173293353 206 908 8649
173355914 201 671 8652
173465875 208 1723 8658
173741111 215 1710 8671
174333263 215 1212 8700
175676539 205 1064 8768
175911521 207 1538 8780
175969397 202 1997 8783
176067107 207 862 8788
176325868 211 1661 8800
176655420 202 1560 8816
177289766 203 102 8848
177865923 203 760 8876
178247801 213 1392 8895
178283122 206 1788 8897
178437176 207 884 8905
178488280 200 151 8908
178563703 216 1395 8912
178752990 206 941 8922
179298665 215 87 8949
179394982 200 617 8954
179476867 204 1139 8958
179546662 215 365 8961
179810617 216 1573 8974
179897021 219 1351 8978
179940505 204 389 8980
180054879 206 1585 8986
180109674 210 117 8989
180131192 218 1654 8990
180151916 211 1760 8991
180278483 215 1266 8997
180333135 218 943 9000
180503611 213 813 9008
180613177 217 176 9013
180745650 210 633 9019
181428647 213 1946 9053
181470208 209 631 9055
181488365 213 851 9056
181677109 203 1342 9066
182297010 210 1359 9098
182442942 200 847 9105
182540425 206 1562 9110
182555425 202 1134 9111
182714595 217 1325 9119
182829924 210 330 9124
183189993 216 137 9142
183226798 200 232 9144
183427654 211 660 9154
183565290 208 720 9161
183607423 219 681 9163
184437615 200 1107 9204
184797561 219 1202 9222
185205219 219 1590 9243
185541740 215 352 9260
185716884 205 1552 9269
186213702 211 1807 9294
186339750 207 814 9300
186402833 202 1399 9303
186468690 201 693 9306
186685480 219 620 9317
186705923 212 1277 9318
186792623 200 1585 9323
186931740 213 1151 9330
187136066 218 1702 9340
187278742 214 1833 9347
187754120 206 1279 9371
188060011 213 194 9386
188294098 218 1868 9397
188367975 209 1231 9401
188540815 215 1334 9410
188684951 209 937 9417
189273579 207 865 9447
189562149 212 1443 9461
189607142 211 995 9463
189779989 216 273 9472
189985422 212 1367 9482
190087839 215 1747 9487
190363650 207 589 9501
190443883 203 1260 9505
190527168 205 1186 9509
191145430 213 753 9540
191897305 217 1393 9576
191978727 203 92 9580
192394225 214 1216 9600
192656460 201 80 9613
193130518 210 81 9638
193624133 218 1073 9662
193912052 203 1167 9676
193971798 214 441 9679
194238427 219 539 9692
195155350 215 586 9738
195721281 206 1141 9766
195779696 218 1052 9769
195801341 200 522 9770
196659049 217 1936 9813
196730985 212 618 9817
196831547 214 35 9822
196868065 202 132 9824
196908065 217 1359 9826
196984966 212 1227 9830
197052089 215 954 9833
197960589 209 1215 9879
198003407 212 554 9881
198080854 203 757 9885
198195148 214 1693 9891
198779113 216 1302 9920
199247025 216 1279 9944
199288325 201 1371 9946
199577687 205 1314 9961
199888371 209 925 9977
200126609 205 1124 9989
200843595 203 780 10025
201412230 213 824 10054
201837185 209 1939 10074
201968675 205 1488 10081
202939730 215 1707 10130
203002638 200 937 10133
203048410 200 1926 10135
203206327 214 131 10143
203588159 210 263 10163
204068342 217 1205 10187
204224537 201 113 10195
204281010 210 1013 10198
204816012 206 190 10225
205463612 206 216 10257
205664181 205 951 10267
205752679 203 1623 10271
206000994 218 939 10284
206260010 206 125 10297
206337353 207 1618 10301
206402636 202 1827 10304
206652072 200 38 10316
207014610 214 199 10334
207303656 211 1711 10348
207615937 204 1052 10363
207936195 202 465 10379
208023436 218 544 10383
208828764 214 1276 10423
209033965 211 1505 10433
209199898 219 168 10441
209239997 211 1730 10443
209501630 205 454 10457
209583372 215 726 10461
209839111 204 825 10475
209871953 200 365 10477
210046819 205 1809 10486
210349943 204 926 10501
210873724 205 460 10527
211011383 218 441 10534
211046711 206 701 10536
211093581 200 1202 10538
211717936 205 803 10569
211900640 219 762 10578
212149638 210 1242 10590
212712218 202 427 10618
213375126 203 48 10651
213565151 206 8 10661
213699875 211 891 10668
213735348 215 266 10670
213853834 212 639 10676
213988249 214 1138 10683
214695161 214 375 10720
215213508 203 848 10745
215341150 214 1930 10752
215591033 203 1937 10764
215756378 202 1449 10772
216377337 214 1120 10803
216644955 206 1981 10816
216757018 213 1989 10821
216814367 200 640 10824
217012468 204 1390 10834
217150665 208 354 10841
217314010 201 139 10849
217442526 200 1603 10855
217735899 212 651 10870
218115910 209 166 10890
218159110 215 880 10892
218497936 202 8 10909
218714283 210 1194 10920
218915729 219 1326 10930
219448832 206 92 10957
219583990 200 875 10964
219873786 203 860 10980
220303866 213 1761 11001
220543628 218 941 11013
220563195 212 1865 11014
220730471 214 1371 11023
220830415 210 1029 11028
221234083 202 1038 11048
222797049 219 1892 11125
222814021 209 755 11126
223084154 206 40 11138
223327627 219 66 11150
223680624 217 745 11167
223700924 219 1 11168
223930301 202 695 11179
224288224 201 1442 11197
224382575 214 1637 11202
224418474 207 1752 11204
224601458 204 587 11213
225328663 216 1201 11248
226322253 210 815 11295
226458630 215 34 11302
227320782 215 1634 11346
227723080 207 775 11366
227895562 213 663 11375
228594521 214 42 11411
229397458 205 1128 11451
229501814 216 1967 11456
229536452 212 714 11458
229690523 203 542 11466
230411535 204 743 11503
230809658 202 1888 11524
230969726 208 718 11532
231073955 215 1919 11537
231322638 204 926 11549
231785836 201 1037 11572
232010146 210 1095 11583
232077921 202 1432 11586
232136923 215 1327 11589
232382137 200 1578 11602
233897726 213 1499 11678
234083743 217 485 11687
234253679 202 1170 11696
234405569 205 1583 11704
234712350 211 98 11719
235319300 200 431 11748
235846091 218 1338 11775
236046791 201 339 11786
236434931 200 1644 11804
236646039 218 1561 11814
236797204 214 1941 11822
237122098 201 1886 11838
237142585 212 537 11839
237394478 203 1131 11852
237447816 213 617 11855
237504754 202 795 11858
238009294 208 1617 11883
238136147 217 1596 11889
238707039 200 765 11917
239236937 209 623 11944
239593938 205 92 11962
239751817 215 342 11970
240179509 216 1782 11992
240234035 218 791 11995
240338101 210 490 12000
240818361 208 1901 12024
241028436 207 69 12035
241862846 215 1607 12077
242163425 209 926 12092
243086086 214 344 12138
243578469 217 1555 12162
244068052 215 1213 12187
244328649 202 1875 12200
244428361 204 142 12205
244804407 202 412 12225
245743959 203 784 12271
246207577 214 1360 12294
246368295 218 92 12302
246579342 218 1094 12313
246657229 211 525 12317
246949382 214 231 12331
247443307 211 1843 12356
247536081 218 973 12361
247810619 219 572 12375
247830928 213 71 12376
248329775 207 965 12400
249055954 202 277 12435
249506123 213 974 12458
249549960 215 1215 12460
250094676 206 182 12488
250155988 206 1710 12491
250262903 217 126 12496
250348982 205 1979 12500
250470179 215 591 12506
250575313 205 1671 12511
250596350 219 1275 12512
250713614 201 812 12518
251592433 217 1161 12560
251817912 211 1556 12572
251861036 201 1469 12574
251915624 218 521 12577
252613849 210 268 12613
252982049 216 734 12631
253116802 212 1745 12638
253233217 202 237 12644
253641504 218 855 12665
253876863 215 1696 12676
254151124 215 1141 12691
254227462 217 1701 12695
255238783 219 230 12746
255297966 218 1681 12749
255724618 212 947 12771
255803299 208 957 12775
256101422 208 1471 12790
256463829 202 1728 12808
256522601 206 319 12811
256888140 214 1222 12829
257105452 215 1387 12840
257148002 202 1047 12842
257365333 214 385 12853
257832795 216 1233 12876
258359309 208 1994 12903
259395861 211 1906 12956
259550307 201 1910 12963
259614538 202 658 12966
260085857 218 683 12990
260138221 205 781 12993
260313920 211 1073 13002
260839232 216 728 13028
261020027 204 1202 13037
261282734 208 1486 13050
261879095 218 1628 13079
262109288 210 780 13090
262430878 219 602 13106
263058463 201 356 13137
263526504 210 1678 13160
263590712 209 307 13163
263648377 206 168 13166
263793371 215 847 13173
263946996 219 1921 13181
264025903 213 387 13185
265663403 207 118 13268
265939743 209 1693 13282
266114896 209 720 13291
266479080 214 1473 13309
266615408 207 1879 13316
266669804 212 1971 13319
266920121 209 446 13331
267234167 201 802 13347
267256558 202 98 13348
267534773 200 1585 13362
267715768 206 384 13371
267737909 208 866 13372
267803705 214 170 13375
268079645 214 1245 13388
268293512 208 1686 13399
268882026 205 1899 13428
268924877 202 114 13430
269101111 208 558 13439
269418022 217 689 13455
269484452 217 326 13458
269562508 205 1700 13462
269952597 201 1208 13483
270166025 204 529 13494
270307652 213 1593 13502
270495781 219 1183 13511
270948837 219 1813 13534
271005857 209 741 13537
271161725 211 772 13545
271453471 213 948 13561
271594525 216 1337 13568
272000737 207 1567 13588
272107587 211 1019 13594
272874670 206 664 13632
273336225 219 1448 13655
273398502 200 428 13658
273456501 202 1547 13661
273497744 207 1435 13663
273637975 205 1715 13669
274605259 214 790 13717
274651057 201 957 13719
275027074 208 1949 13738
275243211 202 63 13749
275267293 215 1984 13750
275482578 216 1832 13761
275579774 209 1686 13766
275791716 213 195 13777
276149099 214 1405 13795
276172497 204 1355 13796
276234580 208 379 13799
276289478 208 1003 13802
276314301 219 1343 13803
276358055 205 479 13805
276482191 208 1237 13811
276548458 211 1103 13814
276589548 210 367 13816
276634835 205 273 13818
276761173 207 710 13825
277123818 209 957 13843
277262703 208 1880 13850
277775192 219 470 13876
277987007 211 931 13887
278220201 218 741 13898
278653049 200 1847 13920
278844298 216 1345 13930
279013758 219 1778 13938
279067638 208 1156 13941
279614874 211 435 13968
279962733 206 1147 13985
280051806 204 1909 13990
280551592 214 235 14015
280810381 210 503 14028
280885974 214 1276 14032
280920156 201 297 14034
280961061 212 940 14036
280993235 213 1035 14038
281083052 217 1854 14043
281214588 215 288 14050
281322590 216 1389 14055
281630225 204 1207 14071
281652574 211 776 14072
281744757 206 1951 14077
281882020 205 144 14084
282890602 211 1255 14133
283112865 202 1685 14144
283390457 212 115 14158
283593906 207 1117 14168
283636573 210 1161 14170
283967819 205 1573 14187
286028817 206 865 14289
286121849 202 1118 14294
286536940 215 209 14314
286659212 217 1719 14320
286677203 201 955 14321
287174503 213 88 14346
287524704 203 203 14363
288148393 219 650 14394
288479277 217 988 14409
288749865 215 461 14422
288853772 219 1441 14427
289665632 214 646 14467
290627569 219 1619 14516
290728048 202 1727 14521
291093065 202 1014 14540
291160916 206 1251 14543
291213275 204 860 14546
291741420 215 1044 14573
291942460 207 1283 14583
292123302 218 1774 14591
292222066 218 140 14596
292284134 211 513 14599
292434224 201 1191 14607
292501352 205 1914 14610
292869423 219 41 14628
293927306 219 1251 14679
294125542 218 12 14689
294638076 214 1666 14714
294767835 209 670 14721
294924413 208 229 14729
294980481 204 350 14732
295043569 207 1622 14735
295186833 201 1563 14742
295301034 200 1597 14748
295991766 216 103 14783
296088533 200 1450 14788
296339953 211 593 14800
296528700 206 1386 14810
296588928 205 1884 14813
296853647 204 485 14826
296963522 210 1210 14832
297326977 203 1596 14851
297344031 201 1066 14852
298022942 215 1341 14885
298281061 205 1580 14898
298701711 202 436 14919
298956628 214 861 14932
298993407 212 269 14934
299109646 200 497 14940
299932446 210 121 14981
300171185 204 1411 14993
300211527 200 1626 14995
300408465 202 1587 15005
300494310 208 876 15010
300533450 218 1752 15012
300565510 219 1557 15014
301321900 217 142 15051
301663721 201 829 15068
302304757 207 167 15100
302341177 216 1394 15102
302882445 205 1583 15129
303182266 205 1322 15143
303220878 211 246 15145
303477586 203 1270 15158
303697902 208 417 15169
304492863 212 1588 15208
304647135 209 1243 15216
304868701 200 481 15227
305254158 209 1777 15246
306116125 213 920 15291
307695382 206 1551 15369
307920020 219 722 15380
308075035 201 242 15388
308234945 200 1198 15397
308386520 203 559 15405
308465676 205 1001 15409
308803406 216 1196 15427
308877810 218 1612 15431
308930485 214 1907 15434
309067297 213 932 15441
309183732 215 1980 15447
309541833 202 1362 15465
309598628 218 119 15468
309710407 200 1055 15474
310174704 200 476 15496
310369779 212 917 15506
310413298 210 1250 15508
310949395 201 1282 15535
311015853 206 1326 15539
311309033 203 364 15554
311329657 203 1398 15555
311779191 202 194 15577
311800405 205 360 15578
311821194 219 1987 15579
312161767 202 828 15597
312182615 200 70 15598
312701248 203 857 15623
312766092 216 682 15626
312785663 201 32 15627
312993172 210 1582 15638
313529707 203 1636 15665
313794674 202 1436 15678
313885038 202 1827 15682
313904074 212 630 15683
314136612 212 588 15694
314591217 217 476 15717
314771372 203 346 15726
315182177 218 1541 15747
315844521 209 1604 15781
315865920 205 638 15782
315940335 213 1077 15786
316250925 213 1633 15801
316285505 214 1825 15803
316542275 208 208 15815
317154038 206 1312 15846
317173739 203 1922 15847
317800372 202 619 15879
318776398 212 1089 15928
318800186 203 1432 15929
319207517 205 723 15949
319681231 206 1934 15973
319788150 205 1256 15979
319973305 205 625 15988
320011839 215 445 15990
320317254 200 788 16006
320438292 211 1997 16012
320898647 215 470 16036
320971452 210 904 16040
321087672 213 1658 16046
321203634 214 698 16052
321485785 201 560 16066
321800543 216 1019 16082
322328224 211 1250 16109
322351810 218 100 16110
322453292 201 210 16115
322733349 209 1473 16129
322813485 212 273 16133
323145660 202 266 16150
323281809 217 1551 16157
323305165 217 1522 16158
323390012 216 1303 16162
323810755 202 997 16184
323896524 213 236 16189
323915384 209 882 16190
324227509 214 896 16205
324264993 210 1554 16207
324474137 208 1490 16217
324652862 212 1358 16226
324897635 206 209 16238
324953431 219 42 16241
325150176 205 179 16251
325217460 211 189 16254
325360417 217 1756 16261
325517716 213 360 16269
326222947 201 1242 16304
326864797 205 492 16337
327185010 205 749 16353
327205204 214 487 16354
327481484 206 745 16368
328136734 208 1514 16402
328792013 215 1698 16435
329353965 212 523 16462
329410946 208 1455 16465
329805456 214 1775 16485
330457157 211 1821 16519
330635091 214 1053 16528
330800351 204 1083 16536
331609458 201 95 16576
331771318 200 1324 16584
332414956 202 182 16616
332497544 217 1448 16620
332513978 211 1402 16621
332830995 207 1455 16636
332869422 201 1423 16638
333135988 209 1711 16651
333158158 206 1844 16652
333174891 216 1852 16653
333378140 209 871 16664
333494285 208 675 16670
333964755 201 1439 16694
334183036 203 1814 16705
335143577 205 1907 16752
336098924 218 1400 16801
336495903 205 1916 16822
336673385 212 59 16831
337053100 208 1288 16850
337376210 203 1793 16867
337398270 205 1102 16868
337713057 211 482 16884
337749588 204 1895 16886
338550759 216 1512 16926
338856925 206 1457 16941
338961832 215 477 16946
339820940 219 762 16989
339939249 205 1454 16995
340677599 216 1435 17033
340869945 209 1923 17043
340996168 201 289 17049
341859754 214 1010 17092
342041621 214 14 17101
342940549 212 1217 17147
343360330 202 1408 17168
343440586 201 877 17172
343523232 214 1639 17176
343615956 218 1674 17181
343825964 206 1054 17191
344179620 202 1058 17209
344480631 207 451 17224
344620418 219 1534 17231
344697020 202 1384 17235
345185076 215 420 17259
345281674 212 1866 17264
345633156 201 1959 17281
346100092 208 371 17305
346125092 216 1943 17306
346219023 204 812 17311
346288165 218 1289 17314
346796754 219 1967 17339
346949879 200 1937 17347
347276605 205 1679 17364
347352400 202 575 17368
347501167 207 704 17375
347759814 213 1454 17388
347886876 207 1918 17394
348162668 214 1060 17409
348631874 215 1975 17431
348651753 205 842 17432
348709216 214 593 17435
349030290 216 1759 17452
349116013 203 1047 17456
349373605 210 59 17469
349485222 204 1378 17475
349541374 202 845 17478
349699808 215 1270 17486
349904331 209 1386 17496
351854932 205 1516 17596
352063341 217 1570 17606
352859531 209 1431 17645
352923951 208 207 17648
353015628 218 1213 17652
353054645 203 1620 17654
353436692 216 722 17673
353650300 210 969 17684
354157140 202 238 17710
354359553 218 1925 17720
354427784 204 534 17723
355474975 216 667 17774
355738159 218 1006 17787
356122976 210 1740 17806
356218279 203 141 17811
356477664 210 1153 17824
356546612 211 1074 17827
356652819 212 761 17832
357023352 203 73 17851
357700592 208 2 17885
358013007 200 249 17900
358070066 213 44 17903
358629291 211 1694 17932
358715943 208 1508 17937
359046553 208 603 17954
359132927 210 249 17959
359506663 208 1769 17978
361158641 208 1185 18060
361319677 203 1650 18068
361455668 210 1306 18075
361593318 214 779 18082
361715522 210 376 18088
362329645 216 1014 18118
362446856 203 33 18124
362744615 202 1391 18139
363208180 210 1991 18162
363471898 200 1791 18175
363633104 215 1403 18183
364236099 201 499 18213
364453182 212 458 18224
364570144 208 1005 18230
364738711 203 82 18238
364755514 219 1687 18239
365138862 202 282 18257
365436707 215 704 18272
365484847 203 816 18274
366703825 205 1369 18336
366839871 212 449 18342
367075212 210 1737 18353
367301618 207 1541 18364
367320934 212 1831 18365
367979620 211 1031 18399
368433049 216 1946 18422
368769659 208 1285 18438
369251737 203 1076 18462
369589715 209 568 18479
369608001 219 653 18480
371062924 217 446 18553
371226928 213 266 18561
371245607 210 1768 18562
371325815 200 516 18566
371429922 211 1310 18571
371871947 214 563 18593
371929722 201 1049 18596
372165127 215 1919 18608
372186393 204 1718 18609
372570124 201 1351 18629
372775850 219 228 18639
372930585 203 680 18647
373107494 207 1819 18655
373485161 207 213 18674
373557678 207 1680 18678
374044524 217 384 18702
374184228 212 1287 18709
374281593 219 822 18714
374361245 215 966 18718
374403969 213 1847 18720
374539355 216 1323 18727
374646124 211 694 18732
374847620 201 1816 18742
375105536 213 1583 18755
375165476 211 1295 18758
375224077 201 1735 18761
375404124 202 263 18770
375676165 209 1412 18784
375968655 207 1435 18799
376175690 211 1469 18809
376295538 212 1961 18815
376372584 218 900 18819
376662115 201 1742 18834
377101114 211 0 18855
377366630 202 1699 18868
377591693 206 1786 18879
377671190 207 1697 18883
377686670 206 1936 18884
377834270 204 1553 18892
377849847 217 1380 18893
378077845 210 959 18904
378120527 201 1305 18906
378604406 206 1093 18931
378625890 207 554 18932
379321991 207 401 18967
379517072 213 269 18977
379775256 216 184 18990
379899981 214 1239 18996
379920776 205 1860 18997
379942030 209 1997 18998
380556514 200 129 19030
380601746 209 1194 19033
380745808 213 176 19040
380770182 211 1549 19041
381014764 203 1714 19053
381429808 218 35 19074
382420917 208 1553 19124
382947842 206 443 19151
382966383 211 327 19152
383029698 209 247 19155
383657612 216 541 19188
383713391 203 1367 19191
383939988 210 890 19202
384255723 200 502 19217
384321472 201 424 19220
384627630 216 1334 19236
385020500 204 217 19256
385360363 201 133 19273
385734030 206 1208 19291
386163427 213 677 19313
387469755 218 1710 19379
388854733 209 622 19448
388904227 214 1227 19450
389394940 200 689 19475
389830005 217 1814 19497
390239619 213 532 19517
390414790 203 1166 19526
390703192 219 17 19539
390919589 211 1618 19550
391022785 200 1328 19555
391084583 219 93 19558
391536398 213 1544 19581
392135571 202 604 19612
392299638 217 1009 19620
392482210 208 371 19629
392684902 202 519 19639
392874544 219 38 19649
392995322 212 188 19655
393414690 216 916 19675
393755872 215 1159 19692
393789851 202 1807 19694
394378374 201 1526 19723
394882712 214 1995 19747
394982838 216 1825 19752
395575706 219 618 19781
396221756 206 1559 19812
396280370 207 1895 19815
396335741 211 876 19818
396906054 204 383 19846
397252695 216 876 19863
397837322 205 985 19891
397996969 205 1705 19899
398019817 205 99 19900
398209502 206 1973 19909
398586264 219 1095 19928
399273520 217 937 19963
399771093 212 151 19987
