2206954 134 176 53
2656973 139 393 63
2935469 134 984 70
3546837 137 604 85
3669425 125 160 88
4368264 124 290 105
7880240 135 971 191
9303442 126 112 227
10044322 128 343 245
11454748 123 828 280
11983480 126 143 293
12146208 126 444 297
12994994 135 804 319
13067779 130 4 321
14096061 128 549 347
15350337 129 313 379
16516986 127 467 408
16758776 133 965 414
16930467 120 873 418
17649412 130 300 436
18483632 123 753 458
19250199 135 298 478
19370042 131 278 481
19899951 122 27 494
20092432 127 694 499
20661229 127 356 514
21046979 128 852 523
22833196 121 558 567
23106477 133 426 574
24686935 128 268 613
24720465 133 457 614
24877717 129 135 618
25581448 123 589 636
25614283 120 663 637
25946979 133 549 645
26922557 133 977 670
27405045 129 911 682
28358625 125 730 706
28470317 128 615 709
29688804 126 520 739
31765094 126 144 792
32012059 130 307 798
32123191 120 375 801
32675469 130 44 815
33080248 125 572 826
33497230 121 974 837
34139304 139 232 853
34692476 132 239 867
37458348 123 575 936
37633565 125 756 940
38402488 136 793 959
39030595 125 622 974
39271176 120 786 980
42169610 137 45 1053
42320262 136 346 1057
42476234 121 511 1061
44282252 121 290 1107
45579575 138 339 1139
46097022 125 46 1152
46338447 130 482 1158
46475147 135 672 1161
46848810 125 445 1170
47018739 125 783 1174
47267644 126 641 1180
48113565 136 86 1200
48433873 137 765 1208
48712264 126 542 1215
49024475 120 111 1223
49150545 138 507 1226
49284615 131 763 1229
49822587 125 784 1242
50416542 138 772 1257
52360564 130 790 1305
52557764 131 162 1310
52978369 121 854 1320
53116224 130 245 1323
53154667 139 407 1324
53421807 126 214 1331
53751936 124 389 1340
54142970 131 285 1350
55365653 131 306 1381
55698190 136 886 1390
56279608 133 590 1405
56477797 127 698 1410
57543972 123 149 1437
57744848 135 386 1442
59565472 128 59 1487
59980362 129 244 1497
60026218 132 121 1498
61744020 120 675 1541
61781245 137 895 1542
61998132 139 201 1547
62065865 128 364 1549
62186981 138 410 1552
62675110 124 929 1565
63000061 124 966 1573
63239728 122 626 1579
63408833 127 903 1583
63453054 128 629 1584
63582825 120 915 1587
63729994 134 617 1591
64082664 129 956 1600
64770165 131 375 1618
65548126 136 19 1638
65677663 135 647 1641
66380625 129 110 1659
67678762 122 291 1692
67721386 128 218 1693
67818405 138 375 1695
68719924 138 263 1718
69601816 133 669 1740
69726256 130 307 1743
70948050 133 687 1773
71434271 130 257 1785
71900983 136 375 1796
72953582 125 858 1823
73443778 132 741 1836
73540697 127 402 1838
73621061 128 857 1840
73942448 132 513 1848
74089682 135 417 1852
77467324 135 321 1939
78821601 124 995 1974
79159541 126 701 1982
79279511 136 500 1985
81307608 126 238 2037
81383268 128 659 2039
81474152 131 111 2041
82563804 130 237 2069
83728563 131 315 2099
84595162 127 788 2120
84776238 132 283 2124
85362742 128 293 2138
85933554 130 338 2152
86379702 138 87 2163
86579556 120 215 2168
86791909 135 970 2174
87202669 121 282 2185
87252669 138 747 2186
87387383 130 965 2189
87604060 137 388 2194
87914338 130 583 2202
88776660 137 778 2223
88815644 127 595 2224
89129573 138 711 2232
89239801 131 366 2235
90013241 129 294 2255
90365032 138 704 2264
90582093 138 526 2269
92755045 123 375 2324
93705168 126 98 2348
95186305 137 657 2385
95222167 136 109 2386
95352863 127 760 2389
95614165 123 387 2396
95816376 131 202 2401
95855601 123 840 2402
97528200 128 309 2443
97723197 139 738 2448
98804308 130 96 2475
100964139 135 519 2530
101124704 120 637 2534
101159994 121 388 2535
101715197 136 859 2549
101933094 122 482 2554
102088568 127 887 2558
102337732 128 98 2564
103455088 127 630 2592
103670919 131 151 2597
103710273 138 223 2598
105890847 139 610 2652
106447337 129 796 2666
106694218 139 12 2672
107281891 120 920 2686
107544335 122 163 2693
107915429 129 859 2702
108228501 135 289 2709
108829877 126 810 2724
108912182 124 865 2726
109199909 121 638 2733
109284142 120 3 2735
109578093 139 903 2742
109836329 129 168 2749
110279870 120 511 2760
110456069 133 16 2764
111056089 124 393 2778
111105521 138 619 2779
111139913 135 220 2780
111455402 127 852 2788
113459464 125 431 2837
113793135 133 511 2845
113915644 124 836 2848
115160289 131 764 2879
115639723 133 271 2891
117452245 120 907 2937
117491730 134 80 2938
117720415 127 331 2944
117852498 135 915 2947
118836743 134 539 2971
118945701 121 574 2974
119661697 132 270 2992
119848638 129 276 2997
119970150 123 910 3000
119982920 125 719 3001
120046824 126 626 3007
120150518 122 185 3019
120689241 121 52 3075
120782696 133 487 3084
120994027 137 7 3106
121061985 120 95 3113
121119173 136 862 3118
121264648 138 941 3132
121368205 127 238 3143
121376387 123 580 3144
121546767 131 880 3160
121616074 129 493 3167
121844107 123 897 3191
121868764 134 128 3194
122392683 133 577 3246
122502101 128 390 3257
122604857 139 5 3267
122654377 125 132 3272
122726002 138 768 3280
122785894 126 771 3286
123219741 137 658 3328
123365967 122 439 3342
123738257 121 296 3380
123778014 132 97 3384
123882526 138 812 3394
123928838 124 148 3398
124015029 132 780 3407
124082509 139 19 3413
124240371 137 392 3428
124610230 124 7 3466
124716670 121 299 3477
125009834 120 963 3506
125066702 126 160 3511
125076018 133 829 3512
125159496 125 46 3521
125229074 138 430 3528
125575082 138 73 3562
126043295 128 767 3607
126229531 137 141 3625
126628707 137 132 3666
126715272 128 730 3675
126767507 121 178 3681
126838337 132 712 3689
127028052 131 51 3709
127369762 120 211 3744
127408940 129 205 3748
127692600 121 104 3774
127774843 121 893 3783
127911742 127 679 3796
128157257 130 730 3820
128292885 132 188 3833
128302785 120 741 3834
128694114 128 882 3873
128734243 131 918 3877
128915363 136 519 3896
128990643 136 883 3903
129242509 139 98 3928
129306955 125 730 3934
129450723 130 702 3949
129493203 135 973 3953
129600759 122 594 3964
129621540 135 921 3966
129634540 122 708 3967
129837210 136 788 3986
129932487 138 320 3996
130067520 125 562 4010
130117973 128 465 4015
130430035 134 576 4047
130450717 127 604 4049
130578138 132 963 4062
130728517 139 486 4077
131010501 128 9 4105
131017502 135 280 4106
131164473 139 190 4120
131253751 124 202 4129
131286260 135 720 4132
132144963 137 309 4219
132256566 128 647 4231
132264993 135 378 4232
132320276 120 204 4237
132446584 135 260 4250
132801353 125 837 4287
133249676 125 921 4334
133320542 122 423 4341
133370758 121 765 4346
133380999 121 6 4347
133419948 133 180 4351
133615737 134 437 4370
133648219 138 78 4373
133901048 123 466 4398
134009818 130 855 4409
134297462 127 924 4439
134393500 135 50 4449
134481458 139 465 4458
134664077 124 58 4476
134696984 127 919 4479
134774572 138 419 4487
134786168 130 466 4488
135316256 126 642 4539
135689400 126 74 4577
135907804 122 860 4598
136061612 125 527 4614
136152791 122 856 4622
136257555 137 110 4632
136288936 132 672 4635
136443276 132 577 4649
136531341 137 153 4659
136544341 134 721 4660
136555473 135 235 4661
136572427 132 714 4663
136725978 136 101 4679
136767228 133 543 4683
136773890 122 884 4684
136824944 137 212 4689
136989651 125 734 4706
137074296 133 667 4716
137162001 135 315 4725
137190525 134 369 4728
137422694 126 641 4751
137551546 126 275 4764
137722507 129 31 4784
137887261 121 11 4801
138036352 133 542 4817
138043915 136 727 4818
138081428 124 689 4822
138108808 128 759 4825
138118952 131 547 4826
138181306 124 806 4832
138323410 129 122 4847
138478947 132 419 4862
138578426 128 743 4871
138618479 133 697 4875
138708387 135 136 4884
138781593 121 494 4892
138875005 127 354 4902
139066082 135 830 4920
139108764 134 10 4924
139266282 125 298 4940
139327029 126 47 4946
139447749 133 586 4958
139563317 127 860 4970
139584643 138 65 4973
139912684 136 960 5006
139932556 121 455 5008
140031413 132 200 5018
140196925 120 324 5034
140248752 131 577 5039
140319072 121 818 5046
140326554 121 751 5047
140403311 129 113 5055
140667298 136 526 5081
140704265 135 441 5084
141129366 136 56 5129
141173534 126 197 5133
141208741 136 591 5136
141389169 127 650 5154
141429732 125 974 5158
141734513 137 264 5187
141755830 120 707 5189
141866394 121 127 5200
141907541 124 864 5204
142028878 129 943 5217
142039943 134 770 5218
142204988 136 385 5234
142315705 135 233 5245
142884060 121 925 5305
142895181 128 316 5306
142903643 128 58 5307
143010456 122 998 5317
143144390 126 279 5331
143644018 124 241 5382
143774412 129 179 5395
144303288 120 453 5446
144382416 138 221 5454
144491670 125 603 5466
144602456 139 899 5478
144736218 134 138 5492
145239450 134 762 5544
145692778 133 123 5590
146022627 127 115 5623
146356628 124 841 5658
146446103 129 781 5667
146456219 130 384 5668
146479079 134 364 5671
146519926 133 594 5675
146761802 129 736 5700
146822897 132 55 5706
146865201 131 906 5710
147072154 136 759 5730
147207512 130 954 5745
147264311 131 675 5751
147389640 129 866 5764
147661725 133 985 5791
147680484 129 906 5793
147935188 130 490 5818
147981059 133 344 5822
148199925 121 43 5843
148231003 131 741 5847
148475373 127 348 5872
148512176 120 865 5876
148738988 128 990 5897
148782921 133 286 5902
148791472 134 336 5903
148850999 123 316 5909
148958931 135 584 5920
149041114 134 529 5928
149219587 129 0 5945
150112561 134 951 6033
150140137 122 817 6036
150186171 124 63 6040
150215176 132 289 6043
150237698 125 109 6045
150568430 129 382 6078
150689220 137 910 6091
150876404 122 692 6110
150937724 121 256 6116
151004644 132 825 6124
151129291 139 83 6136
151276979 139 236 6151
151456522 126 791 6169
151629568 137 684 6187
151659628 132 341 6190
151695302 128 575 6194
151770204 131 484 6201
151779852 121 409 6202
151926777 136 748 6216
151935281 138 821 6217
152072644 128 733 6230
152254287 125 764 6247
152513263 131 759 6275
152977692 125 71 6324
153041382 139 297 6330
153165065 127 505 6342
153291948 128 327 6355
153387424 133 733 6364
153749666 126 655 6400
153773148 130 148 6403
153850984 125 595 6411
153879429 134 647 6414
154209361 134 709 6448
154280234 120 31 6455
154293353 136 430 6457
154411070 124 331 6468
154449536 134 899 6472
154497781 123 992 6477
154510781 123 300 6478
154566035 128 232 6484
154719553 132 800 6500
154729206 127 206 6501
154897627 133 188 6518
155002866 139 263 6530
155269646 128 674 6555
155501684 126 657 6578
155579782 121 411 6586
155707143 135 743 6598
155767776 130 812 6604
155849363 129 501 6611
156046116 137 772 6631
156109095 129 918 6637
156130657 139 19 6639
156207115 123 576 6646
156237503 122 665 6649
156245898 131 521 6650
156565661 135 742 6682
156872900 137 766 6712
156988372 131 1 6724
157223757 130 320 6748
157532741 139 934 6779
157631319 130 178 6788
157718219 120 895 6798
158037380 129 471 6830
158122069 133 386 6838
158200610 132 882 6846
158419012 122 741 6869
158467314 128 386 6874
158859257 137 799 6915
158947046 138 703 6925
159206225 127 740 6951
159709059 124 38 7000
159738059 135 345 7003
160082031 121 730 7037
160484453 139 760 7080
160747960 133 793 7107
160798530 132 171 7112
161249106 133 416 7156
161382187 130 798 7169
161739621 136 248 7206
161779048 130 740 7210
162003614 124 86 7232
162039156 127 695 7235
162122309 131 903 7243
162135309 129 288 7244
162169329 124 446 7247
162296085 134 962 7260
162493004 121 369 7281
162602623 121 122 7292
162708153 124 821 7303
162789556 138 16 7312
162811518 121 629 7314
162988015 135 540 7332
163206803 123 247 7353
163283566 126 307 7360
163450157 123 852 7377
163493382 120 875 7382
163783654 133 113 7412
163798893 120 905 7414
163828941 128 886 7417
163861115 130 648 7420
164038363 121 196 7438
164075322 132 13 7442
164328293 123 905 7465
164358362 136 580 7468
164515046 130 457 7485
164803409 138 657 7513
164820473 121 836 7515
164986449 139 571 7532
165125941 128 584 7546
165325401 130 830 7566
165450988 139 799 7579
166158258 138 39 7649
166489253 134 876 7681
167066491 131 894 7739
167256188 139 259 7758
167349163 122 246 7767
167456811 122 968 7778
167631229 138 371 7795
167683162 138 77 7800
167716799 132 429 7803
167727852 136 617 7804
167822616 125 397 7812
168319487 122 696 7862
168419596 135 537 7872
168455118 123 492 7876
168477343 129 345 7878
168518922 127 430 7882
168630118 125 697 7892
168751401 120 504 7904
168771030 131 163 7906
168961639 129 746 7926
168995289 128 338 7929
169102294 120 540 7939
169389021 129 268 7968
169459893 122 610 7975
169782732 129 482 8008
169850257 137 590 8015
170066754 122 720 8037
170088544 128 410 8039
170538798 136 204 8084
170624788 120 192 8092
170668861 120 208 8097
170752566 136 387 8106
170850221 136 180 8115
171213929 130 632 8151
171387634 126 272 8167
171398885 138 642 8168
171725024 131 171 8201
171908863 125 399 8218
171979444 136 601 8225
172094636 126 842 8237
172426532 124 547 8270
172696348 138 642 8297
172787119 137 952 8306
172815909 120 727 8309
173113589 123 492 8339
173257883 136 23 8354
173323561 125 245 8360
173681533 137 619 8396
173907467 121 627 8417
173982710 120 254 8424
174027624 134 539 8428
174050844 131 566 8430
174205048 121 685 8447
174304966 138 14 8457
174513850 131 79 8478
174717557 120 96 8498
174766125 131 752 8503
174868066 124 330 8513
175324947 139 485 8557
175333545 131 27 8558
175402788 121 751 8565
175611864 130 172 8585
175689115 120 694 8593
176010884 136 359 8626
176099414 122 729 8634
176161906 134 305 8640
176339057 125 594 8658
176416142 132 302 8666
176572598 125 883 8682
176627272 135 838 8688
176634253 139 466 8689
176677938 126 296 8694
176705444 135 155 8697
176738056 125 659 8701
176880744 120 699 8716
176893424 137 92 8717
176921519 128 107 8720
176996780 136 62 8727
177052955 127 11 8733
177170873 122 113 8745
177406440 137 710 8768
177732834 123 889 8801
177817714 130 384 8809
177991039 133 844 8826
178121078 133 186 8839
178228618 130 443 8850
178536109 136 993 8882
178570049 124 645 8886
178775642 139 719 8905
178940718 130 66 8921
179123586 134 237 8940
179229651 133 789 8950
179302536 137 656 8957
179370069 137 516 8964
179542456 125 721 8982
179615422 122 586 8989
179993505 123 971 9026
180054577 138 642 9032
180310807 129 198 9059
180368774 126 569 9065
180461815 128 33 9075
180526271 136 534 9082
180669466 124 371 9096
180910199 124 2 9122
181007771 137 252 9132
181163809 134 598 9147
181252273 122 346 9157
181305561 133 440 9163
181381467 136 549 9170
181414606 120 543 9174
181521168 128 142 9184
181623198 126 323 9193
181676516 127 895 9198
181808476 131 949 9210
181852714 129 328 9214
181963391 138 803 9224
182011011 125 134 9229
182238522 129 413 9253
182567526 134 989 9289
182616670 126 15 9294
182716910 134 785 9304
182848455 124 95 9317
182938968 121 366 9326
182948364 121 494 9327
183090098 127 940 9342
183426566 128 824 9378
183614226 127 907 9397
184237930 121 285 9461
184369302 132 767 9474
184480539 133 381 9486
184528027 134 884 9491
184581213 131 626 9496
184741309 127 268 9512
184941840 138 804 9531
185011194 133 796 9539
185069906 125 585 9545
185323849 137 731 9572
185432431 135 294 9584
185441539 134 275 9585
185918583 134 270 9633
185929649 128 322 9634
186182993 139 753 9661
186202828 129 955 9663
186265267 128 562 9669
186493532 123 983 9691
186977994 128 785 9741
186997840 133 919 9743
187027593 126 716 9746
187288248 122 892 9773
187332400 139 427 9777
187350899 124 562 9779
187693110 129 66 9812
187712825 136 341 9814
187864564 126 408 9829
187949015 138 105 9838
187975294 136 695 9841
188146537 132 348 9858
188270788 132 370 9871
188376675 129 517 9882
188735299 136 802 9918
188857534 133 39 9931
188913666 126 728 9936
189021294 128 370 9947
189094484 120 645 9954
189115783 129 401 9956
189175892 127 174 9963
189218559 136 583 9967
189301756 132 125 9976
