623044 260 330 15
1137051 279 323 27
1494988 269 436 36
1544988 277 195 37
1636143 264 428 39
2292442 260 22 55
3269814 268 873 78
3630208 273 955 87
3757518 274 785 90
4247348 279 913 102
4445594 263 430 107
4719486 261 310 114
4976567 266 195 120
5057005 264 157 122
5877567 264 12 143
7591519 271 688 184
8682548 262 530 211
9112748 277 539 222
9259457 273 172 226
11026021 260 371 270
12278296 270 978 301
12463074 275 245 305
13781958 260 669 339
14175433 271 61 349
14530324 272 467 358
16842211 279 493 416
18023072 279 191 446
18185366 278 204 450
19338941 267 204 480
21208043 271 741 527
21248163 265 971 528
21298023 278 294 529
22751429 276 517 565
23612474 279 900 586
23770450 277 717 590
24254529 262 328 602
24408232 262 291 606
24483965 262 112 608
24916132 263 650 619
26029010 267 71 647
26665781 271 863 664
29071392 264 227 724
29297222 274 62 730
29942813 276 320 746
30179417 277 295 752
30284035 266 409 755
30324919 273 159 756
32051343 275 1 799
32856554 278 877 820
32966051 277 667 823
34169304 274 912 854
34902206 266 345 872
35657779 272 191 891
35816815 267 136 895
36307992 275 810 908
37931968 263 639 947
38006884 275 31 949
38087656 277 666 951
38911517 270 560 971
38960200 265 513 972
39469425 260 921 985
39909223 274 727 996
40712412 276 973 1016
42672121 260 403 1066
42720612 263 379 1067
43123721 269 835 1077
43162784 279 213 1078
43865510 271 249 1097
44150065 270 353 1104
45114478 263 511 1128
45657141 277 636 1141
47098056 260 464 1176
47221150 272 813 1179
47472182 276 181 1185
48395925 274 24 1207
48862269 274 607 1219
49468561 263 742 1233
49863223 278 520 1243
50175455 261 72 1251
51727902 277 463 1289
53534318 279 248 1334
53711543 262 187 1339
53913615 275 936 1344
54180974 266 600 1351
54223661 271 771 1352
55555295 271 347 1386
55769665 262 541 1392
55884471 276 518 1395
56643328 279 45 1414
58838814 275 510 1470
59431039 271 308 1484
59780008 275 25 1492
59859145 266 586 1494
60294648 277 57 1505
60339199 279 33 1506
60706593 279 161 1515
61862359 261 549 1544
63195698 275 791 1578
63968940 267 753 1597
64159454 264 403 1602
64956725 268 854 1623
65263201 266 713 1631
65504334 261 948 1637
66607472 279 300 1665
69099990 278 512 1727
70148610 269 771 1753
70267916 272 719 1756
70535343 271 455 1763
70990146 275 72 1774
71770744 274 410 1793
74872561 278 933 1873
75095249 262 387 1878
75125249 271 17 1879
76340662 265 37 1910
76998346 266 656 1927
77540190 263 972 1941
78871091 267 719 1975
79045023 271 368 1979
79317673 276 713 1986
79377673 266 877 1988
79835167 274 384 2000
80923771 262 330 2027
81660378 277 760 2046
81837761 268 654 2050
83182762 267 800 2085
83290689 273 569 2088
83456129 268 877 2092
83578397 270 867 2095
83858634 261 587 2102
83941287 269 641 2104
83973671 272 260 2105
84513396 269 231 2118
84632379 278 344 2121
84852279 269 376 2126
85136896 266 406 2133
85406064 267 138 2139
85725907 275 231 2147
86226099 266 714 2159
86537197 275 835 2167
87649197 268 179 2195
87805002 270 770 2199
88195637 261 262 2209
88225637 272 292 2210
88893067 266 609 2226
89285968 275 963 2236
89492102 271 657 2241
89716536 264 291 2247
91361197 274 531 2289
91393757 264 447 2290
91484063 273 107 2292
91825476 267 257 2301
92037306 266 277 2306
92359049 276 639 2314
92884237 270 395 2327
94478220 273 607 2367
94556087 265 244 2369
94777129 264 699 2375
97757432 267 553 2449
98290828 271 886 2462
98523129 276 73 2468
98993995 277 727 2480
99468314 277 356 2492
100316651 278 388 2514
100484314 264 674 2518
100780948 272 721 2525
101194786 262 33 2536
101596589 262 130 2546
101638848 267 233 2547
102129676 267 262 2559
102851041 264 679 2577
103503939 265 837 2593
104852052 275 396 2626
105652483 274 419 2646
105693080 260 719 2647
106274811 271 941 2661
106774515 265 32 2674
107022580 262 780 2680
110658043 267 757 2769
112209995 278 644 2806
112892635 277 33 2823
113429464 273 675 2836
113496850 266 699 2838
114165800 263 879 2854
114938092 262 220 2873
115834471 266 789 2896
115875767 267 475 2897
116565114 279 228 2914
117183101 267 94 2930
117220836 269 242 2931
118065875 260 700 2952
118161741 262 602 2954
118235202 278 21 2956
119092445 265 41 2978
120129567 278 332 3017
120199946 272 412 3024
120486064 268 70 3054
120581186 273 639 3064
120817132 262 603 3087
121000056 277 438 3107
121172042 260 254 3123
121655952 265 736 3171
121736472 270 857 3179
121791064 269 289 3185
121825738 278 97 3189
121992444 261 279 3206
122113667 278 643 3218
122359771 267 888 3242
122451207 278 211 3252
122459917 274 740 3253
122520877 261 429 3259
122555162 277 386 3262
122591857 265 900 3266
122900571 274 524 3296
123291047 279 273 3335
123451347 262 588 3351
123461111 279 694 3352
123570349 260 150 3363
123832365 274 136 3389
123893165 277 345 3395
123997728 260 418 3405
124005461 260 949 3406
124263224 271 509 3430
124338890 278 139 3438
124465729 279 106 3451
124666052 268 710 3472
124825999 278 459 3488
124839387 279 393 3490
124912490 276 990 3497
125058318 263 815 3510
125250242 261 909 3530
125564295 269 187 3561
126094116 265 399 3612
126115827 276 911 3614
126372817 268 584 3639
126680992 269 4 3671
126866716 270 500 3692
126874990 270 69 3693
126940026 276 970 3700
127332011 265 296 3740
127558905 265 183 3762
127679600 262 535 3773
127839551 274 865 3789
127997437 263 845 3805
128169708 275 558 3821
128191017 278 336 3823
128448031 276 96 3848
128533370 272 392 3857
128542220 260 856 3858
129161290 266 125 3920
129186520 262 520 3922
129359297 274 4 3939
129714891 277 435 3975
129768511 277 423 3980
130396972 278 369 4044
130474658 265 938 4051
130522764 276 435 4056
130543716 264 356 4059
131026078 267 530 4107
131291951 279 508 4133
131461767 270 693 4150
131568140 279 635 4161
131660765 266 33 4171
132038053 262 598 4209
132424024 270 247 4247
132483679 260 678 4254
132607479 275 556 4267
132720178 270 203 4279
132823511 271 969 4289
132866399 262 181 4294
133464874 271 762 4356
133731960 276 273 4381
133788947 279 743 4387
133987304 268 889 4407
134358697 279 420 4445
134560414 269 498 4466
134599385 276 567 4470
134803946 265 92 4490
134856456 266 714 4495
134921305 278 680 4501
134972008 271 268 4506
135156867 275 558 4523
135257618 276 94 4534
135347244 279 542 4542
135365314 268 863 4544
135658470 268 493 4574
135708625 273 211 4579
135714751 269 781 4580
135999114 276 921 4607
136007783 279 151 4608
136098030 263 929 4617
136108842 261 480 4618
136412003 274 642 4646
136477489 270 67 4653
136508443 263 55 4656
136619558 277 362 4668
136658877 266 567 4672
137284802 264 625 4737
137376219 276 665 4746
137680577 279 284 4779
137998512 261 898 4813
138453843 270 267 4859
138535548 265 575 4867
138568098 271 444 4870
138633333 267 922 4877
138644250 270 604 4878
138868869 273 535 4901
138956141 268 399 4910
139095770 261 532 4923
139170161 271 659 4930
139188650 263 127 4932
139867154 262 596 5002
139880154 265 259 5003
140134093 266 357 5028
140284049 267 278 5043
140800763 272 160 5093
141005757 268 721 5115
141221346 261 941 5137
141399385 268 857 5155
141502466 264 742 5164
141634977 265 189 5177
141716433 271 559 5185
141940223 275 118 5207
142322429 262 455 5246
142356064 263 136 5250
142426854 260 545 5258
142456319 261 563 5261
142553908 279 70 5270
142581255 273 551 5273
142669423 268 540 5283
142772364 265 972 5293
142798018 261 770 5296
142808944 261 170 5297
142815461 272 159 5298
143076476 268 96 5324
143191871 261 253 5337
143300562 279 725 5348
143395635 274 122 5357
143474275 279 995 5365
143483044 274 133 5366
143559352 264 187 5374
143623180 279 825 5380
143720279 269 226 5390
143853284 271 591 5403
143961730 265 288 5414
144267771 265 36 5443
144427499 261 987 5459
144584166 279 608 5476
144769363 265 876 5495
144855707 276 648 5504
144936581 273 707 5513
144945323 263 342 5514
145000588 265 69 5519
145122013 269 85 5532
145231168 263 601 5543
145289882 277 587 5549
145491938 276 873 5570
145642195 264 510 5585
145672864 267 572 5588
145778889 262 578 5598
145915232 262 546 5612
145935637 273 886 5614
145974311 278 27 5618
146193240 271 520 5640
146239004 266 330 5645
146343142 265 190 5656
146876365 268 191 5712
146924149 269 605 5717
146954030 273 992 5720
146967030 277 945 5721
147818210 275 948 5806
147888561 270 187 5813
147947815 266 819 5819
148137385 268 56 5837
148614185 279 486 5885
148636242 263 178 5887
148922412 261 148 5916
148931189 263 621 5917
149010271 262 546 5925
149029845 266 555 5927
149051506 265 760 5929
149462364 276 528 5968
149532319 263 68 5975
149754982 275 116 5997
149855570 275 626 6007
149999113 275 2 6022
150246506 272 715 6046
150273192 278 313 6049
150284180 272 231 6050
150313884 273 795 6053
150725239 266 680 6095
150834592 261 580 6106
150927906 265 732 6115
150987432 272 290 6122
151035696 270 448 6127
151204360 271 258 6144
151296734 263 600 6153
151306729 269 48 6154
151576010 268 148 6182
151649869 261 466 6189
151792384 263 437 6203
152223758 266 397 6244
152243299 275 315 6246
152341594 272 123 6256
152424603 277 347 6265
152440264 264 115 6267
152569410 262 448 6281
152611193 263 581 6285
152629100 271 243 6287
152881999 267 757 6314
152931930 271 446 6319
153080547 274 252 6334
153323538 267 394 6358
153367133 271 99 6362
153376559 275 174 6363
153965207 266 46 6423
154179314 263 165 6445
154402334 277 606 6467
154751871 274 220 6504
154792678 262 471 6508
155417017 278 644 6570
155716022 274 772 6599
155932947 261 689 6619
155988965 271 478 6625
155996928 263 50 6626
156035553 276 334 6630
156377621 275 269 6664
156513987 275 253 6677
156704919 261 173 6695
157169017 277 329 6743
157543863 262 373 6780
157672948 278 270 6793
157778441 279 98 6804
157895304 274 391 6816
158209781 270 535 6847
158219347 275 552 6848
158264553 275 253 6852
158346647 269 581 6860
158425941 277 700 6870
159053792 274 173 6936
159127708 262 66 6943
159263949 264 505 6957
159358506 266 909 6966
159418580 278 670 6972
159618559 264 361 6991
159629962 279 543 6992
159642578 262 16 6993
159747901 279 346 7004
159847319 278 632 7014
159953700 263 4 7024
160087991 263 732 7038
160203635 272 489 7050
160265282 278 546 7057
160285082 279 369 7059
160464366 273 899 7078
160638821 275 345 7096
160667485 262 604 7099
160738436 272 679 7106
160826069 274 580 7115
160858053 274 862 7118
161095475 261 130 7142
161126847 278 116 7145
161189764 267 689 7151
161371587 263 264 7168
161409671 261 805 7172
161420282 279 621 7173
161454101 262 850 7177
161637834 270 150 7196
161702354 272 370 7202
161729819 274 433 7205
161746144 261 815 7207
162181526 276 228 7248
162214446 275 389 7251
162222059 271 599 7252
162335389 270 130 7264
162417396 273 166 7273
162564660 268 240 7288
162619798 270 758 7294
162697533 264 528 7302
163049312 275 99 7338
163110447 279 401 7344
163248758 273 594 7357
163596988 263 35 7393
163874115 276 808 7421
163895852 273 254 7423
163945978 279 976 7428
163995560 261 345 7433
164056801 265 363 7440
164155270 271 830 7449
164270454 261 732 7460
164304630 263 384 7463
164477913 278 924 7481
164741921 262 708 7507
164897443 278 260 7523
164937368 260 796 7527
165400488 271 248 7574
165648504 265 728 7599
165807450 263 525 7615
165859692 266 574 7620
165961787 268 443 7630
166020660 278 241 7636
166053362 264 824 7639
167155365 265 113 7748
167225860 268 55 7755
167597022 269 765 7792
167904996 274 770 7820
167914960 270 490 7821
168203796 266 595 7851
168343976 265 597 7864
168672955 266 298 7897
168740785 270 372 7903
168762540 261 623 7905
168829477 275 846 7912
168867460 268 549 7916
169349553 272 354 7964
169399552 272 139 7969
169410257 276 435 7970
169651759 269 487 7994
169670661 272 876 7996
169926157 262 416 8023
169943894 261 475 8025
170010115 260 925 8032
170230682 271 750 8052
170563956 276 50 8086
170584363 261 131 8088
170744993 279 757 8105
170867376 271 423 8117
171079688 278 683 8137
171426310 262 805 8171
171492160 269 248 8177
171553928 279 197 8183
171561175 275 473 8184
171581727 274 281 8186
171791772 277 50 8207
171858310 276 255 8213
171921208 269 204 8219
172046871 279 215 8232
172239242 274 749 8251
172283703 263 521 8255
172348418 265 532 8262
172502091 270 873 8278
172545207 276 82 8282
172736809 266 784 8301
172885748 262 383 8316
173132894 270 452 8341
173335336 264 592 8361
173368760 273 613 8365
173462425 270 695 8374
173515533 261 189 8380
173556615 272 752 8384
173577443 277 805 8386
173640188 260 705 8392
173736858 261 623 8401
173809494 262 40 8408
173885416 260 352 8415
173927827 261 832 8419
173939752 272 404 8420
173991517 273 113 8425
174146766 278 212 8440
174246651 262 326 8451
174266410 261 14 8453
174441867 276 962 8471
174503931 263 893 8477
174710035 263 792 8497
174736935 269 785 8500
175061445 269 264 8532
175137247 262 221 8539
175261874 266 242 8551
175498652 278 812 8574
175518460 278 991 8576
175742212 271 215 8598
176141539 278 907 8638
176370824 263 445 8661
176464474 274 284 8671
176749561 272 517 8702
177387175 268 307 8766
177535584 265 492 8782
177870160 263 382 8814
178171767 263 643 8844
178179457 266 285 8845
178267535 264 157 8854
178303708 267 572 8858
178344801 270 711 8862
178362444 264 442 8864
178373053 279 59 8865
178413069 267 260 8870
178472033 272 938 8876
178855010 266 307 8913
179145346 275 852 8942
179389155 267 419 8966
179627118 262 905 8990
179759823 274 101 9003
179983722 278 26 9025
180141905 272 734 9041
180208518 263 108 9049
180358102 261 904 9064
180417342 270 429 9070
180689335 266 110 9099
180752937 271 256 9105
180768004 276 145 9107
180809771 267 217 9111
180838569 277 914 9114
180879972 274 865 9119
181316945 268 481 9164
181842972 270 642 9213
182016975 266 704 9230
182066519 265 674 9235
182156445 268 315 9245
182172053 264 679 9247
182260571 261 169 9255
182342083 263 913 9264
182427700 270 156 9274
182500839 274 291 9281
182524148 269 74 9284
182830382 263 672 9315
182895049 276 499 9322
182903967 269 536 9323
183043453 276 316 9337
183191158 262 899 9353
183245177 279 265 9358
183286134 264 466 9363
183409141 273 129 9376
183533426 279 918 9389
183822870 277 463 9418
183953459 265 860 9432
184450211 265 60 9483
184516823 262 490 9490
184643700 274 27 9503
184772560 270 880 9515
185002146 264 539 9538
185022537 265 595 9540
185158340 272 347 9555
185170124 263 486 9556
185222105 269 906 9562
185287390 272 173 9568
185366751 264 537 9577
185518627 269 162 9593
185568729 268 243 9599
185963732 264 274 9638
186122203 265 656 9655
186141968 272 958 9657
186333800 268 863 9676
186345887 275 560 9677
186521612 276 777 9694
186696718 262 125 9713
187045753 274 986 9748
187075975 260 842 9751
187301224 276 902 9774
187593115 276 528 9802
187620861 265 673 9805
187894531 264 737 9832
187910436 265 883 9834
187987997 276 308 9842
188183085 261 315 9862
188413133 273 534 9886
188691512 262 393 9913
188847765 268 692 9930
188955918 266 212 9940
189439029 279 961 9990
189455412 263 871 9992
189477607 272 93 9994
