842170 185 591 20
1761448 193 950 42
1935362 190 520 46
2075847 184 326 50
2119801 183 625 51
2340428 190 709 56
6559166 187 385 159
7632180 195 316 185
7914502 180 456 192
8083636 197 209 196
8584377 196 358 209
10084924 186 94 246
10723705 194 258 262
10859450 185 465 266
13672077 186 372 336
14696131 181 369 362
14770096 183 174 364
15064271 194 930 372
15747777 192 858 389
15835091 184 949 391
16023859 194 346 396
16393965 189 531 405
16559008 194 906 409
17136831 184 621 423
18097930 187 796 448
18139626 199 569 449
18752744 193 681 465
19488297 184 282 484
19617194 184 554 487
22545524 192 9 560
23068298 199 194 573
25784516 184 842 641
26703133 192 468 665
27631649 187 194 688
28433637 199 311 708
28513319 192 86 710
30887051 191 325 770
31293573 194 106 780
32265887 194 843 805
32594423 183 211 813
33465755 193 1 836
33793281 187 404 844
35500787 188 192 887
36049391 186 344 901
36119468 183 164 903
36391740 194 292 910
36518295 199 7 913
37086332 190 707 927
38179194 194 689 953
39614912 181 819 989
39860633 197 868 995
40044904 184 780 999
40587288 187 864 1013
41967626 197 106 1048
43496901 184 462 1087
43819189 190 877 1096
43941702 186 954 1099
44415686 183 861 1110
45365330 187 253 1134
46007869 198 3 1150
46724385 194 246 1167
47068056 180 82 1175
47782759 193 925 1192
48595197 193 625 1212
48743839 194 76 1216
49782298 187 704 1241
50795162 197 676 1266
51808306 193 974 1291
52127555 199 367 1299
52211457 198 141 1301
52776894 192 169 1315
55436942 183 745 1383
55588456 197 602 1387
56825891 185 40 1419
57073548 188 462 1425
58344117 186 518 1457
58876329 185 959 1471
59044769 193 771 1475
60173146 181 323 1502
61957733 188 803 1546
62493799 187 381 1560
62530508 195 914 1561
63691600 195 186 1590
64265758 181 474 1605
64346541 192 447 1607
64382767 187 807 1608
65193856 189 640 1629
66065942 188 955 1651
66422619 191 356 1660
66645122 191 809 1666
67860534 189 61 1696
67937194 182 465 1698
68393473 192 540 1710
68801184 193 864 1720
68925799 180 598 1723
69368516 198 839 1734
69526741 197 432 1738
70454103 198 634 1761
70761142 187 212 1768
71110814 198 68 1777
72193774 189 438 1803
72788800 183 354 1819
74172952 199 504 1854
74250672 193 486 1856
75600100 189 298 1891
75920783 187 804 1899
76159237 195 615 1905
76192321 192 571 1906
76889597 195 868 1924
77112290 188 412 1930
77147508 180 250 1931
77506928 190 530 1940
77570190 197 624 1942
77941610 186 183 1952
78286951 182 144 1961
78914614 191 165 1976
78962292 195 835 1977
80747455 187 263 2023
81026603 195 792 2030
81541411 192 967 2043
81580827 199 270 2044
81951584 186 248 2053
82258561 183 694 2061
82476462 188 263 2067
83374623 195 862 2090
83619871 192 153 2096
83653560 184 29 2097
84131196 183 221 2109
85180127 191 337 2134
85518336 191 160 2142
86841909 181 998 2175
88152211 186 457 2208
88267783 185 462 2211
88726660 191 2 2222
89086284 195 698 2231
89826511 196 475 2250
89902316 190 93 2252
90131132 197 768 2258
90707690 184 603 2272
90915961 180 346 2277
91557438 189 104 2294
93832670 182 221 2351
95016113 187 243 2381
95060349 193 323 2382
95548579 193 380 2394
96013664 183 202 2406
96423587 194 270 2416
98638554 192 331 2471
99072506 199 481 2482
99117370 195 903 2483
99987582 190 986 2505
100204559 191 242 2511
100842909 190 585 2527
101057548 192 956 2532
101434230 183 532 2542
102245706 182 812 2562
102944467 195 927 2579
103241457 192 370 2587
103627748 180 440 2596
104070144 196 590 2607
104155089 196 675 2609
105980172 191 970 2654
106485356 198 93 2667
107400517 192 773 2689
107873749 195 809 2701
108352900 182 496 2712
108422796 198 608 2714
108462581 199 318 2715
108983743 198 743 2728
110418512 183 962 2763
113274166 197 273 2832
113827139 192 997 2846
114727069 191 245 2868
115757097 187 379 2894
116473818 182 18 2912
119284207 183 599 2983
120181259 185 586 3022
120316514 199 626 3037
120326043 181 771 3038
120440965 192 730 3050
120561048 196 845 3062
120572093 180 541 3063
120591385 181 655 3065
120918395 189 2 3098
121282523 199 185 3134
121472391 182 881 3153
121483588 195 791 3154
121853251 191 323 3192
122002564 186 507 3207
122469781 182 536 3254
122481166 183 608 3255
122616482 194 146 3268
122927286 183 234 3299
122947612 197 320 3301
122980315 180 945 3304
123028076 190 995 3309
123067837 187 382 3313
123250698 188 844 3331
123314872 187 250 3337
123376366 197 546 3343
123819365 188 253 3388
123955689 198 334 3401
124154806 182 761 3420
124333105 191 472 3437
124999610 180 123 3505
125138913 188 572 3519
125149693 190 377 3520
125297343 189 164 3534
125390012 193 638 3543
125538760 199 666 3558
125593476 199 966 3564
125614283 198 483 3566
125844906 187 681 3588
126211248 182 843 3623
126360841 186 191 3638
126587309 199 547 3661
127080290 185 42 3714
127182401 182 329 3724
127192423 197 850 3725
127228514 185 119 3729
127338201 192 921 3741
127657440 193 657 3771
127959423 190 514 3801
127987107 193 859 3804
128238686 194 806 3828
128354417 181 159 3839
128383838 192 913 3842
128787597 196 931 3883
128888773 193 665 3893
128906645 188 527 3895
128947603 199 366 3899
129316346 190 657 3935
129398818 186 860 3943
129474996 182 949 3951
129544004 192 531 3958
129704113 192 420 3974
129739119 187 445 3977
129922926 185 197 3995
129988318 193 33 4001
130059531 185 707 4009
130097557 187 976 4013
130108538 187 461 4014
130136898 182 256 4017
130344971 183 800 4038
130590426 191 934 4063
130619329 192 87 4066
130679501 180 388 4072
130710759 195 719 4075
130770503 191 217 4081
130963746 191 692 4100
131061164 184 850 4110
131207310 183 382 4124
131276528 186 748 4131
131341453 192 479 4138
131366030 185 512 4140
131479461 186 794 4152
131706517 186 817 4176
131816484 185 105 4187
131952951 186 699 4201
132061609 196 473 4211
132200065 182 417 4225
132236478 191 599 4229
132287479 194 449 4234
132300479 189 417 4235
132430969 181 399 4248
132587513 188 137 4265
132619307 188 560 4268
132631994 194 706 4270
132713290 180 758 4278
132811390 193 159 4288
132897711 184 823 4297
133431961 187 446 4352
133446426 191 75 4354
133837165 184 249 4392
133978389 189 153 4406
134045372 180 708 4413
134384895 185 417 4448
134575317 197 613 4468
134721513 186 530 4482
134865144 187 432 4496
134910858 182 185 4500
135181733 198 466 4526
135216506 192 224 4530
135439759 195 275 4552
135537318 193 187 4561
135627755 187 35 4571
135846993 198 228 4593
135918361 180 276 4599
136051162 198 309 4613
136356077 186 314 4641
136582919 180 254 4664
136639615 190 923 4670
136647691 183 336 4671
136693888 190 285 4676
136786865 194 2 4685
136859227 181 511 4693
137093881 199 126 4718
137335925 193 438 4742
137695056 197 35 4781
137917294 190 230 4804
137982056 187 457 4811
138221180 183 622 4836
138334179 198 552 4848
138511215 181 670 4865
139142763 182 472 4927
139239060 195 100 4937
139370263 196 232 4950
139574674 180 598 4971
139716673 197 266 4987
139825919 186 809 4998
139961441 196 375 5011
140104848 199 698 5025
140155031 189 638 5030
140449521 198 725 5060
140592142 184 581 5074
140645310 199 956 5079
140914012 189 285 5105
140951936 191 208 5109
140970443 191 944 5111
141676758 183 962 5181
141695321 191 711 5183
141928615 196 215 5206
142007026 196 31 5214
142106352 194 748 5224
142245419 192 840 5238
142339462 191 322 5248
142347976 186 454 5249
142399761 186 99 5255
142467153 183 347 5262
142630312 196 644 5279
142739893 189 546 5290
142759364 198 677 5292
142926546 184 856 5309
142948536 191 997 5311
143161682 190 256 5333
143278367 198 429 5346
143404841 196 862 5358
143592603 186 85 5377
143613144 198 453 5379
143682850 186 44 5386
143843185 180 100 5402
144004336 184 653 5418
144025528 198 742 5420
144073680 198 220 5425
144279019 197 830 5444
144362149 197 882 5452
144508737 183 776 5468
144516207 191 705 5469
144545075 180 82 5472
144566118 194 666 5474
144575012 194 432 5475
144594708 185 362 5477
144712389 183 531 5489
144721452 187 390 5490
144803626 187 647 5499
145034172 194 988 5522
145068175 193 163 5526
145094412 180 401 5529
145273698 182 407 5547
145305399 192 776 5551
145384950 190 614 5559
145889307 185 522 5610
145925814 180 403 5613
145993824 198 873 5620
146134431 181 772 5634
146145049 186 142 5635
146170627 189 69 5638
146221185 181 334 5643
146872365 193 344 5711
147320714 199 619 5757
147330197 183 309 5758
147353529 194 94 5760
147448556 189 779 5770
147586874 184 315 5784
147805936 198 121 5805
147959025 184 968 5820
147998355 190 645 5824
148054320 190 926 5829
148067320 188 318 5830
148074662 194 405 5831
148114888 184 191 5835
148158211 190 927 5839
148237709 183 940 5848
148325540 192 925 5857
148364964 199 28 5861
148545284 197 381 5879
148589765 196 473 5883
148697502 191 587 5893
148810638 199 474 5905
149160436 198 689 5939
149234387 195 406 5947
149309031 194 954 5953
149325620 185 165 5955
149367437 198 173 5959
149439605 193 937 5966
151165693 184 561 6140
151317218 198 36 6155
151542967 195 528 6178
151723628 183 801 6197
151757832 184 568 6200
151820521 185 405 6206
152094531 183 647 6232
152139237 186 847 6236
152472754 187 867 6271
152600474 186 679 6284
152671627 184 844 6292
152823038 194 372 6307
152851367 181 53 6310
152968609 184 728 6323
153051865 184 916 6331
153130481 198 559 6339
153205492 191 293 6346
153335106 186 753 6359
153408388 188 465 6366
153438551 195 293 6369
153470577 191 622 6372
153635766 191 462 6388
153782918 186 980 6404
153815754 199 949 6407
153925361 181 724 6419
154040356 196 655 6430
154488514 196 24 6476
154585380 183 978 6486
154814377 188 145 6510
155278316 180 28 6556
155341948 188 230 6562
155447071 197 737 6573
155571596 197 634 6585
155669047 186 473 6594
155814387 185 744 6608
155836363 193 915 6610
156057924 188 766 6632
156120394 199 524 6638
156293963 190 747 6655
156495054 191 984 6675
156674738 189 885 6692
156845106 197 560 6709
156911983 192 639 6716
156926483 197 836 6718
156957868 194 821 6721
157016300 181 981 6727
157052004 184 471 6731
157075302 195 259 6733
157097449 193 401 6736
157189847 181 419 6745
157293388 195 754 6755
157316901 193 858 6757
157506377 183 991 6776
157646406 180 918 6790
157699638 183 557 6796
157746448 195 556 6801
157888938 195 657 6815
158045882 182 630 6831
158434949 184 222 6871
158443930 189 287 6872
158479241 180 313 6875
158497385 182 804 6877
158630862 192 359 6892
158863675 191 48 6916
159315950 192 430 6962
159378057 190 486 6968
159855460 188 58 7015
159941842 187 126 7023
159983979 191 297 7027
160023018 181 905 7031
160062517 189 835 7035
160166943 187 148 7046
160184214 184 973 7048
161014756 183 283 7133
161327792 189 839 7164
161340792 188 282 7165
161430087 196 331 7174
161521571 197 75 7184
161564191 189 13 7188
161787720 196 371 7211
161974345 191 297 7229
162026156 181 717 7234
162241633 195 998 7254
162284208 184 747 7259
162781255 184 947 7311
163017556 194 765 7335
163070052 186 444 7340
163195324 189 827 7352
163421741 189 397 7374
163561674 192 195 7389
163619122 186 707 7396
163655322 192 254 7400
163818609 189 333 7416
164088199 189 486 7443
164635113 191 806 7497
164952719 195 485 7529
164965532 180 810 7530
165012449 185 397 7534
165344130 181 122 7568
165628854 195 913 7597
165670959 184 667 7601
166033660 198 898 7637
166064655 185 943 7640
166075063 181 744 7641
166086647 194 578 7642
166168873 186 793 7650
166277147 190 516 7661
166442439 186 599 7676
166603847 188 216 7692
166743727 180 579 7706
167021395 191 853 7734
167311628 194 850 7763
167450196 193 360 7777
167863588 188 702 7816
167922145 195 796 7822
167985493 183 169 7828
168617118 190 170 7891
168955652 187 584 7925
168985465 193 987 7928
169060376 182 639 7935
169245016 181 73 7953
169621289 195 666 7991
170411938 187 770 8071
170499612 186 135 8080
170574569 181 591 8087
170633431 188 688 8093
170996015 180 862 8129
171154162 185 879 8144
171205620 181 825 8150
171415645 196 425 8170
171649093 195 206 8193
171824555 197 371 8210
171962058 184 32 8223
172061997 183 283 8234
172112657 183 375 8239
172208748 194 11 8248
172418147 182 370 8269
172580268 185 298 8286
172777413 182 81 8305
172969936 193 466 8325
173092534 193 415 8337
173208958 191 837 8349
173420561 191 123 8370
173430099 198 110 8371
173526463 197 752 8381
174068101 195 353 8432
174199194 190 777 8446
174576529 197 401 8484
174966274 199 135 8523
175127355 185 619 8538
175459056 182 860 8570
175539901 187 899 8578
175569060 180 793 8581
175679842 196 366 8592
175779404 197 432 8602
175838771 196 314 8608
175866920 189 926 8611
175906955 184 169 8615
175945056 188 527 8619
176206160 189 327 8644
176264889 197 936 8650
176297949 191 676 8653
176425639 187 982 8667
176591061 180 9 8684
176787855 199 806 8706
176816940 184 176 8709
176853449 196 747 8713
176861710 192 384 8714
176977965 191 131 8725
176986552 180 696 8726
177012494 182 996 8729
177326056 194 982 8760
177449095 188 152 8773
177657527 191 527 8794
177678211 191 145 8796
177808508 185 4 8808
177829283 190 441 8810
177859794 180 316 8813
177892605 182 871 8816
177902233 193 125 8817
178194029 187 292 8847
178322622 182 722 8860
178494099 198 900 8878
178544857 193 928 8883
178560377 189 754 8885
178582261 185 611 8887
178742423 199 317 8902
178823228 187 118 8910
178909938 184 671 8918
178960075 187 18 8923
179007790 187 476 8928
179216651 188 600 8949
179445064 198 993 8972
179728797 193 122 9000
179801021 191 56 9007
180063866 187 983 9033
180075802 188 563 9034
180098195 183 558 9036
180109205 199 216 9037
180183576 191 181 9046
180509618 190 270 9080
180659306 190 120 9095
180915992 194 672 9123
181102414 199 729 9141
181328067 189 237 9165
181358507 199 821 9168
181570234 199 662 9188
181907998 185 701 9219
182276124 193 475 9257
182324502 193 907 9262
182439095 185 678 9275
182538484 191 271 9286
182576043 194 223 9290
182966605 192 961 9329
183074958 193 949 9340
183254345 192 785 9359
183330285 197 821 9367
183465675 180 990 9382
183556770 189 227 9391
183630957 192 828 9399
183691872 196 4 9404
183768785 195 576 9412
184382299 180 279 9476
184590724 182 132 9497
184728445 182 150 9511
184993405 191 668 9537
185105310 182 939 9549
185138138 180 130 9552
185275877 190 92 9567
185510772 184 178 9592
185597385 185 755 9602
185687567 195 249 9612
185832243 186 372 9625
185843934 193 372 9626
185981506 190 436 9640
186709321 187 254 9714
186744188 193 818 9717
187401027 187 758 9784
187447151 190 192 9788
187744956 180 410 9817
187820618 194 154 9825
187846012 190 735 9827
188027275 182 346 9846
188066286 181 883 9850
188290849 180 756 9873
188405118 190 753 9885
188934288 180 144 9938
188972330 193 858 9942
189232024 199 991 9969
189348612 199 612 9981
189355740 197 20 9982
189486366 199 712 9995
