35724 47 469 0
2167080 51 507 52
3147068 57 265 75
3356578 53 603 80
5544231 42 886 134
5769707 56 114 140
6077709 43 222 148
7296252 49 35 177
8309776 43 547 202
8632548 42 45 210
9474152 57 352 231
9566593 48 212 233
10319800 58 959 252
10607153 53 602 259
11206673 53 46 274
11498301 54 753 281
11578962 56 398 283
13036243 44 627 320
13719375 47 551 337
15143323 52 521 374
15191882 48 892 375
15276679 41 272 377
15394832 41 981 380
16230214 40 946 401
16646707 57 837 411
17057891 45 692 421
17719916 53 340 438
17761495 55 254 439
18369301 42 981 455
18556193 42 295 460
18626781 49 813 462
18676781 49 407 463
19823102 48 634 492
20239482 51 742 503
20963126 49 568 521
21004199 44 368 522
21376355 41 161 531
21463932 59 932 533
21845757 50 664 542
22386933 43 951 556
22881367 46 73 568
23035530 59 897 572
23325701 44 119 579
24219269 52 269 601
24520890 42 19 609
24598443 43 608 611
24948758 53 830 620
25102539 45 906 624
25248422 47 140 628
26069671 53 155 648
26378622 58 869 656
27194761 45 517 677
27239479 46 826 678
28703454 44 417 715
29764827 45 671 741
31329239 53 17 781
31500755 48 934 785
32299723 52 29 806
32388745 45 717 808
32626514 56 797 814
32709427 47 854 816
32997006 44 561 824
33347976 47 47 833
33539507 50 773 838
33984049 48 325 849
34255037 47 611 856
34560520 50 496 864
35030073 44 710 875
35192751 53 9 879
35736351 51 427 893
35858245 58 954 896
36930568 44 515 923
37668172 44 577 941
38217669 51 21 954
38569986 59 227 963
38654256 51 954 965
40819186 51 687 1019
41005372 58 25 1024
42512101 41 544 1062
43196018 56 158 1079
43314095 47 789 1082
44689292 40 862 1117
44771801 48 406 1119
45285155 54 271 1132
45852460 51 740 1146
45972116 55 874 1149
46428758 57 576 1160
47515662 45 306 1186
47702403 41 184 1190
49061846 57 438 1224
49325122 52 783 1230
49600470 40 322 1236
50136651 59 980 1250
51569224 51 214 1285
52162015 51 204 1300
52731763 43 878 1314
52864127 44 171 1317
52905884 47 950 1318
53192138 58 638 1325
53600012 47 639 1336
53983430 56 908 1346
54531406 58 354 1360
54607656 58 747 1362
56989193 47 418 1423
57245466 44 524 1429
57583215 58 158 1438
58024399 43 288 1449
58056847 44 900 1450
58729305 43 411 1467
59130974 51 773 1477
59168904 54 857 1478
59295547 49 777 1481
60255547 57 419 1504
60756593 49 774 1516
61339878 48 686 1531
61385080 40 255 1532
61667661 41 3 1539
61823020 45 135 1543
62109601 44 670 1550
62139877 45 304 1551
63928277 57 405 1596
64462767 50 574 1610
64543264 58 495 1612
65465983 52 170 1636
65866074 59 996 1646
65993247 53 361 1649
66137615 49 223 1653
67212639 52 608 1680
67334667 44 903 1683
67564394 50 773 1689
67975216 42 110 1699
68047415 46 172 1701
68255336 56 875 1706
68882889 43 482 1722
69406757 56 459 1735
70583893 42 157 1764
70911510 46 45 1772
71681178 51 820 1791
71726838 54 974 1792
72827285 54 582 1820
73025849 58 547 1825
73239293 56 888 1831
73582876 41 151 1839
73983485 53 205 1849
75194082 40 397 1881
77388689 49 773 1937
78167602 43 380 1958
79675725 54 682 1996
80144062 53 807 2008
80499845 47 159 2017
82072666 55 990 2056
82149879 43 717 2058
83058876 47 853 2082
85605513 49 708 2144
85769560 49 56 2148
86296280 59 580 2161
86744948 56 81 2173
88686315 51 272 2221
89598569 54 850 2244
89786908 44 370 2249
91724840 42 110 2298
91998965 56 697 2305
92242249 51 511 2311
93877189 59 588 2352
95735843 48 688 2399
95774655 52 685 2400
96467555 50 214 2417
97460208 51 625 2441
98253671 59 108 2461
98367494 40 723 2464
98417241 47 11 2465
98489276 55 585 2467
98683158 57 380 2472
99212799 41 641 2485
100395394 52 204 2516
100880613 51 266 2528
101402667 42 287 2541
101510114 51 533 2544
101842422 53 946 2552
101972330 42 22 2555
102493430 46 460 2568
102700533 53 760 2573
103172701 51 613 2585
103878583 41 151 2602
103917517 52 642 2603
104601170 41 526 2620
104932937 55 969 2628
105127149 44 882 2633
106410897 41 542 2665
106741386 58 828 2673
107504435 55 623 2692
107722853 48 735 2697
107769950 55 303 2698
107961784 51 526 2703
108314910 47 488 2711
109692149 48 306 2745
110797567 54 305 2772
111333832 52 313 2785
111636081 46 218 2792
111801841 59 910 2796
112683905 44 261 2818
113392083 54 610 2835
113716519 54 406 2843
113989501 46 145 2850
114035810 49 381 2851
114077892 59 244 2852
114279632 45 796 2857
114968092 51 453 2874
117104762 44 249 2928
117373576 54 829 2935
117566446 40 722 2940
117608721 49 858 2941
118114173 54 13 2953
118871407 56 29 2972
119318463 59 436 2984
119360931 52 519 2985
120551342 53 25 3061
120643452 48 883 3070
120739081 57 844 3080
120834813 56 153 3089
120892908 54 31 3095
121072993 49 975 3114
121106455 59 860 3117
121348848 46 972 3141
121563670 40 998 3162
122021877 47 465 3209
122055870 42 721 3212
122123142 57 464 3219
122264051 51 118 3233
122273814 51 414 3234
122296329 46 813 3236
122326909 47 290 3239
122747184 53 588 3282
122842913 42 200 3291
123088700 43 461 3315
123112787 57 595 3317
123324644 50 197 3338
123653946 47 776 3372
124303413 50 300 3434
124322820 55 264 3436
124500115 50 486 3455
124529211 57 880 3458
124537241 48 743 3459
124558848 47 618 3461
124647010 52 464 3470
124707647 42 374 3476
124739387 51 40 3479
124803865 54 94 3486
124833318 45 69 3489
124859373 50 160 3492
125032993 59 136 3508
125180930 44 848 3523
125211574 43 925 3526
125456022 49 657 3549
125716215 42 854 3575
125886807 50 321 3592
126031365 41 349 3606
126170462 44 85 3619
126292019 59 189 3631
126431238 42 214 3645
126607056 43 519 3663
126614223 47 169 3664
127208328 41 59 3727
127471548 50 267 3754
127742128 45 745 3780
127874737 50 962 3792
127901214 43 621 3795
128111647 50 427 3816
128324005 52 886 3836
128414947 46 521 3845
128674658 41 105 3871
128857587 50 887 3890
128927047 44 903 3897
129414518 58 233 3945
129678339 47 142 3971
129790054 45 440 3982
130157045 50 63 4019
130165458 53 640 4020
130176341 40 615 4021
130232078 40 84 4027
130512915 48 76 4055
130741517 59 494 4078
130778961 41 213 4082
131050590 54 982 4109
131404893 57 262 4145
131698871 47 257 4175
131861555 42 975 4192
131869337 52 127 4193
132555616 49 254 4262
132907643 55 159 4298
133154183 43 808 4324
133311592 59 265 4340
133341301 52 723 4343
133439257 43 350 4353
133960172 40 469 4404
134084799 49 696 4417
134192220 48 205 4428
134612209 40 480 4471
135072893 58 540 4515
135144384 57 807 4522
135325503 43 392 4540
135428013 45 746 4551
135722682 45 809 4581
135761226 46 735 4585
135786642 46 808 4587
135817957 51 688 4590
135856366 43 633 4594
135970815 40 464 4604
136735974 55 611 4680
137007210 52 267 4708
137065912 51 450 4715
137083906 49 191 4717
137142067 55 431 4723
137179878 46 234 4727
137245417 49 484 4733
137303959 45 639 4739
137396156 56 107 4748
137434234 50 760 4752
137645056 51 149 4775
137923564 53 575 4805
138131952 57 532 4827
138344720 57 949 4849
138357720 50 794 4850
138548401 41 239 4868
138589192 49 432 4872
138610940 46 924 4874
138765529 48 354 4890
138917627 51 367 4906
139308268 46 768 4944
139429622 51 280 4956
139543870 50 327 4968
139591466 52 826 4974
139836735 41 186 4999
139846930 45 860 5000
139902375 56 281 5005
140053965 58 594 5020
140255038 46 83 5040
140544067 47 94 5069
140560462 47 268 5071
140878287 50 758 5101
140987861 51 740 5113
141045466 46 549 5120
141687743 40 319 5182
141765819 55 805 5190
141950643 50 268 5208
141960211 40 303 5209
141998121 56 894 5213
142176105 59 867 5231
142250511 44 701 5239
142388811 44 125 5254
142435425 47 85 5259
143172470 42 585 5334
143949732 59 255 5413
144012765 56 217 5419
144036943 46 566 5421
144392084 45 418 5455
144439986 46 766 5460
145130537 43 182 5533
145484703 45 324 5569
145582633 55 460 5579
145723261 45 231 5593
146393125 44 631 5662
146471835 50 482 5670
146611173 59 647 5685
146731722 54 390 5697
147141137 43 637 5737
147164951 49 316 5740
147342748 53 605 5759
147422146 44 659 5767
147474360 42 912 5772
147507805 47 615 5776
147706457 53 392 5796
147989516 52 127 5823
148192094 52 644 5842
148307186 49 511 5855
148382123 55 157 5863
148455672 47 840 5870
148485349 48 446 5873
149173061 50 127 5940
149378166 44 74 5960
149491678 44 790 5971
149663320 50 100 5987
149745757 56 300 5996
149909155 54 335 6013
150028601 45 872 6025
150061392 40 73 6028
150252698 52 500 6047
150423668 51 937 6064
150516472 59 795 6073
150707686 44 458 6093
150856415 47 277 6108
150867697 49 25 6109
150883606 44 155 6111
150996597 42 450 6123
151047340 43 275 6128
151194073 51 966 6143
151514370 48 706 6175
151558590 44 10 6180
151620910 52 36 6186
151687507 45 174 6193
151704898 44 812 6195
151903857 58 611 6214
152002239 59 615 6223
152107154 51 661 6233
152163635 47 951 6238
152218023 45 207 6243
152334630 46 254 6255
152722755 53 682 6297
152812493 46 779 6306
152858662 45 552 6311
153017373 58 12 6328
153185401 41 463 6344
153237709 48 21 6349
153418289 44 544 6367
153532355 43 630 6378
153583255 51 243 6383
153806927 53 283 6406
153949944 55 851 6421
154020088 57 887 6428
154107315 50 85 6437
154366019 51 546 6464
154596216 43 198 6487
154736827 43 816 6502
154759583 50 168 6505
154849078 57 661 6513
154876330 44 905 6516
155063428 59 287 6535
155251672 47 448 6553
155262722 57 827 6554
155425388 53 411 6571
155471441 53 591 6575
155543753 45 404 6582
155561971 58 513 6584
155886252 59 648 6614
155893817 45 816 6615
156013160 40 610 6628
156075971 44 749 6634
156099114 58 105 6636
156352080 40 371 6661
156390621 52 862 6665
156505661 45 559 6676
156814583 58 263 6706
156979005 53 580 6723
157347712 47 408 6760
157460451 56 931 6771
158135069 44 394 6839
158156777 46 862 6841
158552135 45 925 6883
158934046 50 640 6924
159094892 59 473 6940
159272244 40 636 6958
159347838 41 639 6965
159440817 58 762 6974
159453191 40 966 6975
159552604 41 730 6985
159577064 43 912 6987
159668578 46 151 6995
159886027 51 73 7018
159973916 54 739 7026
160074477 48 457 7036
160368428 58 667 7068
160404876 52 544 7072
160474352 53 668 7079
160600594 50 923 7092
160937586 53 31 7125
160985054 49 607 7130
161023715 56 408 7134
161031339 40 832 7135
161056081 54 367 7138
161288026 50 96 7160
161298808 52 968 7161
161680809 58 512 7200
161820843 56 215 7214
161881573 42 435 7220
161899095 54 277 7222
162016107 49 901 7233
162109309 46 742 7242
162409209 55 95 7272
162718478 41 638 7304
162852259 40 335 7318
163359861 54 122 7368
163589349 43 731 7392
163714244 42 713 7405
164184379 42 897 7452
164219416 42 982 7455
164395610 54 495 7472
164467460 42 985 7480
164565424 51 889 7490
164831696 52 611 7516
165036204 57 218 7536
165047769 51 51 7537
165361141 43 454 7570
165485984 41 33 7583
165508141 50 115 7585
165555301 46 205 7590
165788200 47 86 7613
165868452 41 280 7621
165973130 48 266 7631
166095550 41 283 7643
166106872 55 628 7644
166288132 47 729 7662
166369551 43 37 7670
166407622 47 249 7673
166449218 58 77 7677
166591329 44 558 7691
166693112 57 885 7701
166772108 58 337 7709
166782908 57 867 7710
166894491 42 495 7721
167034395 50 168 7735
167410057 53 667 7773
168089702 48 798 7839
168100512 53 711 7840
168107144 45 428 7841
168168559 50 385 7848
168819426 48 329 7911
168974639 50 683 7927
169149749 52 732 7944
169381465 44 775 7967
169952162 46 211 8026
170042631 49 790 8035
170197333 48 725 8049
170342795 58 600 8063
170385496 53 404 8068
170402427 59 39 8070
170605439 44 113 8090
170651775 46 434 8095
170660968 42 332 8096
170683717 45 377 8099
171009015 59 662 8130
171066688 47 792 8136
171162062 50 777 8145
171168270 58 227 8146
171467250 54 939 8175
171601981 43 791 8188
171611348 49 833 8189
171688593 51 986 8197
171771336 58 743 8205
171879727 42 120 8215
171972841 45 388 8224
172320528 52 332 8259
172459129 58 25 8274
172493424 55 592 8277
172555248 54 651 8283
172901468 57 953 8318
173013112 52 580 8329
173036735 51 355 8331
173057740 43 840 8333
173075093 43 249 8335
173246144 52 34 8353
173471846 57 300 8375
173799825 40 267 8407
173831651 48 709 8410
173949454 50 426 8421
174039424 54 835 8429
174104233 49 679 8436
174216873 41 843 8448
174376498 46 283 8464
174413647 41 712 8468
174552611 50 636 8482
174726539 44 79 8499
175009666 52 672 8527
175165639 41 429 8542
175222054 58 738 8547
175670776 45 213 8591
175702115 52 106 8594
175759670 54 862 8600
175791101 49 164 8603
175827623 48 469 8607
175889309 51 198 8613
176323914 57 858 8656
176391143 49 482 8663
176474768 42 451 8672
176760863 50 213 8703
176840449 52 726 8712
177033033 56 652 8731
177215611 51 830 8749
177688831 42 208 8797
178009891 43 990 8828
178215618 50 503 8849
178274980 53 73 8855
178614657 56 626 8890
178634464 45 18 8892
178668775 52 48 8895
178686850 58 574 8897
178706807 57 174 8899
179195695 51 68 8947
179280694 55 378 8955
179378948 44 510 8965
179428010 54 10 8970
179649441 42 989 8992
179698392 49 535 8997
179771766 58 38 9004
179823999 40 944 9009
179832743 49 31 9010
180003580 42 350 9027
180113205 48 874 9038
180340501 43 449 9062
180404342 52 734 9069
180488402 42 724 9078
180604214 59 784 9090
180936876 53 16 9125
181080165 54 271 9139
181092468 40 116 9140
181174335 42 305 9148
181224702 51 443 9154
181265273 40 160 9158
181391501 58 508 9171
181634737 58 111 9194
182286883 55 223 9258
182304775 47 154 9260
182316334 50 703 9261
182468165 48 52 9278
182533414 55 816 9285
182545271 41 797 9287
182555684 43 664 9288
182651831 50 916 9297
182974158 58 66 9330
183235483 49 85 9357
183269579 51 579 9361
183476581 54 146 9383
183543770 50 952 9390
183601226 45 565 9396
183961816 49 919 9433
184166578 54 462 9454
184666606 57 790 9505
184689204 47 10 9507
184877000 48 544 9525
185353247 46 861 9575
185378059 49 697 9578
185458899 50 26 9587
185528882 45 864 9594
185758307 42 295 9618
185768842 56 14 9619
185875527 43 221 9629
185944587 45 806 9636
185999963 48 385 9642
186030283 57 828 9646
186192549 47 124 9662
186275982 56 292 9670
186482733 49 507 9690
186615233 50 651 9704
186624452 41 518 9705
186797970 47 673 9723
186958986 41 149 9739
187095301 43 641 9753
187465552 46 701 9790
187569305 48 609 9800
187613367 57 205 9804
187633861 41 949 9806
187644393 54 19 9807
187736301 48 649 9816
188008836 45 973 9844
188034988 47 811 9847
188233578 57 725 9867
188331487 55 367 9877
188454580 55 353 9891
188547870 52 775 9900
188557982 55 995 9901
188579279 42 59 9903
188659671 49 59 9910
189013076 56 259 9946
189142062 49 49 9959
189164957 40 501 9962
189366775 53 747 9983
189386650 40 796 9985
189502236 56 972 9997
