264009 259 379 6
1444988 248 713 35
2428078 252 433 58
2739799 242 285 65
3592201 251 336 86
4291873 242 951 103
4330563 248 151 104
7040519 258 615 171
7129736 246 902 173
7205703 249 29 175
7547152 240 695 183
8386243 245 370 204
8461436 258 627 206
9524152 253 130 232
10161868 251 364 248
11899624 240 38 291
12178847 248 578 298
13199043 252 990 324
13232865 241 615 325
13823665 256 548 340
14267509 255 403 351
16103151 255 614 398
16601564 242 7 410
17328741 244 789 428
17527312 257 919 433
17797631 241 376 440
17870166 256 117 442
18256396 244 683 452
18794184 241 242 466
18950241 254 545 470
18989335 255 263 471
19093432 256 679 474
20585715 243 211 512
23813851 244 283 591
23941158 258 229 594
25059789 255 734 623
25533972 249 647 635
26105195 240 365 649
26880365 240 936 669
27042281 242 118 673
27077281 256 570 674
27119186 240 100 675
27758189 255 483 691
28001352 259 413 697
28288409 253 168 704
28803454 240 702 717
29385323 244 48 732
29432390 245 538 733
30061508 246 878 749
30135159 243 526 751
30405350 258 232 758
30737156 240 11 766
31850921 258 125 794
35457002 258 260 886
36191325 247 418 905
37054835 246 110 926
37116332 243 643 928
38364853 252 176 958
38990200 241 318 973
41082513 259 834 1026
41120349 250 241 1027
41404102 242 414 1034
41490372 252 622 1036
41809992 251 407 1044
42836316 257 398 1070
43009054 240 508 1074
43716041 245 578 1093
44534226 243 33 1113
44731553 248 313 1118
44927074 254 105 1123
45031030 255 387 1126
45156991 254 601 1129
47898318 242 831 1195
47988464 256 43 1197
48071073 245 227 1199
48155305 243 266 1201
48558588 259 806 1211
49196669 255 831 1227
49239282 246 348 1228
49372491 246 523 1231
49910747 248 169 1244
50386542 241 458 1256
50537714 258 873 1260
50705780 245 127 1264
50964111 255 948 1270
51119926 257 150 1274
51409564 255 413 1281
52398943 258 658 1306
52433462 244 925 1307
52936853 247 425 1319
53872685 253 614 1343
54492692 258 242 1359
54657656 249 117 1363
55033922 243 540 1373
55806371 255 41 1393
56165115 252 152 1402
56442628 254 895 1409
57203048 254 255 1428
57287124 256 91 1430
57318860 259 711 1431
57419737 241 171 1434
58304338 242 119 1456
58613788 241 575 1464
58918208 255 180 1472
59900635 255 512 1495
61215530 249 722 1528
61633819 254 336 1538
62375556 254 246 1557
63617372 258 126 1588
64843917 240 733 1620
66340359 248 703 1658
66919242 252 74 1673
67180122 244 209 1679
68161185 246 555 1704
68323684 252 161 1708
69646978 252 92 1741
70052924 249 651 1751
72671786 254 138 1816
72991881 240 422 1824
73144804 250 383 1828
73209293 246 368 1830
73368045 246 521 1834
73659401 241 467 1841
74021030 256 636 1850
74512074 251 742 1863
75350977 240 285 1885
76299281 251 603 1909
77600190 243 944 1943
78373571 242 317 1963
79480120 256 491 1991
80613870 250 461 2020
81101611 253 968 2032
82769526 254 454 2074
83014877 244 768 2081
83094220 249 384 2083
83136095 251 828 2084
83259780 254 858 2087
83544474 246 512 2094
84047395 254 954 2107
84464073 243 767 2117
84727426 259 896 2123
84928775 256 583 2128
85563899 254 511 2143
88122211 240 401 2207
88521649 249 632 2217
89754753 253 199 2248
90285115 258 272 2262
90404777 243 748 2265
90541950 252 458 2268
91207620 257 867 2285
91438570 248 630 2291
91597057 241 728 2295
91950478 246 862 2304
92084587 241 989 2307
93789048 249 765 2350
94356470 249 121 2364
94653240 248 813 2372
95386635 241 355 2390
95436635 258 729 2391
96302771 245 357 2413
96916803 240 617 2428
97490208 248 11 2442
98078095 243 761 2457
98453052 240 479 2466
98885260 253 259 2477
99314341 243 222 2488
99573055 256 622 2495
99825712 255 269 2501
99943489 243 353 2504
100530226 244 17 2519
100810948 246 788 2526
101233038 259 275 2537
101672378 251 320 2548
101765197 249 110 2550
101801788 249 854 2551
102016602 242 906 2556
102808908 255 880 2576
104966985 259 4 2629
105363550 247 489 2639
105613641 254 847 2645
105813859 244 759 2650
105940687 246 44 2653
106061366 244 664 2656
107241737 249 773 2685
107672853 241 333 2696
109071594 258 358 2730
109358890 240 516 2737
109535202 259 507 2741
109959880 249 698 2752
112178300 240 312 2805
114202129 251 814 2855
114998092 256 73 2875
115673013 251 200 2892
115715839 254 296 2893
115921909 243 755 2898
116309446 246 94 2908
118915701 258 610 2973
120024585 257 410 3005
120069847 242 541 3010
120210463 240 931 3025
120258049 252 246 3030
120662226 246 958 3072
120795252 253 82 3085
120883828 243 312 3094
120955126 253 6 3102
121097082 256 308 3116
121395805 259 144 3146
121751465 252 451 3181
121922112 249 366 3199
121938963 246 36 3201
121951963 256 747 3202
122034224 255 914 3210
122253744 242 459 3232
122338919 256 366 3240
122383034 251 96 3245
122512348 247 397 3258
122578971 247 698 3265
122700078 246 242 3277
122909630 245 346 3297
122937408 248 481 3300
123134916 255 981 3319
123143545 250 511 3320
123403891 255 469 3346
123481601 255 607 3354
123511571 254 965 3357
123518741 259 922 3358
123590232 249 834 3365
123767943 249 549 3383
123838747 250 679 3390
123944817 255 356 3400
123986530 240 203 3404
124173261 252 244 3422
124310988 252 182 3435
124493139 255 782 3454
124549792 258 665 3460
124598735 254 656 3465
125357314 244 138 3540
125444497 242 14 3548
125464713 253 680 3550
125638577 240 921 3568
125805441 256 941 3584
125917491 250 270 3595
125986211 242 566 3601
126220587 257 416 3624
126341265 247 581 3636
126424803 254 75 3644
126471965 255 219 3649
126622057 257 461 3665
126671223 249 854 3670
126813010 256 248 3686
127122450 244 16 3718
127140666 257 681 3720
127158225 252 460 3722
127244914 256 62 3731
127264312 255 545 3733
127376031 253 9 3745
127460765 255 483 3753
127491832 249 867 3756
127589162 248 262 3765
127708768 240 126 3776
127751668 253 803 3781
127763559 246 663 3782
127795613 250 118 3785
128036680 249 509 3809
128045686 249 582 3810
128611146 243 970 3865
128684386 256 493 3872
128706401 248 884 3874
128746097 257 309 3878
128866517 257 342 3891
128971130 254 283 3901
129132489 259 378 3917
129140825 248 398 3918
129217940 247 37 3925
129233686 258 577 3927
129285306 240 784 3932
129334518 243 736 3937
129440745 251 521 3948
129483408 244 567 3952
129589094 243 97 3963
129687655 243 703 3972
130289747 252 318 4032
130337831 247 1 4037
130814047 258 892 4085
130867915 241 69 4091
131002072 245 873 4104
131232800 249 565 4127
131380841 245 300 4142
131415226 258 34 4146
131497983 255 383 4154
131507312 241 393 4155
131526824 255 421 4157
131579757 258 357 4162
131763055 258 572 4182
131794215 241 900 4185
131824705 255 993 4188
131845691 244 87 4190
132005354 243 400 4206
132229097 256 727 4228
132360114 246 647 4241
132564672 249 385 4263
132597508 252 717 4266
132641942 250 52 4271
132848883 252 433 4292
132875547 245 343 4295
132885422 253 706 4296
132929853 250 349 4300
133036791 250 820 4311
133174179 257 995 4326
133471733 257 761 4357
133553906 255 686 4365
133996818 247 846 4408
134367768 258 399 4446
134847020 245 413 4494
134998008 245 79 4508
135063380 252 159 4514
135134852 253 768 4521
135359846 257 233 4543
135554923 248 367 4563
135751476 245 210 4584
136072517 245 806 4615
136228321 257 429 4629
136246179 256 936 4631
136311883 259 720 4637
136489349 255 177 4654
136564249 243 845 4662
136609168 242 348 4667
137113275 246 602 4720
137344114 240 441 4743
137588922 259 159 4769
137897030 245 164 4802
138088270 253 392 4823
138200462 240 646 4834
138237943 250 897 4838
138266936 250 926 4841
138443597 250 593 4858
138668068 250 770 4880
138738247 252 295 4887
139041123 253 444 4918
139129966 254 196 4926
139206654 258 315 4934
139250665 246 257 4938
139335627 240 582 4947
139346523 256 13 4948
139626405 259 343 4977
139666241 253 450 4981
139673233 241 921 4982
139771385 252 568 4993
140337502 254 599 5048
140420184 256 464 5057
140655354 243 966 5080
140960025 252 0 5110
141185938 248 434 5134
141290656 247 290 5144
141319468 242 19 5147
141585738 240 668 5172
141643323 251 631 5178
141704550 251 971 5184
141781434 250 421 5192
141829475 255 897 5196
142363759 256 157 5251
142680093 255 905 5284
142710490 253 185 5287
142748699 242 356 5291
143049060 250 428 5321
143066469 255 365 5323
143085203 247 43 5325
143203026 257 465 5338
143746279 255 467 5392
143798499 258 320 5397
143904757 248 842 5408
143991336 253 605 5417
144113309 249 603 5429
144199841 250 359 5437
144623510 257 893 5480
144757620 241 744 5494
144780315 249 709 5496
144873048 251 603 5506
144906083 240 36 5510
144914135 246 983 5511
145113635 252 565 5531
145165878 242 20 5536
145188124 240 102 5538
145262308 241 743 5546
145297662 246 296 5550
145314399 257 987 5552
145344633 251 19 5555
145619938 249 628 5583
145745586 259 38 5595
146066320 248 278 5628
146791005 253 718 5703
146903071 250 128 5715
146933019 253 196 5718
147122064 258 281 5735
147311632 244 341 5756
147540671 249 501 5779
147550024 246 333 5780
147617033 250 333 5787
147688260 244 98 5794
147905129 255 905 5815
148043403 246 821 5828
148169130 258 942 5840
148213842 251 771 5845
148268119 251 344 5851
148332526 240 88 5858
148623242 254 12 5886
148967224 247 301 5921
149714631 246 928 5992
150071196 246 688 6029
150302459 249 139 6052
150393446 247 872 6061
150412606 248 645 6063
150462760 243 881 6068
150806900 250 359 6103
151022696 252 390 6126
151121387 257 672 6135
151224696 249 255 6146
151437564 251 188 6167
151496108 247 963 6173
151965231 253 288 6220
152023701 243 335 6225
152460515 244 152 6269
152619721 257 935 6286
152679094 253 780 6293
152734964 241 777 6298
152874880 258 42 6313
153029938 245 389 6329
153109020 252 597 6337
153494105 247 915 6374
153520373 255 212 6377
153605072 246 64 6385
153795918 257 552 6405
153976894 249 534 6424
154050605 253 167 6431
154096997 245 92 6436
154135467 256 4 6440
154379019 243 873 6465
154858007 257 176 6514
154904469 241 849 6519
155174214 245 69 6545
155331169 241 148 6561
155371709 256 72 6565
155437447 257 161 6572
155458441 244 506 6574
155790975 257 901 6606
155939234 255 892 6620
155948488 254 986 6621
156304524 250 408 6656
156312238 251 895 6657
156437032 248 994 6670
156772945 249 11 6702
156834093 255 140 6708
156889841 259 891 6714
156900966 252 406 6715
157110102 259 908 6737
157281908 240 296 6754
157441680 241 197 6769
157525614 241 513 6778
157924646 250 535 6819
158254915 253 87 6851
158311787 241 661 6856
158366350 246 461 6862
158612925 257 90 6890
158776343 254 958 6907
158923550 250 11 6923
159042361 256 314 6935
159163161 255 251 6947
159334838 253 1 6964
159655578 241 879 6994
159897753 243 179 7019
159905141 257 917 7020
160052087 249 81 7034
160308177 246 191 7061
160384603 247 231 7070
160680485 247 129 7100
160757643 241 948 7108
160928267 259 716 7124
161003253 246 464 7132
161067642 249 95 7139
161158302 258 51 7148
161319361 245 346 7163
161446281 257 337 7176
161464174 246 658 7178
161553990 246 838 7187
161650173 259 401 7197
161693809 257 83 7201
161719255 247 651 7204
161766503 253 110 7209
161829199 252 962 7215
162088674 254 289 7240
162345558 246 210 7265
162763367 253 635 7309
163005000 240 909 7334
163320946 251 271 7364
163368276 247 495 7369
163727244 250 727 7406
163764677 257 220 7410
164005286 246 362 7434
164111659 254 659 7445
164207099 242 89 7454
164453467 248 287 7478
164943737 246 153 7528
165062469 257 346 7539
165112941 241 333 7545
165316561 240 858 7565
165566620 248 792 7591
165660446 253 211 7600
165825918 246 312 7617
165897236 254 5 7624
166119824 245 419 7645
166136217 247 538 7647
166189438 241 85 7652
166221204 257 612 7655
166394622 250 581 7672
166418623 252 324 7674
166476253 259 27 7680
166520689 251 964 7684
166532366 256 5 7685
166581450 244 739 7690
166713499 253 894 7703
166792898 255 940 7711
166801278 246 295 7712
166827844 258 913 7715
166881491 252 882 7720
167188512 259 302 7751
167216000 245 939 7754
167276953 240 538 7760
167359316 249 461 7768
167496885 243 718 7782
167619666 258 112 7794
167799186 247 807 7810
168013916 243 680 7831
168073632 255 192 7837
168443877 252 743 7875
168807645 246 379 7910
168938929 256 725 7923
169428599 247 512 7972
169448731 244 943 7974
169736302 255 687 8003
170519891 245 291 8082
170844894 242 985 8114
170897499 254 122 8120
170973644 247 570 8127
171018924 251 772 8131
171036067 242 164 8133
171122145 244 538 8141
171143509 246 814 8143
171180813 254 8 8147
171345433 250 891 8163
171409592 255 941 8169
171662093 256 556 8194
171677249 243 782 8196
171738024 250 213 8202
171760709 253 40 8204
172142896 242 956 8242
172196714 242 477 8247
172217989 257 190 8249
172275502 248 442 8254
172684584 254 269 8296
172706132 256 647 8298
172828909 258 982 8310
172875720 243 682 8315
173178141 251 958 8346
173190503 252 159 8347
173279064 243 512 8356
173351960 241 527 8363
173587664 249 349 8387
173668642 253 357 8395
173768031 241 116 8404
174255948 242 484 8452
174295116 258 79 8456
174328365 244 814 8459
174405338 245 138 8467
174423700 241 642 8469
174846213 256 986 8511
174890714 246 533 8515
174957667 258 738 8522
175040958 255 10 8530
175376491 252 958 8562
175383384 256 474 8563
175413513 253 932 8566
175507364 256 543 8575
175818063 249 122 8606
175847081 248 358 8609
175925015 249 120 8617
175963181 244 966 8621
176112414 259 255 8635
176120934 240 561 8636
176196052 255 758 8643
176215849 247 908 8645
176227686 258 771 8646
176800855 257 527 8707
176834380 248 362 8711
177079362 253 281 8736
177395930 244 633 8767
177433849 255 764 8771
177479782 255 385 8776
177493239 248 314 8778
177502211 241 23 8779
177522584 259 624 8781
177640760 256 282 8792
177798665 247 392 8807
177983998 252 204 8825
178483431 244 415 8877
178762642 247 538 8904
179240433 251 547 8951
179248048 251 899 8952
179340128 243 833 8961
179524881 256 395 8980
179591084 256 512 8987
179671854 240 174 8994
179751613 242 848 9002
180124457 256 187 9039
180191207 244 421 9047
180443500 241 918 9073
180591833 244 303 9089
180614334 242 433 9091
180627334 242 263 9092
180856538 240 700 9116
180863547 245 46 9117
181152547 243 61 9146
181232191 256 412 9155
181371025 247 194 9169
181427257 240 645 9175
181510045 247 593 9183
181534168 255 367 9185
181601559 248 843 9191
181611960 242 728 9192
181666501 246 818 9197
181779627 251 31 9207
181876357 253 846 9216
181895912 245 783 9218
181938202 255 270 9222
182055193 240 272 9234
182107282 248 571 9239
182134670 241 216 9242
182163268 248 775 9246
182247617 242 523 9254
182296438 248 153 9259
182355083 258 171 9265
182457690 259 58 9277
182508646 254 204 9282
182797783 241 450 9312
183012444 246 151 9334
183119196 243 903 9345
183748306 242 657 9410
183761306 240 59 9411
183813349 244 327 9417
184025275 242 900 9440
184280630 257 971 9465
184288989 258 776 9466
184434070 252 461 9481
184928840 249 488 9530
185142652 252 926 9553
185397125 241 502 9580
185421339 248 943 9583
185712436 254 61 9614
185799093 253 30 9622
185864056 254 805 9628
185937696 240 134 9635
186080009 251 946 9651
186224600 244 825 9665
186236474 251 14 9666
186528968 256 494 9695
186686310 242 892 9712
186719616 251 858 9715
186787853 250 757 9722
187017714 246 516 9745
187103401 247 842 9754
187137142 244 132 9757
187310841 256 468 9775
187424248 240 486 9786
187803847 259 487 9823
187811030 244 965 9824
187939277 242 736 9837
187996868 258 709 9843
188107833 240 784 9854
188527573 248 698 9898
188702311 242 47 9914
188718866 258 630 9916
189262695 258 979 9972
