63358 114 1193 2
357536 113 548 17
444205 101 849 21
627147 115 55 30
1408521 110 1107 70
1563292 101 309 77
1854263 100 1645 91
1964403 106 657 97
2504466 115 957 124
2922532 115 764 144
3015054 116 1830 149
3221724 108 816 159
3440904 107 1211 170
3465272 101 1392 171
4358134 100 599 217
5158613 110 890 258
5467268 106 15 274
5603919 116 1439 281
5851959 118 1726 293
5873877 115 965 294
6235963 109 36 312
6397873 102 515 320
6682028 100 154 334
6790184 102 1867 339
6945835 115 586 347
7006052 104 1313 350
7368034 106 742 369
7502666 111 247 375
7548360 118 753 377
7611722 113 299 380
7670327 102 1786 383
7724491 110 1225 386
7743056 101 1514 387
7818523 115 1281 391
8197457 103 1370 409
8427094 103 1771 421
8733608 111 81 436
8987171 114 1762 449
9395197 103 549 470
9524244 103 1311 476
9644444 118 999 482
10079209 108 500 504
10101309 115 1465 505
10204599 119 1771 510
10441620 111 1380 521
10897281 118 1574 543
11315694 111 728 563
11657845 118 1668 580
12036058 106 1110 600
12534180 100 1498 626
12723164 102 544 636
12816671 110 1778 641
12988191 106 188 649
13159734 102 1474 657
13935348 115 565 695
14191724 104 1214 708
14680731 102 112 732
15505637 119 1399 773
15596132 107 868 778
15709510 107 877 784
15998701 115 1109 798
17195884 114 1077 858
17662003 112 43 881
17784276 118 1805 887
17994718 102 1362 898
18213113 105 931 909
18722885 103 300 934
18836943 118 1754 940
18915630 117 1684 944
18949838 107 906 946
19107746 102 635 954
19342901 108 710 967
19740564 107 1089 986
20731026 107 727 1034
20826508 117 101 1039
21386331 118 1031 1067
22948638 101 1569 1146
23467952 107 535 1172
23580799 112 125 1178
24271381 106 1737 1213
25041575 103 1969 1251
25110317 115 812 1255
25152067 116 1082 1257
25327489 111 209 1266
25740355 117 1947 1286
26016050 108 1850 1300
26160888 105 181 1307
26366150 101 244 1317
26420217 110 1215 1320
26561076 117 1356 1327
26614350 117 1485 1330
26685430 117 1446 1334
26727204 109 45 1336
26789999 101 1048 1339
27279964 118 829 1364
27533737 113 1255 1377
28172651 108 1444 1409
28595196 107 601 1429
28650869 104 689 1432
29135760 112 1108 1458
29177917 112 980 1460
29400937 116 471 1471
29958040 112 842 1499
30297153 110 944 1515
31070954 110 1587 1552
31292064 111 1716 1563
31463511 103 1989 1572
31586077 101 462 1578
31990071 111 1559 1598
32637631 106 1971 1629
32691233 105 1527 1632
32765461 102 566 1636
32848576 113 672 1640
33400181 116 934 1669
33525554 115 1189 1675
33568245 106 1213 1677
33696781 101 125 1683
34531071 107 1246 1724
34570926 118 1856 1726
34871585 115 1543 1742
34896585 103 1860 1743
35112165 113 1625 1754
35311647 108 536 1764
36323588 103 761 1814
36498895 105 1268 1823
37323904 116 1270 1863
37379322 118 1718 1866
37788527 109 1794 1886
38146980 109 117 1903
40611304 110 140 2025
40816170 111 1603 2035
40987470 109 829 2043
41004070 119 1898 2044
41048978 111 454 2046
41370036 102 68 2063
41582813 109 650 2074
41627601 118 352 2076
41767566 104 1285 2083
42583357 109 828 2123
42742589 108 1323 2131
42885269 114 1950 2138
44198991 108 1148 2204
44347622 106 1867 2212
44386354 118 451 2214
44405277 103 995 2215
45744228 119 1239 2280
45805708 112 386 2283
46069946 103 698 2296
46206360 107 1619 2303
46362773 100 952 2312
46469473 110 1089 2318
46508825 117 1266 2320
46996645 119 1937 2344
47192567 115 697 2354
47253339 114 354 2357
48986427 103 1821 2444
49230125 105 569 2456
49252343 115 1396 2457
50553640 119 445 2521
50735652 119 1850 2530
51100215 114 621 2548
51231975 117 1416 2555
51527030 117 1383 2570
51586461 104 1060 2573
53055323 100 1603 2647
53200950 105 480 2654
53408843 102 1869 2664
53767543 105 54 2682
53925682 108 1508 2690
54224618 117 1467 2705
54569127 106 1045 2722
54659517 107 494 2726
55115960 119 243 2749
55242226 111 1192 2755
55258658 117 850 2756
55280162 112 1682 2757
55490358 114 628 2767
55510054 107 649 2768
55778456 104 271 2781
55854652 104 1607 2785
56260814 104 1670 2805
56468076 105 707 2815
56574016 111 169 2821
57091534 106 1559 2847
57195783 112 1488 2852
57327568 104 591 2859
57581684 104 920 2872
58074751 112 1369 2897
58871003 110 9 2937
59953357 118 1962 2991
60220856 110 634 3004
60245856 108 1131 3005
60767425 103 341 3031
60919582 104 778 3039
61030178 105 153 3045
61194468 106 1841 3053
61397787 117 131 3063
61434564 119 1640 3065
61855702 107 524 3086
61893008 110 317 3088
61913454 118 1458 3089
62333667 103 854 3111
62662191 116 1473 3128
63491501 104 597 3168
63576478 108 368 3172
63813564 104 1495 3184
63828816 104 1165 3185
64171537 111 1883 3202
64213750 102 1359 3204
64568200 102 937 3222
64591299 116 1001 3223
64887289 112 1449 3238
65054187 102 1320 3246
65455456 104 1321 3267
65670238 117 160 3278
65690147 109 913 3279
66128312 111 1910 3301
66187500 100 1736 3304
66207827 106 248 3305
66352315 110 546 3312
66368826 101 177 3313
66408689 114 1589 3315
66826506 101 1475 3335
67091857 111 586 3348
67395774 117 1989 3363
67848480 106 295 3386
68010565 100 1544 3394
69724131 103 1021 3480
69821048 103 887 3485
69946304 104 429 3491
70004356 109 1366 3494
70164122 105 1938 3502
70914904 112 341 3539
71515132 113 418 3569
71805667 114 1931 3584
72031822 116 1368 3595
72118179 103 611 3599
72401691 108 7 3613
73051938 113 840 3645
73090164 108 811 3647
73282053 102 1407 3656
74389124 101 1840 3711
75243894 110 728 3754
75670318 109 1980 3776
76724951 101 1635 3829
77018285 106 982 3843
77039702 106 118 3844
77194837 118 1484 3852
77365718 100 415 3860
77489305 115 692 3866
77737198 102 1778 3878
78115027 102 414 3897
78422216 109 27 3912
78575469 110 976 3920
78987639 113 1743 3940
79509922 106 604 3967
79631615 111 1763 3973
80553791 115 1047 4020
80837952 103 760 4034
81512621 111 1790 4067
81551464 105 1654 4069
81802699 113 706 4082
83710264 102 1519 4177
84100283 108 1035 4196
84805449 106 1198 4232
85286238 119 1202 4257
85446947 109 1816 4265
85494581 117 132 4267
85690325 101 1313 4277
86194534 104 83 4303
86751091 102 14 4330
87106290 113 47 4348
87641050 107 1237 4374
87900946 115 1394 4387
87976894 111 42 4391
88078688 111 1607 4396
88455422 114 856 4414
88885263 102 942 4436
89299659 114 563 4456
89458545 115 1425 4465
89673562 111 1442 4476
90076849 106 1075 4496
90152956 117 429 4500
90423115 116 1908 4514
90893773 115 620 4537
91219381 106 1090 4553
91240444 105 554 4554
91825699 100 1741 4584
92102313 112 7 4598
92480703 114 789 4617
92540225 112 1306 4620
92750404 115 826 4631
93281898 116 1518 4658
93546247 119 1068 4671
94275303 117 439 4708
94797823 117 591 4735
95497512 108 925 4770
95729271 101 352 4782
96272138 102 1386 4810
96507017 111 1456 4821
96797318 110 925 4835
97172226 119 1564 4853
97361180 117 1294 4863
97382867 111 546 4864
97402305 106 1553 4865
97834082 107 65 4886
98040871 103 123 4896
98144748 111 1488 4901
98215639 108 679 4905
98417348 100 949 4915
98471643 119 1556 4918
98539002 118 1935 4922
98561960 114 1895 4923
98761714 104 1279 4933
99093899 108 54 4950
99709795 114 112 4982
101030143 108 520 5048
101290949 101 377 5060
101561328 110 976 5074
101805943 112 5 5087
101941206 117 444 5094
101959469 114 447 5095
102680326 114 127 5131
102889622 103 1435 5141
103008203 102 996 5147
103341696 112 1069 5164
103641309 102 331 5180
103911182 100 962 5194
104310354 112 1398 5215
104652015 118 1702 5232
105296618 102 469 5264
105950206 111 75 5296
106379933 104 1957 5318
106440596 104 1004 5321
106623111 113 1365 5330
107166576 105 1918 5357
107551147 101 454 5377
107903674 100 915 5395
107957564 118 1515 5398
108035890 104 1857 5402
108996879 116 1024 5450
109507842 109 683 5476
110551358 102 81 5528
111070198 103 1053 5554
111433685 111 195 5572
111449234 116 384 5573
111465727 119 207 5574
112597173 111 1071 5631
112615999 109 1751 5632
112820200 117 258 5642
112838019 105 1361 5643
112875335 106 970 5645
112986187 113 1904 5650
113101703 112 1590 5656
114224472 108 175 5712
114528748 116 1786 5727
114764151 108 89 5738
115047129 109 1214 5753
115476532 102 1190 5775
115498125 112 797 5776
116477174 101 1363 5827
116719357 104 929 5839
117005075 116 242 5854
117025394 118 342 5855
117136833 108 1962 5861
117607342 107 1849 5884
118134790 102 1800 5910
118190030 101 1620 5913
119143301 101 385 5960
119179629 117 1740 5962
119337513 110 296 5970
119433072 103 1162 5975
119449119 116 1774 5976
119870488 112 433 5997
120124949 107 1942 6010
120521985 117 1392 6030
120600016 103 802 6034
120653433 101 629 6037
121306490 104 885 6071
123127797 102 758 6161
123328328 106 798 6171
123410162 118 1047 6175
123487616 108 1041 6179
123686500 103 1425 6189
123857103 116 798 6197
124004235 114 1256 6204
124680233 100 1304 6238
124738741 113 323 6241
124842310 113 1190 6247
124865118 104 482 6248
125184767 113 1366 6264
125208293 113 935 6265
125301315 113 1881 6269
125461740 107 871 6277
125501838 101 295 6279
125990018 106 1068 6303
126214850 114 984 6314
126432495 113 575 6325
127243906 117 141 6366
127508897 101 123 6379
127572529 103 677 6382
127743664 119 1527 6390
128006363 111 96 6404
128195102 107 1114 6414
128264167 103 1614 6418
128448408 104 1197 6427
128591359 109 1257 6434
128744007 117 1417 6441
128805755 113 1382 6444
129913799 100 1954 6499
130215814 116 1571 6514
130273651 102 513 6517
130358793 118 138 6521
130436109 108 1153 6525
130476454 111 1292 6527
130781437 100 952 6542
130890108 111 1558 6548
130978940 103 646 6552
131081543 119 462 6557
131113384 117 1049 6559
131197618 106 892 6563
131645989 100 164 6586
132152598 111 986 6611
132337932 102 757 6620
132485974 107 1429 6627
132683213 106 1644 6637
133050972 100 153 6656
133659120 105 1301 6686
133720911 116 61 6689
133764124 104 945 6691
134213085 102 1804 6713
134542377 108 1160 6729
134640601 103 1312 6734
134883788 113 1201 6746
135244843 116 1754 6764
135435706 117 581 6773
135788878 105 454 6791
135952302 113 1943 6800
136198764 112 194 6812
136624356 103 358 6833
137062962 110 1392 6855
137331964 110 444 6868
137356376 112 563 6869
137535719 115 1804 6878
138247312 104 16 6914
138880593 103 1493 6946
138971786 101 225 6951
138996786 114 1190 6952
139428483 100 251 6974
139736611 118 713 6991
140208131 112 1078 7016
140443125 111 865 7028
140998774 103 5 7055
141564682 101 617 7083
141611677 105 827 7085
142211916 102 239 7114
142250623 116 1773 7116
142432997 101 1269 7125
143377751 110 1548 7173
143497505 114 59 7179
143765290 112 1394 7193
143993005 102 337 7205
145141095 115 1261 7264
145238951 118 269 7269
145278858 115 969 7271
145529457 113 869 7284
145808754 105 1947 7298
146109348 115 159 7313
146159998 110 1897 7316
146311653 113 1570 7324
146437367 106 453 7330
146810842 113 1857 7349
147264725 104 1352 7371
147601382 110 433 7388
148015348 119 244 7409
148294575 104 431 7422
149345503 111 1749 7474
149616126 117 498 7488
149794860 114 1877 7496
149899713 104 647 7501
150328754 118 1301 7523
150352801 105 1363 7524
150530404 101 732 7533
150633695 104 1313 7538
150651186 115 155 7539
151111021 110 118 7562
151149637 103 946 7564
151208987 117 1837 7567
151381130 116 755 7575
151745138 106 1921 7593
151867665 104 772 7599
152410547 104 236 7626
152562666 100 532 7634
152773610 113 124 7645
152972019 112 1922 7655
153517847 118 1791 7683
153963471 100 1759 7704
154402747 108 1546 7726
154519485 103 160 7732
154586274 105 1855 7735
154788283 104 1863 7745
154828954 114 55 7747
155170646 116 34 7764
155268754 113 976 7769
155417774 119 595 7776
155558096 107 861 7783
155907052 101 1832 7800
156852122 107 470 7847
157210006 119 635 7865
157311041 106 1126 7871
157821578 115 1150 7897
158086245 104 1296 7910
158188649 109 768 7915
158641893 101 199 7938
158663319 105 1347 7939
159180685 114 147 7965
159311719 102 356 7971
159727941 101 1897 7992
160120357 108 223 8011
160767320 100 1066 8044
161185369 116 1059 8066
161378720 117 1679 8075
161464339 113 1235 8079
162599837 113 598 8135
163128246 102 1806 8162
163208972 112 1622 8166
163375764 117 1435 8174
163416547 108 507 8176
163810215 119 344 8195
164195199 106 1726 8214
164276800 104 1634 8218
164358807 115 1470 8222
164710399 112 1163 8240
164747064 108 522 8242
164924939 106 1963 8251
164942110 105 1694 8252
165389211 113 390 8275
165584203 108 592 8285
165699575 105 1502 8291
165813443 116 1738 8297
165913875 108 767 8302
166040120 103 1645 8308
166071722 116 1841 8310
166865088 114 750 8348
166921042 112 1401 8351
166943202 111 404 8352
167231982 101 848 8366
168381823 113 27 8423
168451784 111 1361 8427
168510481 112 48 8430
168792494 100 1777 8444
169616645 115 702 8485
170848181 119 605 8548
171438461 115 1483 8579
171554707 115 56 8585
172801550 100 926 8647
173253184 112 209 8670
173448922 102 545 8680
173765668 104 1238 8696
174038218 101 241 8710
174093965 109 738 8713
174153612 104 1928 8716
174697829 119 124 8743
175444959 118 1671 8781
176681034 102 689 8842
177339842 117 822 8875
177397522 117 1442 8878
177658359 113 1190 8890
177824538 104 1700 8899
177862745 110 1898 8901
178793596 106 1695 8948
178949809 100 238 8955
179207610 116 457 8968
180167760 111 209 9015
180248948 103 519 9019
180349392 115 1977 9024
181311444 103 791 9071
181349438 103 929 9073
181441400 104 1892 9078
181524603 102 799 9082
181932007 116 318 9102
181975192 103 1888 9104
182316175 103 1587 9121
182478442 112 668 9129
183685951 119 539 9190
184099793 116 1369 9212
184268242 111 338 9221
184615474 119 515 9239
184968057 111 476 9257
185196617 117 1641 9268
186391173 107 1399 9327
186447392 115 429 9330
186567732 106 1144 9336
186589288 106 91 9337
187271777 109 813 9370
187308806 107 1844 9372
187539045 110 334 9383
188056177 114 768 9407
189004280 112 1272 9454
189186669 104 574 9464
189675863 118 334 9488
189817451 114 344 9495
190154638 109 944 9511
190191949 115 1462 9513
190463195 112 348 9526
190989326 117 472 9552
191115516 118 1527 9558
191622048 117 1963 9585
191931514 102 771 9600
192626962 104 139 9635
193038529 114 567 9655
193117602 119 52 9659
193447452 118 1702 9676
193488923 102 330 9678
193678266 117 75 9688
193780671 100 914 9693
194231001 103 1246 9715
194355915 114 1710 9721
195185510 117 522 9762
195295011 119 1518 9767
195505188 113 1299 9778
195961165 107 1728 9801
196058517 102 1752 9806
196091109 100 66 9808
196169351 108 1558 9812
196516915 113 883 9829
196588060 100 289 9833
197260177 106 93 9865
197386610 102 863 9871
197600506 101 540 9882
197625179 104 1875 9883
197704234 100 340 9887
197726338 116 894 9888
198173906 100 584 9910
198403944 111 599 9922
198582591 103 292 9931
199642291 113 1101 9984
200192140 108 1279 10012
200235161 115 629 10014
200259470 110 1060 10015
200325216 111 1074 10018
200645694 109 284 10034
200898876 117 691 10047
201471518 100 555 10075
201908472 102 162 10097
202024221 106 1849 10103
202348503 118 1416 10119
202511423 117 328 10127
202699508 106 1274 10136
202779857 104 778 10140
202882628 119 791 10145
203237827 114 1064 10163
204072721 118 1189 10205
204223463 107 1589 10212
204438925 100 1012 10223
204500675 110 1910 10226
204765815 116 1047 10240
205465443 110 1768 10274
205580990 119 193 10280
205959853 105 256 10299
206666937 107 1168 10334
206796250 104 509 10341
207360406 112 369 10369
208101623 100 864 10407
208123445 104 168 10408
208463055 101 844 10425
208634636 100 1014 10434
208808182 101 1278 10443
209135626 100 1338 10459
210299331 103 1528 10518
210631309 107 1439 10534
210971678 102 265 10551
211093950 109 489 10557
211481994 104 2 10576
212841936 113 273 10644
213095137 111 1695 10656
213318892 119 1120 10667
213893206 106 115 10694
214464380 102 1535 10722
214899753 113 1753 10744
215083599 108 410 10753
215122821 103 1336 10755
215187946 109 876 10758
215332761 114 315 10764
215474527 116 914 10771
215498618 100 1696 10772
216145681 114 754 10805
217035113 111 498 10850
217309385 116 1043 10863
217325366 101 1029 10864
217516923 103 486 10874
217556333 117 67 10876
218034077 116 66 10900
218209586 119 666 10909
218323304 110 967 10915
218935024 110 19 10944
219015110 105 395 10948
219033718 103 243 10949
220347703 111 1514 11014
221332825 117 654 11065
221642857 110 1959 11080
221821181 110 1649 11089
221877213 115 162 11092
222022282 102 304 11100
222068039 117 1798 11102
222918855 114 517 11144
223524278 119 1558 11174
223866505 107 1464 11191
223993086 109 269 11197
224089620 104 1404 11202
224225759 104 1118 11209
224556209 103 1189 11226
225149813 105 639 11256
225972367 112 1671 11298
226261202 109 1656 11313
226513986 109 1177 11326
227101666 106 1000 11355
227122914 109 898 11356
227486156 106 1758 11374
227784374 102 700 11390
228001358 111 205 11402
228520136 112 983 11427
228735057 109 1435 11438
228946267 113 1495 11448
229141352 104 239 11458
229643008 116 485 11483
229838452 105 1403 11493
230127913 105 270 11508
230336209 113 1887 11518
230380490 117 1171 11520
230601785 110 1022 11531
231403341 109 1151 11570
232061589 109 1326 11604
232254971 107 317 11613
232292622 116 406 11615
232396357 111 113 11620
233108909 119 1399 11655
233915053 114 965 11695
234024907 117 1967 11700
234128975 102 396 11705
234294238 119 963 11714
234750626 115 382 11736
234785290 109 399 11738
234871001 106 1063 11742
235075415 100 440 11752
235136534 105 1414 11755
235456640 113 736 11771
235605234 115 80 11779
235936318 108 928 11796
236378404 109 745 11818
236521874 101 1031 11825
236941729 117 140 11846
237275462 102 605 11862
237809173 104 1881 11890
238036017 106 761 11901
238248180 119 695 11912
238380365 102 1233 11918
238865854 100 577 11942
238939908 103 1159 11946
239925617 104 114 11995
240091177 103 167 12003
240241291 100 1128 12011
240305325 114 900 12014
241022076 103 634 12050
241411253 115 314 12069
241569918 115 299 12077
241781369 110 112 12088
242139448 106 563 12106
242680660 105 1932 12133
242802145 113 140 12139
243003581 101 118 12149
243445632 115 1994 12171
243819288 108 1711 12190
244023996 104 801 12201
244108129 111 1611 12205
244313864 104 1001 12216
244404797 103 734 12221
244947963 105 927 12249
245027147 119 1403 12253
245063630 103 1218 12255
245766469 107 1607 12290
246982556 102 1545 12349
247140509 112 1759 12357
248072907 116 701 12404
248176329 101 89 12409
248413042 107 939 12421
248732295 100 95 12437
248965221 105 1118 12449
249525464 108 447 12476
249716172 118 11 12486
249947810 105 1409 12497
250567427 109 1327 12527
250685071 101 1920 12533
250742626 116 1809 12536
251607853 112 1510 12578
251760089 119 1264 12586
251989024 103 1170 12598
252568402 110 1946 12627
252589779 117 1222 12628
252824606 117 1903 12640
252990338 107 626 12648
253262535 118 1122 12661
254428731 111 501 12720
254465474 110 625 12722
254508826 108 1406 12724
254674709 108 1657 12732
255997106 104 443 12799
256189708 100 1449 12809
256390511 117 867 12819
256697270 113 380 12834
256740024 110 1340 12836
256901918 110 1257 12845
257024208 102 968 12851
257042225 108 1817 12852
257132646 102 1661 12857
258065274 102 1733 12904
258169303 112 731 12909
258250202 113 76 12913
258286319 108 1601 12915
258890388 105 95 12946
259212491 118 1738 12962
259539461 115 847 12978
259621046 113 1266 12982
259897220 104 943 12996
260178939 103 1412 13010
260731780 115 881 13038
260939101 100 1107 13048
260975915 105 1647 13050
261077685 103 1791 13055
261099182 104 1301 13056
261488111 100 752 13075
261862723 103 417 13094
262162856 107 1324 13109
262284668 108 1952 13115
262978229 100 1994 13151
263297114 110 443 13167
263315629 101 1459 13168
263379461 101 877 13171
263461975 104 1652 13175
263586293 103 1294 13181
263958717 111 1239 13199
264342555 104 1403 13218
265267668 102 1434 13264
265391156 112 144 13270
265819687 112 646 13292
266355930 105 741 13318
266914403 101 383 13346
267175307 106 1215 13358
267540912 108 121 13377
268255327 118 1910 13414
268501654 112 1810 13426
268541850 102 1325 13428
269833715 118 1647 13493
269848715 103 1014 13494
269994885 107 932 13501
270357797 105 1687 13519
270557761 112 1552 13529
270590240 114 1089 13531
270696047 106 1476 13536
270773303 102 1331 13540
271311411 107 1736 13566
271418452 108 452 13572
272023756 110 1595 13603
272238198 114 1981 13614
272743453 102 1743 13639
273032759 101 841 13653
273241786 116 1624 13664
273467709 112 1289 13675
273530410 102 577 13678
273883635 119 1225 13695
274011346 110 235 13701
274081269 116 414 13704
274247466 117 48 13713
274955050 102 1557 13749
275074073 106 1288 13755
275180312 117 273 13760
275386611 111 208 13771
276034287 114 1870 13805
276307618 102 1140 13818
276435543 116 772 13824
276662172 116 872 13836
276920645 115 1386 13848
277176142 113 1890 13861
277434443 113 1498 13874
277645866 109 1191 13884
277685026 119 1575 13886
278214083 105 250 13913
278234791 108 1160 13914
278296707 114 30 13917
278485685 101 277 13926
278966076 114 722 13951
279686388 105 1203 13988
279828045 119 1090 13995
280239955 108 573 14015
280547488 119 829 14030
280775082 106 1022 14041
280883948 118 631 14047
281042074 112 344 14055
281067074 114 1262 14056
281554355 115 1849 14079
281680796 119 1490 14085
282034413 105 1046 14103
282371051 116 106 14119
282407744 100 1262 14121
282701611 111 1417 14137
282768164 100 835 14140
283203602 103 654 14162
283238043 119 823 14164
283340110 101 1139 14169
283630440 105 1436 14184
284152355 108 1646 14211
284314628 103 114 14219
284468108 113 732 14227
284848246 116 1524 14245
285053766 105 1185 14256
285259686 118 368 14266
285541130 116 1493 14280
285910949 110 711 14299
286425087 114 1464 14325
286715589 113 842 14339
286974341 119 1593 14352
287811348 113 1895 14394
287849538 106 153 14396
288173179 104 422 14412
288546406 114 1461 14430
288965253 110 1487 14450
288999779 103 1106 14452
289280380 114 569 14466
289373880 115 1339 14471
289393841 105 891 14472
289429309 109 438 14474
289607073 109 808 14483
290336189 117 1289 14519
290395028 112 1314 14522
291185001 119 1156 14562
291327928 111 963 14569
291826273 104 1327 14593
291891842 114 865 14596
292052237 112 1702 14604
292085189 106 1702 14606
292658499 117 469 14634
292756693 111 711 14639
292916398 106 1672 14647
293080633 107 1538 14655
293124179 118 266 14657
293144728 107 1302 14658
293198081 102 1444 14661
293300131 119 1442 14666
293629596 106 643 14682
293748526 101 1442 14688
293784040 100 1941 14690
294510040 107 772 14726
294986837 109 373 14749
295147559 102 973 14757
295340454 102 763 14766
295721924 113 969 14785
296025942 106 1135 14799
296180514 116 606 14807
296638872 106 1502 14830
297151869 115 1003 14855
297198064 113 1774 14858
298312783 115 1661 14914
298533164 101 934 14925
299056973 114 1265 14951
299158637 111 573 14956
299239459 119 342 14960
299353028 109 652 14966
299437228 108 1700 14970
299570064 106 482 14977
299801735 119 763 14989
300163675 105 836 15007
300224405 101 1734 15010
300500351 114 1767 15023
301158938 111 879 15057
301236858 112 1605 15061
301474087 116 119 15072
302334161 101 120 15115
302349161 109 1483 15116
302439872 115 1149 15121
302727477 116 943 15135
303057923 103 242 15151
303140282 107 819 15155
303234495 117 1009 15159
303632854 103 914 15179
303653843 106 949 15180
303726776 104 624 15184
303878248 107 574 15192
303922616 107 151 15194
305274591 113 1026 15259
305357630 102 1760 15263
305375854 108 313 15264
305476226 114 836 15269
305619481 119 1366 15276
305760207 102 1724 15283
306752143 115 746 15333
307046039 103 1979 15348
307262323 106 37 15359
307301699 109 615 15361
307554148 102 1106 15374
307572874 105 843 15375
308345664 102 1466 15414
308921735 118 942 15442
309106451 104 590 15451
309829778 109 773 15487
309991533 104 1465 15495
310087068 113 360 15500
310213096 110 808 15506
310618515 118 1953 15526
310900115 112 1952 15541
311197015 115 1506 15556
312018189 103 1742 15598
312063119 117 1881 15600
312081688 101 315 15601
312458233 118 835 15620
312556886 106 603 15625
312693495 114 203 15632
312758062 107 930 15635
313103370 117 1753 15652
313273454 115 1187 15661
313338864 103 1497 15664
314194116 103 1284 15709
314748691 106 1583 15737
314818591 104 1828 15740
315126448 108 123 15755
315165899 108 287 15757
315432785 107 1578 15771
315620339 118 1807 15781
315643656 105 1382 15782
316257109 116 1145 15812
316590886 104 555 15830
316710392 118 17 15836
316863176 110 875 15844
316983982 103 39 15850
317395809 109 1231 15871
317573472 114 366 15881
317609196 110 424 15883
317748489 115 1517 15890
317786853 118 1356 15892
318644960 111 1959 15935
318754662 116 820 15941
318917188 117 37 15949
319076074 109 205 15956
319098873 108 1023 15957
319199000 111 59 15962
319241224 113 1083 15964
319580614 103 1286 15981
319658520 116 408 15985
319800822 113 1946 15992
320081249 115 555 16006
320121455 112 829 16008
320633271 104 852 16032
321140157 100 1557 16057
321538543 115 428 16077
321848346 102 1586 16092
322049825 100 139 16102
322068824 113 771 16103
322395128 111 818 16119
322683573 104 1339 16134
322956639 103 1170 16148
323120151 116 1934 16157
323145151 106 1986 16158
323366792 114 1978 16169
323387420 103 1141 16170
323430291 116 1384 16172
323470092 112 1969 16174
323576921 118 1000 16179
323676423 111 1709 16184
323714931 117 68 16186
324164313 118 1419 16209
324665798 100 1352 16235
324702596 116 94 16237
324912118 119 1325 16247
325032570 106 1959 16253
325077528 115 836 16255
325849432 117 1274 16294
325886097 114 36 16296
325978634 116 1868 16301
326337915 112 808 16319
326501142 100 1946 16327
326959021 105 706 16350
326975784 111 156 16351
327873087 113 1985 16394
327894940 108 957 16395
328329374 106 211 16416
328501252 119 1804 16425
328797124 111 1414 16440
328910346 108 98 16446
329007425 104 1214 16451
329522021 104 328 16476
329541191 107 1521 16477
330092224 111 134 16505
330199740 114 1981 16510
330999848 105 129 16550
331015263 106 1821 16551
331074264 110 131 16554
331359188 110 652 16568
331395244 119 170 16570
331758388 114 2 16588
331794994 112 1899 16590
332267830 112 429 16613
332489612 113 484 16624
332656541 114 876 16632
332849852 101 1122 16642
333353540 103 413 16667
333374206 102 337 16668
333393834 104 1782 16669
333470212 114 1998 16673
334045421 111 1175 16701
334317358 102 759 16714
334903970 103 1434 16743
334988134 106 1006 16747
335012352 115 570 16748
335644995 116 61 16780
335669995 116 887 16781
336265723 116 1433 16810
336386641 114 353 16816
336480484 103 256 16821
336770811 113 1174 16836
336844767 108 1329 16840
337510129 100 1955 16872
338104237 107 668 16903
338217371 101 1805 16909
338258665 113 320 16911
338385523 110 519 16917
338530743 113 1102 16925
338823926 109 1383 16939
338865392 104 936 16941
339711804 102 708 16983
340488786 104 432 17023
340854860 111 1327 17041
341018374 100 540 17049
341605706 105 1557 17078
341893577 105 979 17092
342072837 108 1789 17101
342247954 114 245 17110
343130970 101 913 17155
343559082 117 665 17177
344428568 109 930 17220
344612691 103 604 17230
344986940 104 1072 17249
345122567 112 1352 17256
345267685 107 1059 17263
345287154 109 411 17264
345514696 112 715 17275
345872531 116 482 17293
346109774 110 995 17305
346132206 102 322 17306
346150507 104 1132 17307
346472986 117 115 17323
346652548 105 1689 17332
346937652 106 1585 17346
346956823 102 1161 17347
347114425 114 1244 17355
347151712 117 38 17357
347292335 102 1215 17364
347314091 100 1315 17365
347559820 112 1495 17377
347984949 115 1354 17399
348327399 103 657 17415
348532753 111 1685 17426
348760326 100 1481 17438
349145050 102 1162 17457
349685846 116 1120 17484
350070216 106 470 17503
351792264 111 977 17588
351814520 117 1094 17589
351882119 110 707 17592
352342382 108 576 17615
352473863 114 1946 17622
352632895 110 87 17630
352868075 108 1071 17641
353028582 112 1544 17649
353148244 113 68 17655
353213127 102 1052 17658
353390734 106 1362 17667
353466578 110 559 17671
353487545 103 1524 17672
353508601 114 257 17673
353908904 104 980 17692
354082509 101 385 17701
354159426 101 399 17705
354305890 103 935 17713
354541139 113 71 17724
354562090 109 991 17725
354687713 107 378 17732
354720164 103 1694 17734
354798403 110 1052 17738
354859791 101 1478 17741
354877059 105 560 17742
354998957 109 327 17748
355144877 117 19 17756
355906032 112 566 17794
356035756 102 247 17800
356193369 100 518 17808
356364144 102 1046 17816
356418757 103 641 17819
357372611 105 1006 17866
357741348 102 1229 17885
357763617 107 953 17886
357780707 110 1121 17887
357922821 119 1205 17894
358112974 105 1460 17904
358257401 107 537 17912
358318661 103 1643 17915
358604616 116 587 17930
358837113 107 1457 17942
359369017 110 560 17970
359591092 114 423 17982
359632047 114 80 17984
359779578 108 1278 17992
360036573 116 915 18005
360249373 104 884 18016
360770422 118 1916 18043
360878758 117 1445 18048
361086719 102 1445 18059
361125153 101 20 18061
361180629 103 460 18064
361690848 118 742 18090
361757321 111 803 18093
361772321 107 652 18094
361886303 113 1180 18100
361926369 101 406 18102
362098959 103 606 18110
362220386 112 1610 18116
362333686 110 361 18122
362356750 105 1158 18123
362590962 114 698 18135
362628358 115 590 18137
362842128 100 1017 18148
362970448 103 159 18154
363070573 119 278 18159
363588073 111 1038 18184
363871151 111 680 18198
364191266 105 690 18213
364211269 116 870 18214
364319089 108 1447 18219
364513943 116 1663 18229
364710982 116 1704 18239
364845081 119 1617 18246
364935618 118 106 18251
365272156 115 1967 18268
365574865 115 474 18283
366063263 113 1782 18307
366325192 100 1648 18319
367208757 119 1147 18364
367377041 114 1566 18372
367561012 111 213 18381
367717803 105 268 18389
367996340 111 281 18405
368149231 115 165 18413
368164231 114 1356 18414
368341869 108 1050 18423
368366044 118 1718 18424
368552212 114 1636 18434
368756129 102 751 18444
368813906 105 1169 18447
368856697 113 342 18449
368974351 101 1536 18455
369192655 103 107 18466
369484911 110 1179 18481
369561697 117 187 18485
369625822 109 1684 18488
369647632 115 1524 18489
370054159 115 1054 18510
370720743 117 156 18542
371374019 111 22 18575
371708386 105 584 18592
371974171 102 1453 18606
372199497 112 157 18618
373210339 102 1487 18667
373229444 103 1645 18668
373429768 117 1454 18679
374007639 118 76 18709
374273438 117 154 18723
374354928 110 639 18727
374605669 113 1604 18740
374689519 114 924 18744
375401152 119 828 18780
375419007 107 409 18781
375439623 111 1937 18782
375523398 113 35 18786
375539095 101 973 18787
375618501 104 1764 18791
375755547 119 572 18798
375839534 102 424 18802
376427579 116 883 18831
376518024 105 1736 18836
376596270 104 1861 18840
376903538 106 401 18856
377569738 110 174 18889
377609658 119 240 18891
377693430 108 1693 18895
378670855 104 1587 18943
378690301 109 1465 18944
378978229 103 1918 18958
379080857 111 1155 18963
379197549 100 1950 18969
379222549 109 615 18970
379391427 102 1190 18979
379542744 113 1007 18986
380667559 112 1452 19043
380759844 114 411 19048
380926427 106 944 19057
381928462 111 136 19106
381983070 105 1978 19109
382025250 103 1079 19111
382041256 118 834 19112
382144522 103 407 19117
382413874 109 1155 19131
382496215 101 171 19135
382590994 108 529 19140
382935135 107 1166 19158
383068614 118 284 19165
383261872 103 35 19174
383560684 116 1186 19189
383728334 103 120 19197
383905431 106 1289 19206
384097780 115 1792 19216
384266072 105 525 19224
384386901 115 967 19230
384489131 101 1398 19235
385251531 119 1241 19274
385542259 101 1222 19289
385561683 107 1192 19290
385660212 111 618 19295
386331080 104 161 19328
386538025 107 1815 19339
387495153 103 1148 19385
387688906 118 1432 19395
388369983 110 829 19429
388700907 100 1653 19445
389072743 103 1043 19464
390304810 109 420 19526
391706364 111 892 19597
392087746 116 132 19616
392213137 105 278 19622
392446746 117 672 19633
392564445 109 1205 19639
392766280 106 1664 19649
392785586 104 46 19650
393288723 119 359 19675
393572244 102 1766 19689
393657505 104 92 19693
393735577 115 596 19697
393757795 102 1518 19698
393855813 119 459 19703
393969363 113 106 19709
394158424 104 137 19719
394231162 109 649 19723
394472064 107 1122 19735
394529151 101 769 19738
395125562 108 1841 19768
395389136 109 456 19781
395404870 109 1268 19782
395646155 102 204 19794
396349673 117 1045 19830
396597502 119 1219 19843
397453125 112 236 19885
397536556 108 1016 19889
397706054 110 857 19897
397833619 105 1940 19904
398039536 101 1877 19914
398195863 107 744 19921
398302458 109 1320 19926
398800827 117 651 19951
398844853 110 444 19953
398978187 100 1475 19959
399167417 112 798 19968
399300683 105 1622 19975
