466749 145 693 22
592160 150 381 28
1067580 141 513 53
1228003 146 253 61
1354968 144 1106 67
1519408 153 1751 75
1635793 158 1366 81
1783825 153 864 88
1910024 156 36 94
2795588 150 726 138
3054026 152 832 151
3178293 149 1920 157
3203026 152 1352 158
3262203 149 1903 161
3337218 158 1078 165
3838053 150 1367 190
3876737 154 819 192
3994360 159 1778 198
4045945 158 1816 201
4314872 145 377 215
4614499 159 764 230
5510858 156 1536 276
5894437 141 711 295
6018041 149 1615 301
7169627 140 1778 358
7204614 154 1344 360
7411478 148 1778 371
8236098 143 1898 411
8374669 141 1120 418
8557269 145 194 428
8582019 141 507 429
8605845 149 15 430
8691956 149 658 434
8970642 147 1789 448
9317654 143 638 466
9335529 148 1968 467
9370271 157 549 469
9545650 158 1848 477
9567887 146 1342 478
9787231 144 616 489
9847899 150 124 492
10020935 142 1318 501
10165776 149 1388 508
10526838 142 174 525
10711107 159 997 534
11378153 141 1596 566
11401026 141 1160 567
11642845 159 920 579
12905593 146 1972 645
13033811 150 1784 651
13081533 140 1346 653
13111533 148 1514 655
13214696 152 483 660
13260592 151 482 662
13321410 157 670 665
13472434 141 834 672
14154180 157 219 706
14427878 143 1302 719
14484281 151 1864 722
14698801 156 1473 733
14794423 149 1595 738
14910591 141 1150 744
15227849 155 853 760
15687200 156 1024 783
15872690 144 815 792
15981340 157 342 797
16283246 141 1636 813
16547974 158 1907 826
16587935 153 927 828
16966187 151 469 847
17078240 157 1586 852
17532201 148 253 874
17939445 151 1029 895
18015371 153 490 899
18036168 156 245 900
18113131 156 1164 904
18786134 155 91 937
18931643 144 1156 945
19165149 142 714 957
19641806 150 204 981
19840930 149 1857 991
20066671 154 640 1002
20205994 158 944 1008
20269047 152 1028 1011
20376336 147 386 1016
20460367 144 1013 1020
20493666 145 977 1022
20600057 142 1284 1027
20695594 142 919 1032
21158404 142 1753 1055
21367087 140 1749 1066
21440967 142 1689 1070
21518087 155 414 1074
21722396 152 941 1085
21880901 149 1703 1093
21966427 155 1932 1097
22026636 159 1283 1100
22307736 146 1753 1114
22347016 143 846 1116
22488543 148 126 1123
22508817 147 1740 1124
22663415 146 1739 1131
23005780 141 1844 1149
23074840 148 806 1152
23145786 141 493 1156
23688774 145 287 1184
24002783 145 1576 1200
24182040 159 1151 1209
24329353 156 699 1216
24365785 147 1509 1218
24609264 147 1014 1230
24730614 140 620 1236
24877821 143 42 1243
24949939 146 812 1246
25662738 158 170 1282
26926027 142 301 1346
27318266 149 653 1366
27726234 145 671 1387
28067622 141 760 1404
28683402 156 1188 1434
28814022 153 1545 1441
28899675 157 1825 1445
28942070 147 1830 1447
29241034 154 978 1463
30358146 142 729 1518
30933020 148 209 1546
31025363 158 707 1550
32229517 152 1180 1609
32273525 149 472 1611
32810609 142 69 1638
32866013 152 240 1641
33733271 153 1654 1685
34150918 156 1934 1705
34639938 140 573 1730
34661130 146 986 1731
35237947 140 102 1760
35477749 153 1569 1772
35873218 150 1030 1792
36341574 150 1939 1815
36420880 141 482 1819
36851005 147 1512 1840
36894997 145 1887 1842
37363925 143 1941 1865
37965490 141 788 1894
38434044 156 201 1917
38491936 144 284 1920
38971239 141 953 1943
39457622 145 1739 1967
40378044 155 593 2013
40394250 158 1896 2014
40636304 152 1606 2026
40744122 151 730 2031
40836056 142 1483 2036
41142016 147 149 2051
41195697 148 1544 2054
41467460 144 406 2068
41726861 144 541 2081
41828671 157 675 2086
42357665 149 1387 2112
42460820 143 1219 2117
43139278 140 207 2151
43157773 148 213 2152
43243259 157 1643 2156
44143846 140 121 2201
44939943 148 806 2241
45138150 142 1009 2251
45426441 145 690 2265
45720848 147 1206 2279
46704294 152 1287 2330
46747298 153 395 2332
46835433 159 1013 2336
47422479 150 1567 2365
47463667 143 208 2367
47478667 147 1022 2368
47720626 155 362 2380
47850834 154 1095 2387
48112591 140 1009 2401
48209853 143 729 2406
49446525 145 1503 2467
49461525 140 178 2468
49563788 141 238 2473
50416720 147 702 2514
50938020 142 819 2540
51277374 144 484 2557
51378405 150 388 2562
51659051 151 234 2577
51988055 140 1392 2593
52368690 151 1211 2613
53224060 142 64 2655
53308920 144 1895 2659
54046031 142 669 2696
54141761 151 857 2701
54528826 146 1172 2720
54593988 144 1313 2723
55199290 145 767 2753
55442785 146 391 2765
55835507 149 359 2784
55890286 158 744 2787
55909741 154 1823 2788
56132693 147 378 2799
56154643 143 340 2800
56769057 153 189 2831
57175190 147 1659 2851
57541827 146 1442 2870
58232383 141 1177 2905
58640620 154 1949 2925
58888189 151 196 2938
58992205 144 914 2943
59270769 140 412 2956
59408706 149 495 2963
59991422 143 196 2993
60078082 159 563 2997
60203389 154 110 3003
60325442 140 1687 3009
60661226 159 1847 3026
61301000 152 1522 3058
61876867 143 211 3087
62412635 155 57 3115
62459413 140 1959 3118
62505645 146 198 3120
62546189 159 989 3122
62589186 146 357 3124
64050092 158 1840 3196
64190805 158 877 3203
64393764 146 1182 3213
64720806 158 1413 3230
64762731 142 1528 3232
64826616 145 1298 3235
64910621 142 502 3239
65089054 152 211 3248
65335699 145 1739 3261
65954473 152 929 3292
65998307 141 1198 3294
66039565 146 1937 3296
66387232 150 1892 3314
66898715 155 1190 3338
67040469 144 1176 3345
67131335 152 196 3350
67235464 152 1446 3355
68126928 147 1258 3400
68726488 155 867 3430
69452179 159 768 3466
69922927 153 1604 3490
70046681 159 726 3496
70370250 156 1824 3513
71495180 151 725 3568
71660324 142 605 3577
71974344 155 1184 3592
72265027 157 1932 3606
73215872 152 194 3653
73522991 158 376 3668
73644624 141 1263 3674
73814479 158 1572 3682
74806047 151 78 3732
75186950 156 1397 3751
75359671 140 899 3760
75526191 145 1292 3769
75631506 150 626 3774
75727116 146 1064 3779
76023600 145 1097 3794
76039747 158 1010 3795
76097288 148 708 3798
76253732 158 1793 3806
76768024 158 1281 3831
77081228 153 1879 3846
78034494 147 965 3893
78133167 146 451 3898
79256563 147 1476 3954
79606918 152 1612 3972
79649686 146 1795 3974
79859437 151 824 3985
79953340 152 740 3990
81000812 142 1598 4042
81080818 150 834 4046
81985482 144 137 4091
82745646 150 18 4129
83042775 155 608 4144
83124575 157 1292 4148
83309067 151 1309 4157
83515847 149 1912 4167
84361979 144 1921 4209
84585462 142 1409 4221
85330714 148 1201 4259
85349553 155 634 4260
85409440 142 569 4263
85470271 143 731 4266
86015886 151 137 4294
86104351 153 770 4298
86229070 159 1049 4305
86335415 145 1179 4310
86805735 157 680 4333
87122162 142 711 4349
87287899 154 1454 4357
87555745 157 49 4370
88395463 158 1124 4411
88513987 152 830 4417
88656292 155 1367 4424
89368963 142 476 4460
89518820 147 1302 4468
89738504 142 531 4479
89832691 153 1038 4484
89873021 145 1577 4486
90020874 154 1585 4493
90558805 155 1096 4520
90794849 151 23 4532
90871512 143 1948 4536
91437679 157 80 4564
91733523 155 1013 4579
92981850 140 123 4643
93245497 145 922 4656
93302841 150 941 4659
94091198 151 1589 4698
94366101 147 1721 4713
94835007 149 834 4737
94872891 140 798 4739
95826236 142 945 4787
95975641 159 423 4795
96113631 147 1301 4802
96214401 151 505 4807
96709554 140 882 4831
97618818 141 278 4876
97748942 155 1067 4882
98489523 150 1132 4919
98737425 143 52 4932
98825736 148 717 4936
99213809 150 653 4957
99376495 140 1526 4965
99397997 141 1794 4966
99791528 140 477 4986
99989847 140 1597 4996
100454168 143 68 5019
100599096 156 808 5026
100637250 156 1398 5028
101148314 143 1293 5054
101767476 156 1709 5085
102226756 146 301 5108
102364717 150 667 5115
102383967 151 985 5116
102539514 151 914 5124
102581720 148 19 5126
102926228 149 1218 5143
103240271 147 363 5159
103395153 154 1970 5167
104827036 145 830 5241
104899758 141 109 5245
105001063 158 367 5250
105550417 147 1936 5276
106760891 150 1758 5337
106947950 149 391 5346
107150385 143 1169 5356
107601910 142 1142 5380
107922636 151 195 5396
108075468 157 1162 5404
108677132 142 1316 5434
108780206 159 150 5439
109037109 149 673 5452
109356105 143 1793 5468
109564432 154 63 5479
109599223 159 28 5481
109837807 151 363 5492
110197352 148 1299 5510
110406463 156 1033 5520
110712222 140 171 5536
111291105 148 965 5565
111414365 148 1619 5571
111807532 159 605 5592
111829546 150 1918 5593
111903670 154 1910 5597
112168956 158 790 5610
112396400 147 848 5621
112798930 141 680 5641
112899449 141 1139 5646
113417583 140 1697 5671
113753080 155 292 5688
114315090 143 1011 5716
115300075 150 1599 5766
115362037 141 204 5769
115379510 150 1655 5770
115700534 144 190 5786
115891097 156 102 5796
116077530 159 593 5806
116319334 153 1350 5819
116536773 148 1794 5830
116754945 156 1395 5841
117121699 152 169 5860
117256056 143 655 5867
117388654 148 1985 5874
117430283 155 1045 5876
117498400 145 1408 5879
117545680 150 1075 5881
117848604 157 1653 5896
118052434 158 1596 5906
118116649 144 254 5909
118171741 153 542 5912
118362143 149 282 5921
118496838 145 665 5927
118621980 151 1145 5934
118686549 150 187 5937
119069336 146 835 5956
119223747 142 1430 5964
119701410 148 1382 5989
120003893 147 1047 6004
120139949 152 1830 6011
120179734 150 406 6013
120477503 158 41 6028
120581111 154 477 6033
120783172 143 200 6044
121532408 142 104 6082
121893906 153 1924 6100
122179807 158 1459 6114
122282670 149 1801 6119
122348650 143 710 6122
122366177 140 153 6123
122400815 143 94 6125
122516714 142 346 6131
124062924 142 716 6207
124085743 149 1805 6208
124107310 154 1118 6209
124323097 144 999 6220
124403612 159 1711 6224
124770938 149 143 6243
125363023 146 921 6272
125652073 159 861 6286
125955024 150 1334 6301
126013562 142 1518 6304
126783261 157 1045 6343
126848275 152 3 6346
127189694 156 538 6363
127595068 151 1664 6383
127795598 157 1289 6393
127961786 144 670 6402
128101199 142 1108 6409
128410911 148 908 6425
129105190 152 1800 6459
129202842 141 294 6464
129817156 145 779 6494
129850942 150 382 6496
130038920 145 1523 6505
130161172 153 852 6511
130458810 141 91 6526
130726614 159 1858 6539
130764280 154 350 6541
130910620 146 234 6549
131014092 140 254 6554
131235227 144 418 6565
131486629 146 627 6578
131603067 142 1862 6584
131743483 144 577 6591
132520435 152 873 6629
132571031 158 929 6632
132820041 140 420 6644
132895453 144 898 6648
133183784 148 1834 6663
133357297 158 1495 6671
133638631 142 1369 6685
134232112 147 480 6714
134420815 151 1962 6723
134443035 150 739 6724
134620151 143 1625 6733
135179677 144 1294 6761
135697745 145 175 6786
135828657 159 1788 6793
136071250 144 737 6806
136259337 157 1660 6815
136280208 144 120 6816
136315221 158 1446 6818
136425338 147 1165 6823
136464051 154 1661 6825
136968335 153 1281 6850
137810046 157 1353 6892
138781662 143 1184 6940
138798487 147 748 6941
139466151 146 675 6976
139573243 158 641 6982
139706611 156 93 6989
139751611 152 1780 6992
139954667 145 101 7003
140272949 158 669 7019
140311069 148 1934 7021
140483735 143 550 7030
140529260 141 1727 7032
140957830 144 436 7053
141099483 146 1728 7060
141447617 148 250 7077
141787756 142 348 7093
141891726 140 910 7098
141931644 143 648 7100
141994787 151 1192 7103
142016168 146 1430 7104
142058628 148 1236 7106
142291971 155 619 7118
142667201 149 807 7137
142800855 147 1394 7144
143138409 140 523 7161
143221576 158 1715 7165
143529594 150 226 7181
143607334 150 1091 7185
143944212 158 1524 7202
144204587 157 699 7216
144433261 140 1937 7228
144826163 147 835 7248
145669824 145 1170 7291
145710364 143 638 7293
145827324 157 1455 7299
145891371 141 383 7302
146624894 155 494 7339
146753827 151 1156 7346
147794050 156 1920 7398
148649674 155 108 7440
149023273 157 1418 7458
149146712 156 1013 7464
149262172 141 1985 7470
149300523 146 1189 7472
149771490 149 362 7495
150231853 144 951 7518
150614475 155 93 7537
150863205 150 252 7550
151364193 154 1140 7574
151460493 149 569 7579
151505063 145 1844 7581
151724867 153 1049 7592
152031560 152 1177 7607
152149391 147 1937 7613
152171784 156 1111 7614
152330670 147 1073 7622
152371646 159 164 7624
152469902 151 726 7629
152640596 150 1919 7638
154004398 146 1946 7706
154146016 150 1016 7713
154230530 153 1660 7717
154669400 155 1611 7739
154849875 154 1641 7748
155515922 153 1231 7781
155777401 150 1570 7794
155843530 155 1581 7797
156235749 158 716 7817
156288732 140 134 7820
156565814 155 1791 7833
156971977 156 1473 7853
157542406 148 587 7883
157734295 158 1884 7893
158354196 150 387 7923
158428478 146 474 7927
158969320 158 1106 7955
159225765 148 1040 7967
159532133 141 807 7982
159742941 142 843 7993
160141063 155 1552 8012
160225074 146 88 8017
160246686 148 646 8018
161249405 156 1871 8069
161976673 146 1851 8105
162417988 140 1183 8126
162925118 140 1724 8152
163250842 148 1135 8168
163355975 156 1124 8173
163678687 155 1450 8189
163696946 153 575 8190
164040443 141 350 8206
164415909 155 406 8225
164728726 152 1551 8241
166743496 159 1787 8342
167299667 140 1602 8369
167383626 140 326 8373
167726759 143 1932 8390
167764251 142 794 8392
167980463 156 1892 8403
168042188 141 1169 8406
168550953 141 1294 8432
168775222 144 1701 8443
168849097 145 615 8447
169304859 153 121 8470
169693436 158 561 8489
169745055 148 1215 8492
170232748 151 1965 8517
170273295 146 1280 8519
171016020 157 1057 8557
171596893 150 609 8587
173211935 148 94 8668
173473922 155 1197 8681
173723813 141 1822 8694
173842126 152 518 8700
173902625 142 1720 8703
174372610 157 778 8727
174479098 143 85 8732
174736475 154 1241 8745
174961827 148 1230 8757
175390102 159 66 8778
175749614 159 1731 8796
176321975 148 1148 8824
176702108 146 1292 8843
176749904 145 995 8845
177271719 140 1320 8872
177296553 159 1342 8873
177551410 149 350 8885
177885532 156 635 8902
177970160 158 1699 8906
178031965 144 1367 8909
178056233 151 1698 8910
178113017 152 726 8913
178173242 148 4 8916
178617828 150 1394 8939
178713874 155 1959 8944
179306023 144 45 8973
179658549 153 284 8990
180060572 159 393 9010
180291367 159 752 9021
180313337 149 1018 9022
181275296 143 773 9069
182232601 151 538 9117
182824881 142 1589 9146
182860590 141 1079 9148
183591706 150 1114 9185
184061765 145 1929 9210
184442159 158 656 9230
184749320 149 201 9246
185033461 158 119 9260
185542431 153 1507 9286
185976329 146 719 9307
186000991 149 1353 9308
186966573 153 48 9355
187006573 149 1164 9357
187411253 148 222 9377
187697206 151 390 9390
188286636 143 448 9419
188316965 156 1254 9421
189057289 154 703 9457
189364702 142 153 9473
189630559 148 376 9486
189758711 140 127 9492
189939896 155 217 9501
190047449 150 1788 9506
191093791 148 500 9557
191371192 155 1308 9572
191483307 152 1125 9578
191804902 148 435 9594
191973436 152 941 9602
192013839 143 697 9604
192335293 142 1871 9620
192354647 156 508 9621
192462081 149 1921 9626
192480365 145 316 9627
192591038 148 1886 9633
192610357 147 1454 9634
192813384 143 532 9644
192993455 154 1209 9653
193246588 149 1063 9666
193385358 146 110 9673
193586218 140 1471 9683
193646507 144 1559 9686
193805671 156 1736 9694
193849125 142 100 9696
194521671 156 1998 9729
195014319 150 1358 9753
195246147 149 576 9765
195318023 143 396 9768
196128354 141 916 9810
196186020 155 1469 9813
196206716 147 1949 9814
196449666 145 1841 9826
196555412 152 1300 9831
196882964 144 1752 9847
197303299 145 1879 9867
197521729 157 1387 9878
197948209 146 1949 9899
198813973 150 16 9944
199045150 155 1501 9955
199490821 158 852 9976
199576790 152 908 9981
199763719 151 609 9990
199782736 153 1164 9991
199821380 150 1742 9993
199934152 152 1119 9999
200015315 140 136 10003
200663730 155 124 10035
201533310 149 545 10078
202645438 155 1812 10133
202758768 145 1554 10139
203121245 155 1794 10157
203140360 145 1118 10158
203197032 140 1659 10161
203405952 157 817 10171
203519659 159 831 10177
203591441 156 659 10181
203708242 144 103 10187
203820858 144 986 10193
204164699 147 224 10209
204399338 142 309 10221
204826797 141 888 10243
205185243 149 1024 10260
205771235 157 886 10289
206380760 150 843 10320
206428927 146 1472 10322
207274842 158 627 10365
207315930 141 1581 10367
207674806 157 854 10385
207917350 142 818 10397
208330939 148 1359 10418
208390523 140 1176 10421
208649636 155 1039 10435
208728120 157 1728 10439
208769161 145 629 10441
209311237 144 125 10468
210059966 144 1269 10505
210111990 152 600 10508
210132176 152 1933 10509
210560371 145 1342 10531
210847337 155 448 10545
211377356 157 179 10571
211620902 157 1387 10583
211656052 150 950 10585
211782655 156 729 10591
211839094 146 1472 10594
211977161 142 1687 10601
212559414 140 1093 10630
212687573 146 490 10636
212708131 140 1299 10637
212723131 154 474 10638
213152694 148 1994 10659
213422585 157 1059 10672
213574291 143 1239 10679
213806348 149 697 10690
213848490 153 1335 10692
213930873 150 316 10696
214649777 151 1325 10731
214841984 154 553 10741
214994891 148 1965 10749
215802193 151 592 10787
216167813 158 785 10806
216271054 151 686 10811
216433358 142 1117 10819
216649880 140 1935 10830
216968118 149 1198 10846
218558090 146 1271 10926
219368030 144 1822 10965
219901181 159 141 10992
220276639 144 768 11010
221254374 152 1328 11061
221679065 155 74 11082
222092419 147 1804 11103
222291224 154 855 11113
223342812 155 482 11165
223384633 150 579 11167
223660808 154 1367 11181
223800888 141 833 11188
224053224 140 1488 11200
224393075 151 1023 11218
224478968 143 1567 11222
224606359 151 1996 11229
225048909 142 852 11251
225064599 159 1469 11252
225271151 151 1088 11262
226498986 155 894 11325
226553343 159 1104 11328
226636428 144 1679 11332
226661428 145 1563 11333
226787246 142 1297 11339
227007645 159 347 11350
227224693 152 1407 11361
227615962 141 1119 11381
227707488 153 1307 11386
227821756 141 1027 11392
228538510 156 1986 11428
228625979 143 972 11432
228644926 148 1379 11433
228836342 152 638 11443
228903804 153 1007 11446
228991430 141 44 11450
229327701 142 1577 11467
230192113 156 237 11511
230939239 148 180 11548
231648840 152 1517 11583
232518915 142 1624 11626
233270886 146 1853 11663
233466568 159 1879 11673
233935869 149 466 11696
234600720 141 523 11729
234806051 159 1874 11739
234909653 155 1130 11744
235744623 158 1829 11786
235781222 141 127 11788
235802874 153 1458 11789
236154054 147 1627 11807
236682424 155 1574 11833
236725050 149 290 11835
236899421 144 408 11844
237007008 150 961 11849
237032008 154 1263 11850
237052869 154 1709 11851
237977416 159 1070 11898
238089319 153 1638 11904
238183942 155 1260 11909
238361309 142 163 11917
238502341 157 894 11924
238785989 143 683 11938
238923148 158 695 11945
239254447 155 1128 11961
239481548 145 482 11972
239740985 149 1993 11985
239908877 141 1928 11994
240007365 150 174 11999
240166226 141 1577 12007
240380637 156 125 12018
240877193 149 589 12043
241047076 151 1326 12051
241327899 152 1691 12065
241367866 158 324 12067
241903916 144 374 12094
241939503 158 1989 12096
242609843 141 1901 12129
242723864 159 369 12135
242917791 143 638 12145
243158844 151 151 12156
244183813 153 1717 12209
244205489 140 245 12210
244442064 150 757 12223
244636546 140 1036 12233
245042373 159 1421 12254
245438701 152 1810 12274
245853153 146 999 12294
246226078 141 148 12312
246266817 158 293 12314
246378082 154 1470 12319
246710663 151 501 12336
246822939 155 842 12341
247023280 159 1296 12351
247165509 151 1776 12358
247394777 156 605 12370
247656085 147 820 12383
248012935 140 1704 12401
248140103 152 1645 12407
248659532 151 532 12433
249351853 159 1874 12468
249396485 155 839 12470
249464472 152 1222 12473
250056487 153 1689 12503
250335943 154 3 12516
250629827 146 1672 12530
250648491 152 1253 12531
251092048 147 635 12553
251215405 153 767 12559
251399343 158 177 12568
251839731 158 857 12590
251949826 157 600 12596
252388175 154 1584 12618
253055417 143 308 12651
253161982 151 988 12656
253414045 141 1492 12669
253434898 158 882 12670
253873365 144 527 12692
254933109 158 1790 12746
255459986 156 507 12772
256108079 145 1397 12805
256812490 145 97 12840
256883523 155 1921 12844
257668030 140 326 12884
257872788 148 368 12894
257913407 145 976 12896
257946535 157 301 12898
258108250 141 1397 12906
258349274 141 1087 12918
258384858 147 88 12920
258435329 145 425 12923
259309824 155 329 12967
259655307 140 895 12984
259875967 143 542 12995
260081474 156 953 13005
260196748 153 834 13011
260294327 141 81 13016
260405637 140 1320 13021
260796157 141 662 13041
261646217 156 433 13083
262437659 158 1425 13123
263003229 147 1323 13152
263401958 142 1159 13172
263562440 147 1094 13180
263923400 150 378 13197
264217423 149 334 13212
264527425 145 874 13227
264738804 146 713 13238
265044499 140 1776 13253
265432188 156 241 13272
265862444 151 53 13294
265910861 150 724 13296
265929779 151 202 13297
266169955 149 1649 13309
266191893 149 1225 13310
266937378 158 4 13347
267693325 156 9 13385
267790221 141 1894 13390
268176170 147 1730 13410
268322677 148 1739 13417
268889470 148 1770 13446
268970813 144 1934 13450
269265669 143 396 13465
269319378 157 1641 13468
269400373 148 1212 13472
269663330 152 390 13485
269868670 145 19 13495
270436972 140 1167 13523
270792548 158 1201 13541
271040912 142 1174 13553
271362563 144 461 13569
271479354 152 1881 13575
271669762 151 553 13585
271769146 149 614 13590
272123463 140 1356 13608
272184315 158 965 13611
273091812 140 329 13656
273969703 154 1762 13699
274542202 152 1431 13728
274812254 150 718 13742
275030960 140 96 13753
275596089 144 1499 13782
275690141 140 1375 13787
275979295 159 1544 13802
276054832 142 377 13806
276239004 159 1040 13815
276263263 151 1225 13816
276398010 151 262 13822
276471464 158 1098 13826
276587884 154 227 13832
277761975 149 1611 13890
277842136 159 1848 13894
278466086 146 1477 13925
278634505 144 1556 13934
279040759 158 1226 13955
279278307 144 1193 13967
279497440 157 1456 13978
280093281 157 1106 14008
281153899 156 1724 14060
281386247 144 974 14071
281783423 157 399 14090
281860308 141 855 14094
282519843 148 1151 14127
282784255 153 934 14141
283570414 142 1415 14181
283733661 158 1102 14190
284195586 143 183 14213
284681646 146 0 14237
284823246 152 216 14244
284919431 154 1407 14249
285032254 152 184 14255
285495337 151 1381 14278
286019661 156 1947 14304
286320868 148 596 14320
286363689 154 1149 14322
286445869 156 728 14326
286610378 141 367 14334
286696676 140 827 14338
286938932 150 579 14350
286955897 147 1967 14351
287230034 154 689 14366
287359356 152 1889 14372
287681483 144 1523 14388
287705103 143 1699 14389
288148179 152 1512 14411
288470204 143 875 14426
288740299 151 623 14439
288757484 146 1508 14440
288907283 150 191 14447
288980253 147 1568 14451
289020006 159 934 14453
289789443 149 250 14492
289827285 146 1403 14494
289846342 147 1307 14495
289864846 144 1825 14496
290189960 156 1092 14512
290374896 150 1834 14521
290539645 143 149 14529
290982739 152 1745 14552
291001515 140 184 14553
291644542 151 1534 14584
291933404 153 1082 14598
292215449 149 700 14613
292552100 156 1585 14629
292878252 152 1347 14645
293160266 156 1593 14659
293711993 159 272 14686
294038243 146 1601 14702
294334024 153 1424 14717
295867118 144 23 14792
296412390 159 1418 14819
296675983 153 1969 14832
296849237 156 354 14840
296948231 151 918 14845
297182203 152 406 14857
297402286 141 372 14868
297981425 151 1949 14897
298080442 157 1403 14902
298594349 152 2 14928
298932405 157 1566 14945
298975181 149 1079 14947
299458426 157 217 14971
300262101 154 1876 15012
300352155 147 1540 15016
300394379 152 1343 15018
300682966 147 1613 15033
300723043 152 1090 15035
300978245 150 832 15048
301119763 156 1670 15055
301365558 156 714 15067
301601968 150 1069 15078
301844974 149 1507 15090
301887067 154 894 15092
302211679 159 86 15109
302420987 145 855 15120
302548379 154 1607 15126
302763322 153 733 15137
303096267 141 814 15153
303759176 155 843 15186
303970806 152 1584 15196
304176232 148 206 15206
304595250 153 303 15226
304841511 146 35 15238
305458232 157 1819 15268
305516834 140 1302 15271
305818504 146 110 15286
305894295 153 1889 15290
306041871 156 69 15298
306329159 157 1449 15312
306391903 146 1025 15315
306454324 157 966 15318
306494733 143 549 15320
306528966 159 1015 15322
306919948 156 1755 15342
306944948 146 96 15343
306964096 155 1336 15344
307123600 146 1666 15352
307461584 150 1313 15369
307676661 155 1499 15380
307696956 140 599 15381
307759891 146 1262 15384
307802893 152 714 15386
308212536 145 238 15407
308540727 141 908 15424
309247093 153 1930 15458
309286277 142 1448 15460
309326181 148 1698 15462
309722213 144 1213 15482
310807538 141 28 15536
311083498 145 1994 15550
311138349 153 165 15553
312294108 153 1937 15612
312414530 157 973 15618
314003545 148 78 15699
314082383 150 640 15703
314839939 150 1473 15741
315144421 157 496 15756
315547076 150 1548 15777
315723770 141 1906 15786
315743485 158 402 15787
315831885 141 1500 15791
315973480 150 1587 15798
316275375 140 753 15813
316345179 148 774 15817
316386304 140 1136 15819
316440231 155 693 15822
316610190 141 1982 15831
317430901 159 1786 15873
317469301 157 1879 15875
318605309 148 386 15933
318718689 156 1728 15939
318736238 141 676 15940
318791148 152 1035 15943
318967188 145 1615 15951
318987595 140 1139 15952
319220627 157 1541 15963
319363880 146 900 15970
319702512 141 22 15987
320877601 153 312 16044
321387676 155 1160 16069
321466298 148 1861 16073
321772230 152 1181 16088
322267376 142 977 16113
322839761 140 1219 16142
322855791 142 445 16143
322916644 143 1988 16146
322972926 158 701 16149
323066558 155 1700 16154
323262688 153 1359 16164
325357366 149 1147 16269
325457686 140 1092 16274
325751605 144 1365 16289
326293510 143 1974 16317
326742909 157 1365 16339
326897221 140 223 16347
327082507 148 52 16356
327416790 146 1538 16372
327629676 144 1710 16382
327787354 154 1536 16390
328204849 143 444 16410
328439187 154 168 16422
328481100 151 175 16424
328557510 153 304 16428
328699740 145 98 16435
328758560 144 961 16438
329598581 157 1854 16480
329815893 157 1550 16491
329859914 153 760 16493
330052986 154 1485 16503
330128953 143 1342 16507
330810370 152 1711 16541
330873267 159 790 16544
331151082 148 536 16558
331191768 146 1144 16560
332144622 151 806 16607
332343335 154 1215 16617
332360007 153 221 16618
332385007 157 623 16619
333010224 159 1257 16650
333048920 140 831 16652
333888096 159 1866 16693
333963456 150 697 16697
334378683 141 788 16717
334856245 156 1186 16741
334948209 141 1157 16745
335218744 140 628 16758
335551164 140 732 16775
335569838 159 1035 16776
335873955 159 570 16791
335953074 155 884 16795
335986740 155 1390 16797
336464221 154 1985 16820
336887909 156 1110 16842
336945141 143 1373 16845
337052025 149 759 16850
337326714 142 1033 16863
337425440 145 1337 16868
337487162 143 731 16871
337785908 140 1350 16886
338138398 156 950 16905
338419563 154 792 16919
338496647 155 1902 16923
338618868 148 1910 16929
338801734 140 1191 16938
339044070 141 1471 16950
339155517 151 837 16955
339841876 158 653 16990
340440649 143 1196 17021
340608593 144 358 17029
340899563 142 1606 17043
341354341 152 1627 17065
341832019 146 590 17089
341849317 151 1517 17090
342021908 140 1712 17098
342052921 152 278 17100
342266323 148 572 17111
342495084 145 1003 17122
342920623 151 1433 17144
343307263 143 1893 17164
343519188 154 864 17175
344059052 157 1080 17201
344130346 143 1184 17205
344170805 146 1471 17207
344652691 141 464 17232
345008409 156 1113 17250
345084244 152 381 17254
345569283 150 618 17278
345920926 141 1435 17295
346323441 159 1947 17316
346559172 152 1134 17327
346813513 140 1189 17340
347073725 140 1566 17353
347131459 156 1196 17356
347268139 145 1543 17363
347850284 151 923 17392
347961942 155 1426 17398
348287978 156 1755 17413
348366533 149 1508 17417
348438826 157 1681 17421
348477442 147 174 17423
349053875 142 1440 17452
349185752 146 1507 17459
349363934 151 1379 17468
349443068 154 484 17472
349528251 152 39 17476
350024783 144 1751 17501
350158959 154 152 17507
351097174 140 898 17553
351275695 154 1694 17562
351428070 156 1484 17569
351716149 148 518 17584
351768929 150 1856 17587
352079527 142 1153 17602
352124606 154 1908 17604
352384541 158 1039 17617
352495698 158 1305 17623
352717370 159 1591 17634
352970616 149 1669 17646
353190237 152 607 17657
353293289 142 1973 17662
353702772 156 855 17682
353993927 144 1978 17696
354044209 152 1459 17699
354471333 155 1285 17721
354612999 147 591 17728
354738129 148 463 17735
355083769 152 823 17753
355105069 143 878 17754
355350611 152 1543 17766
355374702 154 659 17767
355763949 151 182 17787
355945463 153 1213 17796
356257336 148 444 17811
356614107 149 495 17828
357133222 156 1006 17854
357265383 155 1805 17861
357509358 150 1289 17873
357599944 142 141 17878
357696989 145 1009 17883
357994743 141 1572 17898
358145854 148 1698 17906
358888183 146 590 17945
359032487 140 1763 17953
359138483 142 1688 17958
359271504 140 447 17965
359976741 153 427 18002
360189713 141 1277 18013
360458839 148 124 18026
360475609 145 738 18027
360564346 148 80 18032
360793228 151 1337 18044
360837608 156 779 18046
361243005 156 799 18067
362180857 150 111 18114
362414252 144 1397 18126
362647159 151 1132 18138
362663374 141 1568 18139
363362935 156 55 18174
363764683 146 477 18193
364453019 147 1053 18226
364953556 149 1243 18252
366154530 155 1147 18311
366236813 147 1204 18315
366428424 144 1477 18324
366683822 145 196 18337
366910483 152 258 18349
366947335 144 230 18351
367275461 159 1034 18367
368073710 153 1470 18409
369008599 148 27 18457
369226896 157 154 18468
369449829 144 718 18479
369898693 155 1374 18502
370298223 149 1353 18522
370464595 141 1544 18530
370912282 144 1324 18552
370995907 141 744 18556
371571062 145 1757 18585
371590619 144 868 18586
372146767 157 1178 18615
372355307 149 1429 18626
372641737 143 1340 18639
374526587 144 1988 18736
374746183 146 1623 18747
374899862 151 1139 18755
374920673 146 150 18756
374995183 157 1031 18760
375035183 145 896 18762
375192014 153 1115 18770
375657251 148 335 18793
375861554 150 396 18803
376462277 157 1828 18833
376618701 143 865 18841
376680306 145 1789 18844
376761203 155 948 18848
376927268 157 838 18857
377035948 145 374 18862
377096262 147 1086 18865
377189400 150 549 18870
377383325 149 529 18880
378176331 157 545 18919
379176406 158 1567 18968
379431662 144 1080 18981
379659814 143 1936 18992
380144324 151 512 19016
381073438 140 1574 19064
381194113 157 1582 19070
381408960 142 87 19081
381475712 158 1162 19084
382222802 159 960 19121
382333823 145 1937 19127
382476643 157 91 19134
382575341 152 557 19139
382680813 144 1423 19145
382876365 151 1811 19155
382960135 154 1854 19159
383156641 152 1000 19169
383278528 152 1871 19175
383437437 156 689 19183
383752009 143 727 19198
383948198 157 278 19208
384023669 140 124 19212
384326490 156 1652 19227
384703864 149 1170 19246
384825422 158 1699 19252
384862553 157 647 19254
385326235 141 270 19278
385503405 140 830 19287
385700182 140 193 19297
385938634 148 1529 19309
386080786 156 1322 19316
386164727 140 1253 19320
386189727 157 485 19321
386271822 152 726 19325
386702698 159 17 19347
386819895 152 1398 19353
387198092 147 1501 19371
387474333 153 163 19384
388027409 147 721 19412
388072661 140 1952 19414
388438380 158 351 19432
388935942 147 397 19457
388977601 156 1219 19459
389193362 141 1614 19470
390069621 159 810 19514
390260255 153 1101 19524
390634641 156 1391 19543
390718274 147 923 19547
391094762 158 1906 19566
391226706 157 1349 19573
391258963 148 1486 19575
391383541 154 868 19581
391625769 151 802 19593
392069659 140 1458 19615
392338108 151 1250 19628
392985083 158 1257 19660
393352858 149 1695 19678
393460911 141 819 19683
393618835 155 1679 19691
394940168 146 941 19758
395190212 146 1613 19771
395224202 140 1477 19773
395486003 149 1181 19786
395604824 147 1453 19792
395777774 153 1228 19801
395880270 158 1493 19806
396113604 142 500 19818
396317430 152 904 19828
396368447 141 1837 19831
396480078 156 293 19837
396622502 141 1857 19844
396683041 141 1023 19847
397191087 142 1308 19872
398062392 148 1290 19915
398261873 149 402 19924
398627060 149 1899 19942
399667957 153 1845 19993
