85271 34 803 3
714115 20 1572 35
1010933 37 1530 50
2004709 21 1315 99
2080114 38 135 103
2408917 28 1382 119
2483118 21 703 123
3155333 22 1578 156
3729212 37 1597 184
4011777 32 378 199
4751210 36 1409 237
4826293 31 1251 241
5331164 27 864 267
5758310 37 193 289
6474678 39 1115 324
6538968 29 1943 327
6663292 35 227 333
7346488 27 227 368
7861026 25 485 393
8032250 34 552 401
8115829 36 1815 405
8321447 31 943 415
8355871 38 538 417
8486150 27 1675 424
8758608 24 922 437
8929397 33 331 446
9584603 24 591 479
10001259 36 1354 500
10330392 39 1660 516
10376308 24 642 518
11025699 23 1164 549
11134330 24 403 554
11157377 29 1211 555
11179898 35 772 556
11420207 29 226 568
11896742 25 1687 593
12109282 23 1280 604
12391458 39 1069 619
12757830 32 824 638
13448586 34 1666 671
13576894 38 926 677
13616879 20 1630 679
13777288 23 416 687
14559024 26 118 726
15206918 26 1825 759
15296522 31 1174 763
15523660 25 1101 774
15579535 20 259 777
15809906 39 1052 789
16089313 21 1269 803
16191304 37 1611 808
16246095 33 570 811
16527547 33 835 825
17219915 23 823 859
17727297 35 227 884
17857519 25 1978 891
18245896 23 715 911
18351121 35 1276 916
19384095 27 991 969
19819673 32 460 990
19898238 20 1105 994
19939637 37 401 996
20653831 30 1281 1030
20789297 20 1399 1037
20847633 24 1939 1040
21033983 32 988 1049
21942377 36 568 1096
22615249 27 360 1129
22736603 22 193 1135
22985169 34 1901 1148
23130474 36 511 1155
23229064 25 370 1160
23270857 28 577 1162
23891115 20 968 1194
23907629 31 1189 1195
24129075 25 1512 1206
24246419 25 1259 1212
25602657 22 452 1279
25704292 39 39 1284
26592305 21 1306 1329
26665566 39 249 1333
27349799 35 1914 1368
28110668 38 1317 1406
28397516 20 1441 1420
28482625 33 1323 1424
28722139 38 1594 1436
29004288 33 521 1451
29534878 24 1931 1478
30003460 37 136 1501
30518451 23 1308 1526
30713176 31 688 1535
30878210 27 169 1543
31110444 34 960 1554
31127830 23 855 1555
31703058 36 1909 1584
31958599 31 1213 1596
31975071 20 1561 1597
32496429 36 705 1622
32617571 30 1040 1628
32676233 22 16 1631
32947560 38 638 1645
33352168 20 1957 1666
33675276 27 438 1682
33932949 35 1388 1695
34333390 35 1028 1714
34386992 31 1595 1717
35096499 31 294 1753
35177889 30 657 1757
35349606 36 1551 1766
35515334 30 242 1774
35947930 34 1815 1796
36004656 23 1612 1799
36596599 39 1143 1828
36720066 37 1322 1834
37404322 36 1173 1867
37506958 30 1289 1872
37810566 23 1729 1887
37919464 25 849 1892
38043232 26 856 1898
38469699 35 40 1919
38515186 26 884 1921
38633586 22 1221 1927
38708500 34 1943 1931
38733500 33 557 1932
38756149 22 1589 1933
38909413 32 286 1940
39004314 29 713 1945
39137533 33 1165 1951
39707193 20 1717 1980
39941166 29 78 1991
39981196 24 298 1993
40239116 31 236 2006
40673608 24 378 2028
40761863 26 1152 2032
41274660 34 1525 2058
41871346 25 797 2088
42440300 20 1972 2116
42965951 32 82 2142
43306784 26 1488 2159
43323593 24 150 2160
43902906 25 371 2189
44043724 23 1237 2196
44768511 27 1555 2233
44906266 31 963 2239
44924498 30 1545 2240
45082356 30 1065 2248
45101662 26 1910 2249
45677395 30 1499 2277
45702395 39 1019 2278
46126957 23 808 2299
46488294 21 126 2319
47173310 27 1379 2353
47297706 29 628 2359
47501284 20 1004 2369
47631368 31 1117 2375
47772497 29 1099 2383
47902461 37 583 2390
47919350 22 1114 2391
47934350 36 134 2392
48476567 39 1929 2419
48787725 31 847 2434
49132742 31 1680 2451
49383484 38 1865 2464
49633688 36 1617 2477
49848008 26 937 2488
50238513 30 329 2506
50330403 30 1870 2510
50647816 31 252 2526
51143182 38 816 2550
51413214 23 767 2564
51454760 37 1651 2566
51569899 30 841 2572
51714413 30 1667 2580
52454878 26 697 2617
52574673 34 1802 2623
52658335 24 400 2627
53037753 26 346 2646
53270421 33 1944 2657
53428328 25 837 2665
53520972 37 907 2670
53642286 34 1617 2676
53907622 39 40 2689
54640458 36 257 2725
55158193 22 632 2751
55324042 38 919 2759
55402166 32 1782 2763
56220453 33 55 2803
56503823 36 1336 2817
57054194 28 224 2845
57522417 34 1077 2869
57563451 20 164 2871
57932421 35 1173 2890
58054199 24 765 2896
58173170 39 1128 2902
58194768 30 424 2903
58466958 21 1418 2916
58849614 21 1195 2936
59012500 28 1626 2944
59070838 39 589 2947
59093873 22 1591 2948
59509075 31 1498 2968
59973256 20 743 2992
60163427 28 366 3001
60366215 26 432 3011
61154313 23 1639 3051
61260189 27 997 3056
61955073 37 367 3091
62236247 30 1954 3106
62524353 26 448 3121
62606683 23 399 3125
62703184 27 1858 3130
63592395 23 244 3173
64311889 24 912 3209
64701650 25 1932 3229
64991426 25 1505 3243
65243278 25 1686 3256
65471718 22 546 3268
65743281 39 942 3282
66475008 33 1220 3318
66531574 37 93 3321
66657181 33 1455 3327
67705919 29 1331 3378
67863480 27 1052 3387
68180680 38 1434 3403
68261985 23 498 3407
68464912 24 1230 3417
69102213 29 1759 3448
69244583 27 960 3455
69552524 38 1597 3471
70239690 22 579 3506
70641629 30 1635 3526
71309667 21 792 3559
71328134 35 47 3560
71824151 20 1255 3585
71956924 27 33 3591
73138284 31 1351 3649
73383019 26 529 3661
73724743 26 1397 3678
73791160 33 412 3681
73880000 30 809 3685
73957737 38 1318 3689
74098110 27 1898 3696
74430450 27 1943 3713
75104405 30 1182 3747
75203775 33 1456 3752
75925670 34 1202 3789
76275584 32 152 3807
76558290 33 1596 3821
76640741 36 1656 3825
77253398 35 1856 3855
77318541 30 1618 3858
77880378 26 1991 3885
78231923 29 894 3903
78459777 31 1791 3914
78592324 25 1573 3921
78943493 26 1286 3938
79550468 36 170 3969
79997292 36 154 3992
80358074 38 1033 4010
80694308 24 866 4027
81347587 39 529 4059
82132501 37 1635 4098
82383792 27 394 4111
82613532 31 224 4122
82628532 36 373 4123
84125283 39 178 4197
84323736 26 183 4207
84479893 27 1992 4215
84749717 35 542 4229
85802925 22 1455 4283
85820965 24 415 4284
86671130 37 806 4326
86960989 22 178 4341
87223849 39 549 4354
87776501 25 17 4381
87797443 33 618 4382
88058717 23 1864 4395
88143067 38 1115 4399
88714400 39 1716 4427
89086867 28 242 4446
89335172 27 198 4458
89419316 20 1956 4463
89538552 34 598 4469
89655906 25 1861 4475
89794187 31 1557 4482
89852600 25 780 4485
89893053 26 1465 4487
90061849 29 1352 4495
90370393 21 1965 4511
90914657 37 437 4538
91014272 23 838 4543
91534410 39 663 4569
91806503 24 515 4583
92261563 28 829 4606
92583241 23 559 4622
92802888 26 1860 4634
93022054 32 1481 4645
93086238 22 1529 4648
93168352 34 1068 4652
93462656 28 1518 4667
94051285 20 1346 4696
94223502 35 1753 4705
94329293 20 559 4711
94775156 38 1092 4734
94850007 32 1270 4738
95108039 25 1105 4751
95575534 20 1687 4774
96156026 20 157 4804
96319905 26 512 4812
96441852 38 916 4818
96463439 38 686 4819
96862513 39 64 4838
96885581 21 1859 4839
96963962 29 1166 4843
97022597 25 1778 4846
98504561 24 1537 4920
99332293 23 800 4963
99966174 29 1391 4995
100476603 38 1636 5020
100576997 33 74 5025
100746091 21 440 5034
101431326 27 1386 5067
101507147 28 1005 5071
101579087 33 543 5075
101787865 32 722 5086
101900484 22 1135 5092
102520886 35 1550 5123
102620393 36 1987 5128
103490522 26 1603 5172
103778666 38 1567 5187
103872563 26 640 5192
104123782 35 480 5205
104138782 25 509 5206
104221584 27 489 5210
104977972 34 493 5249
105128906 28 1905 5256
105905305 37 1014 5294
106113027 27 233 5304
106148573 33 1033 5306
106227361 30 829 5310
106287457 37 1244 5313
106320754 33 840 5315
106402008 20 1912 5319
106680909 29 1929 5333
106801527 26 1170 5339
107452982 20 1465 5372
107532727 32 867 5376
108402152 22 1864 5421
108878975 22 1777 5444
109241830 32 539 5462
110177176 23 505 5509
110327890 25 793 5516
110690150 28 129 5535
110971058 39 1794 5549
111603203 36 481 5582
111623849 32 201 5583
111687167 37 1983 5586
112083003 30 1577 5606
112190129 26 1681 5611
112722851 24 1192 5637
113202803 22 672 5661
113319907 36 24 5666
113658228 25 146 5683
113673228 36 1864 5684
113921358 39 1124 5697
114449706 24 899 5723
114508251 28 509 5726
114936324 28 1176 5747
115442267 37 786 5773
115563221 20 1204 5779
115642270 37 479 5783
116340961 22 961 5820
116801704 20 628 5843
117062428 29 1168 5857
117711907 29 1304 5889
117932970 39 333 5900
118341887 30 1671 5920
118430109 34 1753 5924
118548029 21 473 5930
118741356 34 618 5940
118947020 25 402 5950
119604663 28 1246 5984
119683022 27 1729 5988
119812378 27 1146 5994
120102140 30 1055 6009
120220493 30 366 6015
120319704 35 1769 6020
121286604 21 1253 6070
121557180 32 414 6083
122040277 39 1510 6107
122083599 37 1987 6109
122383183 29 607 6124
122499549 24 1833 6130
122807722 38 1738 6145
122952294 25 1368 6152
123285550 34 590 6169
124717524 20 1765 6240
125408067 22 692 6274
125753291 33 226 6291
126585625 24 631 6333
127066365 34 735 6357
127619735 25 1425 6384
127659514 24 984 6386
128351491 25 427 6422
128429561 32 654 6426
128636073 30 1868 6436
129044189 21 1273 6456
129165534 34 1059 6462
129268071 30 308 6467
129287031 32 1164 6468
129491701 22 557 6478
129512649 23 957 6479
129638544 36 1970 6485
129781840 21 123 6492
129797975 20 1868 6493
129896986 20 1297 6498
130830851 33 1207 6545
132129771 35 1487 6610
132706056 36 1331 6638
133033396 22 906 6655
133067378 28 608 6657
133269359 25 936 6667
133467836 32 414 6677
133485124 21 1617 6678
133593725 35 1948 6683
133618402 39 1968 6684
133920307 29 319 6698
134464223 36 404 6725
134484574 37 1911 6726
134841967 26 1833 6744
134861247 30 1325 6745
135367777 31 1884 6770
135593863 37 1568 6781
136115780 39 1761 6808
136137336 26 1515 6809
136336403 35 1687 6819
136736966 27 832 6839
136751966 38 1421 6840
136928023 33 1335 6848
137185991 23 166 6861
137439908 22 596 6873
137767691 29 896 6890
137834376 34 1186 6893
138333343 22 1674 6918
138865212 33 377 6945
139369778 30 554 6971
139646350 37 1680 6986
139721611 37 1345 6990
140549095 22 601 7033
140568458 20 820 7034
140936673 38 298 7052
141040119 31 1940 7057
141116725 20 925 7061
141549682 27 203 7082
141770591 33 208 7092
142093806 33 679 7108
142415617 23 847 7124
142449317 24 934 7126
142702524 26 393 7139
143841906 25 1975 7197
143925261 28 1042 7201
144036099 36 958 7207
144347977 38 639 7223
144450244 23 667 7229
144467804 33 324 7230
144528277 20 1485 7233
144687097 38 1421 7241
144789794 37 727 7246
145337758 24 1024 7274
145416004 25 29 7278
145511717 38 110 7283
146049620 38 1157 7310
146087666 39 68 7312
146641040 22 1193 7340
146660290 24 1161 7341
146932698 29 143 7355
146995486 24 1000 7358
147356767 30 1253 7376
147500592 37 670 7383
147556658 30 1811 7386
147703275 28 1000 7393
147813630 28 228 7399
147870497 25 1773 7402
147933427 23 1388 7405
148334334 22 723 7424
148975844 22 567 7456
149443184 32 371 7479
149461569 26 1944 7480
150008146 29 1257 7506
151973340 22 409 7604
152107510 23 313 7611
152500584 20 578 7631
153090928 32 1350 7661
153257313 37 922 7669
153429672 26 1156 7678
153497026 27 289 7682
153813162 22 374 7697
153836834 31 315 7698
154191610 29 1687 7715
154269334 25 403 7719
155491544 27 12 7780
155758164 34 14 7793
155963114 29 460 7803
156931708 23 1847 7851
158166145 39 242 7914
158936897 21 607 7953
158951897 35 1031 7954
158991855 32 697 7956
159055683 28 297 7959
159246338 26 855 7968
159945536 20 1085 8003
160097637 32 1727 8010
160485498 36 1946 8030
160663205 20 1769 8039
161653464 25 272 8089
161862853 27 1611 8099
161917279 29 854 8102
162038121 34 24 8108
162373283 29 1308 8124
162397553 33 1789 8125
162946149 33 1456 8153
163721946 32 329 8191
164219482 34 202 8215
164642984 35 1450 8236
164856095 32 419 8248
165163055 30 989 8264
165184426 29 955 8265
165238636 20 1723 8268
166700510 36 919 8340
166979736 20 1758 8354
167105550 32 1843 8360
167321168 38 207 8370
167543592 25 1600 8381
167823930 34 759 8395
167923292 23 639 8400
168160052 34 805 8412
168178499 21 1886 8413
168397158 31 526 8424
168432055 39 100 8426
168734825 20 319 8441
168752758 26 205 8442
169098351 31 1144 8459
169176215 31 222 8463
169191215 20 1202 8464
169426483 21 1292 8476
169830013 33 1519 8496
169911134 29 496 8500
169930681 28 1110 8501
170062650 34 929 8508
170118301 22 989 8511
170331960 27 945 8522
170448043 32 428 8528
170752697 24 669 8543
171087780 36 1254 8561
171533493 29 679 8584
171995498 22 1912 8608
172097455 22 1179 8613
172158000 34 1594 8616
172203855 33 42 8618
172706990 25 1813 8642
172858155 30 193 8650
173195259 39 1679 8667
173671122 25 129 8691
173944580 29 150 8705
174003259 25 1706 8708
174435312 36 911 8730
174808004 38 322 8749
175005311 26 92 8759
175211480 24 1326 8769
175233061 37 1996 8770
175673240 21 1020 8792
175731240 22 1717 8795
175879308 21 523 8803
175946830 34 654 8806
176029967 32 1064 8810
176044967 39 1712 8811
176113365 28 1694 8814
176402944 38 187 8828
176497828 28 1292 8833
176583708 22 1692 8837
176848444 26 1697 8850
177100399 32 1489 8863
177926302 23 384 8904
178698874 39 1938 8943
179169981 34 1380 8966
180001350 32 1382 9007
181103441 23 871 9061
181463850 22 1338 9079
181801609 36 734 9096
182033898 24 957 9107
182514867 33 1551 9131
182631646 34 1658 9137
182693253 37 1466 9140
183024078 35 205 9156
183929503 22 760 9203
183983244 39 155 9206
184042949 27 95 9209
184137512 32 784 9214
184176280 39 1616 9216
184247732 35 1304 9220
184403769 33 1058 9228
184517239 25 979 9234
184846330 30 226 9251
185138110 28 1130 9265
185178201 36 1090 9267
185246461 24 401 9271
185339778 29 1277 9276
186193317 31 513 9318
186347783 29 231 9325
186548319 30 1378 9335
187061143 37 1893 9360
187215578 21 1587 9367
187343955 39 1744 9374
187842543 21 53 9397
188301636 32 119 9420
189565533 31 74 9483
189963783 39 333 9502
190173629 38 1188 9512
190349834 27 1252 9521
190523512 29 1256 9529
190737602 33 1287 9540
191028122 36 156 9554
191293788 22 1614 9568
191467821 32 1737 9577
191872258 24 464 9597
192437081 27 357 9625
192974134 27 1434 9652
193055680 33 1692 9656
193264959 34 1022 9667
193287993 39 1523 9668
193567616 20 1117 9682
193715643 34 1 9690
194320013 23 1698 9719
194930511 24 383 9749
195073834 34 473 9756
195168179 28 1022 9761
195202713 26 1160 9763
195715227 34 572 9789
195733467 27 313 9790
196000272 36 567 9803
197121531 25 1224 9859
197544986 38 23 9879
198427274 25 1746 9923
199001939 37 1458 9953
199282040 38 1588 9966
199617291 20 692 9983
200152941 39 1227 10010
200522962 22 790 10028
200857664 26 165 10045
200879761 20 601 10046
201162095 36 1359 10060
201267272 20 1550 10065
201302761 39 503 10067
202329619 20 53 10118
202601048 38 364 10131
202959121 20 1090 10149
203159204 21 704 10159
203332324 37 1504 10167
204030651 28 506 10203
204097090 29 1382 10206
205161361 35 1116 10259
206179773 27 138 10310
206819017 33 38 10342
207012743 34 371 10352
207154794 36 909 10359
207337624 25 1164 10368
207793674 34 1212 10391
208407814 31 1142 10422
208617476 21 400 10433
208839594 29 6 10445
209047781 30 80 10455
209255051 34 778 10465
209716163 31 1890 10488
210168359 35 604 10511
210498964 34 1807 10528
211016873 20 895 10553
212017303 22 957 10603
212620790 23 1837 10633
212644603 30 1520 10634
212784373 31 1330 10641
212882794 23 1546 10646
213459838 25 1980 10674
213870013 34 807 10693
214020599 27 1857 10700
214035830 35 1328 10701
214449380 35 98 10721
215307761 27 736 10763
215437514 36 974 10769
215665899 28 1547 10780
215725220 39 246 10783
215743403 26 1042 10784
215761315 31 894 10785
216331188 37 1318 10814
216488946 24 281 10822
217377979 26 1485 10867
217458121 25 439 10871
217571333 29 10 10877
217595166 37 35 10878
217718489 24 735 10885
217760349 21 1728 10887
217989525 39 100 10898
218270237 32 569 10912
218614725 28 394 10929
219143028 39 1101 10954
219244336 31 1605 10959
219583475 32 434 10976
219623862 38 224 10978
220291639 26 1368 11011
221090057 27 1754 11053
221212180 35 849 11059
221781935 21 1290 11087
221952554 33 1125 11096
221975003 36 939 11097
222488220 31 1429 11123
222669201 25 1287 11132
222900908 36 1772 11143
223246375 21 811 11160
223578444 35 577 11177
223619655 35 1254 11179
223969754 26 1355 11196
224106634 37 516 11203
224415987 30 521 11219
224588995 33 647 11228
224648375 30 1223 11231
224899247 28 1462 11244
225290121 33 860 11263
225757065 25 1946 11287
225889899 28 1993 11294
225907081 23 330 11295
226315583 23 345 11316
226572450 38 959 11329
227024053 34 1909 11351
227259796 37 1546 11363
227283937 25 1039 11364
227557001 30 1475 11378
227961171 30 201 11400
227978430 28 786 11401
228135928 22 1341 11409
228389712 21 1777 11421
229007781 21 1613 11451
229028260 27 167 11452
229306589 35 1899 11466
229394577 20 1427 11470
229814956 25 1768 11492
229973991 23 889 11500
230441745 29 761 11523
230486810 33 905 11525
230701946 29 1036 11536
230898618 20 668 11546
230980798 32 553 11550
231002298 22 35 11551
231064788 38 341 11554
231214092 27 1336 11561
231476030 31 1583 11574
231593591 39 1875 11580
231772883 25 628 11590
231816460 26 711 11592
232574300 36 1766 11629
232663380 32 1217 11633
232719917 29 1197 11636
232765385 33 1904 11638
233293936 33 1861 11664
233507864 39 754 11675
233605555 22 1813 11680
233782086 30 185 11688
233960457 37 1698 11697
234987422 34 1146 11748
235338501 36 502 11765
236036059 37 341 11801
237831199 35 1231 11891
238054931 32 501 11902
238706867 37 1720 11934
239131286 27 760 11955
239152224 21 1125 11956
239376173 27 956 11967
239444191 26 530 11970
239765936 32 1120 11986
239784927 29 1669 11987
239947617 27 1975 11996
240068828 28 400 12002
240421885 30 1563 12020
240445117 31 309 12021
240707343 25 484 12035
240898107 32 1065 12044
241308432 21 651 12064
241958263 32 1697 12097
242222345 26 139 12110
242660613 28 1737 12132
243197434 26 1720 12158
243228885 38 558 12160
243294543 28 159 12163
243391957 32 689 12168
243412684 37 1937 12169
243504487 30 691 12174
244064341 33 1791 12203
244523448 27 921 12227
245811193 39 1283 12292
245828599 39 507 12293
246024903 33 1528 12302
246186490 32 808 12310
246758889 33 1345 12338
246841073 21 1004 12342
247770502 36 617 12389
247869828 36 161 12394
248257307 23 579 12413
248472131 25 648 12424
248577520 38 1525 12429
248793230 24 984 12440
248890706 26 1182 12445
248909208 39 636 12446
248930913 38 964 12447
249127211 28 497 12457
249248365 20 413 12463
249376377 25 1646 12469
249775927 23 1217 12489
250546873 28 903 12526
250764711 30 1075 12537
251068779 22 1541 12552
251797957 37 1923 12588
252506076 22 821 12624
252735428 39 544 12635
252928957 35 237 12645
253351900 37 652 12666
253395045 21 1293 12668
253557814 27 448 12676
254265063 37 1343 12712
254286958 33 815 12713
254841349 25 88 12741
254897573 32 1413 12744
255089172 35 1989 12754
255157673 27 798 12757
255178345 28 782 12758
255328528 25 201 12766
255567675 36 196 12777
255610132 29 723 12779
255717074 24 1852 12785
255936158 37 1115 12796
256469787 23 714 12823
256653996 22 1438 12832
257198068 37 1558 12860
257307510 38 1056 12866
257791492 27 1980 12890
257929382 20 85 12897
258400341 37 36 12921
258495829 35 12 12926
258575950 34 606 12930
258676357 30 929 12935
259027312 30 660 12953
259107742 31 1727 12957
259129121 39 1325 12958
259170228 23 1737 12960
260455767 21 1962 13024
260510669 25 1581 13027
260709365 27 612 13037
261337125 32 419 13067
261529027 30 330 13077
261612153 23 751 13081
262202875 38 273 13111
262748765 33 405 13139
263044006 22 716 13154
263861344 26 269 13194
264321167 38 996 13217
264803806 25 1321 13241
264926104 34 1978 13247
265083690 21 224 13255
265692764 32 1742 13286
265993368 21 958 13300
266011473 28 1399 13301
266074201 32 835 13304
266679702 21 1734 13334
266778219 23 1649 13339
266837100 21 148 13342
266976876 24 1563 13349
266999794 37 483 13350
267287783 29 517 13364
267714503 39 884 13386
267850442 32 647 13393
267890111 28 574 13395
267983664 35 1265 13400
268121804 30 909 13407
268215984 29 172 13412
268403622 35 1411 13421
268526514 33 426 13427
268558835 38 204 13429
269169135 33 1973 13460
269477952 37 1048 13476
269557241 36 1262 13480
269725642 37 1258 13488
269744773 24 1770 13489
269811080 29 1717 13492
270086319 32 1542 13506
270124904 27 1000 13508
270395808 38 1134 13521
270752725 33 871 13539
271065707 33 1715 13554
272083963 35 901 13606
272614076 39 14 13633
273696794 22 898 13686
273928973 35 1365 13697
273946780 36 978 13698
273990992 25 1730 13700
274132886 25 937 13707
274214419 34 1545 13711
274367786 21 565 13719
274503144 25 1695 13726
274625139 39 1719 13732
275159350 25 1177 13759
275996128 37 1389 13803
276604321 23 1331 13833
276976197 21 1693 13851
277194276 31 1451 13862
277295599 36 1948 13867
277560321 36 958 13880
278340075 38 1420 13919
278565306 27 710 13930
278726890 36 1272 13939
279063373 21 783 13956
279560228 38 623 13981
280413084 37 1785 14023
280831128 38 480 14044
280962419 31 601 14051
280986963 35 1780 14052
281174179 34 1079 14061
281491431 23 1023 14076
281533502 29 28 14078
282186963 21 1506 14110
282485146 26 1849 14125
282881666 24 975 14146
282952945 38 1384 14150
283060495 36 1221 14155
283261189 26 144 14165
283397547 29 78 14172
283663484 32 1726 14186
283869766 32 1340 14197
284738633 25 1245 14240
285152333 38 789 14261
286405980 37 1096 14324
286856554 39 1673 14346
286876924 38 1676 14347
286989829 21 437 14353
287135940 20 1034 14361
287208843 33 541 14365
287437249 22 1146 14376
287545465 36 496 14381
287748167 25 1987 14391
287903524 37 1074 14399
288040478 35 1897 14406
288085335 33 695 14408
288217252 22 1377 14414
288488586 39 913 14427
289509317 29 1442 14478
289646676 25 1922 14485
289749256 25 562 14490
289996312 34 662 14502
290314742 25 1198 14518
290500825 21 830 14527
290790536 21 1188 14542
290806399 36 1492 14543
291043691 27 1033 14555
291123292 22 1800 14559
291491880 30 58 14577
291558068 28 766 14580
292445195 39 282 14624
292613677 24 53 14632
292857977 34 178 14644
293022868 33 762 14652
293534126 32 1532 14677
293645612 36 1361 14683
293732299 26 1953 14687
294015464 26 1245 14701
294235418 37 1202 14712
294357243 30 246 14718
294433314 24 1316 14722
294723482 20 471 14736
294867474 39 1381 14743
295538473 37 384 14776
296870861 32 1302 14841
296909902 37 1664 14843
297027506 34 1699 14849
297322856 29 1007 14864
297461244 36 578 14871
297650508 37 415 14880
297666779 38 1016 14881
297906995 35 1000 14893
298064669 38 1774 14901
298238554 39 781 14910
298262598 28 17 14911
298908931 34 650 14944
299014458 37 411 14949
299258946 39 1571 14961
299764562 21 703 14987
299922546 21 1762 14995
300416748 29 1899 15019
300518926 29 640 15024
300600387 20 511 15029
301044252 22 1019 15051
301213853 36 149 15060
301340558 32 1344 15066
301659835 21 1553 15081
301696326 30 1155 15083
302152755 38 525 15106
302633500 38 1205 15130
302744683 22 61 15136
302863060 31 1148 15142
303020196 32 215 15149
303074586 30 1182 15152
303421125 34 1937 15168
303708485 27 253 15183
304155211 29 928 15205
304731976 31 1164 15233
304778492 26 215 15235
304905594 20 414 15241
304942825 39 1681 15243
305230130 31 1948 15257
305298528 20 787 15260
305337584 21 652 15262
305581494 31 343 15274
305961497 34 1239 15294
306159896 20 441 15304
306202916 20 1425 15306
306409601 25 85 15316
306580667 23 188 15325
307197507 22 174 15356
307498446 32 100 15371
307634607 28 1378 15378
308021754 31 768 15397
308558741 34 97 15425
308729075 39 103 15433
308791164 36 205 15436
308958148 36 1964 15444
309744203 20 1406 15483
310235156 27 578 15507
310295254 21 1160 15510
310480789 38 719 15519
310522583 29 1919 15521
311267405 28 309 15560
311412480 23 327 15567
311454250 29 787 15569
311885187 21 1000 15591
312377500 25 1739 15616
312975616 32 918 15646
313215722 32 725 15658
313397157 36 490 15667
313525792 24 44 15674
313653352 32 180 15681
313809995 23 536 15690
313984167 29 1476 15698
314212533 36 229 15710
314371997 34 599 15718
315027959 28 97 15750
315276488 37 1316 15763
315336687 35 169 15766
315488455 33 937 15774
315585829 39 965 15779
315868856 27 14 15793
316237175 32 1952 15811
316330179 39 987 15816
316729457 29 1619 15837
317130847 39 658 15858
317903044 20 1512 15898
318892188 21 1203 15948
319032091 31 92 15954
319137210 30 1635 15959
319680091 36 545 15986
319881603 36 416 15996
319925053 28 933 15998
320736816 30 966 16037
321369900 21 448 16068
321518403 31 71 16076
322248941 25 1080 16112
322289509 38 397 16114
322451381 21 1447 16122
322553631 38 341 16127
322762703 21 998 16138
323208170 32 1175 16161
323451699 27 1938 16173
324012855 37 1605 16201
324088977 24 880 16205
324554930 24 773 16229
324571079 27 1467 16230
324890627 20 1662 16246
324977719 30 1315 16250
325472686 23 1883 16275
325626693 37 581 16283
325809538 35 274 16292
325997309 29 565 16302
326464826 33 1710 16325
326537051 29 121 16329
326616382 23 482 16333
326660070 30 1057 16335
326800990 34 362 16342
327338722 29 328 16368
327394202 33 1614 16371
327437266 39 455 16373
327610046 27 1493 16381
327686442 36 1824 16385
328224432 26 1310 16411
328926113 25 162 16447
330282021 34 1759 16514
330440639 27 514 16522
330651955 34 191 16533
330746938 35 1186 16538
330956483 23 421 16548
331052258 25 1980 16553
331561849 20 1362 16578
332027368 25 246 16601
332787787 28 1467 16639
332831420 26 972 16641
333214499 24 1821 16660
333510103 24 196 16675
333868367 20 1589 16692
333999438 22 296 16699
334246636 20 1419 16711
334700800 25 1071 16733
334754351 22 307 16736
335320398 27 1505 16763
335336131 28 707 16764
335389565 39 997 16767
335450195 31 5 16770
335534394 39 945 16774
335756157 29 395 16785
335916753 36 1038 16793
336572730 39 1043 16826
336678434 27 1646 16831
337718780 30 1459 16883
337742644 34 809 16884
337806441 21 1017 16887
338302965 22 430 16913
338905612 28 1587 16943
339087810 26 1792 16952
339214105 24 1541 16958
339377790 34 1475 16966
339734193 25 1152 16984
339769882 38 868 16986
339968765 29 565 16997
340072742 33 1263 17002
340423994 22 878 17020
341121920 37 474 17054
341226807 32 710 17059
341311602 39 1781 17063
341564947 20 1189 17076
341736639 25 844 17084
341871859 37 1045 17091
342036908 29 1508 17099
342448312 22 723 17120
342799220 33 1413 17138
343050248 37 1682 17151
343541078 32 1508 17176
344114211 36 1878 17204
344627691 28 775 17231
344734578 25 1583 17236
344877712 27 630 17243
344915233 27 1579 17245
345039237 37 1974 17252
345340670 23 409 17267
345385233 34 1274 17269
346011819 37 742 17300
346595118 33 768 17329
347616841 27 1798 17380
348220127 37 295 17410
348500488 31 1833 17424
348570226 22 63 17428
348797569 27 83 17440
349110755 29 1071 17455
349402885 35 237 17470
349485160 30 1637 17474
350433344 30 572 17520
350565076 36 165 17527
350732122 39 81 17535
350932785 33 1852 17545
351138794 31 1495 17555
351838376 28 1556 17590
352157739 21 19 17606
352528345 26 266 17625
352568221 27 1720 17627
352611870 34 964 17629
352657182 37 1645 17631
352807516 22 1071 17638
353658654 21 884 17680
353851736 20 81 17689
354216728 33 705 17708
354283308 34 7 17712
354924151 28 1631 17744
354943744 32 111 17745
355266873 38 1196 17762
355329399 37 1218 17765
355646037 35 319 17781
356172977 35 38 17807
356817558 36 1732 17838
357530918 36 1417 17874
358181840 21 149 17908
358401132 20 209 17919
358714051 30 1753 17936
358852113 33 137 17943
360493242 24 945 18028
360512657 28 1625 18029
360817940 30 1797 18045
360955690 33 1573 18052
361013028 20 129 18055
361375574 20 1830 18074
361452659 23 1761 18078
361968272 24 607 18104
362121367 33 226 18111
362199035 20 564 18115
363345241 31 1464 18173
363479746 24 1727 18179
363542104 25 1527 18182
363810346 35 1325 18195
363973572 23 1760 18203
364628706 34 920 18235
364806728 34 1373 18244
365112727 21 1973 18260
365292150 33 1155 18269
365395859 30 128 18274
365493192 34 847 18279
365614295 36 321 18285
365840591 32 850 18296
365857932 37 912 18297
366195497 30 827 18313
366594393 30 107 18332
367190701 39 506 18363
367419774 38 227 18374
367585439 26 1215 18382
368036814 39 617 18407
368092578 36 1092 18410
368264631 22 1214 18419
368321191 34 104 18422
368916054 24 1259 18452
368955554 30 1181 18454
369310119 27 1921 18472
369691888 30 435 18491
370335810 26 738 18524
371090659 20 169 18561
371200008 21 857 18566
371351529 35 1335 18574
371625503 32 1585 18588
372621454 38 1355 18638
372777373 32 950 18645
372856356 35 126 18649
372979527 35 290 18655
373353590 35 878 18675
373504060 38 1813 18683
374390077 33 320 18729
374863771 33 1085 18753
374974638 23 840 18759
375778334 21 551 18799
376143705 30 911 18817
376286452 24 1039 18824
376368149 35 621 18828
376969368 23 626 18859
377016773 25 973 18861
378053086 37 61 18913
378427414 30 667 18931
378770168 34 725 18948
379037978 36 606 18961
379336427 36 814 18976
379562358 36 1268 18987
379902255 26 690 19004
379921032 37 1919 19005
380197847 23 914 19019
380437390 38 1378 19031
380722299 28 196 19046
381426787 37 1510 19082
381838566 38 588 19102
382189521 36 1509 19119
382641711 30 758 19143
383201231 35 1380 19171
383237971 35 344 19173
383671207 29 963 19194
383966510 27 155 19209
384039648 38 286 19213
384649201 32 837 19243
384666073 33 1829 19244
384879570 25 1767 19255
384976829 30 514 19260
385176293 29 143 19270
385194291 38 1766 19271
385427490 33 1875 19283
385462286 21 1419 19285
385605735 23 1125 19292
385780496 29 1903 19301
386104615 20 1126 19317
386211529 37 218 19322
386401973 29 278 19332
387533453 20 304 19387
387650821 32 1000 19393
388168037 32 539 19419
388863112 30 1261 19453
389029277 32 720 19462
389170894 32 451 19469
389211548 34 1502 19471
389307078 28 466 19476
389548301 24 1205 19488
389669275 24 1703 19494
389726883 27 1223 19497
390575214 31 759 19540
390699415 29 463 19546
391363193 23 253 19580
391769254 32 249 19600
391830322 33 940 19603
393048654 39 29 19663
393133363 35 11 19667
394065678 23 746 19714
394191982 33 692 19721
394332264 37 149 19728
394604081 22 1472 19742
394756645 23 1684 19749
394858767 27 1466 19754
394980015 22 770 19760
395106181 31 807 19767
395326940 30 1354 19778
395821930 34 210 19803
396096647 33 1467 19817
396702740 31 334 19848
397077392 24 1204 19866
397269227 24 227 19876
397516818 26 540 19888
397580500 20 937 19891
398085406 29 766 19916
398462391 33 906 19934
399020985 34 1461 19961
399187328 39 1456 19969
399406855 37 1193 19980
