467125 224 193 34
666205 233 647 48
1005301 239 2296 72
1140476 228 1917 82
1308548 229 2046 94
1363486 234 2328 98
1872440 235 2567 136
2095806 220 192 153
2498986 221 1547 182
3202617 233 1516 234
3373852 228 2706 247
3464784 239 1860 254
3519434 232 778 258
3548841 230 586 260
3608114 235 90 265
3663982 232 223 269
3845845 223 2285 282
3928221 236 2959 288
4036562 221 899 296
4109326 225 762 302
4260462 229 2347 313
4307465 225 2339 317
4440605 226 1541 327
4546395 232 1104 335
4583867 225 1384 338
4806161 238 1209 355
4999731 227 2717 370
5078028 237 2533 376
5656451 228 2859 419
5787133 221 2360 429
5870750 238 750 435
6021844 234 2312 447
6111923 232 2183 454
6238971 224 2307 464
6482228 231 1896 483
6684621 238 988 498
6899486 229 165 515
7265413 227 1000 541
7569018 238 1643 564
7746687 236 111 577
7788826 239 979 580
7953018 236 2611 592
8059119 238 397 600
8264118 227 88 616
8565959 228 1769 639
8609562 226 1828 642
8780284 232 1637 655
8875097 229 2588 663
9107697 220 1638 680
9224220 221 2243 689
9651539 229 80 721
9865453 220 610 737
9910304 227 1399 740
10080744 235 870 754
10659833 237 2107 797
11313474 225 2954 848
11406141 237 176 855
11456575 221 1904 859
11606928 224 2637 870
11898258 223 1119 892
11989746 237 1742 899
12282012 231 2209 921
12321414 221 1046 924
12499939 230 813 937
12529886 230 1303 939
12901087 225 2632 966
13193053 221 1006 988
13217132 236 1166 990
13382267 226 1458 1002
13621294 236 2696 1020
13844858 230 2708 1037
13947376 234 444 1045
14660751 237 2157 1100
14743707 224 2571 1106
14818810 221 2424 1111
14832460 231 825 1112
14857386 236 1917 1114
15206597 239 1200 1140
15297604 230 2064 1147
15349086 239 2662 1151
15393090 236 1134 1154
15420450 227 2453 1156
15644948 231 530 1172
15714318 239 2288 1177
15726286 235 1376 1178
15780042 229 2930 1182
16064118 221 2270 1202
16118225 235 1606 1206
16173287 227 1862 1210
16737857 226 2655 1252
16751851 229 2158 1253
16999427 222 2322 1271
17431285 237 2543 1303
17607886 226 241 1316
17742239 235 1431 1326
17940822 220 111 1342
18308215 227 1234 1370
19126498 231 1387 1433
19264458 234 1270 1443
19298955 232 931 1446
19313073 236 1738 1447
19510709 231 1871 1462
19939275 228 1420 1493
20289946 224 93 1519
20315567 236 1821 1521
20802071 230 2095 1558
21434793 231 2951 1606
22098188 223 2610 1657
22230550 227 273 1667
22242632 220 259 1668
22265456 231 1187 1670
22734533 226 648 1705
22785738 232 448 1709
22838766 236 2350 1713
22853601 222 985 1714
22880827 224 1447 1716
22944748 228 2531 1721
23160776 226 2051 1737
23448426 230 777 1758
23540976 224 1963 1765
23743108 226 1120 1780
23836851 231 405 1787
24036074 222 97 1801
24117461 236 2933 1807
24761342 227 1409 1857
25004136 229 508 1876
25236929 222 1146 1894
25461667 222 943 1911
25771273 232 2971 1935
26360189 227 343 1980
26409566 227 345 1984
26521211 234 2365 1993
26623381 233 649 2001
26844883 225 1693 2018
26901437 234 2614 2022
27263422 220 99 2049
27620183 239 2069 2077
27965115 236 9 2103
28363698 231 2152 2132
28615482 234 1615 2150
29225656 223 2079 2196
29532471 228 2059 2219
29617464 235 2102 2225
29669566 232 440 2229
29953223 226 1200 2251
30068941 233 160 2260
30547551 226 919 2296
30562304 237 1536 2297
30735149 236 718 2310
30861801 238 2300 2320
31114906 225 2346 2339
31166701 233 2463 2343
31320065 220 2918 2354
31423433 224 2955 2362
31604653 231 379 2376
31701813 235 524 2383
31834328 220 2362 2393
31896226 226 1043 2398
31965254 234 2045 2403
32087138 233 2754 2412
32276904 238 2357 2426
32348561 225 1329 2431
32706478 228 1032 2458
33012532 239 240 2481
33478575 224 2778 2517
33669588 224 612 2531
33696242 234 693 2533
33961832 234 2955 2553
34014676 223 2146 2557
34337580 235 385 2581
34365172 238 645 2583
34600212 222 2024 2600
34908379 222 2094 2623
35054629 233 2924 2634
35407893 228 2022 2660
35447493 228 1721 2663
35809272 225 239 2690
36217775 234 2373 2720
36439677 226 670 2736
36857942 231 128 2767
37294297 221 653 2798
37643802 235 279 2824
37770677 222 2073 2833
37843504 233 381 2839
37871222 238 1734 2841
37887888 224 2426 2842
38079490 231 2590 2856
38227567 234 1244 2867
38357251 230 2919 2877
38459543 227 2532 2884
38473820 239 1621 2885
38900829 226 29 2918
38976884 228 2893 2924
39423121 229 2593 2957
39524865 229 2754 2965
39798663 224 2550 2986
39856102 237 280 2990
39926258 221 261 2995
40174552 236 2930 3014
40594456 227 2855 3047
40622448 230 2713 3049
40677445 221 1394 3053
40876936 233 145 3068
41212461 235 1198 3093
41261074 220 518 3097
41396155 231 1829 3108
41452820 235 2952 3112
41821685 229 2973 3139
42162429 233 854 3164
42537921 238 1586 3193
42627972 235 1566 3200
43020427 220 2340 3229
43188019 228 1459 3241
43285553 226 1709 3249
43488553 226 1527 3264
43650418 235 2554 3276
43673622 229 705 3278
43793354 236 538 3287
43808094 220 2523 3288
44074840 227 347 3307
44114147 231 88 3310
44295669 233 1859 3323
44419972 227 2669 3333
44434401 237 1819 3334
44628751 233 2316 3348
44966745 227 97 3374
45367010 224 1572 3403
45588267 221 67 3419
45702146 229 2590 3427
45953119 238 1218 3446
46006192 237 1473 3450
46033771 238 2863 3452
46160288 236 2180 3462
46236461 228 814 3468
46399990 237 886 3480
46460715 220 2920 3485
46850240 221 209 3513
47229100 233 267 3541
47366231 228 2273 3551
47408685 237 1753 3554
47420122 226 1738 3555
47546546 232 1443 3565
47603596 222 1612 3569
47633341 238 1431 3571
47991537 238 1905 3597
48303420 220 1462 3620
48733696 229 1297 3652
48743696 225 1177 3653
48826455 223 337 3659
49017027 232 1372 3674
50238923 224 1096 3767
50473273 238 557 3784
50611658 222 1103 3794
50693010 234 1236 3800
50731427 227 1324 3803
50893718 228 517 3815
51339146 236 2546 3847
51640498 236 1667 3870
51784202 229 958 3881
52167430 230 1262 3909
52441944 225 719 3930
52609040 235 2379 3942
52869600 225 2091 3962
52982852 224 1429 3970
53444081 230 222 4004
53481060 237 10 4007
53623301 233 61 4018
53769768 222 272 4029
54273303 233 2706 4067
54294835 222 1861 4069
54756273 228 1050 4103
55189034 239 642 4135
55560188 233 428 4163
55597316 233 2877 4166
55646523 238 2196 4170
55920560 237 1754 4191
56236631 230 340 4214
56529394 238 1958 4236
56750453 228 2065 4253
57042484 231 2382 4276
57111620 238 1450 4281
57175164 236 2702 4286
57352203 225 265 4299
57379328 223 2479 4301
57485286 227 2359 4309
57739891 235 1304 4329
57937951 226 2301 4344
58182514 224 792 4363
58224752 223 703 4366
58463840 230 254 4383
58490692 233 2811 4385
58928435 221 213 4418
58997844 235 969 4423
59033737 222 1822 4426
59217360 235 110 4440
59425285 231 188 4456
59465266 225 188 4459
59533933 222 1687 4464
59545238 235 2022 4465
59681336 231 2413 4475
60928451 226 1728 4567
61916568 229 2232 4639
61932503 227 1987 4640
62077006 238 2492 4650
62100885 238 586 4652
62836383 233 1286 4709
63161561 227 2652 4734
63174061 231 1847 4735
63438104 220 2554 4755
63501686 233 2335 4760
63717463 236 2203 4777
64107385 220 1075 4808
64134502 230 1791 4810
64485980 239 1590 4837
64574852 229 75 4844
64590115 236 1216 4845
64696321 223 1150 4853
64742129 239 1278 4856
64848144 226 148 4864
65177802 235 1212 4888
65189469 239 2503 4889
65435887 231 690 4908
65556645 234 2961 4917
65633183 231 2120 4922
65915620 220 558 4943
66063545 233 1007 4954
66102730 235 2255 4957
66295493 235 220 4972
66847385 220 2282 5014
67014813 224 1301 5026
67414660 227 67 5056
67534626 232 2692 5065
67604319 224 2849 5070
67669820 222 2605 5075
67785731 236 1861 5083
67870122 226 1901 5089
67912892 225 1011 5092
67954478 227 2413 5095
68018434 235 607 5100
68220308 230 413 5116
68616721 235 1365 5146
68900866 227 280 5166
69646251 225 833 5222
70086423 224 1652 5256
70101740 235 1370 5257
70179966 220 2630 5263
70196632 227 1331 5264
70223345 232 2324 5266
70375435 220 665 5278
70712139 236 2457 5304
71364838 239 1871 5353
71376978 238 875 5354
71655920 234 980 5375
72057701 233 498 5405
72071172 229 2172 5406
72128113 235 682 5410
72289362 230 261 5422
72341881 235 1956 5426
72511430 232 150 5438
72785454 232 2833 5458
72822154 238 1463 5461
72860503 228 2900 5464
73074962 225 2919 5481
73231923 233 2491 5493
74014788 225 412 5553
74077846 238 1213 5558
74306274 239 509 5575
74397887 238 2792 5582
74692854 229 2167 5604
74963956 232 269 5624
74999652 234 388 5627
75024763 232 2597 5629
75229087 221 2774 5644
75367642 221 2741 5655
75778834 223 1994 5687
75805141 239 2643 5689
75861942 228 2320 5693
76121480 238 1792 5713
76390942 221 1163 5732
76480445 237 1566 5739
77146009 222 1068 5790
77238250 220 606 5797
77383222 233 1757 5807
77393721 233 526 5808
77408905 239 2261 5809
77718954 228 2151 5832
77981296 225 2296 5852
78069954 226 2136 5859
78384905 231 385 5882
78414838 229 1718 5884
78758755 221 553 5910
78801245 227 1247 5913
79032844 229 1607 5930
79098775 223 1073 5935
79200647 220 2053 5942
79338738 230 1798 5952
79487761 220 335 5963
79612645 224 550 5972
80215145 239 2554 6017
80227625 226 237 6018
80308254 222 2439 6024
80348563 235 2263 6027
80443026 224 306 6034
80542035 222 400 6041
80737724 220 850 6056
80763768 228 2264 6058
81103154 221 785 6083
81168174 222 267 6088
81263448 238 867 6096
81317758 228 1376 6100
81476652 223 2315 6112
81750852 225 2025 6133
81975984 237 2079 6150
82113943 222 1135 6160
82139161 234 242 6162
82164151 226 51 6164
82624415 229 12 6199
82707746 223 466 6205
82790217 228 2861 6211
83584211 230 2574 6270
83890264 223 708 6294
84039422 226 1456 6305
84077812 233 2911 6308
84187113 232 993 6317
84255234 222 2510 6322
84406919 227 1222 6333
84501603 227 1904 6340
85169442 224 288 6389
85183126 230 2461 6390
85254781 233 2299 6396
85460981 222 2074 6412
85689526 236 2242 6429
86176367 223 125 6466
86266704 239 1294 6473
86529825 236 1539 6493
86972268 226 414 6527
87169363 231 1000 6541
87512980 222 1202 6567
87638361 226 1664 6576
87826202 229 1572 6590
88065075 236 2520 6607
88612997 233 2279 6647
88667564 234 1890 6651
88753477 239 262 6658
88872676 226 2376 6667
89064584 235 871 6681
89181769 232 2364 6689
89197902 229 1118 6690
89278484 224 2280 6696
89463074 224 1889 6710
89575537 238 2219 6719
90136137 221 564 6761
90289938 235 339 6772
90351415 236 2639 6777
90574846 236 1724 6794
90839800 229 726 6814
90876953 229 972 6817
90953681 236 552 6823
90969308 225 2230 6824
91000792 237 2447 6826
91117121 223 1613 6835
91247715 237 803 6844
91311778 229 385 6849
91367252 223 2026 6853
91618958 239 768 6873
91664846 220 1821 6876
91794877 236 1385 6887
91915672 225 809 6896
91925966 223 2818 6897
91949085 229 503 6899
92043914 230 618 6906
92084764 233 862 6909
92385958 226 939 6932
92557590 237 1838 6945
92599251 223 933 6948
93035775 232 326 6980
93051503 225 1923 6981
93333257 222 1381 7002
93397777 220 156 7007
93870075 224 1191 7042
94445094 235 2699 7087
94645203 236 2627 7102
94765977 223 2234 7111
94845646 229 1205 7117
94997780 230 1525 7128
95205253 226 387 7144
95630933 232 2276 7175
95888012 228 2668 7195
95940735 233 927 7199
96184308 227 1328 7217
96310617 232 542 7226
96649469 231 1107 7250
96789187 224 1128 7261
96954023 235 1866 7274
97226466 235 2560 7295
97295201 226 131 7300
97626945 230 84 7325
97638651 234 2481 7326
97763719 227 1443 7336
97777877 221 1116 7337
98180199 228 499 7366
98228179 234 1910 7370
98273649 235 383 7373
98969811 227 2219 7426
99138339 220 126 7439
99164585 233 201 7441
99631553 222 1046 7475
99854817 221 127 7492
99931230 234 2891 7498
99992712 222 2738 7502
100004457 223 1398 7503
100193044 224 1455 7517
100294442 223 2988 7525
100987611 237 226 7577
100999108 220 1387 7578
101052651 221 1386 7582
101337724 232 672 7603
101389790 239 99 7607
101418252 222 2445 7609
101726464 226 294 7632
101750594 232 80 7634
101946357 225 1309 7648
102078761 224 2140 7658
102149433 233 438 7663
102577905 222 2149 7694
102686624 236 1488 7702
103075784 223 2875 7731
103085784 232 1473 7732
103346454 235 1956 7752
103436401 234 1322 7759
103482612 227 590 7762
103643037 220 1105 7774
103733044 227 247 7781
103762177 225 1614 7783
103895700 238 926 7793
104005430 225 1634 7801
104093681 235 1103 7807
104335808 223 2812 7824
104440700 235 2783 7832
104668733 223 691 7850
104724487 236 892 7854
104908416 226 2209 7867
104931422 226 370 7869
105120336 229 2295 7883
105204484 223 2520 7889
105286973 230 2288 7895
105338568 227 1917 7899
105557698 235 1334 7915
105625373 223 2920 7920
105637467 233 1428 7921
105651860 229 1631 7922
105909318 235 2103 7941
106046721 230 2470 7951
106387869 236 682 7977
106454378 238 1490 7982
106522209 224 33 7987
106591678 238 2097 7992
106821221 236 72 8010
106960760 235 1855 8021
107088727 234 1612 8031
107216439 239 2292 8040
107243872 221 239 8042
107495473 239 2071 8060
107691497 238 1646 8075
107909747 227 1660 8091
108263588 223 619 8118
108377360 227 1845 8126
108900631 226 2317 8164
109120258 222 109 8180
109318114 226 2165 8195
109509514 223 1496 8209
110246291 225 2900 8264
110360089 239 1694 8273
110560368 237 2538 8288
110588933 235 2290 8290
110755363 239 1922 8302
110876842 238 524 8311
111127459 221 954 8330
111204475 229 1261 8336
111283413 235 218 8342
111401854 232 63 8351
111551926 221 664 8362
111617245 230 1845 8367
111685522 237 1624 8372
111853801 232 992 8385
112032905 231 1093 8398
112442809 220 2717 8427
112602459 224 1492 8439
112890625 223 651 8461
113004655 229 2645 8470
113077562 220 438 8475
113153651 229 1154 8481
113270874 235 1435 8489
113285850 224 1462 8490
113642661 237 2196 8517
113746131 230 2862 8525
113761205 225 1745 8526
113831425 221 2209 8531
114011535 234 90 8544
114065116 238 1605 8548
114544082 231 2671 8583
114611205 234 1401 8588
114901781 224 805 8610
114956821 238 1131 8614
115083056 224 2081 8624
115677581 233 2039 8668
115754785 233 2692 8674
115809340 231 1596 8678
115822780 234 2641 8679
115919242 229 462 8687
115983561 221 1524 8692
116032963 231 1145 8696
116055581 228 917 8698
116147382 225 2819 8705
116272231 227 2354 8715
116352795 226 520 8721
116566270 233 2750 8737
116825048 220 1014 8756
116908699 223 2407 8762
117063603 221 2457 8774
117098451 224 593 8777
117253953 225 2367 8788
117570424 225 2523 8811
117693908 228 2326 8820
117705951 233 750 8821
117901262 227 2086 8836
117997120 229 2413 8843
118060036 222 2832 8848
118231815 237 601 8861
118356264 220 1076 8871
118406729 235 271 8875
118624335 236 1956 8891
118969944 232 1641 8916
119076804 229 461 8924
119185684 227 1662 8932
119482592 226 584 8954
119563933 239 950 8960
119706921 235 2183 8971
119812946 221 512 8979
119879522 223 2076 8984
119975586 225 2462 8991
120007264 237 1976 8993
120045642 238 645 8996
120173252 230 1070 9022
120268135 231 2900 9052
120290071 225 1285 9058
120340073 237 1478 9074
120346910 220 873 9076
120384021 234 1292 9088
120464976 231 170 9113
120497568 225 155 9124
120529598 237 1734 9133
120569278 224 1803 9145
120585376 239 1410 9150
120594454 222 16 9153
120668166 220 2502 9176
120856663 229 223 9228
121016025 237 1955 9279
121065832 221 333 9295
121225659 237 1266 9344
121310927 234 1030 9371
121334118 227 757 9379
121336641 223 2794 9380
121377909 234 77 9392
121421767 232 1473 9405
121435583 227 775 9409
121448025 237 46 9413
121481843 232 2151 9424
121528510 235 772 9439
121554995 237 1541 9447
121568378 232 655 9451
121575024 235 2219 9453
121595583 224 1328 9459
121625066 221 1137 9468
121628189 230 1925 9469
121654350 225 1718 9477
121685925 224 1654 9487
121708824 236 1035 9494
121712461 236 1776 9495
121733784 231 1335 9502
121740845 224 853 9504
121849454 228 873 9535
122019782 222 612 9590
122081820 227 1960 9611
122130039 237 1289 9624
122159222 226 700 9632
122191492 232 1349 9643
122274733 225 156 9668
122359174 223 1040 9693
122412005 235 921 9710
122415430 226 1806 9711
122442790 229 926 9719
122586308 229 2409 9762
122594407 223 1715 9765
122597138 230 2048 9766
122680626 232 1558 9791
122740978 238 938 9808
122743141 229 299 9809
122963078 222 635 9876
122974396 238 2452 9880
123109411 238 1681 9921
123135251 224 1815 9929
123203304 224 68 9949
123279581 235 1933 9973
123281844 233 36 9974
123301434 231 2993 9980
123362863 231 2267 9999
123372126 230 2502 10002
123431274 229 1444 10021
123437877 239 571 10023
123441101 225 2471 10024
123484527 224 2218 10037
123498972 228 2974 10041
123545834 232 475 10056
123575687 225 213 10065
123593342 236 1152 10070
123742918 228 926 10115
123775048 231 1550 10125
123800629 226 901 10133
123928931 226 389 10171
123958300 236 2627 10179
124031320 231 2824 10200
124079691 220 1488 10215
124126310 227 387 10228
124153276 225 1185 10236
124192011 239 1971 10248
124198568 228 939 10250
124215725 236 37 10255
124245650 236 114 10265
124282949 231 606 10276
124382147 225 734 10306
124417336 238 1883 10317
124450296 220 192 10326
124562366 230 511 10360
124577830 239 1079 10365
124592195 225 2027 10370
124603313 235 1816 10373
124642419 221 576 10385
124683952 226 2271 10398
124740213 231 1703 10415
124883520 236 2087 10458
124954476 226 18 10479
124958809 235 1569 10480
124983187 229 2932 10487
125074699 239 1343 10515
125139843 224 118 10536
125162492 225 817 10542
125188863 226 1829 10550
125192440 237 176 10551
125258160 220 23 10571
125317752 220 2664 10588
125358092 221 2271 10600
125385563 234 1303 10608
125633924 233 2352 10680
125782509 234 9 10726
125838589 231 2218 10743
125874198 222 1902 10754
126024005 227 844 10799
126084140 238 286 10816
126170832 223 2736 10842
126198959 234 1625 10850
126257026 230 1414 10869
126409476 222 2989 10914
126457330 221 2549 10928
126575170 228 86 10963
126681314 224 1192 10997
126728495 238 720 11012
126756164 220 1648 11020
126811254 233 709 11035
126885979 230 2355 11056
126889935 234 2144 11057
126905407 225 2205 11061
126913967 236 2501 11064
126974970 223 2455 11083
126986722 221 2409 11086
126997082 222 1959 11089
127014054 233 2174 11094
127107329 225 2119 11125
127188989 235 1427 11150
127247746 226 2059 11169
127292704 233 1082 11183
127327580 233 941 11194
127359722 223 914 11204
127482664 225 443 11242
127494603 234 119 11246
127587500 235 2144 11272
127651939 236 1126 11291
127659933 234 1433 11293
127671055 231 1621 11296
127689036 235 1994 11301
127754883 237 2593 11321
127873439 224 2988 11358
127905473 235 703 11367
127923099 220 2546 11372
127935978 234 2747 11376
127943708 225 2183 11378
128000398 237 2765 11396
128028125 221 230 11405
128034017 225 1291 11407
128125600 227 1757 11436
128180751 230 2942 11454
128218825 231 1316 11465
128263069 221 2316 11478
128324217 236 198 11496
128333760 232 1554 11499
128474982 226 727 11541
128491970 236 2187 11546
128527413 235 2006 11557
128579906 232 1147 11573
128601598 224 1943 11579
128717439 224 830 11613
128732594 223 1927 11618
128785012 225 690 11634
128815389 238 1114 11644
128826396 235 2187 11648
128876074 235 2620 11663
128905924 228 1291 11672
128982797 234 1132 11695
129008422 228 2029 11703
129015679 230 2325 11705
129044479 232 2577 11713
129179811 237 1371 11753
129234128 230 611 11769
129340021 223 2616 11801
129342754 234 1398 11802
129366761 227 460 11809
129378423 227 1486 11813
129406957 224 900 11823
129458660 228 1400 11839
129488733 237 1731 11849
129596771 222 2178 11881
129599228 232 82 11882
129655850 234 710 11899
129791015 239 690 11940
129815626 226 2807 11948
129871954 233 2115 11966
129881196 235 2094 11969
129999971 238 1041 12005
130197444 228 1870 12063
130210172 223 2067 12067
130216936 237 1710 12069
130245953 234 1471 12078
130332906 227 2676 12105
130369458 224 1394 12116
130409935 228 2753 12128
130446918 221 1396 12140
130464135 232 2961 12145
130656842 233 1113 12203
130678737 223 1079 12209
130699912 236 992 12216
130714547 222 993 12221
130765750 236 1241 12237
130861901 237 1779 12267
130888184 233 2485 12275
131010341 233 1767 12312
131028779 224 1719 12318
131085376 237 671 12336
131094689 224 1720 12339
131147765 220 2930 12356
131172081 220 2746 12363
131200245 226 2702 12371
131253157 236 827 12387
131262352 231 112 12390
131313584 229 1970 12407
131320379 234 2067 12409
131370003 234 958 12424
131400246 224 793 12433
131411339 224 664 12436
131498594 227 908 12462
131536265 228 2867 12474
131621817 229 1523 12498
131660851 224 2599 12509
131684750 236 2940 12517
131801216 235 755 12552
131926796 224 1953 12589
131955067 231 708 12597
131961460 231 995 12599
131996270 227 1891 12609
132015525 224 774 12614
132055127 224 2586 12626
132201832 220 2041 12669
132231568 226 2387 12678
132269171 233 1850 12689
132282149 233 591 12693
132324674 236 2773 12707
132407473 230 2909 12733
132411806 221 826 12734
132452344 233 1123 12745
132476347 221 2775 12752
132479941 236 1134 12753
132571522 229 17 12781
132583381 227 612 12785
132677887 238 1959 12814
132867846 233 1490 12872
132910338 238 2265 12884
132990528 237 1794 12909
132994595 229 1962 12910
133142104 236 2915 12954
133171146 221 1078 12963
133212215 239 1245 12974
133235713 239 1907 12981
133242660 228 114 12983
133315893 231 1623 13005
133330861 238 536 13009
133365693 228 1938 13019
133401973 227 1732 13030
133453219 229 1011 13045
133483060 224 309 13054
133513655 239 370 13063
133646312 225 1985 13103
133726710 236 1632 13128
133731957 226 1543 13130
133846820 237 2084 13166
133910972 229 140 13185
133981375 230 237 13207
134006003 223 2648 13215
134043153 237 2207 13227
134074722 234 71 13237
134119915 235 68 13250
134177385 220 2057 13268
134261297 237 1322 13293
134336516 237 2802 13314
134352937 226 2919 13319
134363608 238 2186 13322
134371274 222 1245 13324
134376096 228 1505 13326
134474509 235 549 13356
134494019 231 1823 13361
134520114 227 2156 13369
134572093 228 1199 13386
134615111 220 2439 13399
134649052 230 1638 13409
134721280 235 1750 13431
134753845 238 703 13441
134836570 231 585 13466
134861375 223 2087 13474
134867426 229 343 13476
134925464 236 162 13494
134958151 225 2818 13503
134981962 228 1083 13510
135050328 230 976 13531
135116749 228 19 13550
135130106 226 1453 13554
135200196 223 2586 13575
135205659 237 713 13577
135229135 236 1804 13584
135268786 228 2085 13595
135274814 220 283 13597
135474293 223 121 13657
135500490 235 2353 13664
135548083 233 1300 13678
135604704 225 193 13695
135826304 227 713 13762
135837181 221 1921 13765
135844529 237 1139 13767
135945027 229 134 13798
136028917 224 1599 13824
136135821 225 879 13856
136142679 228 1997 13858
136480304 225 2192 13957
136493282 239 2392 13961
136587719 224 690 13989
136638161 239 1460 14004
136656502 236 712 14010
136691451 236 1969 14020
136698076 237 2606 14022
136823888 231 1940 14058
136837956 223 402 14062
136891007 234 2320 14078
136941884 230 490 14095
137063521 236 567 14130
137104610 224 368 14142
137156432 239 2360 14158
137183285 238 2057 14166
137244302 226 2683 14186
137300660 238 1341 14203
137320444 238 2878 14209
137371239 226 508 14223
137473957 222 2957 14255
137511936 221 1775 14266
137559373 232 2164 14280
137592277 238 566 14289
137613976 239 143 14295
137637251 223 1941 14302
137692634 238 748 14319
137700091 239 2373 14321
137717939 224 1281 14327
137736955 225 948 14333
137879998 235 2197 14374
137942841 234 623 14393
137963408 235 533 14399
137982053 236 486 14405
138045297 237 506 14425
138064760 238 32 14431
138121873 236 2985 14448
138197860 237 2063 14471
138237170 239 719 14484
138260734 221 2239 14492
138349301 229 1282 14517
138385172 228 1091 14529
138427215 227 2955 14542
138434325 221 1678 14544
138447589 223 933 14548
138510641 235 1923 14568
138531336 235 253 14574
138540268 231 2063 14577
138574629 229 1303 14587
138584356 233 2203 14590
138618476 233 1265 14601
138685589 239 1461 14622
138900467 226 1626 14686
138919502 231 1747 14692
138991742 231 2540 14715
139031871 237 595 14727
139084614 231 2353 14743
139099050 238 886 14747
139112721 226 881 14751
139129996 232 1452 14756
139205876 226 1869 14779
139334951 236 1444 14818
139342775 230 2211 14820
139356281 225 2007 14824
139367713 221 2261 14828
139401424 233 157 14839
139440378 237 2036 14851
139600247 231 2893 14900
139624293 224 2323 14907
139687687 220 244 14926
139691090 220 466 14927
139699952 235 1787 14930
139707706 223 2150 14932
139713087 222 669 14934
139726083 233 2206 14938
139797026 224 607 14960
139817815 223 375 14966
139832507 239 2322 14970
139962219 232 1973 15010
140012370 224 2697 15026
140077024 227 864 15046
140148810 236 501 15067
140169428 222 2231 15073
140205903 238 2132 15084
140242006 231 1914 15094
140253760 233 2983 15097
140284885 232 2202 15106
140380476 229 1611 15135
140476817 229 2658 15166
140545961 225 216 15185
140621683 220 1778 15207
140629088 222 1513 15209
140656215 234 667 15216
140743512 232 2432 15242
140781135 237 697 15253
140788012 238 1125 15255
140811104 236 364 15262
140818667 232 2555 15264
140839296 225 616 15270
140970773 233 1661 15308
141006233 230 318 15319
141040818 235 2254 15330
141062040 233 306 15336
141180395 233 2452 15373
141214663 221 612 15383
141238431 223 2000 15391
141244175 237 2941 15393
141298898 230 2328 15409
141352083 221 760 15425
141373031 233 778 15432
141402415 231 114 15441
141416754 225 647 15445
141601517 232 1567 15501
141756911 227 1739 15551
141788274 229 2978 15560
141895502 239 2152 15593
141951261 222 1612 15609
141973737 226 768 15616
141992381 235 274 15622
142043973 228 1904 15638
142064051 220 888 15645
142118658 227 966 15661
142154114 225 677 15672
142193583 227 2787 15684
142233972 230 429 15697
142244244 224 251 15700
142259557 235 2328 15705
142274218 225 2898 15709
142286175 235 2606 15713
142380789 223 839 15742
142413106 235 1036 15751
142517544 233 57 15781
142539353 220 2403 15788
142549997 234 2869 15791
142573367 228 1542 15798
142804259 233 1197 15870
142861178 226 1219 15887
143037257 239 1362 15941
143039965 237 1706 15942
143052058 239 2079 15946
143185101 231 2043 15987
143255396 224 2734 16008
143282507 222 702 16016
143308777 225 2122 16023
143434422 239 1547 16061
143472652 231 1433 16072
143491027 236 2912 16077
143527182 230 2470 16088
143550514 221 1193 16095
143601993 222 2776 16111
143629332 222 2602 16120
143644190 230 2887 16125
143650867 233 1649 16127
143656547 224 516 16129
143693829 225 1446 16140
143719166 225 1204 16148
143722720 233 116 16149
143760597 228 2846 16161
143854073 220 2258 16189
143910522 237 329 16207
143940236 222 2594 16216
143943387 238 1141 16217
144017395 236 1229 16239
144042763 225 823 16247
144156248 237 247 16282
144206386 231 1302 16297
144218900 238 2262 16300
144269866 220 15 16314
144321636 232 869 16330
144326029 235 2962 16332
144459116 236 177 16373
144580923 223 90 16411
144583692 239 2967 16412
144632904 227 2696 16426
144676955 224 1334 16439
144750002 238 141 16463
144774901 225 2202 16470
144791344 234 153 16475
144866529 226 2284 16497
144939291 239 224 16520
144988610 238 1005 16534
145022957 226 2580 16545
145109688 227 235 16571
145221302 221 224 16604
145271171 236 1046 16619
145383959 230 2584 16654
145390597 234 2108 16656
145450781 228 2070 16675
145483736 225 2081 16685
145548265 229 1288 16704
145643080 224 2355 16732
145710294 221 1825 16752
145713773 235 1400 16753
145748939 225 424 16763
145768060 226 871 16769
145857312 231 381 16796
145886187 229 2423 16804
145965787 233 2181 16827
146250714 229 928 16916
146265147 237 2918 16920
146350369 234 262 16946
146431159 224 1172 16970
146550509 223 2334 17007
146603434 236 278 17024
146725431 228 2176 17061
146762640 234 135 17073
146780978 222 428 17079
146784509 232 470 17080
146824054 236 2259 17093
146925330 231 304 17124
146943447 220 2384 17130
146953941 227 497 17133
146971288 238 2045 17138
147008091 223 1816 17150
147013879 223 2431 17152
147068578 232 479 17168
147183273 224 1000 17202
147198956 235 238 17207
147247472 232 1124 17221
147275497 235 648 17230
147282082 221 2677 17232
147299071 232 1657 17238
147420932 233 1820 17275
147448774 235 350 17283
147475114 239 489 17291
147538326 226 206 17311
147545471 220 1863 17313
147553892 237 41 17315
147619843 235 1315 17335
147647056 220 1189 17343
147685296 231 1487 17354
147730655 232 712 17368
147733828 220 497 17369
147790811 229 2752 17386
147805142 234 2467 17390
147814951 220 1221 17393
147950355 235 2672 17436
147965286 229 1137 17441
147973794 220 1022 17444
148024556 226 1756 17459
148139344 235 169 17494
148150730 238 2 17497
148261740 228 2874 17529
148277542 222 2930 17534
148284959 227 703 17537
148372316 228 2523 17563
148432659 230 1292 17581
148449969 224 1627 17586
148477288 222 1862 17594
148506323 228 122 17604
148543628 228 2839 17614
148609431 235 717 17634
148615297 223 1817 17636
148625764 222 1692 17639
148659677 224 883 17650
148699227 238 1746 17661
148713622 223 1706 17665
148800405 225 844 17691
148816899 228 203 17697
148852675 229 2855 17708
148871553 225 1207 17715
148925823 238 979 17731
148943736 236 2208 17737
148959066 223 1666 17742
149061265 231 2415 17774
149093277 227 1829 17783
149141917 228 2220 17798
149184912 230 2222 17811
149291672 227 2340 17843
149391977 228 812 17873
149433748 229 882 17886
149588045 232 337 17932
149626469 232 312 17943
149707403 235 1977 17967
149736870 228 1542 17977
149790263 230 117 17993
149867466 231 411 18015
149890421 238 658 18022
149925736 227 67 18033
149929309 231 1149 18034
150032212 239 2878 18065
150038230 224 1059 18067
150094695 232 405 18085
150197352 236 2903 18115
150214377 225 305 18121
150265250 225 2446 18137
150278633 234 659 18141
150349829 232 1499 18164
150396919 223 134 18177
150415427 227 399 18182
150438981 232 2584 18189
150451155 229 2271 18192
150507094 224 2457 18209
150528387 224 1420 18216
150551659 222 2067 18223
150560873 223 2514 18226
150624236 223 267 18246
150668471 230 28 18260
150800727 224 1032 18299
150841952 235 2393 18313
150851596 231 1519 18316
150862085 228 2282 18319
150870244 239 451 18322
150899997 223 1787 18330
150958979 220 910 18349
150987345 233 1504 18358
150991616 226 1288 18359
151014167 222 2731 18366
151039951 234 2094 18374
151042794 233 393 18375
151051158 234 1601 18377
151105640 229 1212 18394
151141595 233 2011 18405
151180143 231 300 18417
151194959 220 1596 18421
151251828 237 1922 18437
151263726 225 1553 18441
151306575 232 577 18454
151323705 225 668 18460
151391846 227 1358 18480
151449472 232 1346 18496
151461786 225 298 18499
151484724 227 2322 18507
151491424 224 1064 18509
151493770 238 427 18510
151512537 229 1971 18516
151519065 225 1388 18518
151579565 223 920 18538
151681088 232 2718 18568
151741327 220 2673 18586
151856410 220 2376 18619
151995082 238 2056 18662
152016757 237 175 18669
152087494 238 387 18692
152194892 220 2065 18726
152205851 220 2129 18729
152260562 225 2112 18745
152310947 224 680 18760
152322492 232 1838 18763
152345318 220 2965 18770
152355362 236 2882 18773
152358092 228 501 18774
152367942 232 2534 18777
152446717 232 803 18802
152457054 223 1133 18805
152458864 238 1310 18806
152467918 223 1009 18809
152509463 231 832 18821
152527671 230 2599 18826
152567484 231 1151 18838
152574965 232 136 18840
152584742 237 733 18843
152595888 224 1204 18846
152626969 232 1248 18855
152694952 231 2168 18875
152714906 236 811 18881
152764945 228 1974 18895
152811106 232 1720 18909
153006240 237 560 18967
153016492 235 2784 18970
153098785 222 1664 18996
153111351 238 1603 19000
153326966 230 90 19066
153340346 230 2643 19070
153374020 232 2655 19080
153384036 239 1960 19083
153397977 222 1583 19087
153559275 229 715 19136
153755323 224 2409 19195
153769128 234 2094 19199
153813508 239 1535 19212
153824962 222 2848 19215
153840334 225 1874 19220
153868636 233 254 19228
153955859 238 2334 19253
153985073 234 71 19262
154098138 222 1797 19296
154141943 239 1326 19310
154158409 235 1569 19315
154192191 222 29 19325
154228971 228 1894 19336
154342128 228 2359 19370
154360903 230 821 19376
154422450 226 1493 19394
154458983 234 458 19404
154500363 224 1444 19417
154510707 238 1809 19420
154513998 229 828 19421
154598014 232 1846 19447
154663842 224 866 19467
154666962 223 1875 19468
154669233 229 434 19469
154678973 238 1814 19472
154713601 225 32 19482
154805986 225 1043 19510
154819488 234 2352 19514
154865023 223 1607 19527
154883379 224 2948 19532
154885793 221 1302 19533
154945231 223 2856 19551
154948571 223 2650 19552
154977949 228 1713 19561
155164839 229 524 19617
155198760 239 734 19628
155227946 221 2758 19637
155231726 221 2300 19638
155288269 228 1614 19656
155299634 230 2043 19660
155309611 236 1461 19663
155360406 230 1181 19678
155366182 234 1120 19680
155375556 229 1783 19684
155391623 226 2588 19689
155470320 226 1962 19712
155495712 229 28 19720
155519448 234 1235 19727
155558288 231 1708 19738
155665014 224 557 19770
155674837 220 2320 19773
155724747 238 564 19788
155767270 228 2484 19801
155845738 238 2663 19825
155878037 237 2162 19834
155904521 239 2288 19842
155949266 233 1572 19856
155957631 234 1538 19859
156113287 221 2239 19904
156137823 220 2172 19911
156204528 223 2294 19930
156217606 224 703 19934
156270234 232 809 19949
156283340 233 2435 19953
156423043 220 2663 19996
156482735 233 1808 20014
156529026 231 2138 20028
156556464 229 1736 20036
156613740 222 1873 20055
156627726 235 2557 20059
156701526 226 1649 20081
156774538 239 2561 20103
156820964 238 629 20115
156877945 221 858 20131
156929577 234 2590 20146
156965481 231 2432 20157
157158915 239 1476 20216
157172415 239 883 20220
157337130 235 2827 20269
157357677 226 962 20275
157370789 239 2465 20279
157406629 237 1744 20289
157419262 235 719 20293
157443533 232 2337 20300
157607446 223 2746 20351
157614694 237 1117 20353
157722430 237 787 20387
157829922 222 2246 20420
157856614 226 2826 20429
157860315 223 1920 20430
157910725 223 489 20445
157950198 221 380 20457
157977810 234 332 20466
158103669 235 407 20504
158166081 226 2791 20522
158185106 236 264 20528
158255586 238 651 20549
158308036 224 348 20566
158354284 230 2301 20579
158442691 233 1319 20606
158517119 227 1642 20628
158523308 221 382 20630
158526990 231 1901 20631
158568581 237 1935 20644
158574939 230 2349 20646
158596809 239 578 20653
158599366 228 2079 20654
158614180 230 2295 20658
158718409 220 1848 20690
158731039 228 1135 20694
158795985 228 11 20714
158799133 238 440 20715
158839338 234 311 20727
158952847 236 1702 20762
159008560 222 933 20778
159014932 221 1451 20780
159039505 235 2640 20787
159042497 232 1367 20788
159067177 222 923 20796
159071069 236 2451 20797
159116351 220 2201 20811
159202259 225 2046 20837
159256662 229 1837 20854
159311503 233 451 20871
159417283 230 2390 20901
159441018 228 957 20908
159510226 225 2315 20929
159539489 228 886 20938
159606450 239 2384 20957
159612227 234 2825 20959
159620987 235 197 20962
159650880 237 2528 20971
159669763 226 2438 20976
159677494 229 251 20978
159885729 222 2295 21039
159958143 238 1093 21061
159977963 233 112 21067
159994928 226 1075 21072
160052350 234 2641 21090
160090044 230 1588 21101
160282005 223 1725 21158
160317178 229 1562 21169
160331446 223 2375 21174
160356627 220 184 21182
160382115 236 1756 21190
160525588 221 887 21234
160550624 239 2989 21241
160554031 239 1183 21242
160562518 238 695 21245
160632118 237 523 21266
160646234 238 1300 21271
160658759 223 2987 21275
160761974 233 1620 21306
160868167 235 667 21338
160948862 231 1547 21362
161018503 221 441 21382
161084742 229 2965 21401
161108829 221 2513 21408
161178074 228 1926 21428
161221371 221 2779 21441
161323026 222 5 21473
161393199 238 2495 21495
161425822 232 358 21504
161598347 228 2880 21559
161673582 226 1834 21581
161692926 239 234 21587
161702475 222 2172 21590
161710718 238 1850 21592
161761696 225 1157 21607
161777498 231 1761 21612
161793316 223 506 21617
161854208 236 2880 21636
161863565 232 1273 21639
161871914 233 1058 21642
161936321 236 60 21663
162018461 235 100 21689
162105405 236 1126 21715
162175439 237 1648 21736
162185616 229 922 21739
162196114 232 2582 21742
162385621 221 76 21800
162405285 235 1204 21807
162429681 230 1199 21814
162500677 230 522 21834
162621678 222 1423 21871
162680145 224 2378 21888
162700486 230 1630 21894
162741647 223 285 21907
162817242 233 1386 21931
162854335 227 2546 21942
162857968 225 1880 21943
162945037 239 91 21970
162952730 220 198 21972
162992138 237 1880 21984
163045857 232 1704 22000
163143888 225 2918 22028
163157478 224 2966 22033
163168871 233 2197 22036
163171693 239 1603 22037
163244340 231 2123 22059
163446845 235 2021 22120
163529668 235 918 22147
163541400 222 2062 22150
163555022 231 331 22154
163665183 224 1612 22186
163768756 232 2574 22218
163787153 237 2307 22224
163824699 223 2659 22235
163894660 227 516 22256
164061438 231 2793 22308
164080346 226 154 22314
164086741 234 1188 22316
164090454 237 2100 22317
164098368 222 421 22319
164286533 220 1263 22375
164326396 228 765 22387
164331263 224 323 22389
164356765 235 1382 22396
164439540 226 167 22419
164589051 220 1133 22465
164672651 229 943 22489
164751055 235 1483 22512
164892042 230 2632 22557
165022167 228 704 22596
165075098 228 197 22612
165099664 231 252 22619
165179525 239 2257 22644
165190034 234 699 22647
165209284 233 1616 22653
165212061 229 667 22654
165217363 226 1792 22656
165460389 239 896 22729
165467429 221 1356 22731
165478524 237 1611 22735
165513622 226 1361 22746
165543544 221 498 22754
165558911 228 2758 22759
165568404 234 1441 22762
165730598 236 587 22809
166005308 227 2720 22892
166021501 221 1088 22896
166081298 226 90 22914
166090225 229 1710 22917
166140409 222 2860 22933
166305376 222 457 22984
166330333 232 2333 22992
166491067 224 1900 23039
166526730 221 2952 23049
166728925 222 763 23111
166743825 223 2344 23116
166850288 227 1969 23148
166883769 232 858 23158
167068596 232 662 23214
167092180 235 1173 23221
167158812 226 2962 23241
167210528 230 309 23256
167302306 231 564 23283
167530958 239 826 23349
167575428 224 1670 23362
167586804 232 2407 23365
167613370 234 1718 23373
167629946 220 1834 23379
167818590 235 927 23436
167840585 226 2533 23444
167850586 234 898 23447
167939620 230 444 23475
167953595 235 2391 23479
168152831 227 2358 23538
168155885 223 128 23539
168163366 236 2603 23541
168210782 234 2626 23556
168246407 238 151 23566
168268125 221 511 23572
168412955 230 234 23618
168453569 234 392 23630
168499929 220 2333 23645
168526489 221 2040 23652
168669846 231 1106 23694
168759113 237 2072 23720
168897541 235 2372 23761
168937623 227 320 23774
168987685 236 782 23790
168999674 227 1690 23794
169026457 229 872 23802
169034332 237 1012 23804
169086744 226 1412 23818
169135113 239 2762 23831
169224834 239 1865 23858
169338919 235 2797 23893
169369925 236 341 23901
169438074 239 1585 23921
169498460 229 1476 23940
169581345 226 538 23964
169584033 224 2167 23965
169612076 237 1759 23974
169617643 234 2716 23976
169632039 238 2338 23981
169696614 230 643 24001
169702607 229 2823 24003
169761264 232 2449 24022
169793185 233 153 24031
169872307 230 906 24055
170031546 237 19 24105
170064101 227 1008 24114
170087284 230 7 24121
170264689 236 109 24172
170377344 220 1659 24205
170415568 233 1310 24216
170419060 239 863 24217
170572736 230 1171 24263
170608118 233 518 24274
170796940 226 2838 24331
170828591 226 1520 24342
170848477 233 1030 24349
170933338 221 2123 24374
171029496 226 2000 24403
171097104 226 935 24423
171143976 226 2969 24437
171364951 222 1135 24502
171416256 239 1390 24517
171469981 223 795 24533
171526833 222 1827 24551
171563627 224 25 24563
171574071 232 861 24566
171577982 235 2104 24567
171581155 229 190 24568
171605467 229 855 24575
171615273 224 2741 24578
171632965 233 1055 24583
171649083 235 2769 24588
171677482 233 1533 24597
171684275 236 937 24599
171700344 222 419 24604
171913350 233 2683 24667
172049031 234 619 24707
172144862 229 2087 24736
172229722 229 409 24762
172238975 231 1377 24765
172244952 236 1440 24767
172299270 221 2809 24782
172313676 228 2672 24786
172361649 239 634 24801
172391983 237 372 24810
172405963 225 2745 24814
172431280 230 2376 24822
172470360 237 2459 24833
172509728 226 1436 24845
172537995 223 432 24853
172557086 232 1796 24859
172561593 237 2157 24861
172564183 232 2707 24862
172662105 236 1934 24892
172716601 220 2649 24908
172955212 229 52 24979
172973496 231 2544 24984
173023419 238 2343 24999
173033201 232 770 25002
173037534 232 2908 25003
173044468 238 2228 25005
173059969 227 1528 25009
173154440 238 1811 25038
173211094 228 1822 25055
173222155 236 1538 25058
173236566 225 1472 25062
173247930 236 1006 25065
173269976 220 690 25071
173279214 232 402 25074
173296124 227 426 25079
173310383 229 2586 25083
173340282 237 1592 25092
173453060 236 2007 25127
173571202 224 1144 25163
173735784 236 132 25213
173780042 238 1833 25227
173793700 237 2636 25231
173827494 225 53 25241
173857221 229 327 25249
173885109 232 2622 25258
173898070 223 1293 25262
174114475 233 2242 25327
174128349 237 2464 25331
174169010 229 228 25343
174191266 235 684 25349
174205776 233 1218 25353
174208920 238 356 25354
174226635 229 376 25359
174230186 229 1345 25360
174248330 224 939 25365
174416511 220 2048 25415
174502438 232 443 25440
174517296 239 1135 25445
174523673 224 351 25447
174540721 223 2592 25452
174592527 227 2882 25468
174595952 228 1616 25469
174613312 228 1665 25474
174619336 224 1124 25476
174711567 220 1094 25504
174783266 234 1091 25525
174868441 222 963 25551
174884908 237 50 25556
174925068 237 1399 25569
174964399 230 1941 25581
175026292 232 1142 25599
175028329 220 2691 25600
175037264 233 933 25603
175137272 229 308 25632
175185564 223 136 25646
175207149 238 1544 25652
175214831 227 1601 25654
175218108 220 2940 25655
175427335 229 2067 25719
175430031 224 586 25720
175458169 229 1454 25729
175472220 226 2161 25733
175486276 230 108 25737
175510246 222 2778 25746
175613876 232 1022 25776
175667370 228 2115 25792
175822864 237 1490 25839
175854203 228 1720 25849
175899041 234 1415 25863
175904198 226 993 25865
175936646 235 1146 25874
175980466 227 2587 25887
176015211 232 951 25897
176039950 232 1217 25905
176111003 230 1653 25926
176144203 237 309 25936
176179799 233 2603 25947
176363766 239 314 26003
176407852 227 1468 26016
176414174 225 78 26018
176489286 222 1764 26040
176539979 227 1709 26055
176616591 236 1706 26078
176683652 223 499 26098
176771764 224 1085 26125
176810805 233 1706 26136
176817452 237 150 26138
176966542 222 1434 26182
176989113 224 655 26189
177043529 223 1121 26207
177053143 236 547 26210
177144037 228 307 26238
177148243 230 2922 26239
177165708 222 2484 26244
177185063 228 1484 26250
177226719 234 784 26262
177291027 228 2224 26282
177406127 223 1468 26316
177451361 239 2582 26331
177464039 228 225 26335
177469772 233 2536 26337
177540457 224 326 26358
177598822 232 329 26377
177610744 225 2170 26381
177636133 222 585 26389
177671476 238 121 26400
177691112 228 2802 26406
177714642 236 99 26413
177749221 232 2637 26423
177768247 224 2409 26429
177784766 226 986 26434
177830256 231 2150 26448
177892481 224 2652 26467
177987543 234 521 26497
178011356 238 35 26504
178061116 236 850 26519
178137141 229 2624 26543
178202507 227 2816 26562
178205860 234 2325 26563
178209377 222 2203 26564
178215969 223 1896 26566
178278941 223 2164 26585
178356410 222 1025 26607
178396034 233 2321 26618
178432613 228 2928 26629
178438654 231 2062 26631
178454362 220 486 26636
178463330 239 2768 26639
178490690 233 1194 26648
178590546 221 374 26678
178617148 231 789 26686
178659914 220 1692 26699
178857574 231 2920 26760
178863759 228 2792 26762
178902956 238 326 26774
178977248 228 1040 26798
179078567 229 105 26830
179102323 233 1257 26838
179159963 223 136 26856
179176032 239 156 26861
179474929 236 1033 26955
179531899 230 2662 26972
179549088 227 219 26977
179601866 238 1908 26993
179631192 236 1722 27002
179663180 222 1069 27012
179673339 235 996 27015
179694809 237 894 27022
179780055 235 174 27048
179783049 222 1530 27049
179830957 223 2492 27063
179841108 232 1519 27066
179844382 239 2830 27067
179930299 220 628 27092
179976420 222 2579 27105
180053043 228 1532 27127
180056564 234 2787 27128
180149894 231 136 27156
180164783 233 2880 27160
180213052 232 112 27173
180281481 226 1852 27194
180283941 223 1168 27195
180309954 228 404 27203
180346754 224 2717 27215
180388630 239 2315 27228
180643849 230 1497 27302
180659629 233 598 27307
180679227 235 1028 27313
180828125 222 495 27359
180835341 239 410 27361
180937030 229 1852 27390
180969738 239 1390 27401
180987901 227 2097 27406
181063358 236 610 27428
181076331 226 1816 27433
181094635 234 1723 27438
181146369 238 2838 27453
181149155 229 1808 27454
181156189 228 1429 27457
181163518 227 2444 27459
181167294 228 2966 27460
181201525 236 2732 27471
181214941 234 2028 27475
181333068 234 1840 27512
181368602 230 902 27523
181419524 228 1395 27538
181421567 226 529 27539
181441198 234 396 27545
181497675 239 545 27562
181537750 225 1241 27574
181540971 229 2751 27575
181666486 229 905 27614
181901621 229 1354 27687
181924058 237 2001 27693
181957898 220 115 27703
182174590 223 1745 27768
182203950 237 1087 27776
182232363 234 267 27784
182257193 230 1292 27792
182283436 229 108 27800
182316710 234 304 27811
182330545 227 2534 27815
182333673 229 2874 27816
182350034 224 2334 27821
182354155 231 1596 27822
182404982 234 2367 27838
182503329 220 1781 27868
182519271 222 2774 27873
182526811 238 1038 27875
182579722 229 1773 27891
182643608 224 2412 27909
182646419 230 941 27910
182673435 232 2982 27918
182693215 232 596 27924
182770250 230 844 27946
182844395 228 90 27970
182856364 233 1094 27974
182941642 223 854 28000
182960265 231 1442 28006
183065274 228 1700 28037
183122598 230 888 28055
183169143 232 1529 28068
183208693 236 832 28080
183223808 227 1634 28085
183303025 229 1567 28109
183455384 222 285 28156
183561133 228 2069 28187
183655811 230 1052 28215
183728967 221 1642 28236
183741634 232 660 28240
183750531 235 315 28243
183754864 228 2149 28244
183800946 221 2184 28257
183807416 220 2088 28259
183813783 235 393 28261
183897877 237 633 28285
183984963 232 2894 28314
184084913 233 917 28344
184103142 238 116 28350
184188464 223 2815 28376
184206759 221 461 28381
184317995 224 623 28415
184365020 226 627 28429
184467875 222 1119 28462
184606029 222 1838 28506
184624160 232 1254 28512
184648803 237 2930 28519
184685229 222 172 28531
184735852 227 291 28546
184742587 227 666 28548
184767257 226 2877 28556
184803056 229 503 28568
184818590 228 673 28572
184848254 231 319 28582
184862451 233 549 28586
184886918 235 2608 28593
184954160 225 355 28614
185026973 221 1358 28635
185042927 239 1348 28640
185057892 221 2643 28645
185130587 226 746 28668
185136330 230 2163 28670
185147324 233 2463 28673
185162068 230 1537 28677
185184817 233 2400 28684
185238153 232 1702 28700
185285464 226 2022 28715
185369236 237 2113 28740
185379042 234 2997 28743
185426398 236 2370 28757
185496783 223 746 28777
185511886 223 243 28782
185520118 221 64 28785
185540372 231 741 28791
185561980 238 1869 28797
185606785 232 189 28810
185673669 227 1995 28830
185691992 236 1788 28835
185726012 230 1997 28845
185771308 237 2762 28859
185780383 238 156 28862
185886626 235 1165 28894
186000630 233 100 28929
186035660 220 635 28940
186093565 236 1568 28959
186119628 238 2954 28966
186141559 226 1230 28972
186196952 226 2069 28989
186341762 235 1199 29033
186359358 223 126 29038
186462802 222 1642 29069
186609525 232 1428 29112
186694471 226 2116 29138
186917357 228 1036 29207
186993083 227 560 29231
187081826 226 2710 29259
187151003 222 519 29281
187176106 224 856 29289
187201325 233 2313 29296
187266178 234 1758 29315
187287614 233 2594 29321
187295700 234 2854 29324
187339059 223 1543 29336
187379326 233 892 29348
187396264 226 2373 29353
187426528 236 807 29362
187437539 236 656 29366
187490035 236 1945 29382
187517186 227 1606 29390
187562560 226 1844 29404
187575669 233 2845 29408
187611169 225 2475 29418
187811571 228 2721 29478
187856501 221 1104 29492
187915523 228 1611 29510
187936159 224 2144 29517
187954739 227 259 29523
187970657 232 1894 29528
187980368 238 833 29531
188063778 227 1023 29558
188083082 236 1801 29564
188134030 235 2590 29579
188187305 227 876 29596
188227211 222 406 29609
188230829 234 2965 29610
188268561 233 2737 29621
188326589 230 1706 29639
188393257 233 1821 29659
188479877 230 1584 29685
188491168 232 2874 29689
188654931 222 2345 29739
188688314 221 542 29748
188724794 233 1687 29759
188775765 236 1684 29775
188807131 238 2883 29786
188891414 224 754 29813
188917823 239 1288 29821
189004272 238 697 29846
189046398 223 2828 29857
189060716 239 1814 29861
189112568 231 923 29877
189159414 235 824 29892
189264928 232 1105 29923
189278187 230 598 29927
189291664 229 2169 29931
189374318 225 2878 29956
189395774 220 2097 29963
189443619 223 943 29978
189507813 233 216 29997
