219924 69 1971 16
306450 62 2027 22
401301 78 918 29
600667 71 2861 43
840659 71 726 60
1238441 78 591 89
1265535 75 2866 91
1377575 67 550 99
1586807 62 2396 115
1757919 61 1537 127
1802645 63 1214 130
1827567 73 2552 132
2038013 68 725 149
2110149 68 1770 154
2560660 75 1601 186
2613761 70 29 190
2961686 61 1950 216
2994090 60 32 219
3584475 72 683 263
3634723 78 417 267
3721842 69 1360 273
3979394 70 2915 292
4023739 70 80 295
4082660 77 1785 300
4140566 71 2159 304
4317781 73 2592 318
4507683 79 2749 332
4634060 77 801 342
5739710 65 1674 425
6279279 66 1341 467
6306270 78 1675 469
6672748 77 2285 497
6960352 78 1350 519
7221787 78 589 538
7293791 78 344 543
7358268 68 1967 548
7419768 70 1539 553
7530980 66 1684 561
7665083 64 24 571
7996330 74 1414 595
8552199 61 1544 638
8580525 60 1795 640
8623033 69 1242 643
8661417 77 1840 646
8766152 79 2962 654
9837443 66 449 735
9881522 70 1282 738
10162213 64 1784 760
10175763 65 2237 761
10190233 78 287 762
11290101 70 1963 846
11650435 73 1829 873
11718870 66 711 878
11790410 66 1181 884
11873425 60 2623 890
12027121 60 55 902
12076758 66 1652 906
12213400 60 2039 916
12267274 78 1485 920
12630000 71 784 946
12840232 73 622 962
13436212 72 2414 1006
13503934 73 1433 1011
13555554 70 2658 1015
13595202 78 523 1018
13637604 72 1690 1021
13813106 65 1991 1035
14019938 60 449 1050
14207012 61 2503 1065
14261741 79 903 1069
14308272 77 1172 1072
14357540 67 273 1076
14934856 64 1981 1120
14959676 65 2915 1122
15063663 71 2800 1130
15547409 68 1043 1165
15954888 69 1936 1194
16090109 66 85 1204
16159091 67 2641 1209
16520397 62 1017 1235
16569026 60 1848 1239
16676097 65 2023 1247
16764947 76 156 1254
17163300 73 1507 1283
17216386 72 1585 1287
17257235 66 357 1290
17296521 66 2282 1293
17765144 72 721 1328
18191726 62 305 1361
18284620 77 976 1368
18374512 71 2532 1375
18906163 60 266 1416
18928030 73 163 1418
19166260 69 1673 1436
19366526 71 2011 1451
19912825 75 433 1491
20193454 62 657 1512
20207130 66 2312 1513
20263736 64 2997 1517
20303377 69 133 1520
20928296 70 1445 1568
21024057 65 272 1575
21051168 67 2775 1577
21217624 77 1661 1589
21552769 76 829 1615
21564176 70 2436 1616
21638817 68 2164 1622
21769403 78 2700 1632
21879913 71 2212 1640
22084708 76 1712 1656
22379723 74 2787 1678
22456495 64 1133 1684
22696823 74 842 1702
22708578 63 1436 1703
23225866 64 2852 1742
23433647 77 1781 1757
23756258 60 871 1781
24128626 66 153 1808
24368828 62 754 1827
24391373 75 320 1829
24684979 74 1711 1851
24987470 62 2478 1875
25129321 77 2415 1886
25183570 68 2700 1890
25222841 63 2673 1893
25417929 71 1006 1908
25650293 66 1488 1926
25728673 72 2125 1932
25927518 64 618 1948
26018807 66 1865 1955
26107581 72 270 1962
26243735 64 1541 1972
26806074 70 2768 2015
27169785 67 1765 2042
27206545 75 414 2045
27288998 61 1812 2051
27469312 63 933 2065
27532739 63 26 2070
27741107 65 778 2086
28489062 74 881 2141
28548435 65 1134 2145
28561005 62 2336 2146
28685349 69 2082 2155
28805955 77 1634 2164
28959216 64 1783 2176
29350379 68 147 2205
29775893 70 2469 2237
30016912 76 1023 2256
30221111 61 175 2271
30928698 70 376 2325
31076774 79 2879 2336
31092945 64 445 2337
31151273 63 2778 2342
31191173 70 1921 2345
31373758 70 557 2358
31438988 66 1124 2363
32018918 73 276 2407
32044544 72 1184 2409
32129627 74 536 2415
32360778 75 2174 2432
32405827 73 2419 2435
32532528 64 2033 2445
32546350 62 2584 2446
32640323 75 2885 2453
32653129 61 2453 2454
32918959 72 2341 2474
33093944 60 2598 2487
33298154 72 2948 2503
33379459 79 2651 2509
33523250 76 1814 2520
33535825 77 2276 2521
33565813 68 2969 2523
34258771 62 2341 2575
34297830 72 2829 2578
34613145 65 2809 2601
34677070 68 2665 2606
34702451 62 1206 2608
34815616 69 2863 2616
34882739 73 1383 2621
34999831 64 2789 2630
35068397 79 2898 2635
35108172 77 283 2638
35367213 77 1403 2657
35772010 69 844 2687
35944213 76 2742 2700
36164617 77 125 2716
36341531 79 1215 2729
36702109 69 2267 2756
36788580 69 1152 2762
36948208 67 1744 2773
37096280 69 421 2784
37122748 70 2695 2786
37223762 64 1359 2793
37237650 62 409 2794
37364688 68 422 2803
37684849 66 1740 2827
37743431 67 2069 2831
37956637 67 436 2847
38149000 65 2353 2861
38295510 72 1387 2872
38370939 74 1944 2878
38521985 72 2910 2889
39048236 67 544 2929
39299482 79 1162 2948
39327340 60 753 2950
40164552 61 1732 3013
40184552 74 940 3015
40331189 71 808 3026
40443016 66 406 3035
40528838 72 2640 3042
40541977 61 2397 3043
40605782 66 2033 3048
40650072 67 1300 3051
40745627 66 627 3058
40866632 60 2912 3067
40942007 71 1330 3073
40994158 63 1236 3077
41349755 79 2509 3104
41553952 63 915 3119
41666750 66 2149 3127
41744440 74 2778 3133
41770962 70 2959 3135
41782700 69 731 3136
41928372 64 1041 3147
41967781 75 303 3150
41995787 68 774 3152
42176373 66 499 3165
42352541 69 439 3178
42414318 60 432 3183
42980977 76 2784 3226
43044983 75 1910 3231
43143982 73 430 3238
43265404 63 1819 3247
43382256 69 1547 3256
43434551 67 1330 3260
43613103 74 2252 3273
43768877 77 2828 3285
44005750 68 2458 3302
44022373 66 2338 3303
44370238 60 675 3329
44382300 66 1890 3330
44809531 64 2425 3362
45064429 73 2215 3381
45226531 64 1052 3393
45657091 72 1303 3424
45963119 78 379 3447
45976169 70 1980 3448
46043771 67 1400 3453
46432722 73 1774 3483
46446365 63 1394 3484
46722104 79 1274 3504
46886210 77 1700 3516
47031915 74 1971 3527
47433566 66 1399 3556
47745447 71 2266 3579
47875280 63 1263 3589
48205952 64 1889 3613
48402749 76 1814 3627
48707583 67 1694 3650
48840417 68 2356 3660
48954071 66 2146 3669
49216183 64 2699 3690
49317527 73 2506 3698
49367854 63 2167 3702
49419607 68 2130 3706
49473316 66 15 3710
49816158 74 433 3736
49830988 60 2167 3737
50013272 78 335 3751
50068083 61 150 3755
50501372 68 1558 3786
50530534 74 1035 3788
50574676 72 108 3791
50864513 72 576 3813
50877052 62 1845 3814
51036187 75 198 3825
51119436 69 2336 3831
51173675 72 593 3835
51602227 60 329 3867
51721737 60 328 3876
51822764 65 817 3884
52096927 70 2783 3904
52152542 67 2640 3908
52193697 78 246 3911
52204425 63 2766 3912
52554954 68 849 3938
52855812 60 1060 3961
53260137 69 1860 3990
53417819 77 2863 4002
53976839 62 1477 4045
54077114 71 389 4052
54502036 62 1242 4084
54555002 68 1533 4088
55031890 63 1053 4123
55243511 62 307 4139
55292272 79 521 4143
55492604 74 1 4158
55997968 74 1823 4197
56393428 75 2927 4226
56485643 67 345 4233
56797833 63 917 4257
56822317 62 967 4259
57246122 72 1036 4291
57457822 64 476 4307
57561687 76 784 4315
57841790 67 1797 4337
57999054 79 379 4349
58195729 75 2460 4364
58371240 73 2180 4376
58425323 62 2712 4380
58532861 72 2523 4388
58542861 72 1307 4389
59102282 66 1058 4431
59346320 63 1148 4450
59520757 67 1113 4463
59811824 64 2115 4485
59894830 75 500 4491
60119063 67 1026 4507
60193347 77 2477 4512
60206348 66 2725 4513
60272871 71 2958 4518
60286405 66 2424 4519
60412743 61 1518 4529
60441103 73 1540 4531
60457174 60 238 4532
60544012 73 2107 4538
60843112 79 2957 4560
61222458 76 2600 4589
61319518 71 1922 4596
61513519 79 1501 4610
61664875 66 2800 4621
61735207 74 2427 4626
61748060 79 1568 4627
61763363 65 241 4628
61873403 65 1325 4636
61900073 70 1597 4638
62761611 75 1138 4703
62954595 67 335 4719
63131157 72 1739 4732
63371689 69 2461 4750
63651307 61 2299 4772
63867324 73 1755 4789
63957604 79 2558 4796
64160611 64 742 4812
64245578 62 82 4819
64258961 76 1857 4820
64307793 60 2942 4824
65301202 62 2569 4898
65382995 63 2053 4904
66376535 78 1430 4978
67842981 65 1034 5087
67969444 72 2970 5096
68070397 75 837 5104
68277319 64 304 5121
68535446 72 245 5140
68793524 66 2851 5159
68841235 75 998 5162
68967779 64 1094 5171
69008657 66 410 5174
69275649 72 115 5194
69328960 61 2853 5198
69795628 61 404 5233
70264662 73 2059 5269
70305945 71 2552 5272
70837273 72 986 5313
71510736 62 278 5364
71841257 60 516 5389
72304308 62 2828 5423
72318270 62 2583 5424
72640976 63 1408 5447
72895316 79 2156 5467
72943082 69 1682 5471
73167200 68 2989 5488
73638958 65 1625 5524
73765241 69 1355 5534
74590132 67 2816 5596
74605860 70 1659 5597
75329120 77 1411 5652
75550047 76 1894 5669
75586334 63 2246 5672
75600564 64 1972 5673
75698877 76 2948 5681
76444394 75 80 5736
76612613 77 2436 5750
77040913 73 327 5782
77450165 79 1301 5812
78178359 67 511 5867
78530520 65 838 5892
78733160 67 2087 5908
79044724 77 2188 5931
79582650 79 562 5970
79682664 70 592 5977
79795638 78 979 5985
79835680 74 1241 5988
79849874 79 1998 5989
79978443 64 2761 5999
80041910 63 1641 6004
80516779 78 1277 6039
80712391 68 347 6054
80752545 73 1786 6057
80873869 62 676 6066
81010827 61 30 6076
81129302 66 424 6085
81303690 79 1346 6099
81343236 73 2025 6102
81697137 78 2710 6129
81821431 61 1902 6138
81937219 72 1269 6147
81960984 68 522 6149
82577754 78 2337 6196
82999334 63 936 6226
83066409 75 2579 6231
83230556 73 1340 6242
83332672 60 567 6250
83460478 66 1199 6260
83486540 69 2710 6262
83512218 78 2037 6264
83557120 66 615 6268
83961800 77 978 6299
83987913 75 943 6301
84017377 65 113 6303
84130911 68 1785 6312
84176456 65 911 6316
84676439 64 2118 6353
84731126 72 1730 6357
84881653 69 706 6368
84910258 72 2311 6370
85060155 76 888 6381
85102037 72 458 6384
85434607 64 818 6410
85521961 65 516 6417
85737549 62 2958 6433
85907625 69 1871 6446
85961700 75 2415 6450
86504992 60 994 6491
86702570 76 32 6507
86816626 67 2204 6515
86909005 79 2138 6522
86982626 76 495 6528
87153680 70 2552 6540
87240338 79 2057 6546
87294064 65 2566 6550
87320469 62 2160 6552
87650322 60 2027 6577
87922983 65 1837 6597
88002703 72 300 6603
88199180 60 1255 6616
88860127 63 2860 6666
89237107 74 562 6693
89252563 69 670 6694
89476199 70 1118 6711
89945689 75 113 6747
90188859 78 1281 6765
90435018 72 2453 6783
90477434 64 1199 6786
90614851 69 43 6797
90691909 71 2545 6803
90890266 77 985 6818
90914794 64 1297 6820
91036687 75 2465 6829
91089800 62 2990 6833
91477166 68 2264 6861
91700567 78 1893 6879
91808513 79 631 6888
92129632 75 1925 6912
92202161 69 845 6918
92333440 60 1100 6928
92451570 66 888 6937
92475344 74 2940 6939
92883747 79 1482 6969
92909955 68 1373 6971
93066508 77 139 6982
93288206 71 1886 6998
93435518 66 2404 7010
93898789 68 414 7044
94033324 65 884 7055
94152089 72 755 7064
94385112 69 1360 7082
94657630 66 1907 7103
94919276 64 2525 7122
95038460 68 2069 7131
95190123 75 190 7143
95679339 74 1797 7179
95770252 78 2695 7186
95815534 79 1810 7189
95840072 62 1042 7191
96372951 71 782 7231
96447558 68 1328 7236
96459829 60 231 7237
96688963 69 489 7253
97016036 76 2512 7279
97282365 75 2333 7299
97364014 77 206 7305
97648651 65 302 7327
97685531 62 1185 7330
97915123 66 706 7347
98576740 79 573 7397
98588765 62 1732 7398
98717836 66 1671 7407
98858256 73 2029 7418
99024468 75 1454 7430
99053593 60 1669 7432
99405690 75 863 7458
99787718 62 733 7487
99812719 79 1521 7489
99947208 62 175 7499
99962298 64 314 7500
100017631 76 1415 7504
100154623 69 1697 7514
100477843 72 2007 7538
100592050 72 1223 7547
100700901 72 2587 7555
100780600 66 565 7561
100857307 69 105 7567
100881748 69 2846 7569
101240748 63 1088 7596
101534727 74 2152 7618
101590312 61 2638 7622
101921732 70 407 7646
102031022 68 1624 7654
102829688 77 2950 7713
102841179 71 435 7714
103022172 68 1638 7727
103049208 76 741 7729
103159389 66 396 7738
103199661 60 1847 7741
103303670 67 634 7749
103319725 62 2701 7750
103510760 79 1025 7764
103614520 78 2053 7772
103978807 78 2584 7799
104467837 69 1528 7834
104615953 62 123 7846
104652067 73 2876 7849
104698101 68 2549 7852
104798415 69 1435 7859
105079187 77 308 7880
105478029 64 2520 7909
105530617 64 2450 7913
105610869 61 2700 7919
105933429 65 2251 7943
105975482 60 1866 7946
106371781 72 312 7976
106411237 70 2791 7979
106857715 77 983 8013
106975830 63 371 8022
107453862 75 1031 8057
107481850 70 1413 8059
107553644 78 1959 8064
107587191 67 68 8067
107701497 77 744 8076
107711497 78 1917 8077
107741542 60 1960 8079
108034958 75 2694 8101
108048077 63 496 8102
108203999 64 2498 8113
108558947 78 388 8139
108842804 79 2581 8160
108871826 60 125 8162
109091838 67 2128 8178
109356386 74 191 8198
109580754 79 2209 8214
109664653 78 2995 8220
109805895 72 2500 8231
109830113 75 2841 8233
110386551 76 1775 8275
110513590 73 2896 8284
111183602 66 2826 8334
111361843 75 1367 8348
111642863 62 753 8369
111764023 71 1714 8378
111775730 60 1481 8379
112133154 65 2534 8405
112428523 73 2917 8426
112502203 71 1513 8431
112628566 65 1371 8441
112655528 63 1832 8443
112679659 65 1097 8445
112798385 79 589 8454
112901608 78 2524 8462
113033102 66 2014 8472
113126808 63 2229 8479
113669592 76 282 8519
114023136 64 150 8545
114165846 66 849 8555
114214904 76 2320 8559
114243089 67 2654 8561
114320481 72 548 8567
114393024 63 2966 8572
114528916 77 2190 8582
115097441 68 2926 8625
115152869 70 2283 8629
115458994 75 1342 8651
115471529 69 2715 8652
116211684 75 750 8710
116315173 64 1774 8718
116397942 69 543 8724
116448542 78 2745 8728
116689427 66 1609 8746
117210312 74 2759 8785
117414146 66 2021 8800
117665020 67 1388 8818
117859179 69 2592 8833
117886145 63 2091 8835
118177332 70 1835 8857
118293740 65 575 8866
119012511 75 2257 8919
119279166 70 954 8939
119303398 63 527 8941
119372891 74 604 8946
119787124 62 736 8977
120103316 68 1429 9001
120143452 61 405 9013
120177585 63 2130 9023
120233319 65 637 9040
120261257 77 929 9050
120299053 66 585 9061
120374170 71 922 9085
120442109 60 1855 9106
120522802 75 1573 9131
120740893 78 1929 9196
120828869 66 2356 9220
120850382 66 1871 9226
120898720 77 1191 9241
120976286 78 2047 9266
120984965 73 1456 9269
121050724 61 1021 9291
121055057 65 742 9292
121086951 61 82 9301
121091475 62 1252 9303
121108151 69 1108 9308
121119359 73 875 9311
121145354 76 1381 9319
121222383 67 2418 9343
121277080 75 256 9360
121522469 61 1413 9437
121544416 69 2754 9444
121562367 60 1994 9449
121571311 62 1083 9452
121582451 62 2897 9455
121606146 77 634 9462
121634894 73 342 9471
121647123 70 2287 9475
121692653 67 2154 9489
121762235 68 1064 9510
121811012 79 1683 9524
121876841 73 2861 9544
121923311 73 417 9560
121926711 67 2167 9561
122023958 65 1083 9591
122070278 79 2733 9607
122115249 65 2557 9620
122140061 72 893 9627
122203237 68 452 9647
122240482 78 1252 9658
122372287 78 2417 9697
122380332 74 2315 9700
122518724 77 932 9742
122600669 79 699 9767
122668099 60 912 9787
122698114 78 953 9796
122822646 72 359 9833
122845529 77 612 9840
122888024 79 469 9853
122898588 63 494 9856
122901381 79 2720 9857
122912663 72 1242 9861
122959947 74 1295 9875
122969638 70 604 9878
123024574 62 1825 9896
123254220 65 99 9965
123257801 68 344 9966
123467319 77 1318 10032
123509886 78 2202 10044
123597338 75 313 10071
123606599 64 1121 10074
123610932 72 130 10075
123621399 76 2753 10078
123673700 65 1927 10093
123733876 78 2740 10112
123844586 64 2208 10146
123858700 71 2707 10150
123936428 77 2926 10173
123940761 70 1471 10174
123989607 74 764 10188
124042699 70 710 10204
124112943 72 466 10224
124124799 77 2675 10227
124230499 70 2260 10260
124293585 75 1488 10279
124320896 67 2628 10287
124452331 65 1777 10327
124477528 75 2140 10334
124508664 72 434 10343
124514840 61 2102 10345
124524336 79 517 10348
124584334 70 178 10367
124706545 66 224 10405
124726858 69 2802 10411
124756683 75 2060 10420
124765437 64 2224 10423
124777285 79 1131 10426
124818939 62 1004 10438
124855200 75 1149 10449
124978854 67 2668 10486
124986691 70 2192 10488
125065090 79 2477 10512
125077614 75 2356 10516
125099287 71 1929 10523
125121566 72 143 10530
125150853 70 305 10539
125168654 78 1589 10544
125306489 70 1203 10585
125555965 73 1986 10656
125561979 77 1837 10658
125600978 62 999 10670
125622394 69 277 10677
125644373 79 463 10683
125677352 62 483 10694
125689154 65 2129 10697
125735179 68 2045 10712
125748762 70 2706 10716
125773286 63 369 10723
125807960 61 1697 10734
125821076 77 2150 10738
125870706 77 491 10753
125888862 66 2517 10758
125900629 67 1362 10762
125903066 63 222 10763
125905447 72 1219 10764
125927026 60 916 10770
126011561 68 2699 10795
126030103 61 1539 10801
126033722 74 1321 10802
126070067 71 430 10812
126117793 64 2573 10826
126243334 73 1760 10865
126263212 77 2296 10871
126293816 72 2199 10880
126304413 74 669 10883
126307711 64 790 10884
126333365 74 844 10891
126461155 63 1917 10929
126483609 74 1023 10935
126542561 77 1790 10953
126588732 75 2973 10968
126597075 68 636 10970
126633644 60 2463 10981
126684351 62 1230 10998
126801119 75 1587 11032
126847849 71 115 11045
126865836 63 2560 11050
126875787 64 1533 11053
126878742 65 1013 11054
126942441 78 1033 11073
127095590 65 1352 11122
127192579 69 2955 11151
127208198 74 378 11156
127216316 67 1584 11159
127422580 68 591 11223
127424794 60 2352 11224
127427581 61 513 11225
127442879 75 2670 11230
127470177 75 1192 11238
127577203 71 786 11269
127591002 61 2031 11273
127600393 67 2317 11276
127609543 67 2570 11279
127678307 76 2960 11298
127682075 77 1468 11299
127694242 68 1488 11303
127704997 67 2897 11306
127719474 61 1928 11310
127739653 78 330 11316
127790675 62 2485 11333
127850071 76 2768 11351
127887221 78 1864 11362
127968852 73 279 11386
127986086 61 362 11391
127993536 67 300 11394
128050109 66 1279 11412
128054063 73 2902 11413
128107295 76 789 11430
128168546 77 1155 11450
128171723 77 226 11451
128243776 79 2231 11473
128277568 61 838 11482
128320268 75 1673 11495
128327456 66 247 11497
128401642 77 1435 11519
128438152 64 2746 11530
128536995 74 2293 11560
128560020 68 1884 11567
128611869 64 94 11582
128683156 64 2653 11602
128743334 62 771 11621
128764498 68 427 11628
128774507 68 2698 11631
128788063 73 1704 11635
128791132 74 562 11636
128878998 72 2127 11664
128881712 64 2442 11665
128944153 68 2002 11683
128954363 72 2700 11686
129122454 67 1705 11736
129170085 71 445 11750
129212966 72 1431 11763
129306021 65 1549 11791
129360581 61 2408 11807
129375894 63 1193 11812
129385324 68 2370 11815
129398243 78 207 11820
129557930 64 1987 11870
129621382 64 62 11889
129640863 64 2648 11894
129700059 74 2867 11912
129702914 72 1930 11913
129716708 73 871 11917
129743556 69 791 11925
129761152 74 2689 11931
129861537 79 751 11963
130010262 77 671 12008
130115605 78 1540 12039
130229010 67 2714 12073
130242058 72 15 12077
130249234 66 2949 12079
130292035 79 1463 12091
130305829 64 1769 12095
130330355 74 1296 12104
130336712 61 1915 12106
130473052 75 2065 12148
130537553 67 2345 12167
130548542 70 986 12170
130567759 76 2967 12176
130600048 62 237 12186
130629399 72 2502 12195
130640399 62 2997 12198
130653375 74 895 12202
130693176 63 2949 12214
130728317 72 1016 12226
130731171 74 1469 12227
130778134 77 323 12241
130946471 76 604 12293
130986411 72 2425 12305
130995779 62 602 12308
131023176 70 1779 12316
131072334 69 1279 12332
131127117 61 853 12349
131165179 64 2694 12361
131191579 65 871 12369
131282942 72 826 12397
131440115 74 1902 12445
131530714 78 2110 12472
131564996 69 2609 12482
131570333 64 1589 12484
131669955 72 2442 12512
131692144 67 2139 12520
131699516 75 1346 12522
131753776 69 1247 12538
131791046 63 1615 12549
131817096 77 1851 12556
131824748 66 532 12559
131834433 73 2937 12562
131837605 63 1336 12563
131861220 62 1156 12570
131878376 77 1926 12575
132259916 60 1727 12686
132311257 69 971 12703
132330561 60 2348 12709
132399874 72 2140 12730
132469373 68 2577 12750
132569658 62 1231 12780
132695971 69 1017 12819
132711358 78 1176 12824
132732002 67 706 12831
132741180 60 347 12834
132946067 66 347 12895
132949795 77 2304 12896
133036454 72 1861 12921
133061282 64 437 12929
133069802 60 1146 12932
133228127 78 845 12979
133238580 73 637 12982
133254283 60 2879 12986
133260346 74 1535 12988
133308534 79 2964 13003
133335194 66 1875 13010
133362116 70 1400 13018
133386812 79 608 13026
133436416 76 266 13040
133500599 65 1044 13059
133570859 79 2461 13080
133686173 68 2042 13115
133690097 74 1595 13116
133735599 66 1276 13131
133768407 70 1873 13141
133802829 66 67 13152
133819972 79 922 13158
133834607 71 2650 13162
133858197 76 2502 13170
134002017 79 994 13214
134037545 65 2231 13225
134097202 77 1749 13243
134105544 78 757 13246
134228815 78 761 13283
134245422 63 1496 13288
134272264 73 1453 13296
134305051 62 428 13305
134315376 77 86 13308
134420992 61 491 13339
134429787 78 1511 13342
134448810 79 129 13348
134531686 75 224 13373
134563120 65 2431 13383
134672885 69 1186 13417
134879944 74 1349 13480
134932552 79 624 13496
134950662 72 2910 13501
134992544 61 1977 13513
135079513 60 1742 13539
135176176 70 1734 13568
135247073 68 629 13589
135255137 78 865 13591
135261915 75 1677 13593
135321552 79 74 13612
135341424 64 1182 13618
135427072 66 1154 13643
135579984 63 2655 13688
135601138 72 2976 13694
135633031 77 1177 13704
135752795 61 1361 13741
135869662 61 2448 13775
135907125 65 2854 13786
135957188 60 2465 13802
135972191 66 534 13807
136025118 63 2011 13823
136097197 67 205 13844
136110367 68 2109 13848
136216593 72 1851 13880
136219942 61 2633 13881
136237238 76 268 13886
136247068 63 794 13889
136307470 73 2452 13907
136373707 72 2008 13927
136551401 64 1616 13978
136674780 64 1811 14015
136693935 76 1128 14021
136715956 62 2071 14027
136758140 78 345 14039
137083785 61 624 14136
137125947 66 1146 14148
137128826 60 657 14149
137144643 78 205 14154
137272814 70 2323 14194
137624620 68 1767 14298
137643900 79 171 14304
137677596 72 43 14314
137686638 71 325 14317
137702902 74 623 14322
137774117 72 1646 14344
137913482 68 1008 14385
137917652 70 289 14386
137947174 64 162 14394
137993841 61 2810 14409
138056423 68 2769 14428
138125178 68 2065 14449
138148821 62 443 14456
138157319 69 2242 14459
138223024 74 2524 14479
138245458 68 1421 14487
138249791 71 773 14488
138264504 75 2174 14493
138290479 79 756 14500
138324630 72 2893 14510
138436886 67 2913 14545
138440132 67 250 14546
138546670 66 2427 14579
138604701 79 1921 14597
138664121 63 2463 14615
138886761 75 293 14682
138890358 70 2044 14683
138893514 70 233 14684
138954926 62 625 14702
139013540 63 1734 14722
139067913 78 616 14738
139078908 67 2494 14741
139081743 63 2670 14742
139102088 76 2022 14748
139210209 67 1214 14780
139327657 76 1590 14816
139330962 62 1545 14817
139362937 77 1156 14826
139466442 73 1452 14859
139470775 63 333 14860
139526877 65 1019 14877
139696700 68 2233 14929
139801359 71 679 14961
139803637 79 1042 14962
139814461 72 2376 14965
139887721 71 452 14988
139969007 69 659 15012
140027066 77 2685 15030
140111461 66 149 15056
140318861 73 2907 15116
140393756 75 2986 15139
140454217 69 691 15157
140501678 75 2694 15173
140567771 63 796 15191
140609137 61 622 15203
140723258 69 980 15236
140736795 74 124 15240
140757611 76 799 15246
140770411 77 487 15250
140800164 63 576 15259
140902042 62 900 15288
140993004 67 2746 15315
141019724 67 363 15323
141031401 68 802 15327
141058719 68 2887 15335
141095865 60 515 15346
141101545 72 1154 15348
141109036 77 762 15351
141139992 74 160 15360
141177789 60 2994 15372
141304761 77 516 15411
141344957 67 252 15423
141349290 74 2563 15424
141446951 71 1778 15454
141457467 62 2698 15458
141556983 69 1123 15488
141560796 65 2971 15489
141573559 60 2322 15493
141588501 79 1968 15497
141606378 68 1658 15503
141644868 72 2900 15516
141760500 67 2225 15552
141773293 79 1911 15556
141801748 78 1873 15564
141814496 71 2188 15568
141906749 65 1011 15596
142009203 66 1985 15627
142108831 67 135 15658
142177136 76 1231 15679
142296668 65 2824 15716
142338639 62 1793 15729
142426372 69 2776 15755
142471450 61 1064 15768
142478157 61 545 15770
142545886 78 1717 15790
142596968 67 1725 15806
142729876 73 912 15848
142764222 75 374 15858
142849677 60 93 15884
142888079 62 248 15895
142940570 60 972 15910
142976651 62 1531 15921
143022625 64 2743 15936
143056473 68 1131 15948
143098009 73 2960 15961
143100152 75 696 15962
143138723 63 1453 15973
143145792 73 888 15975
143157138 72 307 15979
143245284 66 834 16005
143248239 67 2783 16006
143266316 61 1261 16011
143293246 61 974 16019
143324686 61 1636 16028
143343258 69 1558 16034
143421787 67 555 16057
143504330 78 1876 16081
143541506 70 173 16092
143547396 60 1212 16094
143557074 67 945 16097
143678759 74 579 16135
143706600 74 1324 16144
143754140 61 369 16159
143797449 70 132 16172
143812085 64 2457 16176
143817204 75 954 16178
143874301 77 2005 16195
143896260 79 2231 16202
143902102 79 1348 16204
143913903 67 1259 16208
143965236 60 1525 16224
143985882 68 2125 16230
144120748 62 136 16271
144266209 61 2932 16313
144292756 74 854 16321
144323793 74 2664 16331
144328078 73 87 16333
144333416 71 1601 16335
144350615 64 1098 16340
144378598 64 1851 16348
144391372 78 1538 16352
144427161 72 66 16363
144441410 68 155 16367
144533730 79 1039 16396
144646260 79 613 16430
144679387 66 2420 16440
144690805 70 89 16444
144715235 75 2008 16451
144731177 64 2697 16456
144772230 74 1566 16469
144801660 65 86 16478
144872466 63 2611 16499
145007388 79 1366 16540
145015873 65 2210 16543
145106688 61 148 16570
145140349 75 383 16580
145231514 62 2234 16607
145274065 74 2201 16620
145316830 73 1372 16633
145323372 62 2059 16635
145336208 68 1186 16639
145356034 66 2753 16645
145511274 66 810 16693
145582885 79 338 16714
145606954 71 2091 16721
145628835 74 1011 16728
145740547 64 1981 16760
145796623 78 2301 16778
145853438 79 997 16795
145860474 63 2818 16797
145890076 73 1587 16805
145908418 61 156 16810
145913271 62 162 16812
145928845 68 258 16817
145972273 78 2200 16829
146025938 64 1125 16847
146116350 72 1684 16874
146155871 72 317 16887
146174325 77 2289 16892
146223461 64 1682 16907
146358541 79 647 16948
146380207 75 1695 16955
146391405 65 2404 16958
146419017 74 2574 16966
146555700 61 582 17009
146578970 75 1336 17017
146639266 61 1384 17035
146718646 70 801 17059
146743386 63 1558 17067
146753606 77 1689 17070
146790232 65 861 17082
146815896 63 556 17090
146818071 64 669 17091
146931752 71 2117 17126
146940065 69 2868 17129
146946076 66 2700 17131
146973316 64 125 17139
146985063 71 852 17143
147026843 79 134 17156
147096994 69 649 17176
147107132 74 2955 17179
147205187 79 89 17209
147238073 71 509 17218
147257525 73 1951 17225
147279212 73 1894 17231
147357701 61 1187 17256
147389839 76 281 17266
147428365 67 1882 17277
147455250 60 1056 17285
147582348 61 686 17323
147627283 76 2186 17337
147650562 78 25 17344
147660088 68 1330 17347
147669446 60 631 17350
147673546 64 1229 17351
147724953 79 2993 17366
147742764 62 1440 17372
147745914 61 1092 17373
147879429 74 2134 17413
147884125 78 1939 17415
147994348 68 1087 17451
148048339 77 1229 17466
148051846 77 2211 17467
148071900 67 1570 17473
148142725 72 2376 17495
148205863 63 278 17513
148212694 79 678 17515
148216490 68 644 17516
148238511 74 2817 17522
148299593 63 1679 17542
148313057 71 796 17546
148364462 61 68 17561
148562299 77 818 17619
148634625 65 1444 17642
148741934 67 300 17673
148761808 79 2711 17679
148824176 63 1937 17699
148863016 79 2971 17712
148891558 78 136 17721
148895859 64 1150 17722
148935792 61 196 17734
149045156 62 1209 17769
149067762 66 2713 17776
149112630 78 2449 17789
149216031 68 2743 17820
149271229 68 2122 17837
149380986 63 2253 17870
149399263 73 1040 17875
149413942 63 426 17880
149479823 78 2018 17899
149541975 74 555 17918
149576543 73 598 17928
149582215 64 1828 17930
149604833 60 2799 17937
149643882 66 2990 17948
149712807 60 2428 17969
149727904 79 2194 17974
149782892 60 1506 17991
149812931 77 1274 17999
149820049 77 948 18001
149871709 65 2114 18016
149960946 70 1307 18044
150092460 79 2074 18084
150129715 67 622 18095
150167704 66 1802 18107
150171340 72 711 18108
150199195 72 701 18116
150371436 64 759 18170
150457984 69 2169 18194
150493175 74 1762 18205
150512793 60 588 18211
150542655 65 2725 18220
150573306 60 2811 18230
150687399 66 2561 18266
150705453 75 904 18271
150769880 62 374 18290
150803833 66 2178 18300
150845276 77 2977 18314
150998312 60 233 18361
151033132 73 1489 18372
151067952 74 1426 18382
151086822 75 2384 18388
151190929 75 867 18420
151219193 70 2985 18428
151222733 67 2000 18429
151241283 79 2781 18434
151261550 63 2680 18440
151279502 65 1035 18446
151315724 69 1619 18457
151319464 79 865 18458
151431425 70 2396 18491
151464839 74 245 18500
151503719 78 2109 18513
151509289 68 2228 18515
151630016 79 66 18553
151638579 64 1015 18556
151781099 73 2803 18598
151809661 69 1070 18607
151817206 60 479 18609
151882547 61 1482 18628
151968583 79 2665 18654
151992956 60 1838 18661
152024941 78 963 18672
152046593 77 1450 18679
152057331 73 1928 18683
152060909 62 1860 18684
152127923 78 0 18704
152160168 79 610 18714
152167989 72 2188 18717
152208255 68 723 18730
152211154 67 2389 18731
152215487 65 2121 18732
152243561 72 383 18740
152347729 60 2989 18771
152483687 75 627 18814
152493941 64 2858 18817
152606140 65 755 18849
152610473 65 1950 18850
152617792 72 1501 18852
152624630 78 2723 18854
152660056 70 1404 18865
152759349 79 541 18893
152875693 75 2179 18927
152952665 64 2409 18951
153019861 73 2983 18971
153026912 68 264 18973
153068743 60 2329 18986
153169789 79 623 19019
153213950 65 2336 19031
153272719 70 723 19050
153308952 71 2270 19061
153388119 75 198 19084
153482337 73 2632 19113
153503575 64 239 19119
153619391 77 1554 19153
153720726 65 438 19184
153734743 66 2346 19188
153865157 76 835 19227
153876903 68 1052 19230
153897451 78 918 19236
153941892 60 275 19249
153951897 76 2081 19252
153975216 71 1112 19259
153988461 65 1585 19263
154027100 71 2770 19274
154083076 65 316 19292
154100233 79 1573 19297
154161173 71 2773 19316
154253731 74 1246 19343
154301037 66 831 19357
154303853 63 1199 19358
154357729 74 60 19375
154370806 75 541 19379
154384788 61 139 19383
154395300 71 2359 19386
154444119 63 1276 19400
154447355 70 2633 19401
154455190 65 430 19403
154520832 71 1157 19423
154540967 60 2214 19430
154575437 78 1185 19441
154603986 62 665 19449
154611074 77 869 19451
154661096 66 327 19466
154682347 78 1801 19473
154730453 62 2554 19487
154756593 62 1155 19495
154879874 77 871 19531
155036272 68 1339 19579
155120646 61 1426 19604
155127107 78 1406 19606
155159316 61 2906 19615
155240390 61 492 19641
155352768 61 1005 19676
155460878 69 1465 19709
155466811 76 958 19711
155560543 68 1743 19739
155602752 62 195 19752
155648285 71 2994 19765
155685592 79 382 19776
155819371 60 1422 19817
155884147 69 1311 19836
155891738 61 2652 19838
155954947 72 2653 19858
155996387 74 2263 19870
156038942 78 1085 19882
156119599 63 520 19906
156151085 66 785 19915
156179864 62 199 19923
156259464 67 1393 19946
156311132 67 2646 19962
156554071 77 2436 20035
156564155 79 2868 20039
156643024 70 114 20064
156690667 70 1801 20078
156709193 71 2583 20084
156731987 73 2889 20091
156743528 69 202 20094
156790468 66 395 20107
156839637 79 546 20120
156858242 63 1658 20125
156936252 68 121 20148
156944312 73 933 20150
156952746 62 2489 20153
157015922 67 1441 20172
157050590 64 161 20183
157074865 62 1302 20190
157114214 67 556 20203
157130139 77 1313 20208
157137153 61 2308 20210
157139711 78 1942 20211
157175642 78 596 20221
157291404 76 1666 20256
157301225 61 1127 20259
157537124 74 561 20329
157620866 77 1420 20355
157718953 74 633 20386
157774234 78 1962 20403
157814247 63 2277 20415
157826903 64 1607 20419
157848604 71 2916 20426
157866301 64 30 20432
157931834 70 1873 20452
157965777 74 2763 20462
157992051 60 2482 20470
158023364 61 1345 20479
158088571 76 966 20499
158096929 70 2576 20502
158238923 68 2289 20544
158540793 64 2184 20635
158544546 69 1671 20636
158590820 69 641 20651
158630676 74 2370 20663
158658457 70 195 20672
158689870 70 2461 20681
158721937 73 2186 20691
158865473 79 211 20735
158912051 68 1684 20750
158919126 65 176 20752
158968538 66 1177 20767
159155851 63 849 20823
159159775 64 334 20824
159260031 70 2287 20855
159262311 61 2104 20856
159376331 76 685 20890
159541900 65 2966 20939
159574416 61 2985 20949
159586103 73 1795 20952
159594745 60 1353 20954
159644642 73 512 20969
159710733 63 2347 20988
159754133 79 1988 21001
159816683 60 952 21019
159879021 66 2226 21037
160015112 70 1968 21078
160172330 62 2542 21124
160195314 61 334 21131
160210727 78 2177 21136
160288407 63 400 21160
160346437 68 59 21179
160450668 76 2729 21210
160453367 78 976 21211
160460037 68 1306 21213
160468865 68 2600 21216
160547130 65 1081 21240
160607756 64 951 21259
160639268 61 1135 21268
160708244 79 1713 21290
160807679 79 2511 21320
160926789 76 1121 21355
161003766 72 756 21378
161010619 63 21 21380
161168360 73 890 21425
161251520 79 2551 21451
161289634 68 544 21463
161293547 63 2479 21464
161341599 71 1287 21479
161431768 72 1347 21506
161442219 65 79 21509
161502694 65 155 21530
161575560 76 1481 21552
161645634 69 1285 21573
161801804 72 123 21619
161831987 77 2175 21630
161839164 76 601 21632
161867511 71 1401 21640
161910220 64 2084 21654
161990677 67 2270 21681
162071438 69 266 21704
162156871 72 2012 21730
162219865 79 104 21750
162259542 77 38 21761
162425622 76 1540 21813
162602222 72 621 21865
162646692 61 891 21878
162667439 70 2264 21884
162670662 76 2732 21885
162673144 63 1015 21886
162745980 78 629 21908
162774029 72 1827 21918
162805815 75 393 21927
162836895 71 1454 21937
162850002 78 2826 21941
162863987 73 1008 21945
162959952 77 2074 21974
162966723 63 1582 21976
163086971 78 725 22012
163100755 71 405 22016
163125353 70 2292 22022
163260802 78 1346 22063
163384492 66 2441 22100
163404425 72 1477 22106
163413096 71 1670 22109
163548827 66 1415 22152
163608459 64 1728 22169
163756625 64 1106 22214
163861448 66 1088 22246
163883281 67 1607 22253
163944024 70 1849 22272
163976262 67 2490 22282
164013844 69 661 22293
164032490 75 946 22299
164074533 66 2176 22312
164128478 63 2967 22328
164216619 74 2988 22354
164259911 69 1142 22367
164280217 64 1082 22373
164292873 66 1053 22377
164306696 67 2831 22381
164343284 62 1629 22392
164363377 72 77 22398
164376893 68 666 22402
164436292 70 2425 22418
164561007 64 2498 22456
164575788 74 2409 22461
164612066 76 2734 22472
164649913 61 2395 22482
164656426 78 1063 22484
164719238 75 2557 22503
164759316 63 1149 22515
164770827 76 2519 22519
164789756 63 1948 22525
164798547 66 534 22528
164836228 78 2131 22539
164858464 60 667 22546
164886501 61 2656 22555
164928555 79 1226 22568
164944869 60 2975 22573
164962011 77 1147 22578
164997561 78 116 22589
165050310 68 1665 22604
165139683 63 2265 22632
165163318 70 1693 22639
165250001 71 2363 22666
165400494 70 709 22712
165474153 61 2459 22733
165489343 66 1258 22738
165499902 60 1723 22742
165658584 74 168 22788
165674405 63 2833 22793
165748200 78 281 22814
165763569 76 2364 22819
165882675 74 2407 22856
165940594 66 1976 22873
166033993 65 1590 22900
166061624 67 782 22908
166072460 73 2545 22911
166100796 62 2687 22920
166135377 64 2234 22931
166220154 79 1016 22958
166270983 63 2441 22974
166274764 74 1305 22975
166298141 71 1609 22982
166421206 65 1538 23018
166437218 78 2717 23023
166459687 71 1945 23030
166549484 64 2201 23056
166552939 75 2998 23057
166582662 62 2684 23066
166585732 62 799 23067
166724879 77 643 23110
166764506 60 768 23123
166769677 65 2642 23125
166864427 63 571 23152
166910672 74 2478 23166
166966213 60 78 23183
166986002 64 2851 23189
167066299 75 2220 23213
167115973 78 1327 23228
167188266 73 948 23250
167199568 60 1844 23253
167488429 73 2446 23337
167652792 62 1680 23386
167670963 75 2712 23391
167783766 64 2305 23426
167858489 61 1751 23449
167957364 75 1168 23480
168004073 60 1737 23495
168017748 60 1732 23499
168043618 61 1447 23507
168108365 60 2666 23525
168188262 69 1818 23549
168195674 60 1015 23551
168201801 71 249 23553
168204796 61 2941 23554
168222094 70 773 23559
168274612 61 1363 23574
168296648 79 704 23581
168319293 71 1168 23589
168391242 61 1212 23611
168519903 75 747 23650
168533419 61 1805 23654
168561536 71 579 23662
168620528 68 579 23679
168662711 77 1918 23692
168693441 68 2079 23701
168756172 73 1715 23719
168795422 79 1758 23731
168806848 61 1184 23734
168843558 78 468 23745
168906840 64 2171 23764
168926844 64 2547 23771
168951062 77 2054 23779
168983909 67 1584 23789
169016254 71 120 23799
169057682 66 1174 23810
169169830 69 1184 23842
169274151 63 713 23872
169277921 71 1848 23873
169309971 60 2773 23884
169444484 67 826 23923
169452213 61 1316 23925
169455445 72 2825 23926
169578769 76 2003 23963
169677824 68 2547 23995
169699461 76 1057 24002
169727059 61 2959 24011
169891075 70 2417 24061
169955112 67 762 24081
169968455 64 291 24085
170015100 66 885 24100
170025275 76 1530 24103
170035305 60 2717 24106
170041959 71 2004 24108
170074355 70 826 24117
170281686 74 2278 24177
170396339 69 1799 24210
170469789 75 2861 24232
170487180 75 2414 24237
170492815 63 2232 24239
170512359 62 2078 24245
170541221 62 2124 24254
170554279 75 1038 24258
170598141 78 250 24271
170611832 65 361 24275
170671486 73 1210 24292
170752883 71 2494 24317
170843407 65 2774 24347
170861336 74 2970 24353
171007404 63 2395 24397
171015292 72 2839 24399
171045484 79 1877 24408
171151432 62 2421 24439
171242127 60 2112 24465
171293034 68 99 24480
171405862 68 907 24514
171434201 76 2334 24522
171445450 77 2708 24526
171500740 74 2730 24543
171584827 75 978 24569
171830724 63 472 24643
172021136 64 2334 24699
172081283 71 248 24717
172086685 63 284 24719
172122456 64 641 24730
172133842 73 1064 24733
172140529 72 1394 24735
172193581 70 1308 24751
172196706 68 937 24752
172303553 74 2746 24783
172367522 66 2848 24803
172385138 71 2379 24808
172528666 71 1283 24850
172593180 68 2131 24871
172619487 64 549 24879
172644541 67 388 24887
172675539 66 965 24896
172729114 78 2591 24912
172764589 76 160 24922
172929966 70 608 24971
172985005 61 2250 24988
173014844 65 570 24997
173096486 60 2015 25020
173141675 61 2216 25034
173179452 70 2514 25045
173182825 64 1506 25046
173218203 76 848 25057
173266395 69 270 25070
173378713 69 2926 25104
173381987 77 2231 25105
173419271 61 220 25117
173457006 69 2546 25128
173488921 72 617 25138
173634666 64 511 25182
173678712 68 1491 25195
173691280 70 2540 25199
173745652 73 1029 25216
173751414 61 378 25218
173785823 71 2111 25229
173853835 72 2087 25248
173882048 63 815 25257
173891667 65 2382 25260
173894688 71 1964 25261
173913810 71 993 25267
173991330 69 2 25289
173996186 61 2143 25291
174043829 76 2447 25305
174064871 72 2710 25312
174070959 67 1987 25314
174188315 78 1953 25348
174194565 72 346 25350
174244665 67 1372 25364
174398977 62 777 25410
174425668 61 682 25418
174530796 60 2179 25449
174547522 61 1425 25454
174550535 73 2427 25455
174554148 77 1606 25456
174589403 65 501 25467
174603554 65 2416 25471
174675677 62 939 25493
174859042 61 2473 25548
174906890 60 560 25563
175000812 74 2102 25591
175017400 79 391 25596
175075181 66 1852 25614
175084381 76 1551 25617
175133196 79 1356 25631
175174829 68 1956 25643
175239498 62 2327 25661
175282683 65 59 25675
175290488 62 2536 25677
175294024 71 1650 25678
175300869 68 2104 25680
175337093 60 1640 25692
175351841 63 1920 25696
175361107 75 976 25699
175439005 73 1110 25723
175441169 70 123 25724
175452182 69 2493 25727
175532206 79 1931 25752
175576725 64 2217 25766
175583369 79 2105 25768
175621414 75 1300 25778
175670411 71 1711 25793
175685336 73 1708 25798
175708823 78 803 25805
175841887 71 1568 25845
175875298 62 2267 25856
175939916 63 2321 25875
175970305 63 759 25884
176186028 73 1143 25949
176261109 79 1092 25972
176272946 69 2072 25975
176320862 72 2707 25990
176525380 77 2150 26051
176608486 69 2055 26076
176698714 66 1846 26102
176724841 72 2115 26110
176728103 68 1359 26111
176785563 79 1922 26129
176899715 62 1029 26162
176970105 70 900 26183
177016785 60 1479 26198
177078196 77 1346 26218
177088117 62 2655 26221
177091229 65 230 26222
177106681 76 836 26227
177116537 75 1706 26230
177174111 79 1459 26247
177207435 79 1141 26257
177280652 64 652 26279
177444136 68 259 26328
177448587 77 1218 26330
177474480 75 2527 26339
177571558 76 938 26368
177656283 78 2966 26395
177679298 73 1764 26402
177698453 73 2236 26408
177725516 60 1319 26416
177743927 67 226 26421
177942640 66 857 26482
177965927 61 207 26490
177979685 78 1973 26494
178071611 62 2196 26522
178083930 72 2580 26526
178109774 67 1808 26534
178125863 75 1727 26539
178181875 63 179 26556
178299293 78 2420 26591
178500728 78 494 26651
178561713 66 800 26669
178594879 67 2632 26679
178647588 75 2532 26696
178692756 66 907 26709
178708986 66 738 26714
178763910 76 2599 26731
178774386 76 904 26734
178832333 78 2849 26752
178860818 69 394 26761
178866731 67 2848 26763
178948359 65 713 26789
178999581 62 703 26804
179020171 65 428 26811
179068478 74 1261 26827
179080779 71 878 26831
179096921 75 2972 26836
179121966 71 2597 26844
179137497 64 2400 26849
179194917 78 1091 26867
179236491 69 8 26880
179245532 76 1864 26883
179432172 62 709 26942
179438752 64 1207 26944
179485603 77 1119 26958
179497445 64 2122 26962
179809767 61 2347 27057
179866686 76 380 27073
179886483 70 2120 27079
179983475 68 2806 27107
180050167 60 2128 27126
180089159 77 1734 27138
180197728 68 1505 27169
180236162 78 662 27180
180299317 79 1044 27200
180398618 68 940 27231
180434332 71 1785 27242
180489560 69 45 27258
180541907 75 903 27273
180549803 63 1008 27275
180563106 70 865 27279
180568515 67 498 27281
180575387 61 1123 27283
180624224 72 2310 27297
180782660 71 2030 27345
180850335 64 474 27365
180857326 79 1773 27367
180880746 78 2331 27374
181087594 76 1073 27436
181128960 65 602 27448
181312710 77 723 27506
181322784 65 1737 27509
181346323 74 2392 27516
181356813 67 2304 27519
181364050 71 2335 27521
181376019 62 464 27525
181515108 66 1327 27567
181533765 66 195 27573
181605728 62 2304 27594
181657909 68 1954 27611
181661002 63 2178 27612
181673748 72 1958 27616
181701056 73 1521 27625
181722392 77 261 27631
181730911 67 2226 27634
181779273 77 2506 27649
181806220 70 1502 27658
181844946 67 2117 27670
181889670 63 1634 27683
181941709 79 703 27698
181998956 72 1529 27714
182006596 62 999 27716
182067343 76 1332 27735
182119683 60 2900 27751
182260384 68 2464 27793
182272923 62 672 27797
182291016 65 1329 27802
182372605 60 610 27828
182392322 70 1609 27834
182419728 65 314 27842
182466209 73 1248 27856
182497322 74 2315 27866
182602543 77 1338 27897
182699075 66 2122 27926
182764077 78 1600 27944
182775470 67 51 27948
182822764 62 2300 27963
182827005 73 168 27964
182967936 70 1840 28008
182992335 75 301 28015
183086159 67 658 28043
183154170 60 2303 28064
183171985 62 2674 28069
183234522 71 1262 28088
183252907 77 2913 28094
183490680 76 2361 28166
183501273 78 2704 28169
183530336 64 2913 28178
183614921 62 715 28204
183862089 64 1179 28275
183903279 64 151 28287
183915797 63 446 28291
183929250 72 862 28295
183941995 70 1477 28300
184015348 70 2382 28323
184061663 72 1515 28337
184134178 61 2360 28360
184140994 73 1856 28362
184165952 68 1416 28369
184216939 79 1620 28384
184220349 66 1533 28385
184265566 64 2151 28399
184305727 65 2482 28411
184355833 65 1932 28426
184362052 67 1009 28428
184465701 73 613 28461
184573282 72 2645 28495
184596541 72 818 28503
184676392 62 1110 28528
184698321 71 223 28535
184839477 68 531 28579
184894767 67 1715 28596
184951315 79 901 28613
184961047 66 183 28616
185082403 68 2925 28653
185102498 69 1454 28659
185118190 69 1786 28664
185143180 79 2883 28672
185151115 78 1517 28674
185252439 69 2131 28704
185276311 72 702 28712
185340893 73 2104 28732
185440973 62 2172 28761
185446991 75 2005 28763
185462156 63 1784 28767
185465880 69 317 28768
185469010 76 2209 28769
185538539 64 375 28790
185599939 66 1398 28808
185634633 73 2326 28818
185768099 70 1110 28858
185789835 63 2166 28865
185806673 62 1855 28871
185836195 74 1812 28879
185862592 72 2856 28886
185877490 72 61 28891
185899514 73 2685 28898
185920271 61 2616 28904
185955295 77 2537 28915
186025439 76 2486 28937
186031913 79 612 28939
186049673 69 620 28945
186126863 78 2868 28968
186172845 65 2639 28982
186293399 73 1534 29017
186323957 66 1627 29027
186366645 77 137 29040
186373025 62 152 29042
186386933 65 88 29046
186390779 67 1193 29047
186455430 64 113 29067
186484041 72 353 29075
186494028 74 452 29078
186534953 73 2849 29090
186575434 71 1459 29102
186625341 75 1619 29117
186627636 67 68 29118
186670092 72 2091 29131
186683794 74 548 29135
186779708 72 1608 29165
186873884 65 914 29194
186903964 70 1768 29203
187066070 62 121 29254
187093840 68 1473 29263
187142695 69 2114 29278
187160977 60 2303 29284
187163744 77 1640 29285
187345938 72 2100 29338
187363741 79 443 29343
187420086 72 114 29360
187537007 69 184 29396
187584167 60 1244 29410
187593794 76 987 29413
187624013 69 1436 29422
187668309 76 2166 29435
187692079 69 2743 29442
187716557 73 1893 29450
187815314 64 2024 29479
187824012 74 1000 29482
188001574 71 2946 29538
188016511 79 1246 29543
188019963 76 697 29544
188086495 76 111 29565
188089173 79 620 29566
188177871 60 1436 29592
188218155 61 1742 29606
188220661 63 1385 29607
188238022 63 1618 29612
188446634 60 1969 29675
188517683 77 2974 29697
188525246 68 2795 29699
188536268 78 1745 29703
188615261 63 2352 29727
188628916 61 120 29731
188669816 69 1020 29743
188730451 66 2528 29761
188740935 77 298 29764
188779046 68 1243 29776
188789155 61 1717 29779
188791612 64 809 29780
188816631 79 1935 29789
188818323 70 187 29790
188825218 62 374 29792
188881033 77 1312 29809
188924482 61 2247 29823
188970304 76 2909 29836
189134283 60 556 29884
189144034 78 10 29887
189170623 72 2293 29895
189177324 66 592 29897
189199736 76 2806 29904
189242618 77 324 29916
189257820 61 2259 29921
189312508 78 2087 29938
189350485 73 1170 29949
189379802 66 2686 29958
189383907 74 2750 29959
189428693 77 2990 29974
189449236 75 493 29980
