179290 171 248 13
391301 173 1504 28
926534 169 724 66
1078058 162 1641 77
1128827 177 1335 81
1351983 169 2236 97
1391130 166 600 100
2201131 177 900 160
2317771 179 41 169
2445273 166 2897 178
2664185 171 670 194
2936886 170 822 214
3010318 167 2017 220
3117732 165 2058 228
3399791 172 2909 249
3451650 164 712 253
3707797 175 2085 272
4193676 166 2184 308
4372481 167 239 322
4464923 166 112 329
4684898 163 269 346
4739410 179 313 350
5106646 167 330 378
5187682 170 1417 384
5289596 176 1148 392
5354148 174 1665 397
5560736 171 2215 412
5764887 168 581 427
6402961 166 619 477
6522828 163 2089 486
6565096 179 742 489
6808493 176 2015 508
7138153 165 2775 532
7717606 167 128 575
7814793 167 1620 582
7842310 177 1076 584
8330689 171 1527 621
8404056 175 1266 627
8482972 160 872 633
8802652 167 49 657
9121206 172 1541 681
9280183 178 713 693
9320398 178 1087 696
9346676 171 2855 698
9516328 165 1004 711
9968741 162 1596 745
10032741 168 335 750
10574765 171 1288 791
10732395 166 1552 803
10742719 160 1790 804
11086688 160 1552 831
11195563 178 779 839
11468268 176 2762 860
11479513 161 1810 861
11664474 173 763 874
11754586 168 1068 881
11805082 167 1830 885
11845766 167 589 888
12294686 179 1041 922
12655342 170 161 948
12914635 177 452 967
12942276 167 2423 969
13117798 165 2059 982
13246092 161 1818 992
13370147 170 871 1001
13423378 173 1717 1005
13921531 173 2138 1043
14320245 163 2853 1073
14544171 170 2158 1091
14702982 175 1411 1103
14948828 175 656 1121
15271550 163 1913 1145
15380730 174 1176 1153
15658186 163 1524 1173
15981601 168 1021 1196
17122560 177 355 1280
17691078 161 38 1322
17980746 167 2030 1345
18005345 168 1524 1347
18019403 172 2236 1348
18084093 177 2818 1353
18153160 166 2157 1358
18731890 176 2848 1403
18895415 173 1725 1415
19038606 163 50 1426
19563220 164 899 1466
19600465 169 2905 1469
19749506 167 2319 1480
20021571 179 2355 1499
20156237 176 938 1509
20390192 170 78 1527
20678095 167 1651 1548
20815975 171 2684 1559
21541244 161 1641 1614
21717562 179 2870 1628
21942374 168 566 1645
22151154 169 2518 1661
22177358 179 1036 1663
22188223 160 2996 1664
22293995 173 1988 1672
22479805 168 369 1686
23058142 170 2662 1729
23111525 162 2339 1733
23271473 166 858 1745
23309907 171 1932 1748
23365607 179 1711 1752
23598544 179 895 1769
23675188 171 2701 1775
24166443 165 1038 1811
24441917 170 876 1833
24567105 174 2600 1842
24785342 169 255 1859
24945888 175 1804 1872
25290546 167 1819 1898
25677708 160 1277 1928
25743498 161 2458 1933
25783157 166 637 1936
25891949 163 1911 1945
26136020 161 2917 1964
26231548 169 1051 1971
26724705 163 1920 2009
26748942 171 599 2011
26887278 169 1836 2021
26959670 168 2186 2026
26986816 179 581 2028
27061200 179 645 2034
27113054 173 736 2038
27371578 166 1421 2057
27558015 166 1327 2072
27609304 160 1379 2076
27804997 174 1841 2091
28000515 168 2040 2106
28068858 172 653 2111
28181928 179 1399 2119
28225582 162 2224 2122
28754224 175 745 2160
28832621 168 827 2166
29241875 162 1605 2197
29255332 166 1305 2198
29438372 160 1115 2212
29450754 160 751 2213
29655269 165 2672 2228
29855327 162 1640 2243
29877707 170 542 2245
30206361 167 467 2270
30326591 178 633 2279
30361256 169 2940 2282
30415042 178 2735 2286
30944311 171 1660 2326
30973816 174 1322 2328
31507377 170 397 2368
31717103 179 2873 2384
31822471 164 1402 2392
32031884 163 2125 2408
32055351 163 1637 2410
32113026 167 2135 2414
32321452 165 1394 2429
32613619 167 2497 2451
32865812 168 2305 2470
32947476 165 2144 2476
33352553 172 2352 2507
33368002 174 744 2508
33390676 172 2990 2510
33850740 177 1938 2545
34176554 161 2020 2569
34216398 164 993 2572
34471754 172 2618 2591
34584789 175 1788 2599
34789516 177 172 2614
34803390 162 2219 2615
34844422 179 243 2618
34924043 163 752 2624
34938484 163 2860 2625
35394366 168 534 2659
35435681 177 2254 2662
35459405 169 2670 2664
35603155 176 284 2675
35730474 168 134 2684
36601189 169 2079 2748
36625109 160 1230 2750
36831276 174 267 2765
37085799 161 2975 2783
37339667 174 2589 2801
37983964 163 2678 2849
38216094 171 172 2866
38487470 171 2864 2886
38533394 176 1175 2890
38743875 170 62 2906
38780962 177 698 2909
38876440 175 770 2916
39447112 167 241 2959
39511598 169 416 2964
40567434 173 2492 3045
41020544 178 456 3079
41149079 178 238 3088
41173122 169 282 3090
41200825 161 789 3092
41709092 175 1093 3130
41898847 163 2003 3145
42779591 168 330 3211
42808140 171 1843 3213
42832637 170 1286 3215
43740791 160 1022 3283
43836323 164 1459 3290
44196690 174 2335 3316
44771890 170 1073 3359
44782276 173 1909 3360
44913752 168 2902 3370
44926996 162 291 3371
45008423 163 449 3377
45077999 165 1793 3382
45519950 168 394 3414
45545377 169 1204 3416
45672431 164 1704 3425
46093743 163 2028 3457
46320551 167 975 3474
46422722 168 2457 3482
46608739 175 1365 3496
46876210 162 2885 3515
46897609 178 1096 3517
46965414 165 1053 3522
47007281 164 1618 3525
47573824 176 770 3567
47648132 177 2146 3572
48008182 179 2143 3598
48429733 174 1418 3629
48722351 166 1116 3651
48772179 179 2231 3655
48809789 162 157 3658
48920739 163 1521 3667
48992386 172 119 3672
49075555 177 1061 3679
49177017 162 1654 3687
49228511 163 2209 3691
49302477 166 390 3697
49500789 174 2903 3712
49560487 162 1216 3716
49716100 175 1702 3728
49985000 168 1406 3749
51048685 161 1742 3826
51090798 176 2529 3829
51133518 166 2855 3832
51546129 161 368 3863
51617736 178 2029 3868
51851461 176 309 3886
52123898 173 2245 3906
52232087 161 941 3914
52256314 178 1347 3916
52295552 169 2839 3919
52370559 166 53 3924
52485165 165 255 3933
52594908 177 844 3941
52711490 166 927 3950
53061027 179 2501 3976
53190944 162 130 3985
53236364 168 2963 3988
53949088 163 2047 4043
54190977 160 2026 4061
54578059 173 672 4090
54621631 170 2058 4093
54744447 168 1699 4102
54822835 174 2997 4108
55204418 168 2030 4136
55505608 166 2141 4159
55744431 177 1632 4178
56037073 161 220 4200
56079236 171 2310 4203
56406475 165 632 4227
56639509 175 1704 4244
56665015 179 1754 4246
56773479 171 2430 4255
56955250 179 95 4269
57000285 178 757 4273
57121620 166 1019 4282
57274050 177 362 4293
57586192 167 1044 4317
57597330 177 1502 4318
57776534 170 119 4332
57787956 177 124 4333
57813184 174 327 4335
57870132 173 2542 4339
57948305 162 343 4345
57989054 174 2763 4348
58759280 165 2052 4405
58826019 178 1628 4410
58837836 167 2430 4411
59175431 169 1910 4437
60472304 163 2382 4533
60498970 167 2166 4535
60784018 162 43 4556
60892972 164 384 4564
61303351 161 2351 4595
61380436 178 1506 4600
61419456 168 44 4603
62030843 162 1337 4647
62139728 169 812 4655
62263756 179 1135 4665
62274848 175 2166 4666
62369548 163 2395 4673
62653039 164 464 4695
62678275 168 1887 4697
62867954 167 1309 4712
62982234 170 2631 4721
63251693 176 587 4741
63332560 177 2502 4747
63772595 164 785 4782
64119530 165 1129 4809
64397253 166 186 4830
64561930 168 1717 4843
64673518 163 2899 4851
64684497 162 1692 4852
64726501 177 2941 4855
64807121 161 1846 4861
64923774 177 2448 4869
65086423 172 1330 4881
65279375 169 269 4896
65529576 163 1499 4915
66229969 171 2861 4967
66256356 163 426 4969
66519270 170 1923 4990
66530749 170 936 4991
66607524 162 1572 4996
66619622 161 1370 4997
66670465 165 2085 5001
67109751 168 853 5033
67138793 175 1589 5035
67326149 165 824 5049
67389824 169 1098 5054
67507899 161 1601 5063
67979444 163 225 5097
68099448 171 362 5106
68300529 174 507 5123
68366334 173 431 5128
68644618 160 188 5148
68884381 161 0 5165
69194675 160 1124 5188
69386041 164 1771 5202
69718438 165 1985 5227
69729648 178 1611 5228
69930275 168 1319 5243
70327669 163 815 5274
70363708 169 166 5277
70398247 172 347 5280
70585614 171 1646 5294
70597523 160 2213 5295
70862605 170 2343 5315
70904926 169 36 5318
71065437 172 2292 5330
71184186 172 573 5340
71333979 173 278 5351
71389816 172 836 5355
71560149 165 536 5368
72046910 169 1782 5404
72697252 168 835 5451
73103657 165 297 5483
73687647 165 1826 5528
73714205 176 370 5530
74105325 174 77 5560
74117239 166 1168 5561
74127239 172 1771 5562
74198477 177 2938 5567
74371649 176 1353 5580
74466904 164 1950 5587
74654877 170 936 5601
74707435 170 555 5605
74745421 164 2797 5608
74757015 168 2910 5609
74875800 163 1113 5617
75416237 179 2786 5659
75426237 161 2644 5660
75658896 179 518 5678
75725517 174 2952 5683
76320204 172 1247 5727
76574309 179 193 5747
76670974 178 1869 5754
76826790 169 30 5766
76988136 173 2688 5778
77026075 167 1403 5781
77252418 178 278 5798
77473796 166 1192 5814
77620423 167 2460 5825
77650254 174 2836 5827
77733522 174 2502 5833
77848441 173 2431 5841
78109416 167 917 5862
78192904 175 2191 5868
78501546 167 2219 5890
78627229 176 2103 5900
78707254 164 2062 5906
79693518 176 2323 5978
79763720 177 2510 5983
79780386 169 890 5984
79810850 177 2200 5986
80240171 172 2188 6019
80294786 170 2254 6023
80630011 163 1860 6048
80671993 171 2288 6051
81566914 162 1624 6119
81710702 166 2490 6130
81868462 166 873 6142
81949344 165 1302 6148
82151832 172 1641 6163
82191602 169 1358 6166
82298031 173 1510 6174
82883355 172 133 6218
82945036 175 2291 6222
82971173 169 175 6224
83039525 170 1502 6229
83126988 162 1882 6235
83472471 176 393 6261
83623012 178 2760 6273
83739684 167 1104 6282
83752418 169 909 6283
83846148 162 2455 6290
84201628 161 2933 6318
84297370 171 347 6325
84651728 173 2874 6351
84785921 165 531 6361
85130854 161 226 6386
85219052 161 693 6393
85319730 166 1425 6401
85410341 176 2949 6408
85499789 166 2739 6415
85806002 171 1245 6438
85867247 162 1978 6443
85976034 179 1501 6451
86076140 168 207 6459
86116684 176 1792 6462
86243658 173 417 6471
86350574 165 730 6479
86389113 172 1257 6482
86544870 166 2918 6494
86841257 170 1141 6517
86993459 177 966 6529
87051844 171 1125 6533
87186029 175 687 6542
87409903 164 2269 6559
87501229 163 1015 6566
87525332 162 802 6568
87962392 161 2799 6600
88359949 160 26 6629
88556745 177 127 6643
88769176 176 2230 6659
88821673 169 1840 6663
88926043 160 1914 6671
89039102 161 111 6679
89138810 161 76 6686
89294184 178 2397 6697
89383762 163 1423 6704
89551975 165 762 6717
89708219 163 2245 6729
89719420 176 2738 6730
89850405 171 2325 6740
90761348 161 1100 6808
90800672 162 1021 6811
91427749 171 2258 6857
91453512 162 586 6859
91963520 163 2835 6900
92099495 165 207 6910
92215184 178 403 6919
92349061 172 252 6929
92747426 170 951 6959
92859265 175 1497 6967
93008456 168 799 6978
93116911 179 877 6986
93422900 164 700 7009
93650296 168 1857 7025
94019412 161 2718 7054
94305293 162 2954 7076
94460154 160 2864 7088
94474130 168 2655 7089
94502348 170 866 7091
94789727 172 2141 7113
95578064 164 957 7171
95705361 167 898 7181
96061623 177 80 7208
96213372 162 864 7219
96359430 164 2452 7230
96751040 178 2738 7258
96915383 164 2373 7271
97125928 170 2742 7287
97250769 179 301 7297
97421415 167 2718 7310
97487175 160 1517 7315
97674311 178 1044 7329
97830927 172 1350 7341
98165400 177 518 7365
98193613 167 903 7367
98258955 168 1992 7372
98314225 175 1994 7376
98365005 173 113 7380
98542334 166 717 7394
98671625 175 2877 7404
98768833 166 917 7411
99088487 165 250 7435
99294050 163 2601 7450
99518941 170 2073 7466
99531542 173 447 7467
99659979 164 151 7477
100499856 163 2023 7540
100549927 174 136 7544
100624218 173 530 7549
101140435 163 322 7589
101808871 165 1886 7638
102067826 172 2631 7657
102357825 163 311 7678
102896064 176 1631 7718
103148100 169 2359 7737
103411314 169 2812 7757
103468300 168 713 7761
104200484 168 1372 7814
104252196 179 198 7818
104347632 160 2285 7825
104604017 167 87 7845
104712707 167 2274 7853
104781749 161 1625 7858
105677255 177 462 7924
106438579 178 936 7981
106496663 167 231 7985
106755365 179 292 8005
106948596 165 1474 8020
107304719 166 41 8046
107331242 176 589 8048
107360063 168 103 8050
107512139 164 378 8061
107564278 172 2968 8065
108351744 174 1992 8124
108912850 167 171 8165
109035460 178 1741 8174
109135580 169 2608 8181
109622345 179 1423 8217
109754501 174 1965 8227
110403217 162 2142 8276
110524507 163 1032 8285
110545599 165 935 8287
110661155 176 1604 8295
110902666 178 2025 8313
111016559 161 1617 8322
111913553 170 1725 8389
112231922 177 931 8412
112538034 172 2265 8434
112575423 165 2887 8437
113087562 178 342 8476
113325935 166 491 8493
113693113 169 823 8521
113957922 169 2637 8540
114039420 166 2033 8546
114138477 173 1731 8553
114230496 178 9 8560
114335171 168 1849 8568
114489880 178 2344 8579
114758224 170 1739 8599
115031912 168 2739 8620
115123265 178 2732 8627
115196084 172 1136 8632
115416632 164 1694 8648
115560407 160 362 8659
115779956 164 733 8676
115834930 174 1440 8680
115956671 175 1729 8690
116069039 160 2033 8699
116473424 165 373 8730
116661964 178 2477 8744
116761210 163 1982 8751
116800632 163 589 8754
117012222 177 606 8770
117037763 161 611 8772
117075351 173 2324 8775
117194723 161 2931 8784
117621078 178 1179 8815
118165646 171 1845 8856
118369784 172 1690 8872
118395086 165 1045 8874
118464700 174 2646 8879
118596980 178 2975 8889
118695080 168 1029 8896
119027101 171 1175 8920
119105204 178 2444 8926
119267317 172 1148 8938
119536935 175 792 8958
119680768 170 2536 8969
119835358 162 240 8981
120086697 178 1951 8999
120126641 172 1249 9008
120170961 166 1181 9021
120196557 165 2914 9029
120200890 171 1202 9030
120204489 160 2961 9031
120255306 173 548 9048
120305215 170 2274 9063
120315170 162 240 9066
120367897 173 1198 9083
120377263 167 2125 9086
120416422 179 81 9098
120431691 167 907 9103
120451141 161 592 9109
120485945 175 695 9120
120592088 170 1150 9152
120616942 170 2837 9160
120619442 176 2675 9161
120639597 178 1623 9167
120795449 172 2409 9211
120818160 179 1271 9217
120854239 174 2193 9227
120864674 176 518 9231
120870620 173 2389 9233
120906664 174 297 9244
120921216 162 638 9249
120992991 179 999 9272
121083346 164 444 9300
121116150 178 2607 9310
121135444 175 384 9316
121141937 167 53 9318
121231454 178 518 9346
121240757 162 2263 9349
121263889 167 997 9356
121296090 161 1237 9366
121308142 175 410 9370
121340714 168 326 9381
121351148 171 583 9384
121411729 160 542 9402
121432187 160 1743 9408
121466573 178 38 9419
121548006 160 2723 9445
121592646 170 508 9458
121609581 161 1602 9463
121725772 162 2715 9499
121790847 179 1374 9518
121895049 170 2263 9550
121918972 172 1154 9558
121943774 162 2313 9566
121957198 175 1292 9570
121985531 175 1675 9579
122013181 161 2711 9588
122016422 164 2865 9589
122036727 167 2428 9596
122155847 164 2359 9631
122179379 165 2329 9639
122219221 160 1605 9652
122284769 162 1982 9671
122287770 175 689 9672
122294437 177 2752 9674
122317947 168 1736 9681
122331154 178 2304 9685
122383446 178 283 9701
122449233 167 2670 9721
122461946 174 1797 9725
122479825 179 1565 9730
122493293 160 1557 9734
122571677 163 2008 9758
122578883 176 518 9760
122591899 168 1768 9764
122749643 161 2457 9811
122781719 170 78 9820
122817543 165 1539 9831
122831228 165 2237 9836
122874627 165 600 9849
122884247 171 1722 9852
122942998 174 2112 9870
123052073 176 1557 9904
123184214 173 2988 9943
123273518 169 39 9971
123314875 161 963 9984
123387652 168 2489 10007
123535994 171 1800 10052
123579399 175 2896 10066
123614471 177 587 10076
123645046 167 1269 10085
123698789 174 2470 10101
123731240 164 2532 10111
123755547 160 1430 10119
123758591 173 1777 10120
123855528 164 1194 10149
123885884 163 327 10158
123889219 173 1225 10159
123954352 177 1487 10178
123997375 178 1036 10190
124004951 175 2417 10192
124045760 177 1847 10205
124101249 165 1126 10221
124133302 165 2389 10230
124162372 165 1356 10239
124188336 175 2021 10247
124446200 160 2582 10325
124474159 164 2210 10333
124587760 165 1071 10368
124681299 163 1774 10397
124698279 177 2298 10402
124701194 167 709 10403
124735880 165 114 10414
124769365 174 2543 10424
124781006 160 1701 10427
124829424 162 2919 10441
125087079 168 2413 10519
125111915 164 2554 10527
125175363 172 1873 10546
125178522 179 158 10547
125238726 162 317 10565
125251386 178 2493 10569
125293030 172 2505 10581
125630285 171 413 10679
125641384 179 2177 10682
125692309 173 925 10698
125709729 172 2877 10704
125723255 174 282 10708
125776465 179 2117 10724
125856264 166 2583 10748
125885078 165 10 10757
125909780 161 1433 10765
125938820 168 564 10773
126004503 178 2101 10793
126058115 161 623 10809
126247667 173 2968 10866
126373149 167 1495 10903
126390695 174 2739 10908
126423728 164 2845 10918
126525593 179 2072 10948
126572783 168 2292 10962
126602897 164 2353 10972
126826231 169 849 11039
126901407 169 2982 11060
126919913 166 2516 11066
126929280 179 1027 11069
126949237 178 1288 11075
126971929 171 1878 11082
127028220 178 137 11099
127033674 172 296 11101
127076307 170 1299 11116
127114065 170 2945 11127
127198002 177 756 11153
127202016 174 1404 11154
127219132 165 2909 11160
127244463 172 2319 11168
127252809 160 0 11171
127272752 160 648 11177
127338488 165 970 11198
127412499 171 2549 11220
127438785 169 820 11229
127462345 176 2238 11236
127492084 173 1691 11245
127518979 169 2167 11253
127767864 173 1101 11325
127775204 176 757 11327
127786477 165 1406 11331
127788275 176 894 11332
127838292 162 1884 11347
127880995 164 1130 11360
127911209 164 1779 11369
127915542 163 2065 11370
127933855 177 1755 11375
127948037 166 2776 11379
127957165 161 2779 11382
127966247 167 212 11385
127978888 169 1731 11389
128009496 175 370 11399
128250576 169 2142 11475
128287530 174 436 11485
128302987 174 344 11489
128362959 166 275 11508
128415484 168 2793 11523
128469475 162 2182 11539
128497528 178 302 11548
128523376 166 293 11556
128595390 170 1885 11577
128604985 170 2172 11580
128664760 169 1784 11597
128668434 164 2930 11598
128672168 163 439 11599
128695174 169 411 11606
128708758 170 1564 11610
128750984 177 2365 11624
128806868 177 2811 11641
128812385 164 1023 11643
128846237 163 514 11654
128850160 174 689 11655
128863033 167 438 11659
128872853 164 1219 11662
128973100 171 1858 11692
128992284 168 890 11698
128996075 164 451 11699
129001951 174 2163 11701
129040789 168 753 11712
129139949 174 2228 11741
129143187 175 1954 11742
129220368 168 1567 11765
129256972 177 710 11777
129358238 161 654 11806
129470876 172 1970 11843
129491158 166 1881 11850
129520622 176 2773 11859
129540247 173 2638 11865
129565347 166 190 11872
129614268 169 1205 11887
129675288 169 2761 11905
129778622 179 2353 11936
129804559 171 2486 11944
129838365 165 1294 11955
129913302 167 2277 11979
129928070 175 1792 11983
129931281 165 2697 11984
129963875 161 2345 11994
130065584 172 825 12025
130103441 175 751 12036
130141574 168 1256 12047
130275170 163 2963 12086
130298776 165 2284 12093
130301555 165 2124 12094
130350875 161 837 12110
130385884 173 1760 12121
130413191 166 317 12129
130670624 161 1176 12207
130703384 160 1149 12217
130734491 161 1305 12228
130783541 170 2000 12243
130852711 179 850 12264
130865122 166 2312 12268
130904809 179 452 12280
130949615 166 2183 12294
130979867 177 1044 12303
131053333 176 193 12326
131100540 161 655 12341
131116547 178 784 12346
131138584 164 910 12353
131142230 161 347 12354
131179597 179 2270 12365
131208504 160 2805 12373
131224107 175 2022 12378
131296782 169 2771 12402
131300686 170 189 12403
131339422 164 298 12415
131343598 173 483 12416
131539037 171 2476 12475
131653205 174 247 12507
131675303 170 1660 12514
131682192 170 1341 12516
131772498 173 227 12543
131788211 177 528 12548
131868517 171 518 12572
131897212 175 2683 12581
131912054 176 1776 12585
132095275 166 2740 12637
132108122 165 145 12641
132136344 167 2601 12649
132152868 166 568 12654
132239366 178 2977 12680
132291741 166 1159 12697
132294240 160 75 12698
132306924 171 2725 12702
132327379 170 2394 12708
132384085 165 55 12725
132396916 175 1407 12729
132419972 171 2813 12736
132459107 171 2590 12747
132516380 169 1358 12764
132639382 161 1431 12802
132651721 179 1991 12806
132672167 178 1051 12812
132769793 163 1181 12842
132794655 173 1494 12849
132800801 170 579 12851
132803668 170 643 12852
132849076 169 2125 12866
133189659 178 183 12968
133196340 163 1932 12970
133215248 164 1814 12975
133444021 174 522 13042
133450350 176 1407 13044
133464029 169 1941 13048
133496955 178 1216 13058
133616409 165 1831 13094
133622475 176 190 13096
133700058 167 271 13119
133702218 162 1039 13120
133713776 171 196 13123
133764074 178 1309 13140
133780885 170 2105 13145
133787100 167 1754 13147
133816268 175 2569 13157
133839819 178 2935 13164
133853572 179 2739 13168
133882295 163 345 13177
134034437 160 969 13224
134053952 174 366 13230
134068101 160 612 13235
134081369 164 2779 13239
134108585 160 2207 13247
134257909 175 1946 13292
134390211 167 2092 13330
134408858 162 2804 13336
134612223 175 2417 13398
134634807 173 2378 13405
134684626 170 1391 13420
134833976 170 2035 13465
134843051 161 991 13468
134896450 162 1009 13485
134899338 173 1734 13486
135006902 176 2440 13518
135022468 161 426 13523
135046258 163 1139 13530
135160401 169 337 13563
135312317 176 453 13609
135315741 168 1442 13610
135366422 177 1063 13625
135378275 170 2035 13628
135394964 166 1469 13633
135491834 170 1076 13662
135517500 171 1409 13669
135594227 178 2191 13692
135625092 170 562 13701
135678806 169 2460 13719
135707027 161 2619 13727
135735897 174 2970 13736
135762731 160 2136 13744
135777221 179 2915 13748
135816931 170 985 13759
135887150 171 1765 13780
135912968 160 61 13788
135931562 179 86 13793
135993391 167 2955 13813
136016236 170 2006 13820
136062826 176 1133 13834
136094129 174 230 13843
136115485 160 1798 13850
136119750 168 1365 13851
136129504 167 333 13854
136165252 160 405 13865
136314847 163 2766 13909
136355472 163 56 13921
136363488 177 1097 13924
136663919 165 916 14012
136681325 172 166 14017
136688798 168 2792 14019
136785865 165 2169 14047
136864174 179 1355 14070
137016988 177 1552 14117
137080761 174 849 14135
137094501 170 373 14139
137134853 163 379 14151
137159662 173 901 14159
137162724 167 133 14160
137200781 164 690 14172
137269078 177 2423 14193
137427489 162 1135 14239
137441347 171 120 14244
137444708 163 2710 14245
137493582 175 39 14261
137515540 167 946 14267
137523195 160 290 14269
137541754 168 1568 14275
137571473 176 73 14283
137578072 171 506 14285
137711989 164 1145 14325
137782002 176 1186 14347
137867991 166 31 14371
137957046 179 2266 14397
138081087 172 2853 14436
138097763 165 1543 14441
138128313 177 1035 14450
138138637 166 1483 14453
138176235 163 295 14464
138216906 160 1692 14477
138328627 178 353 14511
138397935 170 2564 14533
138450566 166 1284 14549
138493161 166 1587 14563
138513759 178 1591 14569
138527433 165 1953 14573
138564874 166 950 14584
138611361 170 2574 14599
138632237 165 2627 14605
138648843 173 2561 14610
138662266 175 2824 14614
138673840 175 971 14618
138745285 165 2758 14639
138752054 162 1898 14641
138839757 175 2852 14668
138867276 176 2464 14676
138873065 174 1940 14678
138910438 170 2991 14689
138967199 168 2559 14707
139008144 173 1902 14720
139092263 176 2822 14745
139136856 160 105 14758
139202577 160 2585 14778
139254562 162 183 14792
139276247 163 1765 14799
139282633 167 1459 14802
139313166 163 286 14811
139396011 164 798 14837
139586441 170 2976 14896
139655969 161 1707 14917
139681415 179 526 14924
139692761 165 2085 14928
139732523 176 2614 14940
139826012 175 267 14968
139875027 177 1460 14984
139921907 176 809 14998
139957378 165 2502 15008
139982424 167 2347 15016
140016590 175 990 15027
140067289 167 336 15043
140099458 166 36 15052
140165512 161 2372 15072
140224201 164 377 15089
140266505 168 988 15101
140362921 170 1772 15130
140365591 168 718 15131
140407575 168 145 15143
140439563 174 2191 15152
140462742 168 1522 15160
140464075 177 977 15161
140466810 170 1940 15162
140486597 176 4 15169
140580976 172 1442 15195
140589452 166 1425 15197
140674814 177 972 15221
140687272 162 2800 15225
140701409 160 1647 15229
140714877 173 2068 15233
140822042 162 585 15265
140848392 178 2149 15273
140877862 166 957 15281
140942734 162 2979 15300
140966594 161 881 15307
141025258 175 2522 15325
141078414 164 2709 15341
141125444 162 839 15356
141190964 161 2885 15376
141229395 175 757 15388
141293188 168 111 15407
141498374 165 2027 15470
141570046 176 2889 15492
141612275 171 2040 15505
141637005 176 2221 15513
141689509 169 872 15530
141836297 161 1284 15575
141843617 170 180 15577
141868362 166 1870 15584
141898908 167 2827 15594
142039640 178 1600 15637
142051987 173 1438 15641
142086164 175 822 15652
142093612 179 1436 15654
142105886 179 2475 15657
142111354 177 1441 15659
142151074 175 1721 15671
142250283 174 2821 15702
142270093 173 219 15708
142309155 160 823 15720
142316284 164 192 15722
142325088 179 1435 15725
142356717 163 2347 15734
142373570 164 908 15739
142570504 175 1090 15797
142676620 179 2718 15831
142711969 163 467 15842
142714094 161 1529 15843
142754894 179 1281 15855
142780577 162 2229 15863
142853577 160 251 15885
142924724 160 1032 15906
142944824 161 1157 15911
142996615 171 1986 15928
143018848 174 198 15935
143053948 164 2505 15947
143073912 165 2557 15954
143113566 168 1931 15966
143142576 160 1589 15974
143170566 176 326 15983
143199315 171 1923 15991
143228623 165 473 16000
143238101 163 2654 16003
143351747 168 236 16037
143358974 170 1015 16039
143364848 164 324 16041
143563550 168 246 16099
143574670 162 1526 16103
143578918 173 1630 16104
143586684 161 1782 16106
143635227 168 1983 16122
143697289 164 2865 16141
143888331 160 2474 16200
143892664 164 264 16201
143907869 173 867 16206
143923640 166 2648 16211
143933158 179 1086 16214
143946739 168 977 16218
143961076 172 1017 16223
143972415 171 2818 16226
143982502 164 784 16229
143993914 168 174 16232
144009955 177 222 16237
144048907 171 1462 16249
144093362 161 27 16262
144148745 178 2777 16280
144151915 166 2112 16281
144214567 168 1043 16299
144244114 165 729 16307
144283408 162 2963 16318
144318707 161 790 16329
144330219 174 1526 16334
144394949 172 2919 16353
144472388 167 357 16377
144475796 160 1917 16378
144604602 170 2341 16418
144622548 164 2714 16423
144639600 173 2869 16428
144688591 160 109 16443
144742774 170 1122 16460
144745603 169 1351 16461
144785742 160 1679 16473
144822600 163 899 16485
144849552 160 1051 16492
144881086 177 1068 16502
144895248 165 1474 16507
144898465 164 164 16508
144992042 163 1025 16535
145000930 177 344 16538
145143841 175 625 16581
145152683 164 1111 16584
145171336 172 2472 16589
145184990 166 383 16593
145212109 161 2992 16601
145229000 160 2866 16606
145283592 164 1833 16623
145301684 166 2804 16629
145365849 160 249 16648
145517763 173 773 16695
145524139 179 1676 16697
145618591 166 2069 16725
145653520 163 792 16735
145717067 171 1095 16754
145821014 177 100 16785
145827071 179 2733 16787
145830824 168 1700 16788
145850972 166 2048 16794
145893305 166 32 16806
145901149 164 1344 16808
145918796 166 2709 16814
146075820 178 2656 16861
146108549 166 584 16872
146127454 168 2063 16877
146234555 175 1137 16911
146282960 174 2862 16925
146291296 166 325 16928
146299876 174 765 16931
146339338 173 2168 16943
146354208 169 2241 16947
146373003 170 2155 16953
146387914 171 1355 16957
146465827 179 821 16982
146520997 172 1307 16998
146524634 163 1227 16999
146624399 166 539 17030
146671233 169 1124 17044
146684856 167 1859 17048
146710274 179 2732 17056
146837405 174 2713 17097
146839984 176 1257 17098
146896124 172 2324 17116
146913152 179 1637 17121
146921135 160 1524 17123
147041397 177 311 17160
147119690 162 1124 17183
147224639 175 1150 17214
147264202 165 2888 17227
147267831 174 219 17228
147347846 175 2071 17253
147392375 174 2199 17267
147406144 160 994 17271
147465818 178 1827 17288
147492747 170 2550 17296
147515032 169 502 17303
147578963 166 430 17322
147605403 166 1102 17330
147656692 164 2801 17346
147696927 179 2012 17357
147766591 176 2153 17379
147774837 172 740 17381
147898007 169 1172 17419
147939263 177 54 17432
147955392 163 649 17438
148001055 178 2067 17453
148065886 167 57 17471
148133037 165 69 17492
148290568 172 2766 17539
148341492 163 2123 17554
148357200 172 2737 17559
148460664 169 2646 17589
148540521 163 1357 17613
148550652 160 2369 17616
148606357 161 2505 17633
148645408 179 2880 17646
148754700 174 20 17677
148758314 179 2096 17678
148781499 178 2867 17685
148835646 166 898 17702
148842593 173 369 17704
148922110 165 369 17730
148946665 170 1358 17738
148967902 173 982 17745
148989403 179 657 17752
149168512 160 2742 17806
149218641 167 70 17821
149239348 175 1137 17827
149328059 163 2129 17854
149348290 178 2308 17860
149430564 162 2226 17885
149469973 166 2498 17896
149584472 177 2680 17931
149704567 172 2553 17966
149806278 165 2948 17997
149931880 178 958 18035
149957274 162 2264 18043
150002487 167 1241 18056
150012609 170 2747 18059
150225334 173 1795 18124
150400718 176 790 18178
150404380 179 2492 18179
150420820 169 1973 18184
150474622 175 551 18199
150489301 172 1794 18204
150514924 161 2906 18212
150564164 173 2565 18227
150612511 170 714 18243
150631315 168 1428 18248
150641252 169 1020 18251
150644214 170 2679 18252
150662666 160 2491 18258
150716346 166 1022 18274
150752280 172 2459 18285
150806858 173 2884 18301
150918116 160 588 18336
150924126 173 744 18338
151138415 161 891 18404
151215226 160 1068 18427
151270045 164 2152 18443
151342477 176 1130 18465
151471130 160 999 18502
151560655 174 343 18532
151593843 179 72 18542
151636202 166 904 18555
151720687 162 2243 18580
151763803 170 2503 18593
151837462 178 55 18614
151901618 177 1473 18633
151930948 162 2682 18643
151935080 171 171 18644
151961807 171 1351 18652
151989410 164 845 18660
152014213 171 1493 18668
152040638 175 119 18677
152042828 173 1537 18678
152051565 167 1053 18681
152146520 161 1746 18710
152153003 166 181 18712
152179125 162 2497 18721
152198042 174 1880 18727
152299016 176 1271 18756
152335803 178 2759 18767
152339099 168 795 18768
152370797 171 2591 18778
152378754 168 336 18781
152388610 165 2696 18784
152402379 173 2654 18788
152418308 162 694 18793
152420168 174 733 18794
152443837 175 2693 18801
152453559 167 105 18804
152461597 176 722 18807
152550603 173 2504 18833
152557870 161 1528 18835
152642622 178 1834 18860
152669638 171 49 18868
152673242 167 1481 18869
152744830 168 545 18889
152835870 171 600 18916
152843305 176 878 18918
152861732 164 1883 18923
152885510 176 1059 18930
152920033 171 2256 18941
152930642 170 326 18944
152966166 162 443 18955
152998161 163 2345 18965
153013376 162 388 18969
153048217 177 2906 18980
153079043 168 2488 18989
153086710 172 1373 18992
153129381 178 1966 19006
153164033 172 234 19017
153203773 174 2369 19028
153223818 174 344 19034
153240125 161 1186 19039
153366709 163 557 19078
153401868 177 177 19088
153456690 167 2784 19105
153475753 174 2997 19111
153540887 178 2039 19130
153570053 168 2552 19139
153596262 160 414 19146
153643296 161 359 19160
153675607 173 837 19171
153737212 171 1126 19189
153751376 177 102 19194
153772198 174 2231 19200
153775440 166 201 19201
153872969 173 2156 19229
153927595 172 2205 19245
153991990 172 1330 19264
153996323 173 814 19265
154038422 166 2435 19278
154064859 166 1202 19286
154122012 168 226 19303
154148500 173 770 19312
154241655 173 2394 19340
154312272 166 2862 19361
154314515 169 1293 19362
154318409 163 1752 19363
154363769 163 2400 19377
154397688 173 890 19387
154471729 173 2328 19408
154550305 177 1536 19433
154557900 162 1461 19435
154579314 166 1691 19442
154585508 175 277 19444
154688335 175 1629 19475
154691967 164 699 19476
154750262 163 2944 19493
154782845 176 462 19503
154832560 162 1553 19518
154835960 171 2182 19519
154872612 160 2461 19529
154920363 160 713 19543
154952457 177 2400 19553
155012836 167 2199 19571
155134852 169 44 19608
155276353 173 1375 19653
155345023 173 1403 19674
155373223 168 744 19683
155412229 179 1199 19695
155482425 179 1766 19716
155536157 173 1383 19732
155612946 161 2069 19755
155691842 164 2708 19778
155727690 176 1947 19789
155731405 165 1986 19790
155759054 177 1388 19799
155808855 162 2341 19814
155893752 165 1642 19839
155966562 170 2100 19862
155982126 176 2554 19866
156006439 171 1526 19873
156024229 179 2987 19878
156109975 177 1418 19903
156134372 167 1666 19910
156169484 171 626 19920
156186139 173 1152 19925
156190472 160 909 19926
156225574 167 284 19936
156401723 179 157 19990
156429444 171 2821 19998
156467239 166 197 20009
156596673 177 1841 20050
156638574 177 1754 20062
156712855 162 1800 20085
156725828 161 2880 20089
156750848 176 1695 20096
156763186 178 2806 20100
156797210 173 2508 20109
156824221 161 106 20116
156962525 169 1973 20156
156975111 160 257 20160
157009963 171 1417 20170
157021849 171 340 20174
157080874 163 2190 20192
157229565 162 303 20236
157260096 173 194 20247
157322417 179 1827 20265
157392861 179 2953 20285
157416083 160 2802 20292
157421540 166 1307 20294
157478986 162 1673 20311
157502241 165 15 20319
157531067 175 1143 20327
157540422 172 1734 20330
157626607 170 1843 20357
157663835 171 577 20369
157726422 164 1707 20388
157743102 174 759 20393
157756370 175 2930 20397
157758898 178 2161 20398
157810918 176 401 20414
157832609 168 692 20421
157853547 173 2009 20428
157884422 174 2265 20438
157902368 176 77 20443
157935729 179 1577 20453
157957394 170 1353 20459
157999484 161 2279 20472
158005232 179 1471 20474
158066163 171 988 20492
158069464 160 1189 20493
158079015 164 1390 20496
158141812 173 2300 20515
158171487 172 2216 20524
158334322 173 2681 20574
158358383 174 719 20580
158418951 174 139 20598
158430185 165 2834 20602
158464193 173 2928 20612
158478042 167 125 20616
158507937 170 1613 20625
158520387 171 2652 20629
158556521 171 2136 20640
158610722 163 1288 20657
158647162 161 282 20668
158682950 167 2045 20679
158738213 162 2356 20696
158744031 166 615 20698
158751214 165 1409 20700
158802074 169 96 20716
158904606 170 374 20748
158965497 169 2490 20766
159035172 161 54 20786
159061002 176 1794 20794
159063861 160 2720 20795
159092057 170 354 20803
159101852 173 2443 20806
159104473 166 2803 20807
159153774 175 679 20822
159188074 171 515 20833
159222812 163 1974 20844
159270096 178 1167 20859
159554996 172 1036 20943
159561211 166 299 20945
159567877 179 1179 20947
159571511 167 1213 20948
159703605 168 519 20986
159848701 179 1996 21028
159984086 165 1868 21069
160026933 173 45 21082
160055919 172 2104 21091
160079484 165 2846 21098
160116541 171 1978 21108
160164165 176 2759 21122
160228954 167 2923 21142
160237088 179 1771 21145
160284696 174 879 21159
160340300 171 2885 21177
160428201 172 705 21204
160457092 178 558 21212
160604851 174 6 21258
160621911 177 29 21263
160653255 169 540 21273
160661055 162 1562 21276
160668098 162 2602 21278
160741941 168 2666 21300
160780152 168 1544 21311
160781831 168 1221 21312
160929397 179 1385 21356
161000780 167 2995 21377
161014170 174 1393 21381
161033435 161 936 21386
161125777 178 1365 21413
161160459 162 634 21423
161265203 160 407 21455
161309786 170 743 21469
161378103 160 2781 21490
161451424 174 572 21512
161513516 161 936 21533
161523009 168 2009 21536
161543428 174 789 21542
161605416 166 2473 21561
161894050 171 1271 21649
161917398 177 1918 21657
161933071 175 1799 21662
161942221 162 2645 21665
161959043 178 1176 21670
161995010 164 867 21682
162039821 162 1579 21695
162083641 161 890 21708
162087199 164 2390 21709
162090672 178 1 21710
162138597 175 1791 21725
162188932 179 2071 21740
162248312 175 2372 21758
162252514 163 156 21759
162315939 170 1244 21778
162328307 176 1631 21782
162413491 166 2839 21809
162444531 167 2038 21818
162493934 172 1746 21832
162526943 163 1147 21842
162532719 173 1050 21844
162629563 173 1054 21873
162664179 160 1755 21883
162876331 164 2992 21949
162879427 173 72 21950
162918537 170 2156 21962
162956800 178 1817 21973
163005587 168 2469 21988
163013164 167 1143 21990
163032302 160 1063 21996
163038435 170 2843 21998
163071079 163 2644 22007
163097704 170 888 22015
163121187 167 376 22021
163138090 172 1840 22026
163141890 174 615 22027
163325240 177 281 22082
163636939 178 525 22178
163733083 167 1706 22207
163800247 169 1724 22228
163864350 173 1957 22247
164017710 177 1568 22294
164056538 174 1929 22306
164197302 170 2474 22348
164202292 171 1379 22350
164296210 179 1646 22378
164513180 165 433 22442
164581855 168 1937 22463
164598638 167 910 22468
164715080 175 568 22502
164833149 167 2606 22538
164971676 172 1426 22581
165037775 168 778 22601
165046104 170 1435 22603
165056050 173 1586 22606
165193716 170 2711 22648
165377489 172 818 22705
165380313 165 575 22706
165453111 170 1678 22727
165457000 162 842 22728
165497374 174 1878 22741
165552138 161 1759 22757
165585214 179 850 22767
165751364 166 2605 22815
165757251 175 27 22817
165765903 178 994 22820
165780052 168 2764 22825
165915331 166 983 22866
165933930 173 2846 22871
165943771 169 297 22874
166028832 169 158 22898
166031633 169 2532 22899
166046498 161 2303 22904
166064440 163 1854 22909
166113318 169 2934 22924
166160661 166 537 22939
166182207 177 658 22946
166197565 165 2207 22951
166203477 179 788 22953
166240709 174 28 22965
166247847 176 300 22967
166282300 170 2586 22977
166338015 172 16 22994
166362536 175 2427 23001
166424473 178 2652 23019
166561556 174 2973 23059
166572879 166 1556 23063
166594427 178 1567 23070
166672975 176 2252 23094
166693642 160 410 23100
166748769 165 61 23118
166842552 173 2179 23146
166846885 174 1727 23147
166868437 167 2532 23153
167032561 164 392 23202
167048176 177 458 23207
167138014 175 2178 23235
167140951 161 1240 23236
167191418 163 552 23251
167237141 178 1069 23264
167254906 179 430 23269
167260781 166 1360 23271
167267385 172 328 23273
167411880 171 392 23315
167420179 174 1583 23317
167438754 178 482 23322
167484851 177 1635 23336
167589394 171 2314 23366
167682384 160 733 23394
167690947 166 361 23397
167703745 162 1304 23401
167735034 175 1589 23410
167773652 164 2551 23422
167791327 177 1180 23428
167991296 168 1697 23491
168025372 170 250 23501
168104032 166 2197 23524
168185630 164 1599 23548
168276719 162 1209 23575
168279897 167 454 23576
168305831 178 976 23584
168311383 163 2923 23586
168317169 173 66 23588
168406913 179 1096 23616
168483067 161 2005 23639
168491549 171 2564 23642
168577707 170 866 23667
168647047 171 1886 23687
168728168 172 883 23711
168750330 166 93 23717
168782342 175 1211 23727
168836266 178 1140 23743
168921678 168 431 23769
168924462 161 2010 23770
168970206 166 1961 23784
168978499 172 1234 23787
169012858 179 2388 23798
169076341 162 2492 23815
169115190 177 1311 23826
169123106 176 2325 23828
169184836 179 60 23846
169187609 176 1610 23847
169207211 168 435 23853
169242442 172 2556 23863
169253959 178 1864 23866
169283530 174 2902 23875
169312676 171 165 23885
169409776 162 272 23913
169414109 179 2695 23914
169426530 170 2346 23918
169528650 160 264 23948
169605447 169 2479 23972
169673747 177 13 23994
169689794 172 2537 23999
169722298 163 2171 24009
169801663 168 1922 24034
169812077 173 129 24037
169852432 169 2082 24049
169855552 175 958 24050
169904894 169 1953 24065
169958111 164 2065 24082
170012099 173 2989 24099
170173510 174 296 24145
170222689 177 1509 24160
170248382 163 1499 24167
170254112 179 2900 24169
170307750 176 323 24185
170311002 178 908 24186
170385340 169 738 24207
170472647 175 1985 24233
170484492 169 2205 24236
170501601 176 2199 24242
170504749 161 1270 24243
170539609 171 2716 24253
170578265 172 1328 24265
170645164 171 136 24284
170663597 167 2304 24290
170681579 168 260 24295
170717497 172 796 24306
170734930 172 1224 24312
170858053 170 1929 24352
170889700 174 2203 24361
170927144 169 606 24372
170948789 170 378 24379
170952255 178 2463 24380
170993823 170 1579 24393
171062408 175 237 24413
171085573 174 898 24420
171103910 162 1348 24425
171109311 171 115 24427
171115456 173 1930 24429
171289957 163 2413 24479
171383789 175 1563 24508
171442312 174 1564 24525
171587175 162 2252 24570
171661758 167 763 24592
171693393 162 1738 24602
171697599 160 2944 24603
171709897 179 2729 24607
171783241 172 1461 24629
171995859 175 546 24691
172011424 170 575 24696
172027560 179 851 24701
172030078 172 1 24702
172220251 165 2528 24759
172269717 163 335 24774
172277482 162 573 24776
172535287 168 1440 24852
172679120 160 42 24897
172703173 174 482 24904
172723471 168 987 24910
172750848 165 1941 24918
172757556 172 2299 24920
172778108 174 1119 24926
172787789 173 186 24929
172803388 173 499 24934
172896388 164 1608 24962
172910856 175 1033 24966
173207624 178 2516 25054
173232935 174 2383 25061
173324560 179 2337 25087
173371891 166 249 25102
173522083 168 2925 25148
173623326 177 1385 25178
173723982 175 2204 25210
173865605 177 222 25252
173911124 177 791 25266
173937874 173 1013 25274
173947627 178 684 25277
174055933 160 1960 25309
174111082 162 2867 25326
174158460 167 2771 25340
174198025 164 1408 25351
174234336 173 2454 25361
174267211 170 1369 25371
174275593 160 742 25373
174405784 170 2698 25412
174422917 164 525 25417
174487544 171 2544 25436
174505066 169 825 25441
174507405 177 2437 25442
174513690 162 1761 25444
174677981 160 1563 25494
174684525 179 1942 25496
174707234 174 385 25503
174755648 162 352 25517
174770300 168 2279 25521
174855548 165 848 25547
174992841 163 2230 25589
175006925 163 2747 25593
175044646 164 359 25605
175117816 178 1596 25626
175306864 164 1750 25682
175332760 167 1097 25691
175405766 169 761 25712
175559397 172 11 25760
175573175 176 2317 25765
175610391 163 119 25775
175617081 164 897 25777
175660573 164 1561 25790
175698466 177 2893 25802
175747709 175 1733 25816
175754237 173 2071 25818
175763835 173 2458 25821
175809914 169 1794 25835
175816084 162 93 25837
175838500 163 1560 25844
176033161 168 718 25903
176131560 175 2768 25932
176133552 174 1641 25933
176192985 163 1072 25951
176236663 167 2136 25964
176279181 160 2903 25977
176297871 160 1500 25983
176421371 166 1143 26020
176451241 167 1417 26029
176454601 174 1082 26030
176497188 162 2911 26042
176661733 164 1713 26092
176708178 179 560 26105
176711566 176 862 26106
176804142 164 1778 26134
176911262 169 1263 26165
176917617 165 1901 26167
176932096 173 1219 26172
177069255 178 967 26215
177098930 162 2237 26225
177113423 168 2939 26229
177139487 172 1426 26236
177196380 163 2426 26254
177239951 173 1255 26266
177263158 167 1895 26273
177265416 162 1768 26274
177275697 169 820 26277
177300884 174 2969 26285
177307498 166 2925 26287
177366831 165 2143 26304
177377017 170 2124 26307
177416364 175 966 26319
177435359 170 2770 26325
177529299 168 1155 26355
177536194 179 2518 26357
177548057 173 772 26360
177551668 165 343 26361
177625151 163 2237 26386
177628157 179 2493 26387
177746596 176 2869 26422
177824483 175 1775 26446
177868722 166 2447 26459
177875625 170 1667 26461
177880876 173 1387 26463
177990023 170 667 26498
178023279 167 2303 26508
178077939 162 1798 26524
178081476 165 544 26525
178113809 163 1831 26535
178119890 179 1529 26537
178211877 167 2664 26565
178345041 172 254 26604
178352742 168 1199 26606
178380616 171 2899 26614
178392037 171 2873 26617
178413483 176 1796 26623
178476054 167 2954 26643
178513971 167 2938 26655
178519649 175 1010 26657
178536908 165 484 26662
178598745 171 2036 26680
178685753 173 758 26707
178699968 166 1824 26711
178732113 164 812 26721
178757933 171 141 26729
178819827 168 2544 26748
178852423 168 175 26758
179008242 164 678 26807
179011037 166 723 26808
179017597 162 206 26810
179023457 168 1064 26812
179074701 162 1343 26829
179186008 160 444 26864
179208975 177 283 26871
179212137 174 758 26872
179277300 173 415 26893
179297342 170 1229 26899
179324732 166 1164 26908
179348838 160 157 26916
179355469 161 2081 26918
179410273 173 1302 26934
179511358 175 22 26966
179528783 169 1939 26971
179535909 176 1688 26973
179659882 179 97 27011
179922172 175 2689 27090
179947498 171 2235 27097
179966033 175 2823 27102
180109301 169 2882 27144
180122429 168 2684 27148
180178316 163 404 27164
180225829 173 553 27177
180264260 163 1772 27188
180273791 166 506 27191
180382141 175 2839 27226
180459088 171 2929 27249
180471603 160 2723 27253
180571972 168 2867 27282
180579317 166 2720 27284
180599734 169 79 27290
180636079 160 2516 27300
180689535 164 87 27316
180693868 164 2638 27317
180706607 178 1425 27321
180765180 161 1457 27340
180771872 164 2443 27342
180809198 160 2240 27353
180869958 175 2761 27371
180903564 168 716 27380
180940961 168 1910 27391
181011050 176 1176 27412
181114771 160 2072 27444
181117605 169 1302 27445
181182547 163 1872 27465
181228817 169 1648 27479
181243104 177 1245 27484
181320161 177 2830 27508
181329253 175 711 27511
181413176 179 2744 27536
181434644 160 731 27543
181454996 165 63 27549
181461301 177 2028 27551
181477256 179 1540 27556
181624241 174 1755 27600
181670289 178 2541 27615
181725147 163 2822 27632
181728780 174 2399 27633
181873264 166 2121 27678
181882188 178 896 27681
181891768 164 2713 27684
182106032 163 855 27747
182112614 177 370 27749
182211785 168 1052 27778
182265295 175 2273 27795
182293837 176 1047 27803
182340416 166 401 27818
182478550 165 1256 27860
182529406 179 2614 27876
182555029 161 1214 27884
182558445 166 1985 27885
182568630 178 696 27888
182606093 169 1304 27898
182676698 161 1349 27919
182750730 176 2876 27940
182760365 179 1546 27943
182787026 173 2237 27952
182819982 164 660 27962
182846750 171 2555 27971
182850579 172 2537 27972
182859708 171 2791 27975
182891514 174 2686 27985
183021716 179 2701 28024
183036680 172 1993 28029
183040279 165 125 28030
183058247 169 1383 28035
183099450 162 2356 28048
183106963 165 1696 28050
183119653 165 1390 28054
183150222 167 2362 28063
183216155 161 2280 28083
183240442 172 2090 28090
183271132 161 181 28099
183280353 177 1124 28102
183333032 165 1915 28119
183335950 177 2297 28120
183339633 170 2756 28121
183397805 177 1936 28138
183408939 171 669 28142
183663672 160 1778 28217
183686013 167 1307 28224
183692850 174 965 28226
183757598 161 280 28245
183764764 165 1180 28247
183775289 173 2665 28250
183833839 165 1654 28267
183855079 171 87 28273
183858695 168 2281 28274
183878428 167 2936 28279
183912796 178 37 28290
183956677 166 2840 28304
183987978 171 487 28315
184090890 178 411 28346
184237279 169 1575 28390
184249960 175 1021 28394
184339217 170 2135 28421
184394702 165 936 28439
184419875 176 1249 28446
184615915 171 800 28509
184617840 178 372 28510
184672748 179 740 28527
184771590 170 314 28557
184800840 168 2704 28567
184911625 177 633 28601
184919003 169 1499 28603
184930524 179 808 28607
184940950 168 1495 28610
184984523 163 1398 28623
184991143 166 2690 28625
185052176 160 343 28643
185078870 163 2048 28652
185197526 167 2966 28688
185209200 162 146 28691
185249375 164 417 28703
185293835 164 2661 28718
185316196 173 1621 28725
185386677 174 2452 28745
185437733 175 1933 28760
185458572 176 2205 28766
185729821 168 2933 28846
185733004 174 255 28847
185777522 169 1222 28861
185798986 175 1676 28868
185823821 175 2574 28876
185925582 168 173 28906
186043029 176 65 28943
186072738 177 0 28953
186130612 166 492 28969
186203473 172 839 28991
186299487 167 2594 29019
186425860 177 2771 29059
186437192 179 1213 29062
186605728 171 2770 29111
186711505 165 102 29143
186728660 171 744 29149
186747245 171 358 29156
186783572 163 714 29166
186820834 171 2848 29178
186828260 164 2470 29180
186919969 173 1848 29208
186933804 167 2806 29212
186954261 166 2531 29219
186966781 165 1123 29223
187020487 179 2730 29240
187055683 170 2543 29251
187058455 173 2896 29252
187131742 169 1692 29275
187135511 170 2778 29276
187243163 179 573 29307
187307171 173 1469 29327
187325281 173 1816 29332
187352868 172 462 29340
187447381 162 608 29369
187460320 166 2718 29373
187464604 175 534 29374
187483060 169 2553 29380
187506768 160 1240 29387
187734005 164 2470 29455
187757125 171 1776 29462
187820568 169 2963 29481
187986128 160 272 29533
187988847 174 1578 29534
188120480 178 2349 29575
188145436 169 1562 29582
188193375 178 981 29598
188265649 169 873 29620
188295939 174 1797 29630
188308179 162 1716 29633
188345818 179 2594 29644
188359340 178 731 29649
188405216 179 527 29663
188412680 164 1266 29665
188422923 173 2301 29668
188508596 172 2821 29694
188559143 173 11 29710
188574388 164 1065 29714
188582414 171 2092 29717
188703930 178 2569 29752
188769293 167 199 29773
188870189 164 1892 29806
188943147 161 2065 29828
188985663 171 887 29840
189303870 167 2839 29935
189357547 176 1917 29951
189367301 170 2178 29954
