22643 105 428 0
214065 112 1038 9
331197 106 1097 15
367359 105 1979 17
629125 110 1535 30
910943 107 1013 44
2027023 106 142 100
2240172 116 1536 110
2328288 100 1470 115
2392255 112 95 118
2664733 117 1254 132
2718505 117 1742 135
2892473 102 547 144
3107456 114 1791 155
3126793 114 88 156
3170953 118 643 158
3272455 101 1771 163
3411571 114 727 170
3945129 102 605 196
4345747 105 800 217
4417213 115 1350 221
4583860 113 1932 230
5197870 110 6 260
5405153 117 1262 270
5522993 118 528 276
5627543 109 802 281
5731559 117 1415 286
5813735 106 1531 290
6056657 110 577 303
6885764 107 72 345
7201255 106 500 362
8976443 109 153 451
9611159 105 475 483
9882581 103 1759 497
10081832 111 1471 508
10273547 102 621 518
10480074 103 1932 529
10500317 106 921 530
11167671 118 1922 562
11705690 111 709 590
11871656 101 607 598
11978414 103 1614 603
12059424 115 990 607
12477118 100 772 629
12977184 106 323 654
13031760 118 432 657
13297307 104 515 670
13752506 108 1306 693
14003363 110 17 706
14240518 101 1572 718
14814840 113 1545 747
15959944 103 1622 805
16382865 103 241 826
16733790 119 1035 843
17839020 104 1460 898
18027220 116 1302 907
18527365 102 1820 932
18548389 115 1419 933
19206906 100 1715 965
20005602 116 797 1004
20701563 113 275 1038
21224774 116 1627 1065
21783246 102 1039 1092
21914698 105 646 1098
22163039 103 380 1110
22200280 113 1915 1112
22258576 117 556 1115
22928822 104 1369 1149
23264254 112 1899 1165
23288064 119 1030 1166
23806539 107 499 1191
24231348 117 482 1213
24256099 113 1647 1214
24702869 102 571 1235
24843819 114 708 1242
25779614 110 175 1289
26033211 112 1249 1302
26382743 113 1928 1319
26611360 104 920 1330
26944543 118 41 1347
27566480 108 1515 1377
27772912 102 630 1387
28377660 119 953 1418
28812219 101 1470 1439
29104805 108 1579 1454
29263946 107 228 1462
29326105 110 1426 1465
29698149 114 441 1483
30392256 115 356 1516
30690372 105 182 1531
30728689 101 848 1533
30905652 119 1727 1542
30942742 102 1595 1544
30964197 118 1400 1545
31042213 104 1176 1549
31168995 105 112 1555
31658166 110 59 1579
32316755 101 1116 1612
32581625 106 779 1625
33097465 116 828 1651
34016509 102 1477 1698
34578741 105 671 1727
34620653 112 862 1729
34774463 116 1790 1737
34908109 113 1698 1744
35890375 106 988 1792
36464893 109 1547 1819
37004738 101 660 1845
37067939 105 1292 1848
37358393 114 460 1863
37633788 119 1506 1876
37714842 100 973 1880
38346485 107 1416 1912
38595815 112 715 1925
39413711 111 1908 1965
39872206 106 343 1988
40407759 103 697 2015
40516547 117 1680 2020
40726124 119 191 2030
40932264 101 731 2041
41018318 100 1589 2045
41435220 100 1291 2065
41541901 101 1210 2070
41931733 113 805 2089
42149120 103 1030 2100
42236800 103 1637 2104
42323972 110 1892 2109
42645212 116 441 2125
42789804 103 1049 2132
43018090 106 1987 2143
43118533 101 1923 2148
43515064 118 1803 2167
43580770 105 1490 2170
43704521 106 166 2176
44059944 110 1079 2194
44170081 118 569 2199
44192741 113 1582 2200
44355958 113 870 2208
44405455 102 1229 2211
44562916 118 1357 2219
44641808 117 668 2223
45475489 118 1685 2265
45632987 115 55 2273
45856967 104 701 2284
45996154 116 913 2291
46026154 118 1604 2293
46049060 107 1510 2294
46122012 112 886 2298
46142192 101 135 2299
46506620 118 1662 2317
46629113 114 344 2323
47004934 100 1333 2342
47126640 106 1312 2348
47313828 119 1668 2357
47647175 116 267 2373
48088526 116 1944 2396
48111268 112 1820 2397
48181562 114 1377 2401
48522679 104 1803 2418
48580970 104 668 2421
48714257 119 1282 2428
49171076 108 1175 2452
50473736 110 546 2518
50700219 108 41 2529
50854678 103 1005 2537
50938334 112 610 2541
51046727 114 256 2547
51387484 116 1547 2563
51443484 112 786 2566
52137037 108 1475 2601
52391821 110 1001 2613
52432422 116 306 2615
53362212 108 242 2660
53434349 108 1064 2664
54047628 101 961 2694
55295837 114 525 2758
55319219 105 1734 2759
55508739 105 681 2768
55538970 102 1135 2770
55661689 105 634 2776
56020022 112 44 2794
56213526 106 569 2804
56531381 112 1997 2820
56809539 116 500 2834
57427219 100 125 2867
57892646 103 1440 2891
59422674 117 1162 2966
59582702 113 579 2974
59682616 113 1946 2979
59703228 110 1388 2980
60382026 105 1856 3014
60687975 106 734 3029
61051636 116 1335 3047
61167053 100 324 3053
61581615 108 118 3074
61765572 104 926 3083
61786740 101 1596 3084
61868980 115 738 3088
61945057 103 568 3092
62148864 106 1679 3102
62395273 118 353 3114
62455661 109 1647 3117
62502221 112 1376 3119
63465941 104 1037 3167
63485244 105 1070 3168
64107342 117 1082 3198
64196656 118 1225 3203
64359748 116 780 3211
64985151 107 1779 3242
65573814 101 665 3271
66531513 105 1952 3319
66572664 119 964 3321
66635085 105 104 3324
66694237 101 914 3327
67307222 115 428 3358
67332222 118 1952 3359
67353680 103 775 3360
67658384 118 1293 3375
68257612 111 1939 3404
68939832 114 730 3438
69259370 103 970 3455
69279208 108 1261 3456
69877806 115 1255 3487
69912117 102 898 3489
70153868 110 412 3501
70214569 104 1430 3504
71243233 119 624 3556
72319959 114 227 3609
72904612 114 1285 3638
72939593 111 947 3640
73107318 104 1846 3648
73701461 108 1025 3678
73780999 101 971 3682
73907584 117 1618 3688
74349977 102 1014 3710
74559927 107 992 3720
74595736 117 1414 3722
74679532 103 1470 3726
74945794 104 1826 3740
75414986 102 1880 3764
75891689 100 668 3788
76535941 104 1169 3821
77466256 100 1316 3867
77570586 112 372 3872
77704946 102 235 3879
77874539 112 1265 3887
77969553 110 771 3892
78137653 118 1632 3901
78348975 117 69 3911
78471130 109 293 3917
79422559 115 1880 3963
79633351 110 1148 3973
80287592 114 1590 4005
80442314 104 760 4013
80646997 106 1231 4023
80665415 119 823 4024
80768402 113 1953 4029
81448172 106 321 4064
81497738 114 1783 4067
81677537 116 1634 4076
81842973 109 753 4085
82155644 118 637 4101
82292412 108 1728 4108
82659052 108 1225 4127
82904103 114 908 4139
83232341 117 1676 4155
83758071 108 611 4180
83794186 111 520 4182
84215193 113 1676 4203
84532538 107 1850 4219
85429637 104 80 4264
85534918 103 396 4269
85773218 104 355 4280
86352437 105 740 4309
86590608 119 401 4321
86610721 107 1990 4322
86816980 113 1361 4332
86877258 115 1027 4335
86997524 100 1565 4341
87790944 111 1695 4380
87849237 117 902 4383
87866012 116 1174 4384
87932132 104 380 4387
88230387 111 1507 4403
88378641 106 113 4410
88586499 118 1875 4421
88674490 115 1736 4425
88719544 113 351 4427
88804361 108 1582 4431
90489288 111 1034 4517
91202451 114 1210 4553
91376882 108 1359 4561
91523880 103 475 4569
91602430 106 220 4573
91812944 108 1039 4583
91939678 113 1907 4589
93267479 104 451 4655
94820116 106 748 4731
95055333 105 761 4744
95874922 104 1834 4784
96535606 112 704 4817
96559115 111 573 4818
96662264 109 48 4823
96985553 115 714 4839
97070696 110 568 4843
97323507 110 30 4856
97551007 114 1434 4868
98369407 114 1546 4910
98386651 112 1853 4911
98404398 112 950 4912
98719378 100 48 4928
99229519 116 1604 4953
99678606 104 1881 4976
99784407 111 136 4981
100567407 110 499 5020
101013084 117 1629 5042
101520739 106 1040 5068
101858514 115 1032 5085
102380973 106 373 5111
102398398 109 893 5112
102582199 118 599 5121
102598759 107 1921 5122
102862556 118 1636 5135
103171358 109 995 5151
103208742 103 1421 5153
103507880 107 1244 5168
103524084 100 132 5169
103845616 102 854 5184
104016874 104 487 5192
104202318 102 457 5201
104221878 118 878 5202
104808774 105 747 5231
105003966 109 1237 5241
105560373 100 1454 5269
106064961 105 1937 5294
106158420 113 541 5299
106200035 100 1328 5301
106265637 100 1437 5304
106333635 110 1790 5307
106981025 111 1875 5340
107125446 110 1777 5347
107224334 111 292 5352
107296482 105 211 5356
107670424 108 1199 5375
107975273 113 72 5390
108070277 105 804 5395
108450402 100 1825 5414
108592332 102 1223 5422
108815922 112 1723 5433
109041704 108 1102 5444
109807715 110 1015 5482
110561587 109 976 5520
111705068 112 1419 5578
111897916 113 1883 5588
111921044 119 1909 5589
112060128 115 1457 5596
112079415 105 62 5597
113297560 118 281 5658
113448846 117 486 5665
113504286 107 1697 5668
113674278 110 685 5677
113936236 119 1016 5690
114020230 105 150 5694
114324646 102 1902 5710
114596456 100 387 5724
115210867 108 630 5754
115371437 108 570 5762
115797900 115 144 5784
115934136 101 356 5791
116812680 103 672 5834
117170980 108 1169 5852
117354521 102 761 5861
117981972 105 1480 5893
118435960 100 1631 5916
118615471 100 565 5925
118841768 111 301 5936
119728308 112 547 5978
119994845 111 194 5992
120357785 113 1422 6010
121063518 118 663 6045
121299527 101 1148 6058
121513615 112 515 6069
121578208 105 235 6072
121703553 109 1464 6078
121988543 113 1763 6093
122235820 116 972 6105
122389376 115 261 6113
122750097 109 41 6131
122805339 101 1826 6134
122892165 116 1230 6138
123537637 111 1977 6170
123651638 106 335 6176
123940150 108 1918 6191
124366569 106 1698 6212
124910490 119 246 6238
124949703 106 1601 6240
125146756 110 1299 6251
125273302 101 1427 6257
125439471 112 296 6265
125988072 106 36 6292
126294192 107 691 6308
126352062 116 1723 6311
126756075 101 286 6332
126856569 103 797 6337
128090990 110 1516 6399
128200992 105 1621 6404
128266044 104 194 6407
128501212 119 1427 6419
128622860 115 1689 6425
128644896 113 1522 6426
128928921 113 1337 6441
129563109 108 1118 6473
129602121 111 1630 6475
129875428 101 74 6488
129915586 100 401 6490
129968353 119 1649 6493
130217224 107 1141 6505
130764356 112 896 6533
130823359 109 242 6536
131417251 119 1630 6565
131593681 105 186 6574
131818033 111 1357 6585
131862679 109 1668 6587
132262666 119 980 6607
132392621 116 1121 6614
132496789 111 286 6619
132751028 114 344 6631
132793368 113 980 6633
132876432 101 1686 6637
132998230 108 350 6643
133387647 108 1956 6663
133848782 106 479 6686
133889843 116 1500 6688
134248121 104 1406 6706
134413586 111 1628 6714
134451416 112 496 6716
135266370 102 544 6756
135329160 111 412 6759
135413889 107 1964 6763
135706287 116 409 6778
135892446 112 1154 6787
135957738 101 1054 6790
136329795 100 518 6809
136465096 119 485 6816
136579370 102 1283 6822
137061661 109 1272 6845
137338660 100 249 6859
137501905 107 808 6867
138007518 102 684 6893
138264525 108 17 6906
138643811 109 279 6925
138923459 115 816 6939
139017239 117 545 6944
139064716 104 704 6946
139855066 117 746 6986
139880066 104 1979 6987
139898953 117 1879 6988
140495350 109 1841 7018
140847471 114 396 7036
141143638 106 626 7051
141768743 106 1913 7083
141896913 117 1565 7089
142012910 112 1658 7095
142911036 100 47 7140
143582937 119 893 7173
143725482 115 1838 7180
143786535 115 250 7183
143859124 110 940 7187
144694228 111 1948 7228
145019998 101 766 7244
145130763 113 1606 7250
145201086 110 1835 7253
145245916 100 1199 7255
145343149 106 1992 7260
145670029 103 59 7276
145953486 115 1256 7290
146562462 113 912 7321
146875645 117 114 7337
146973819 117 1261 7342
147096180 115 345 7348
147136173 110 126 7350
147618898 106 78 7374
148143417 109 1577 7399
148765699 107 1981 7431
148866686 108 1649 7436
149152021 112 588 7450
149478481 103 1331 7466
149539214 100 922 7469
150372620 109 1828 7510
150482832 100 1206 7516
150756680 108 1244 7530
151991849 109 325 7594
152091781 119 294 7599
153092957 101 732 7649
153149431 103 1146 7652
153280019 108 1583 7659
153878489 105 1224 7690
153964881 111 1351 7694
154373888 105 259 7714
155221591 105 299 7756
155347121 103 1281 7763
155989481 118 977 7796
156036208 117 650 7798
156181085 117 315 7805
156780442 111 1759 7836
156883619 114 1876 7841
157043884 115 846 7849
157436903 111 1399 7869
157908945 111 998 7892
157968423 105 996 7895
158131998 106 1233 7903
158176689 115 1571 7905
158252243 116 820 7909
158388963 107 25 7916
158810117 103 1198 7938
158889637 101 349 7942
159059156 116 511 7950
159599502 105 1324 7978
159638543 117 1042 7980
159998562 114 385 7998
160056780 106 1312 8001
160589675 101 848 8028
160736093 115 1459 8035
160972943 110 1105 8047
161272750 110 1922 8061
161330202 117 1597 8064
161398701 112 847 8068
161746256 107 1797 8085
161830312 103 1124 8089
162240262 109 1715 8109
162526044 106 748 8123
162546923 113 960 8124
162754089 102 932 8134
163006163 106 755 8146
163513451 106 1881 8172
164586900 110 854 8226
164917918 104 711 8243
165192915 101 912 8256
165729013 108 1284 8283
165889165 119 253 8291
165907997 118 725 8292
167226302 105 810 8359
167342271 119 1993 8365
167627125 107 704 8379
167734323 112 85 8384
167940660 110 817 8395
168334187 118 1094 8414
168625592 113 52 8428
168795882 111 240 8436
168977174 111 247 8445
169881802 106 1917 8491
169984451 110 638 8497
170222440 108 613 8509
170304390 114 1537 8513
170458591 101 960 8521
170496835 101 1951 8523
171155333 111 304 8556
171239013 109 1853 8560
171445895 114 1565 8570
171676405 101 57 8582
171803274 105 112 8588
172062817 102 1836 8601
172392678 107 939 8617
173193986 106 89 8656
173846876 106 296 8689
173868297 114 198 8690
174271441 109 1006 8710
174387173 101 714 8716
174466042 119 1441 8720
174585881 119 1937 8726
174625881 111 1451 8728
174936068 117 1042 8743
175063274 104 949 8749
175515264 110 1326 8772
176166781 115 832 8805
176861776 103 471 8840
176922815 119 1028 8843
177532757 109 385 8873
178506886 113 1075 8921
178790555 113 520 8936
178916524 102 1459 8942
179186468 117 989 8955
179337383 100 837 8963
179362383 110 66 8964
180168210 109 1642 9004
180200432 116 648 9006
180693101 119 215 9029
180782187 105 154 9033
181433695 112 380 9065
181780355 100 499 9082
181871801 112 338 9087
182379446 117 1278 9113
183642031 116 825 9176
184018948 119 1325 9195
184332571 116 1943 9210
184351621 111 440 9211
184414408 118 1095 9214
184653411 118 925 9226
186294025 107 43 9307
186309025 100 1722 9308
186424695 100 1724 9314
187043708 102 1222 9347
187083295 102 472 9349
187400984 107 1482 9365
187581800 106 1309 9374
187932236 116 1450 9392
188150168 118 1010 9403
188758244 103 1169 9433
188841187 105 225 9437
189194153 112 1390 9455
189592069 107 22 9475
190446383 102 880 9517
190841037 103 1519 9537
191655757 119 1332 9578
191885287 108 1542 9589
192196159 109 1554 9605
192236401 115 1395 9607
192940455 114 1496 9641
194652194 112 1322 9726
194732893 118 1788 9730
195189214 113 1316 9752
195326058 114 1482 9759
195706509 104 46 9778
195935861 102 1460 9789
196040876 104 1867 9794
196330848 114 570 9809
196370905 106 1485 9811
196446577 109 1790 9815
196640038 106 358 9825
197142297 109 1944 9850
197613997 115 1201 9873
197674592 107 1936 9876
198779240 106 867 9932
198943132 110 883 9940
199182170 104 1339 9952
199394706 116 1439 9963
199652321 109 906 9976
200271655 108 956 10007
200392053 109 1208 10013
200735224 118 1834 10031
200753624 101 1996 10032
201138048 117 1698 10051
201491472 115 1768 10069
202300763 112 675 10110
202667707 112 1562 10128
202704732 112 1858 10130
202869917 109 18 10138
203339332 113 1978 10161
203503087 111 213 10169
203983805 114 1411 10194
204239660 108 93 10206
204442140 114 698 10216
204478120 101 925 10218
205555641 108 1390 10272
206114362 110 1624 10299
206439479 115 115 10316
206653795 115 1117 10327
206674896 118 1259 10328
207743928 101 498 10381
207984606 110 1832 10394
208496333 105 1546 10419
208842290 107 1701 10435
208980609 107 910 10442
209376558 108 1522 10462
210290214 102 623 10508
210626698 113 1344 10525
211198495 116 726 10554
211357675 118 614 10562
211421099 112 440 10566
211505299 119 810 10570
211609229 104 1479 10575
211978032 112 1421 10593
212561714 112 1309 10621
212656722 108 334 10626
213053011 101 1232 10646
213507746 101 1816 10669
213543508 119 517 10671
214255273 108 145 10707
214540983 110 1568 10720
214822949 104 1096 10735
215020786 118 1744 10744
215363070 112 1305 10761
215599343 105 517 10774
215719498 114 910 10780
215841302 111 1269 10786
216039146 104 135 10795
216078167 100 284 10797
216719093 103 1153 10829
216821395 117 517 10834
216843270 106 1066 10835
216879370 101 1405 10837
216920595 103 662 10839
217191106 104 698 10853
217251594 114 1305 10856
217415817 109 1976 10864
217580048 109 1900 10873
218163637 105 1758 10902
218276314 102 463 10907
218375432 109 806 10912
218558045 108 1029 10921
219061714 117 95 10946
219293319 103 1549 10958
219461342 116 446 10966
219578618 106 888 10972
219952289 107 759 10991
220346431 106 892 11010
220499294 115 1439 11018
220514501 109 780 11019
220807205 113 1586 11035
221073388 112 1670 11048
221214748 110 287 11055
221298284 100 21 11059
221701923 108 254 11079
221875644 112 1685 11087
222422042 100 429 11114
222618718 118 1771 11124
222670513 113 1423 11127
222691133 107 926 11128
223630226 103 387 11177
223721233 117 744 11182
223885236 109 961 11190
223987453 102 1240 11195
224110748 101 415 11201
224372279 106 524 11214
224812751 116 1486 11236
225268814 113 594 11258
225304937 101 1392 11260
225575306 106 1370 11274
225818828 106 1927 11287
226127540 119 1662 11302
226229800 116 248 11307
226311627 115 1467 11311
226552055 100 324 11323
227016868 113 1531 11346
227623782 104 533 11376
227703867 104 1818 11380
228317329 100 777 11412
229937667 110 961 11493
230107499 111 1104 11501
230765424 110 584 11534
230924037 107 195 11541
230942167 117 516 11542
231080607 113 1333 11549
231469293 105 1670 11569
231839678 115 187 11587
232251079 118 1919 11609
232464714 116 1337 11620
232743919 101 1327 11634
233224609 113 1485 11658
233411006 111 666 11668
234061305 107 1344 11701
234124129 105 832 11704
234437370 112 762 11719
234619279 103 1179 11729
234637962 108 401 11730
234802294 118 1029 11738
234874151 114 509 11741
235189680 106 268 11757
235982206 115 1987 11798
236003480 113 958 11799
236183017 104 1990 11808
236204331 118 1968 11809
236965670 103 1181 11847
237184901 115 69 11858
237303264 104 1644 11864
237554409 118 144 11876
237785711 118 889 11888
237821937 103 420 11890
237880813 113 655 11893
239002436 106 941 11949
239610318 101 1189 11979
239863299 103 912 11992
239926025 119 1061 11995
239944547 110 328 11996
240056252 103 923 12002
240628811 100 1320 12031
240908257 108 1111 12046
241075526 107 1517 12054
241403510 102 310 12070
241466891 110 872 12073
242159126 102 1917 12108
242477716 106 576 12124
242677351 102 402 12134
243530015 117 1483 12177
243951566 108 1765 12198
245290036 101 312 12265
245866048 106 1376 12293
245983055 105 15 12299
246045964 112 753 12302
246086776 106 1636 12304
246296544 103 964 12314
247223771 108 526 12360
247243443 111 982 12361
248209983 118 1397 12409
248270842 106 1723 12412
249064187 108 570 12451
249527258 108 28 12474
249781747 109 1225 12488
250066150 108 1335 12502
251068581 111 1320 12552
251131763 106 112 12555
251735163 107 1367 12585
251830846 100 730 12590
251989545 112 1316 12598
252342895 110 439 12616
252359569 119 744 12617
252939540 102 1885 12646
254363440 107 1500 12718
254419779 112 1466 12721
254910888 108 320 12746
255640304 102 312 12782
256231297 116 1758 12812
256376362 112 1612 12820
256866878 108 485 12844
257237155 103 859 12862
257287431 111 562 12865
257764958 105 1315 12891
258135978 112 1790 12911
258592929 106 1600 12935
258980463 104 303 12954
259036694 105 37 12957
259200752 103 300 12965
259286022 112 1402 12969
259323894 111 817 12971
259497462 107 1888 12980
259517450 108 1363 12981
259868815 112 959 12999
260068679 119 1741 13009
260352472 100 1448 13023
260868892 118 309 13049
260974574 105 1679 13054
261129656 116 795 13062
261190759 118 1959 13065
261294642 109 1608 13070
261510171 109 23 13080
261670741 117 838 13088
261881222 105 1476 13099
262036361 107 130 13107
262139159 113 215 13112
262274933 101 1998 13119
262549500 113 1048 13132
262975910 101 738 13154
263072320 119 349 13159
264086588 101 660 13211
264130552 115 1270 13213
264450193 117 253 13228
264536404 119 361 13232
264579063 105 1044 13234
265153033 104 1561 13262
265474092 115 1728 13278
265495057 118 831 13279
265684411 114 1308 13288
265705897 119 1649 13289
265855557 105 1637 13296
265936740 113 329 13300
265959585 118 1050 13301
267332184 106 485 13370
267352274 115 1145 13371
267877062 107 1189 13398
268020401 101 334 13406
268212595 108 297 13416
268291342 118 820 13420
268452987 111 1005 13428
268744557 117 876 13443
268780734 116 575 13445
268959052 102 1418 13454
268979882 119 915 13455
269031579 110 567 13458
269342960 107 1466 13474
269401266 111 1508 13477
269683049 111 353 13490
270401717 117 547 13526
270537134 100 1451 13533
270669494 118 118 13540
271027608 103 1809 13558
271597951 104 885 13587
272171590 111 1123 13615
272565891 110 148 13634
272884983 108 512 13649
272966312 105 393 13653
273108416 100 711 13660
273583350 108 637 13684
273784982 109 973 13694
273899276 100 177 13700
274797437 110 1656 13746
274900122 118 919 13751
274954185 104 685 13754
275138044 109 427 13763
275348355 109 168 13773
275593655 107 1189 13785
275728403 116 1602 13791
275848227 107 847 13797
276095855 104 1683 13810
276157848 101 1614 13813
276373460 101 691 13824
276631369 104 771 13838
276732647 113 1752 13843
277361110 115 1191 13874
277493008 119 746 13881
278262382 101 148 13919
278593761 104 1180 13936
278783778 119 1787 13945
279602601 118 72 13986
279730523 107 1739 13993
279772806 108 704 13995
280221874 113 319 14018
280352772 118 1329 14025
280514306 118 974 14033
280641968 100 644 14039
280863904 116 1243 14051
281095256 108 1026 14062
281387180 109 1693 14077
281430341 101 1259 14079
282335719 102 185 14126
282431133 113 197 14131
283097616 114 381 14163
284052794 105 1105 14211
284613506 104 575 14240
285197608 100 1084 14270
285355456 119 697 14278
285378133 117 1840 14279
285632605 102 940 14292
286322804 114 1748 14325
286845627 101 211 14351
286918911 107 1625 14355
286933911 106 227 14356
287760666 113 325 14398
288050149 114 711 14412
288151277 104 1698 14417
288656751 110 89 14443
288808475 110 1958 14450
288980422 109 1336 14458
289102655 114 1847 14464
289282300 101 95 14473
289328003 100 491 14475
289813191 103 858 14498
290426800 109 206 14529
290543153 101 1699 14535
290792894 105 851 14547
290883341 106 1980 14552
290981018 114 336 14557
291194219 105 1738 14568
291233703 109 1426 14570
291315645 104 1995 14574
291372051 117 1712 14577
291815240 109 286 14599
292061153 109 529 14611
292179641 100 1561 14617
292224434 115 379 14619
292539966 115 181 14634
293218934 112 523 14667
294277454 103 57 14719
295032295 115 128 14756
295279158 107 1035 14768
295771239 110 1163 14793
296015722 100 1779 14806
296040258 100 329 14807
296226308 107 538 14816
296437585 118 420 14827
296553658 116 1721 14833
297073240 115 718 14859
297137907 100 1735 14862
297441005 112 1610 14877
297518234 114 1141 14881
297909369 104 120 14900
298324613 104 276 14922
298551630 118 1860 14934
298571057 114 1713 14935
298592209 104 1895 14936
298730933 111 548 14943
299149808 114 467 14964
299253078 112 558 14969
299489996 117 979 14981
299511479 116 201 14982
299756731 110 1867 14994
299830430 113 332 14998
300102204 102 363 15012
300399765 114 1822 15027
300564215 102 1320 15036
300762186 113 1079 15046
300905075 105 1942 15053
301063390 103 1679 15062
303236187 116 662 15168
303296890 109 1368 15171
304169079 104 1492 15214
304515116 119 1391 15231
304599109 119 830 15235
304820300 111 413 15245
305004804 104 1205 15254
305200387 111 551 15264
305456281 104 1113 15277
305529801 111 995 15281
305621851 106 720 15286
305957339 119 641 15302
306997859 115 125 15354
307657666 107 361 15386
307753246 118 968 15391
307775835 106 459 15392
307841883 102 1133 15395
307956729 110 36 15401
309006576 114 70 15452
309120512 118 154 15458
309380037 106 1757 15471
309763460 114 208 15491
309818861 117 1029 15494
309854412 117 1346 15496
310000725 114 1720 15503
310271916 102 1050 15517
310351842 103 1656 15521
311601792 112 1933 15585
311831638 112 1096 15596
312143988 107 855 15611
312230200 109 527 15615
312387151 103 1778 15623
312694422 106 1580 15638
312868107 101 585 15646
313575707 106 1288 15680
313934725 108 883 15697
314730237 100 1090 15736
315105208 101 542 15755
315160528 104 351 15758
315811879 117 1019 15790
316066520 106 1855 15802
316086230 116 348 15803
316355617 103 477 15817
316375972 103 1533 15818
316500201 112 1934 15825
316608751 114 1351 15830
317020148 101 124 15850
317291370 105 274 15864
317309602 111 1245 15865
317552436 119 377 15877
317680261 109 457 15884
318213477 119 715 15911
318487456 101 94 15925
318698244 108 1823 15935
318911104 110 461 15946
319093860 102 1573 15955
319584962 101 1959 15981
319803610 109 511 15992
319904805 106 1435 15997
320471625 107 1710 16026
320492933 117 1500 16027
320715575 112 1271 16038
320735619 109 560 16039
320832791 102 501 16044
321018531 110 1978 16053
322599046 112 142 16131
323315694 106 1914 16167
323547139 101 1616 16178
324451624 112 157 16224
324517506 119 1620 16227
324532731 100 1404 16228
324978223 119 108 16250
326104154 110 627 16307
326525216 104 1179 16328
326564789 104 489 16330
326729476 115 1197 16339
327395361 114 331 16372
328133266 102 1743 16409
328338923 104 1784 16419
328941149 104 1803 16450
329234593 119 1876 16464
329297162 112 1074 16467
329449928 100 724 16475
329471676 101 161 16476
329578570 110 927 16481
329933479 109 1633 16499
330399581 115 1206 16523
330795034 110 1618 16543
331087557 117 1874 16558
331503311 103 439 16579
331724896 101 248 16590
331965103 106 512 16603
332219160 104 1145 16616
332420767 112 459 16626
332934240 106 1064 16652
333068352 119 3 16658
333315210 101 1087 16670
333764463 114 248 16693
334176388 114 1831 16713
334194783 110 1527 16714
334262142 118 521 16717
334604295 111 398 16734
334712440 107 1004 16739
334898320 118 1552 16748
335126310 113 656 16759
335711261 102 321 16788
336684119 109 398 16836
336940959 113 1030 16849
337759759 106 1341 16889
337783916 105 456 16890
338135412 100 1571 16907
338536061 108 1430 16927
338700497 109 1585 16935
339035497 116 1878 16951
339176311 108 1675 16958
339613848 111 1722 16980
339797166 110 1277 16989
340129374 109 57 17006
340454086 109 1883 17022
340591076 108 1067 17029
340951172 105 1984 17047
341025343 112 1892 17051
341105246 101 358 17055
341322339 109 1469 17066
341921962 114 102 17096
342030995 107 223 17101
342760271 106 179 17137
343039048 114 1416 17152
343246344 114 351 17162
343407647 105 1365 17170
343426467 111 377 17171
343446286 104 1855 17172
343481867 112 240 17174
344031468 106 1266 17202
344261375 106 1786 17213
344282254 106 1352 17214
344421408 107 423 17221
344709529 101 909 17236
344853083 103 563 17243
345120084 102 1120 17256
345213920 109 1794 17261
345263813 119 756 17264
345640700 100 406 17282
345658011 102 486 17283
345856837 102 1721 17293
346021608 113 1569 17301
347246565 106 692 17362
347369785 103 894 17368
347477165 111 792 17373
347517635 106 1280 17375
347627279 105 1533 17381
349210612 110 1456 17458
349453706 118 788 17470
349906594 101 526 17493
350428548 115 265 17519
351050999 111 1303 17549
351663231 113 1423 17579
352058550 106 497 17598
352159520 102 1067 17603
352301115 101 1919 17610
353154721 102 75 17653
354081555 100 1988 17700
354173996 117 927 17705
354996171 100 548 17747
355095430 102 1877 17752
355667672 106 235 17778
356410149 101 1295 17815
356506666 100 1592 17820
356713346 105 1449 17830
357201106 117 1142 17854
357325591 118 652 17860
358048515 101 305 17897
358067244 107 374 17898
358821098 119 1812 17935
358971295 112 41 17942
359203091 111 1145 17953
359238679 113 23 17955
359623959 116 615 17974
359921928 104 1377 17989
360575519 106 463 18023
360684308 117 1968 18029
360768204 111 822 18033
360867609 118 1688 18038
361705716 110 38 18079
361801982 109 1329 18084
361844007 111 1711 18086
362673577 114 1674 18127
362713029 116 774 18129
362768054 105 1536 18132
363261139 109 1471 18156
364064586 103 29 18196
364161643 105 946 18201
365132165 108 384 18250
365837912 109 124 18284
365858242 115 1780 18285
366017149 105 1741 18293
366080387 108 251 18296
366311334 101 1574 18307
366771434 106 1879 18330
366856076 100 1679 18334
366877769 101 694 18335
366948684 105 1820 18339
367220809 105 1109 18352
367257881 105 239 18354
367649942 108 50 18373
368501912 113 122 18414
368545320 107 358 18416
370028026 116 1465 18490
370616079 104 1305 18520
370882408 110 995 18533
371274499 110 562 18553
371293165 105 1510 18554
371479946 105 1334 18563
371615394 118 1432 18569
371801877 105 258 18578
371863233 111 233 18581
373002611 115 1714 18639
373625405 101 967 18670
373704126 111 41 18674
373772369 116 1881 18677
373888527 108 418 18683
374073629 117 778 18692
374386304 111 1236 18708
374540777 119 929 18716
374903489 119 175 18734
375924118 111 1541 18785
376047774 105 10 18791
377050911 115 539 18841
377245328 104 1382 18851
377387348 114 850 18858
377471634 102 1034 18862
377548330 116 138 18866
377835537 100 1043 18880
378185036 112 1315 18898
378325189 113 42 18905
378853160 102 1814 18932
378930649 119 523 18936
379149626 106 838 18947
379224020 103 377 18951
379285834 118 405 18954
379827777 119 661 18980
379863912 113 1832 18982
380006941 106 171 18989
380137534 110 849 18996
380349018 108 1784 19006
380437925 112 1171 19011
380637493 112 943 19021
381179135 105 435 19047
381936571 116 1376 19085
382160807 110 686 19096
382433234 108 1868 19110
382448234 106 1241 19111
382533757 117 519 19115
382571883 114 1442 19117
382605886 115 23 19119
382628573 105 1646 19120
383305897 106 1686 19153
383614301 108 1151 19169
384364753 111 954 19206
384855277 118 664 19231
385641651 105 651 19271
385750097 113 891 19277
386451270 103 1309 19312
386520304 105 213 19316
386786173 113 620 19331
386829857 114 58 19333
386865550 102 950 19335
387017295 119 528 19342
387262823 117 905 19354
387313532 111 1545 19357
387745394 110 1151 19378
387766736 117 692 19379
388295511 103 915 19406
388331539 106 156 19408
388860865 103 1962 19434
388919168 114 262 19437
388939408 112 184 19438
389587842 113 990 19470
389667712 112 1110 19474
389928518 118 194 19487
390372308 113 335 19509
390681730 115 261 19524
390816267 106 775 19531
390955034 103 1393 19538
391428572 117 1252 19561
391532393 107 1912 19566
391769200 101 644 19578
391846980 115 936 19582
391991287 102 326 19589
392359827 109 976 19607
392865604 107 1226 19633
393294031 108 1198 19654
393418387 105 1973 19660
393455705 108 1305 19662
393540531 119 1600 19666
393821148 103 258 19680
394088111 119 246 19693
394224176 111 1436 19700
394302523 105 1212 19704
394622703 106 1858 19720
394733035 115 1227 19726
395256311 119 1720 19752
395394908 108 1833 19759
395416997 112 104 19760
395715455 111 1993 19775
396348563 102 1397 19808
396371096 117 1256 19809
396457007 100 1520 19813
397035706 115 14 19842
397131226 115 1409 19847
397820173 100 653 19882
398613196 119 1634 19922
399368062 111 1471 19959
