313360 220 1064 14
646786 234 1447 31
847113 223 1583 41
986742 222 433 48
1245105 221 1504 61
1333907 236 1016 66
1696660 237 1988 83
2067590 238 1718 102
2090994 236 1166 103
2913124 224 642 145
3018665 223 1150 150
3147724 220 973 157
3295429 223 320 164
3864178 239 1331 192
4282718 235 140 214
4504675 227 983 226
4604644 235 317 231
4644111 221 1321 233
5135099 237 587 257
5258935 226 219 263
5299525 231 308 265
5320652 227 1844 266
5541386 220 1351 277
6512083 225 1361 326
6614307 234 13 331
6939463 238 1956 348
7030645 229 1113 353
7567210 222 1656 381
7633658 223 1289 384
7656407 227 1538 385
8189562 227 657 412
8516876 230 456 428
8895948 237 542 447
8935641 222 955 449
9380834 225 1652 472
9485540 237 373 477
9528088 233 1154 479
9918930 229 1480 499
9936833 234 312 500
10140127 239 215 511
10239935 223 1198 516
10708387 237 1811 540
11418272 230 198 575
11957382 231 276 602
12016435 229 1822 605
12035216 237 694 606
12280535 223 605 619
12378594 237 1028 624
12416690 238 1756 626
12710189 222 703 641
13903726 227 1898 701
14383448 221 244 725
14560495 239 658 734
15182648 235 611 766
15219640 235 1400 768
15579937 230 1346 786
15903154 235 1000 802
16952300 226 1555 854
17039900 228 651 858
17056932 235 1400 859
17551464 230 603 883
17596013 234 1138 885
18064957 238 1589 909
18137872 236 660 913
18795043 221 1059 945
18830518 237 958 947
19248987 225 785 967
19459643 224 1583 977
19585391 221 421 983
19903859 229 1659 999
20355530 227 1867 1021
20641796 227 1086 1035
20679382 238 1808 1037
20741239 228 1428 1040
20798658 239 218 1043
21158907 229 180 1062
21580986 237 1290 1082
21645951 236 1087 1085
21869055 222 1627 1096
21998010 231 143 1102
22222177 236 100 1113
22283462 220 402 1116
22306289 231 557 1117
22348584 227 772 1119
22457944 225 964 1125
22629884 233 1620 1134
22889111 239 1812 1147
23155704 235 75 1160
23221322 222 453 1163
23370182 231 1617 1170
24089774 221 979 1206
24369037 231 1774 1219
24386017 227 1185 1220
25423546 237 1571 1271
25722765 226 1304 1286
25818909 236 1198 1291
26118539 235 1045 1306
26215484 232 979 1311
26256160 235 489 1313
26357779 238 1202 1318
26461705 234 268 1323
26866256 220 1212 1343
27006906 220 543 1350
28564591 230 1307 1427
29120285 226 387 1455
29206500 227 528 1459
29939603 226 824 1494
30023898 221 239 1498
30164786 222 1503 1505
30370421 222 38 1515
30538496 226 597 1523
30574339 223 1513 1525
31023274 222 1308 1548
31188780 233 1127 1556
31386266 220 480 1566
31675471 233 222 1580
31793340 221 1212 1586
32039683 233 1606 1598
32252623 220 403 1609
32376171 229 709 1615
33038070 237 1913 1648
33376313 228 377 1665
33397796 232 1438 1666
33860635 222 1727 1690
34375385 226 856 1717
34636314 230 922 1730
34682058 229 1872 1732
34796018 239 1503 1738
34889123 235 1212 1743
35510766 222 427 1774
35576403 230 758 1777
36112902 237 752 1802
36188300 227 321 1806
37443937 224 521 1867
37506529 225 1895 1870
37679991 235 751 1878
38287248 235 1279 1909
38382514 239 285 1914
38684486 225 1242 1929
38921909 235 292 1941
39164506 221 7 1953
39265843 238 1085 1958
39533135 227 797 1971
39950616 224 519 1992
40148600 223 1204 2002
40365413 227 1909 2013
40887153 227 1594 2039
41708614 224 485 2078
41953256 224 277 2090
42086797 231 808 2097
43156494 233 1319 2150
43239923 221 221 2154
43535406 223 1387 2168
43600740 230 1473 2171
43939064 231 154 2188
44387157 235 225 2210
44583341 224 1868 2220
44678801 223 1191 2225
44754120 235 225 2229
44984238 226 1091 2241
45083505 229 493 2246
45156510 222 1141 2249
45452895 222 1707 2264
46272564 226 685 2305
46545566 232 325 2319
46667260 225 346 2325
47234652 231 1055 2353
47479060 226 3 2365
47759535 228 1303 2379
47969923 237 1299 2390
48145758 236 396 2399
48541809 223 1993 2419
48638214 225 436 2424
48769233 223 350 2431
48804143 238 1986 2433
48819143 224 934 2434
49602619 226 731 2473
49720635 227 1605 2479
49759237 225 635 2481
49832901 220 322 2485
49897046 220 281 2488
49988608 239 1212 2493
51656588 237 124 2577
51861184 224 634 2587
52062765 226 1329 2597
52284415 222 267 2608
52974429 227 1553 2640
53807196 227 896 2682
54593119 225 1586 2723
55487811 235 1059 2767
55940355 239 708 2790
56371077 236 1634 2812
56546381 235 1725 2821
56766977 232 144 2832
56967115 220 1629 2842
57558669 223 1734 2874
58078709 232 253 2900
58095165 233 1306 2901
58202627 229 48 2906
58621913 226 126 2927
59744807 235 703 2982
59897589 231 1674 2990
60110113 236 436 3000
60346426 226 614 3012
60586087 220 597 3024
60665945 229 109 3028
60728385 220 1643 3031
61109302 224 608 3050
61285985 220 1326 3059
61981891 223 1857 3094
62269960 226 238 3108
62785312 233 490 3133
62966171 230 1565 3142
63777584 226 934 3182
63799791 233 519 3183
64067398 236 82 3196
64087868 220 1584 3197
64126853 223 13 3199
64215448 228 25 3204
64301738 236 717 3208
64426811 228 817 3214
64929547 234 1304 3239
65085227 220 1351 3247
65362015 231 1797 3261
65509268 226 740 3268
66212479 221 1476 3304
67639565 238 1625 3374
68011239 233 988 3392
68154198 237 1682 3399
68357770 237 41 3409
69174678 226 267 3450
69211129 224 817 3452
69358424 234 198 3460
69681237 233 177 3476
69696237 231 516 3477
69787177 233 1162 3482
69969177 232 1156 3492
70274030 230 441 3507
70508706 224 930 3519
70582446 237 1954 3523
70895362 228 1473 3539
70914665 234 151 3540
71661269 238 1210 3576
72146037 227 722 3600
72264733 232 1079 3606
72594016 232 1522 3623
72647197 227 156 3626
73059144 238 585 3646
73169183 236 1975 3651
73923532 221 154 3689
74094577 238 1883 3697
74129588 239 1319 3699
74501636 232 1306 3717
74986854 223 1307 3742
75009952 228 1462 3743
75070518 223 487 3746
75216177 220 481 3754
75298096 230 1782 3758
75431690 237 646 3765
75590498 224 1029 3773
75632386 224 667 3775
76039640 234 1040 3795
76185934 225 336 3803
76520458 225 603 3820
77396330 229 1182 3863
77667289 238 782 3877
78061036 237 731 3897
78241220 220 670 3906
78553122 221 783 3921
78701232 239 1799 3928
79185472 229 1316 3951
79242458 225 925 3954
79654983 226 1044 3974
79840135 225 565 3983
80809446 229 692 4031
81015559 226 972 4041
81276125 233 699 4055
81350179 226 159 4059
81387885 231 1141 4061
81408084 234 1661 4062
81464729 234 267 4065
81596972 239 1797 4072
81696951 224 1238 4077
82072174 239 958 4097
82131199 236 310 4100
82271580 222 1736 4107
82601820 238 1076 4124
82625200 233 1107 4125
82724996 226 883 4130
82924117 231 1598 4140
83276706 226 967 4157
83446432 229 1898 4165
83611789 223 555 4173
83670933 239 339 4176
83877337 238 599 4186
83896494 228 1422 4187
84862067 221 180 4236
85348429 227 1803 4260
85509918 231 1916 4268
85663318 239 1805 4275
86055769 229 1330 4294
86261666 238 1825 4305
86406479 221 1866 4312
86575608 236 1243 4320
86801980 235 28 4331
87032811 238 613 4343
87362367 229 1147 4359
87508885 220 1935 4366
89230900 223 1778 4453
89436817 235 694 4464
89522961 237 1917 4468
89603837 227 1958 4472
90589759 236 1464 4522
91177451 235 1398 4552
91900654 229 1758 4587
92077051 224 1965 4596
92420929 238 1300 4612
93013515 235 1413 4642
93214961 239 961 4652
93347598 236 239 4659
93408035 238 1218 4662
93570294 234 11 4670
93652269 226 816 4674
93755564 226 1332 4679
94270983 231 1531 4705
94551393 221 959 4718
94608205 237 1076 4721
94841745 230 1066 4732
94856745 238 1042 4733
95079956 232 883 4745
95217173 235 992 4751
95589526 221 1986 4770
95679789 228 288 4774
96024293 222 1669 4791
96060807 229 1906 4793
96147084 220 1350 4797
96480356 235 135 4814
96726563 234 230 4826
97003098 232 215 4840
97704686 221 1149 4876
97847767 238 1704 4883
98072764 235 1839 4895
98820663 221 1812 4933
99043570 223 1854 4944
99499836 238 1336 4967
99586144 227 1318 4971
99805958 227 1456 4982
100075389 224 665 4995
100325321 236 95 5007
100381189 230 1686 5010
100547541 238 282 5019
100722613 235 8 5027
100874245 231 1132 5035
100913768 237 1227 5037
101189797 221 1821 5051
101561088 223 1425 5070
101818803 220 168 5083
101916421 223 400 5088
101960586 224 495 5090
102124969 222 1884 5098
102180491 233 477 5101
102257271 226 480 5105
102522870 222 651 5118
102636529 225 1509 5124
102784329 220 310 5131
103308001 233 1131 5158
103469366 228 29 5166
103932578 235 1688 5188
103993285 226 872 5191
104091097 237 620 5196
104262558 238 1656 5204
104717502 233 485 5227
104846692 236 1599 5233
105024254 223 1857 5242
105458401 238 1694 5264
105479213 233 1079 5265
105702445 229 1179 5276
105776537 223 710 5280
105917155 232 470 5287
106222601 226 349 5302
106457235 231 1904 5313
106638751 230 674 5322
106913445 222 84 5336
107146635 221 305 5348
107832723 235 394 5383
108052268 222 511 5394
108710674 226 743 5428
108911850 233 686 5438
109539120 236 1063 5468
109575288 238 1703 5470
109823602 235 754 5483
110620660 224 501 5523
111250072 225 1543 5555
111380941 235 1149 5562
111476864 232 1611 5567
111552176 236 1990 5571
112135559 225 887 5600
112387216 223 725 5612
112603840 234 398 5623
113050547 221 1995 5645
113559887 230 973 5671
114057866 227 862 5696
114175001 233 1554 5702
114281876 236 1962 5708
114799310 226 1548 5734
114835540 225 1383 5736
114938549 238 397 5741
115192342 238 1697 5753
115229320 224 318 5755
115290828 221 71 5758
115516311 236 30 5770
115595847 239 1195 5774
115758548 232 470 5782
116162542 223 219 5802
116506241 222 1831 5819
116524465 229 1810 5820
116629245 235 1839 5825
117509874 237 158 5869
117754674 222 1921 5881
117813236 221 1576 5884
118704943 235 1882 5929
118727717 232 653 5930
119487356 239 367 5967
119564900 229 935 5971
119655615 231 1988 5975
119680615 238 77 5976
119749184 223 592 5979
119916781 236 1152 5988
120136451 229 736 5999
120196078 235 864 6002
120229066 235 1900 6004
120435373 230 502 6014
120821167 237 1495 6034
121191070 220 537 6052
121460329 231 851 6066
122409831 237 812 6114
123496223 232 1597 6168
123608221 236 1179 6174
123794035 236 956 6184
123960280 234 101 6192
124349898 235 954 6211
124515224 231 337 6219
124965776 225 1767 6241
125053916 226 1641 6246
125508426 231 1854 6268
125746141 234 186 6279
125915379 236 1936 6288
126597039 229 1994 6324
126929084 220 1135 6341
127328584 229 986 6361
127452595 228 936 6367
127786072 237 131 6384
127883063 238 1821 6389
128778382 230 1028 6433
128856539 225 1186 6437
129033507 234 561 6446
129393028 236 1596 6465
129524056 222 1298 6471
129664282 220 1966 6478
130297751 228 1932 6509
130731106 225 1732 6531
130935006 223 1790 6542
131842836 221 1550 6586
132054268 233 1936 6597
132294796 221 1354 6609
132473662 226 576 6618
132645025 232 1914 6626
132684468 235 1097 6628
133034612 221 316 6645
133607282 224 379 6674
133688171 222 209 6678
133772187 237 1473 6682
134005727 237 391 6694
134118132 228 1217 6699
134353150 239 1747 6711
134760245 221 1721 6731
135048111 229 451 6746
135130541 230 297 6750
135449864 221 95 6765
136120190 226 1192 6798
136754992 235 26 6830
136918097 233 666 6838
137019439 233 732 6843
137082458 235 1274 6846
137259251 223 606 6855
137425893 222 1192 6863
137796141 236 635 6882
137907542 230 382 6888
137943591 233 768 6890
138721812 236 1989 6929
138736812 230 990 6930
139200483 223 1970 6953
139800999 221 1885 6983
140376700 238 1110 7012
140633230 224 37 7025
140750656 222 928 7031
141931676 238 929 7091
142214848 236 1505 7105
142316105 231 13 7110
142369828 226 1878 7113
142389184 223 379 7114
142636067 227 860 7126
143167111 220 453 7153
143357960 229 331 7162
143769863 223 871 7182
144224369 226 662 7205
144249235 232 1773 7206
144503156 220 592 7219
144787095 233 785 7233
146232576 224 274 7304
146408148 233 1396 7313
146933640 223 1310 7340
147637922 222 915 7375
147662922 231 1332 7376
148038527 221 823 7394
148235654 233 1553 7404
148728238 222 185 7429
149800830 222 796 7482
149875242 235 1190 7486
150008500 228 413 7493
150266246 232 728 7505
150426213 221 231 7513
150505777 228 400 7517
150642533 238 1407 7524
150741680 236 910 7529
151084426 238 1734 7546
151418771 236 1504 7564
151436967 235 792 7565
151650994 236 77 7576
151747806 239 979 7581
151837007 237 272 7586
151875726 235 1841 7588
152184798 221 1620 7604
152412942 231 232 7616
152538710 223 596 7622
153437456 220 1011 7667
153622955 235 928 7677
154269210 221 332 7709
154431872 231 956 7717
154535254 225 1539 7722
154733767 221 805 7732
154978976 233 1238 7744
155650845 225 1859 7778
157080692 236 1510 7851
157118728 228 1535 7853
157212012 224 1072 7858
157301444 226 885 7862
157375560 224 1220 7866
157947668 226 1284 7894
158089423 236 1410 7901
158483546 226 1003 7921
158711218 239 1666 7933
158974130 229 238 7946
159037416 227 76 7949
159084156 223 1923 7951
159170410 228 1087 7955
159387906 229 1422 7967
159813850 225 491 7989
160073705 227 425 8002
160522410 233 1853 8025
160896842 223 1787 8043
161037044 224 1446 8050
161084797 226 252 8052
161170728 221 1751 8056
162137187 223 1711 8104
162690620 236 360 8131
162777145 234 540 8135
162985716 239 249 8145
163265825 228 286 8159
163416397 232 1093 8167
163834886 233 193 8188
164032023 226 928 8198
164087302 222 1986 8201
164140667 220 1725 8204
164783912 233 127 8236
164823320 235 1114 8238
165488155 221 1694 8271
165628656 226 1681 8278
166092823 232 469 8301
166173092 237 1573 8305
166268682 232 1891 8310
166420678 234 175 8318
166776507 220 1804 8336
167261048 229 775 8361
168052788 224 1494 8400
168500987 227 1700 8422
169110669 233 1744 8452
169312319 223 203 8462
170820219 236 1610 8540
170860224 238 1566 8542
170995199 237 345 8548
171366319 235 1144 8566
171620636 238 177 8579
171966269 237 771 8596
172041097 221 1634 8600
172209099 225 1348 8608
172319610 229 843 8613
172375060 223 1432 8616
172594830 221 337 8627
173091496 221 1948 8651
173502215 229 1687 8672
173536872 228 779 8674
173561843 226 155 8675
173580912 238 1766 8676
173605648 237 56 8677
173828925 238 1476 8688
173992222 221 458 8696
174052410 227 1615 8699
174346656 236 30 8714
174560881 229 336 8725
176207967 222 565 8807
176482525 238 322 8821
176583277 227 1786 8826
176621319 235 971 8828
176792300 230 1899 8837
176983463 230 1294 8846
177247830 222 817 8859
177568111 226 1409 8875
177659455 232 446 8880
177699923 229 83 8882
177898929 224 281 8892
178256226 232 1445 8909
179623883 237 1005 8976
179852625 238 303 8987
181330863 230 1217 9060
181411116 230 359 9064
181470827 224 1955 9067
181551601 229 124 9071
181590887 227 137 9073
181628524 233 598 9075
181675891 229 1832 9077
181893662 235 577 9088
182313575 225 1060 9110
182334389 231 1931 9111
182589970 225 578 9123
182778638 224 1203 9133
183070488 227 1037 9148
183185890 237 1648 9154
183377860 239 470 9163
183399704 232 814 9164
183479656 237 1845 9168
183681841 239 991 9178
184052767 233 334 9197
184227716 238 259 9205
184395682 221 1935 9213
184533542 235 301 9220
184874955 237 1731 9237
185201350 226 1614 9254
185712221 220 678 9279
185906759 225 52 9288
186146962 225 67 9300
186250784 236 737 9305
186456150 220 1370 9316
186561926 228 674 9322
186815505 227 1000 9335
187002360 238 984 9345
187126690 237 1569 9351
187739515 238 685 9382
187891701 229 591 9390
188193795 224 1964 9405
188277126 221 115 9409
188538122 238 1641 9422
188699601 229 40 9430
188716636 235 1772 9431
188980690 231 174 9444
189213600 220 612 9456
189228600 238 454 9457
190040720 228 145 9497
190269357 231 623 9508
190362355 236 1068 9513
190565081 233 1839 9523
191044702 223 1590 9547
191193835 231 247 9555
191230826 231 964 9557
191471568 227 871 9569
191640614 236 257 9577
191844487 223 1552 9587
192319230 223 1292 9611
192439466 234 109 9617
192631095 225 294 9626
192710908 222 1751 9630
192853732 232 1512 9637
192988248 238 1818 9643
193311305 229 747 9659
193594113 237 1467 9673
193737408 235 1675 9680
193814950 238 907 9684
193981404 236 111 9692
194110536 235 1253 9699
194329894 231 676 9710
194572064 236 559 9722
194810034 230 950 9734
194870000 222 1176 9737
194987361 232 59 9743
195117759 225 1170 9749
195142759 229 1691 9750
195731509 231 353 9779
195791834 224 1846 9782
195910861 223 433 9788
196470489 221 330 9816
196521080 238 1974 9819
197249904 225 953 9855
197489052 227 1565 9867
197836393 220 1430 9884
197858564 236 44 9885
198057914 227 456 9895
198559443 228 1389 9921
198824774 236 1886 9934
198924772 220 30 9939
199358408 238 517 9961
199691296 229 148 9978
200097799 236 1800 9998
200248770 221 541 10006
200315740 231 1549 10009
200586783 231 1261 10023
200912730 220 1203 10040
200934238 226 576 10041
201079879 224 189 10048
201241550 220 76 10056
201669960 235 625 10078
201732719 234 443 10081
202100084 231 387 10099
202275763 229 1438 10109
203036731 230 297 10146
204052867 235 131 10197
204534776 224 1902 10221
204782518 230 971 10233
204821041 229 1537 10235
205108499 220 1786 10250
205459550 229 1215 10267
205598695 233 1041 10274
205658929 231 306 10277
206069266 229 487 10297
206596574 221 1212 10324
206612327 225 1025 10325
209664022 226 1544 10476
209737595 234 787 10480
210651108 228 414 10526
210752074 223 1654 10531
210907767 238 967 10539
211406099 227 1193 10565
211459459 229 1303 10568
211549380 225 1921 10572
211650943 239 979 10577
212076958 235 844 10598
212446738 226 1706 10616
213469663 228 1063 10667
213568508 238 1227 10672
213676108 220 1503 10678
213825104 234 987 10685
214155844 222 593 10702
214172016 232 1395 10703
214652611 223 1822 10726
214710226 238 1068 10729
214925997 225 1974 10740
215099489 220 1818 10748
216016422 221 1350 10794
216190255 233 799 10803
216371150 225 1351 10812
216519452 231 1830 10819
216557335 222 648 10821
216739909 224 421 10830
217128389 239 498 10850
218229890 233 1560 10905
218719639 231 1469 10929
219136918 229 1625 10950
219176220 229 1018 10952
219703884 233 1767 10978
219975185 230 70 10992
220361888 236 1270 11011
220729103 237 496 11031
220871050 231 613 11038
220953821 237 745 11042
221251035 233 162 11057
221601899 231 267 11074
221976101 235 988 11092
222093347 233 204 11098
222148031 238 404 11101
222458939 225 1286 11116
222597997 231 538 11123
222820319 221 879 11135
222892382 239 674 11139
222987061 225 1315 11144
223545038 237 1544 11173
223779891 233 627 11185
224269477 221 1041 11209
225557160 236 1908 11273
225635989 236 1716 11277
226213353 236 1399 11306
226351448 228 800 11313
226497048 239 12 11320
226753728 228 964 11333
226895955 236 1093 11340
227212399 227 267 11355
227264955 231 90 11358
227822850 226 263 11386
228277838 221 628 11410
228503740 222 633 11421
228582543 226 265 11425
229016202 236 1545 11447
231041283 227 1434 11547
231200542 237 868 11555
231539571 229 944 11572
232422324 236 844 11618
232613111 232 811 11628
232637410 223 1019 11629
232695679 239 529 11632
233935676 230 125 11695
233952890 226 1967 11696
234257490 234 1188 11710
234373962 232 1109 11716
234783291 238 215 11737
234932662 231 140 11744
235213400 238 681 11758
235476912 228 224 11771
235770078 232 320 11786
235853454 231 4 11791
235964537 220 1141 11797
236084245 228 350 11803
236285452 228 1409 11813
237436965 230 1526 11870
237573054 223 1358 11877
237805326 228 1090 11889
237858809 232 320 11892
237900005 227 671 11894
238096134 228 441 11904
238157291 229 1905 11907
238434081 223 583 11921
238824075 224 837 11941
239024911 231 1714 11950
239061951 227 1500 11952
239239582 228 1497 11961
239441681 235 59 11971
240493951 227 776 12024
240694066 230 603 12034
240743430 234 1658 12037
241738841 231 1436 12086
241957415 224 1520 12097
241992568 227 1218 12099
242740427 232 1829 12137
242851969 220 1758 12143
243082415 229 1729 12154
243117393 228 162 12156
243509379 239 1314 12176
243688343 220 513 12185
243907970 220 12 12196
243967016 239 1141 12199
244151989 227 794 12208
244173416 233 873 12209
244368260 231 688 12219
244434466 227 198 12222
244767959 237 1699 12238
245235468 229 1832 12262
245396536 228 1143 12270
245561553 226 579 12278
245784487 230 1633 12289
246006195 236 91 12300
246540732 234 1909 12326
246622599 222 1155 12330
246786034 234 1764 12338
247204038 226 1059 12359
248104162 223 1212 12403
248294255 235 81 12413
249177104 232 800 12457
249266160 238 990 12461
249634481 239 126 12480
249959367 232 864 12496
250684381 225 1892 12533
251448320 224 1335 12571
251485651 227 1570 12573
251593038 223 976 12578
251664400 229 1389 12581
251968732 237 735 12597
252319213 237 1799 12615
252492528 227 1012 12624
252751417 222 961 12637
253613082 222 1362 12680
253668845 229 1187 12683
253701937 236 1892 12685
254038546 231 1337 12702
254093801 232 345 12705
254456318 224 1697 12723
254575718 232 1637 12729
254929718 229 284 12747
255724718 227 1538 12786
255822792 234 351 12791
256846764 231 424 12843
257031409 238 1221 12852
257252155 233 182 12863
258412678 224 1527 12926
258840385 231 1181 12947
259987946 237 1215 13005
260458147 230 1122 13028
260728081 226 394 13042
260769638 222 666 13044
260989843 227 1510 13055
261106979 230 1169 13061
262019243 220 476 13106
262335315 227 298 13122
262725827 224 507 13141
262815796 238 1443 13146
263311039 223 1061 13171
263370471 228 428 13174
264512490 226 554 13231
264915089 236 397 13250
265226585 232 676 13266
265247533 236 1162 13267
265573708 234 1322 13283
265787475 224 755 13293
265873730 236 428 13297
266093090 232 348 13307
266697756 233 506 13338
266910353 222 1189 13348
266986420 223 1264 13352
267218128 231 349 13364
267395743 228 1211 13373
267503011 233 1848 13379
267519966 222 1631 13380
267759698 238 1664 13392
267950905 238 736 13402
268392392 225 1509 13425
268558720 220 1654 13433
268819595 230 1506 13447
269303123 233 1312 13472
269359062 225 1153 13475
269920161 230 1607 13502
270471435 239 402 13530
271048223 236 1226 13559
271316712 238 1528 13573
271421379 232 1075 13578
271573183 238 561 13586
271641147 226 817 13589
271840866 230 88 13599
271903686 234 1885 13602
272054959 228 1981 13609
272069959 234 75 13610
272150910 238 1106 13614
272524393 236 370 13632
273075526 224 967 13658
273253402 232 1031 13667
273841687 233 843 13697
274282104 228 940 13718
274352526 224 1799 13722
274763516 236 1142 13744
275039708 222 1980 13758
275159029 224 1486 13764
275643655 233 1953 13787
275867533 228 1340 13798
275905650 223 197 13800
276115524 221 449 13811
276138796 232 509 13812
276176320 229 414 13814
276256918 231 1636 13818
276676308 224 1087 13840
277035423 237 878 13858
277214705 239 585 13867
277398579 222 1745 13876
278726917 224 159 13942
279000666 231 1593 13956
279306995 237 300 13971
279912304 229 1093 14002
280089473 220 1945 14011
280262545 224 1857 14020
280536825 229 292 14034
280705779 235 753 14043
280927958 239 382 14054
281304484 234 279 14073
281914244 238 1194 14104
282117487 238 1019 14115
282393039 236 1924 14129
282524867 232 1785 14135
282636559 236 184 14140
282683629 224 108 14142
282800478 237 401 14148
283332639 237 1842 14175
284012129 230 1986 14209
284184707 220 213 14218
284751801 227 750 14247
284842134 229 62 14252
284879364 228 59 14254
285555635 233 148 14288
286339274 239 1492 14326
286694098 238 1210 14344
286779977 230 641 14348
286958817 229 470 14357
287097847 223 828 14364
287197043 237 723 14369
287349244 237 1228 14377
287785666 224 1865 14399
289085267 223 1925 14463
289141394 235 248 14466
289434620 235 1266 14480
289520040 223 1654 14484
290015008 226 81 14508
290182886 233 1853 14516
290274549 228 1412 14521
290351645 238 1362 14525
290634370 223 1062 14539
290902822 227 1098 14553
291094254 235 517 14563
291162555 235 74 14566
291393089 222 1521 14578
291529592 239 530 14585
291549953 220 433 14586
291979730 236 621 14607
292412534 228 20 14628
292520244 230 54 14633
292858602 232 1437 14649
292895709 228 1159 14651
292917432 236 1167 14652
293099156 222 495 14661
294006949 223 976 14705
294228775 236 1001 14716
294363773 221 110 14724
294946147 226 179 14752
295807245 237 1219 14795
295848351 231 1054 14797
296210955 222 1919 14815
296246164 223 1154 14817
296995339 234 1217 14855
297387204 233 1220 14874
297579955 225 1343 14884
297707888 223 1442 14890
297764916 224 1783 14893
298081860 232 1776 14909
298463675 227 1743 14929
298843355 222 293 14949
299071141 235 1653 14960
300216339 226 1313 15018
300522644 237 365 15034
300825096 231 63 15049
300844013 220 1078 15050
301013435 237 692 15059
301046534 230 104 15061
301145138 234 459 15066
301455033 221 211 15081
301681931 223 185 15092
301860207 221 829 15100
302022355 238 1771 15108
302184273 234 529 15116
302700772 223 1885 15141
302896670 224 753 15151
303097191 239 233 15161
304231971 238 1193 15217
305166610 224 1674 15262
305219277 236 1508 15265
305399215 222 1323 15274
305976897 234 1440 15303
306140316 237 1761 15311
306796943 226 280 15344
307121214 231 586 15360
307446740 223 670 15376
307632851 225 1853 15385
307900153 223 1430 15398
307973872 221 763 15402
308052162 228 1969 15406
308942303 228 743 15449
309282116 232 316 15466
309596423 221 1949 15482
309635183 238 1651 15484
310033566 224 1446 15505
310441853 230 1526 15526
310609394 233 1607 15535
310686173 233 1957 15539
310903352 227 1731 15550
310921026 221 1370 15551
310940819 225 960 15552
311022947 220 1221 15556
311256449 222 861 15568
312267976 234 910 15617
312348217 228 1021 15621
312716681 224 606 15639
313186042 237 1892 15661
313437208 239 804 15673
314018917 237 35 15701
314039412 238 1451 15702
314510123 220 723 15725
314708316 233 1376 15735
314987510 225 1318 15749
315197862 239 148 15760
315475791 220 435 15773
315557274 228 1845 15777
315575224 228 578 15778
315593259 230 378 15779
315654369 235 1789 15782
315674809 235 451 15783
315913802 235 1485 15795
316586970 236 1354 15829
316779894 220 1976 15838
317200178 237 1340 15859
317766712 239 364 15888
317868504 233 1657 15893
317981199 220 1596 15899
318053522 239 888 15903
318156945 226 958 15908
318252837 231 737 15913
318674732 231 1726 15934
318806351 226 35 15941
319056653 223 1246 15953
320057106 227 566 16005
320156079 223 1588 16010
320189478 237 301 16012
320451079 227 1657 16025
320852033 230 673 16045
321054118 223 1376 16055
321298719 239 1211 16067
321484800 231 1665 16076
321600188 228 980 16082
321891392 236 1511 16096
321909613 233 957 16097
321992720 235 1335 16101
322132532 236 831 16108
322539186 236 1833 16128
322790839 227 1399 16141
322915293 231 1065 16147
323050782 234 1003 16154
323253537 228 1631 16164
323650233 226 677 16183
323958250 228 845 16199
324073718 237 1716 16205
324132568 225 1554 16208
325107994 230 31 16257
325147674 238 1077 16259
325363938 224 1821 16270
325513364 221 930 16278
325533837 231 630 16279
325697128 223 1860 16287
325879122 231 142 16296
326375695 233 1902 16320
326809979 223 1674 16343
327416962 222 1223 16373
328091211 233 563 16407
328569906 231 608 16431
328708912 223 1106 16438
329157203 235 1409 16460
330032688 232 1285 16504
330140949 224 1500 16510
330178468 239 713 16512
330729610 234 1687 16540
330932911 238 602 16550
331408494 235 1768 16574
331480178 225 1609 16578
331835009 226 66 16596
331890453 229 1617 16599
331981935 224 1671 16604
332024271 239 1981 16606
332069445 226 372 16608
332123634 224 449 16611
332379736 225 1561 16624
332998144 227 1030 16655
333467596 223 744 16678
333560709 239 513 16683
335223359 232 954 16764
335416726 224 1801 16773
335568625 236 327 16780
335619216 226 603 16783
335634406 222 902 16784
336625340 234 720 16833
337029596 221 1162 16853
337181808 229 1178 16861
338070238 223 806 16904
338174451 221 1405 16909
338455836 238 796 16923
338594776 237 1634 16930
338767485 222 545 16938
338980981 225 768 16948
339020094 224 1120 16950
339055167 233 1548 16952
339273306 232 663 16963
339376448 229 1080 16968
339394733 231 1041 16969
339459371 235 1019 16972
339535206 232 880 16976
340194366 220 1286 17009
340626255 224 1475 17031
340930773 229 1883 17046
341185253 230 563 17059
341305332 238 525 17065
341399795 221 1035 17070
341630615 233 695 17082
341727195 225 1867 17087
341966196 227 1878 17098
342136423 232 1182 17106
342780272 225 1543 17138
342961795 227 1978 17148
343123990 232 1038 17156
343277910 235 948 17164
343499912 223 218 17175
343571578 221 1566 17179
344503679 228 1826 17225
344893053 232 1990 17245
345303064 239 789 17266
345457666 227 885 17273
345516410 223 201 17276
345603945 231 1387 17280
345677523 230 547 17284
345732062 228 1980 17287
345818748 223 69 17291
346065918 220 168 17303
346549737 224 1756 17326
346799268 235 1870 17339
346924087 237 265 17346
347311747 236 913 17365
348136663 226 1341 17406
348272601 223 462 17413
348544630 227 1407 17426
348974962 233 979 17447
349061248 221 1 17451
349170624 234 1907 17456
349273491 220 995 17461
349797831 222 1838 17487
350002612 224 1165 17498
350025911 223 1473 17499
350127846 236 279 17504
350318475 233 903 17513
350336961 227 567 17514
350372682 231 1598 17516
350828888 224 1250 17538
350871223 231 488 17540
351217714 225 49 17557
351389244 220 2 17565
351705467 233 1266 17581
351907388 237 1628 17590
352019648 239 1791 17596
352095607 232 48 17600
352633504 233 1307 17626
353060213 223 1191 17648
353325032 227 938 17662
353854281 225 274 17689
353959258 235 935 17694
354338140 238 609 17714
354599008 222 983 17727
354637475 231 757 17729
354800876 224 1911 17737
354918328 232 511 17743
355253787 225 82 17759
356392670 231 1940 17814
356531666 231 961 17821
356955649 223 77 17842
357059469 238 776 17847
357284318 229 618 17858
357479385 239 1241 17867
357754083 238 1818 17881
358367543 228 876 17913
358996295 227 1675 17943
359018143 233 1017 17944
359039427 223 1806 17945
359099577 235 61 17948
359221626 234 1247 17954
359482639 233 1096 17967
360279184 230 196 18007
361061794 235 267 18047
361203449 223 1660 18054
361500405 223 143 18069
361780612 238 932 18083
362088480 225 1921 18098
362163944 234 455 18102
362337502 221 1123 18111
362595195 236 1611 18123
362618293 238 177 18124
362657627 237 1522 18126
363527143 230 1707 18169
364376118 226 550 18212
364488182 234 1262 18218
364888095 221 121 18238
364951097 221 651 18241
365036192 229 975 18245
366330482 221 1881 18308
366562857 222 586 18320
366583474 232 367 18321
366732520 227 1113 18328
366751611 227 1903 18329
366969897 225 1817 18340
367182404 229 1849 18350
367298331 237 1483 18356
367406575 222 431 18361
367670970 222 424 18374
367823078 234 848 18381
368211491 239 833 18400
368229862 224 1203 18401
368350696 236 680 18407
368463464 220 1110 18412
368698498 227 998 18424
369330359 225 1309 18454
369429304 238 546 18459
370180838 227 1877 18498
370216505 236 1731 18500
370436766 233 25 18511
370477654 233 390 18513
370719452 237 581 18525
371233822 228 223 18551
371568279 231 78 18567
372137565 238 487 18595
372231457 224 1714 18600
372391356 238 1352 18608
372716127 229 1718 18624
372751120 221 242 18626
372812907 235 1719 18629
372870206 233 931 18632
373060374 232 657 18642
373146168 238 1744 18646
373165592 225 1105 18647
373259608 233 1085 18652
373294177 238 1207 18654
373601421 236 1402 18669
374299751 229 216 18704
375484001 225 1237 18763
375785354 239 636 18778
375867092 227 937 18782
376142868 235 1189 18796
376292987 236 1442 18803
376368417 234 612 18807
376390102 233 412 18808
376925574 221 255 18835
377123923 232 1860 18845
377307891 229 674 18854
377772287 236 55 18877
378440475 232 1585 18911
379047529 221 336 18942
379619335 237 236 18970
379636381 234 687 18971
380416078 229 1567 19010
380614735 236 992 19020
380678429 232 964 19023
380907443 236 1196 19034
380970530 221 605 19037
381058201 227 540 19041
381110909 220 147 19044
381218083 223 1806 19049
381468242 226 1148 19061
381568325 234 702 19066
381674551 222 1812 19071
381975438 233 1794 19087
382490087 237 1900 19113
382710661 221 1931 19124
382853516 232 1590 19131
383124868 225 1616 19144
383360985 224 252 19156
383512687 220 830 19164
383555280 236 1672 19166
384249773 230 785 19201
384425844 220 1180 19209
384643979 224 1942 19220
384891848 229 162 19233
385267974 228 1722 19252
385401524 221 1887 19259
385601432 223 63 19269
385910456 223 1218 19285
386191556 222 980 19299
386409896 226 1495 19310
386432086 228 1869 19311
386689668 227 242 19326
386726729 236 767 19328
389068556 227 269 19444
389515853 223 1375 19466
390332556 224 103 19507
390836661 226 1045 19532
390907261 223 966 19536
391202895 224 554 19550
391221923 238 1819 19551
391731090 234 706 19576
392674124 239 534 19623
393232059 239 845 19651
394244993 233 913 19701
394823569 229 348 19731
394840379 221 1113 19732
395131216 233 236 19746
396027697 238 1980 19791
396178602 231 1779 19799
396782336 222 1472 19829
396955848 224 1977 19838
397863103 221 1771 19884
398259791 230 1122 19904
398453842 221 1552 19914
398570163 228 1908 19920
398698160 225 1159 19926
399785350 229 300 19980
399818824 224 581 19982
