681680 295 1039 33
981581 286 724 48
1224081 289 1963 60
1242424 281 925 61
1291189 296 1040 63
1308833 297 753 64
1417967 290 711 70
1593590 297 1829 79
2092266 294 1110 104
2315461 287 595 115
2440170 288 267 121
2899926 298 1230 144
3896337 296 956 192
4051923 288 1032 200
5599888 294 1771 279
6354891 296 687 318
6568306 293 1260 329
6839612 280 944 343
7087924 292 1933 356
7350000 281 183 369
8544022 288 319 429
8664399 280 702 435
8950891 289 103 449
8968797 284 473 450
9649023 285 1276 485
10038045 288 723 504
10546606 280 230 529
10564333 292 1647 530
11108949 292 1990 558
11323260 292 1777 569
11406739 293 772 573
12687759 289 955 640
12925300 294 1964 651
13227546 289 957 667
13251141 297 1791 668
13648457 297 1340 688
13824217 291 662 696
14928836 295 1730 751
15223872 289 1886 766
15431925 298 1236 777
15509324 281 1506 781
16220678 284 1627 817
16237889 280 543 818
16414733 283 149 827
16726837 284 279 843
16825764 284 1465 848
16843885 284 1620 849
17342604 294 1663 874
17701486 292 551 892
17739738 286 352 894
18760362 293 1982 945
19576065 290 1223 986
19982797 287 1397 1006
20127938 294 1813 1013
20527699 298 1787 1032
20616083 287 1982 1036
20696859 280 958 1040
21402037 284 1328 1076
21525090 292 558 1082
21773328 280 1761 1094
22117472 289 100 1111
22257364 289 244 1118
22846301 289 701 1148
22865302 288 860 1149
22991697 286 1812 1155
23055227 282 307 1158
23355873 293 462 1173
23377490 285 1396 1174
23687828 288 1265 1190
23876113 287 1008 1199
23915532 289 791 1201
23983219 296 828 1205
24111110 291 762 1212
24555142 289 73 1233
24829823 296 1512 1247
24975094 298 1857 1254
25215445 283 1406 1266
25670419 298 919 1289
26295982 280 1723 1320
26553820 281 992 1332
26598075 292 1613 1334
26697906 295 1939 1339
26875927 296 1192 1348
26992021 295 1651 1354
27215452 281 1471 1365
27374523 283 23 1373
27875860 297 494 1397
28224357 295 1844 1414
28283357 285 1743 1417
28432308 288 1273 1424
28495320 288 876 1427
29637979 286 1938 1484
30239788 289 523 1514
31576170 295 798 1582
32573789 293 1394 1632
32879719 293 333 1648
35284759 285 563 1768
35485985 294 889 1779
35921809 286 1198 1801
36270888 293 185 1819
36762086 297 73 1843
36800255 291 573 1845
37417768 288 1544 1875
37920957 290 1369 1899
38491078 293 54 1928
38511957 285 743 1929
39133969 282 1873 1960
39486191 288 613 1977
39550694 286 878 1980
40097809 297 1663 2007
40189498 290 1580 2011
40277052 282 1676 2015
40352450 283 1626 2019
40487159 293 996 2026
40505349 296 1185 2027
41353279 293 814 2071
41442165 280 1949 2075
41951996 286 142 2101
42044315 280 255 2105
42310360 280 595 2119
42552416 291 1468 2131
42955666 290 1834 2152
43120796 293 1049 2160
43696372 281 289 2190
44235960 293 1915 2217
44315832 290 1439 2221
44392950 291 1179 2225
45737123 287 1048 2292
46537673 297 1746 2331
46696471 295 814 2339
46835059 288 1799 2346
46901780 297 1937 2349
47271946 297 1655 2367
47811698 290 320 2394
47910825 294 594 2399
48219266 286 481 2415
48428626 286 436 2425
49039252 280 454 2455
49132360 289 91 2460
49713344 283 313 2489
49755484 290 1147 2491
50299257 288 1613 2518
50364162 285 1547 2521
50617188 288 1239 2533
50794478 285 1699 2542
50879044 296 1656 2546
51138848 296 1363 2558
51450307 287 739 2573
51531272 280 1813 2577
51877161 291 144 2596
51958685 287 1744 2600
52692888 290 905 2637
53531175 281 238 2678
53684250 295 1097 2685
54597714 289 1498 2731
54910072 293 452 2746
54931469 288 1555 2747
55034640 298 1421 2752
55153192 284 661 2759
55266637 280 21 2765
55431012 288 1793 2773
55530058 284 1632 2778
55821237 295 992 2793
55838069 295 945 2794
55998498 283 847 2802
56092877 294 1760 2807
56447921 281 1090 2825
57427726 289 304 2872
57526489 298 507 2877
57579585 288 1380 2880
57901491 298 1400 2896
58321656 298 1196 2917
58486475 286 558 2925
58880580 280 506 2945
59179646 289 1408 2960
59632349 287 1572 2981
59775502 291 641 2988
59864480 282 934 2992
60288566 297 1094 3013
61401990 297 771 3068
61447348 286 1572 3070
62194153 292 332 3107
62444471 289 1800 3119
62461986 288 1917 3120
62958625 289 346 3145
63228507 292 503 3159
63304394 297 1426 3163
63388233 293 931 3167
63977633 291 1414 3197
64580434 283 136 3227
65381056 293 621 3268
65403144 284 1428 3269
66235100 297 463 3310
66269430 296 1384 3312
66575493 287 878 3327
67031362 280 1493 3351
67094045 295 1910 3354
67298219 297 268 3365
67434245 286 685 3371
67495815 292 1302 3374
67616701 287 1355 3380
67634653 294 245 3381
67737780 292 158 3386
69097875 281 1237 3453
69119527 280 1463 3454
69762153 287 1260 3485
70196537 291 1754 3507
70546769 287 1351 3524
70777530 298 626 3535
71299550 289 1478 3562
71523177 294 369 3574
71798605 296 235 3589
72063776 292 43 3602
72085713 287 803 3603
72299162 298 1464 3614
72783388 293 255 3638
73197920 291 1008 3659
73894379 287 909 3694
74008717 291 1373 3699
74029378 297 1350 3700
74215291 290 1078 3709
74599206 286 1976 3728
75118865 291 1632 3754
75185677 289 1433 3757
75317845 294 1725 3764
75950068 295 1777 3796
76342863 282 995 3816
76548859 283 1648 3826
76945468 285 583 3845
77079242 282 1374 3852
77472966 280 40 3872
78432171 284 294 3920
78484257 298 1847 3923
79176609 291 892 3958
79601809 295 657 3981
79747584 290 608 3988
79948467 291 827 3998
80406015 290 1653 4020
80510302 290 1887 4025
81026048 280 743 4051
81130481 285 1215 4056
81761761 282 237 4087
81803030 288 1829 4089
82580957 286 1717 4127
82618465 282 858 4129
82636757 296 169 4130
83041694 285 911 4152
83300543 289 339 4165
83508870 284 339 4176
83809701 281 1403 4191
83975599 286 1977 4199
84288403 286 1439 4214
84309272 283 560 4215
84607121 288 1064 4230
84647293 288 723 4232
84779698 293 341 4239
85313981 287 915 4266
85415320 290 1794 4271
85682046 286 598 4284
85705834 283 762 4285
86053481 282 479 4303
87079312 282 964 4355
87139488 291 252 4358
87238408 296 149 4363
87450474 282 1804 4373
87808263 293 743 4391
88544116 280 121 4428
88922337 298 727 4448
88996347 297 1961 4452
89274839 284 1564 4465
89487110 293 907 4476
89662013 295 1055 4485
89729296 292 1532 4488
89978688 286 1740 4500
90104527 286 1547 4507
90617192 293 1776 4531
90896769 297 1788 4545
91025606 287 1136 4551
91447460 297 979 4573
91720000 297 1268 4587
92416761 290 556 4622
92474669 295 1782 4625
93171614 288 1438 4660
93346123 288 258 4669
93450934 291 1281 4674
93526896 291 1956 4678
94261500 292 1904 4715
94468667 294 512 4726
94693601 293 1654 4737
96343386 295 779 4817
97088296 297 1528 4854
97145931 287 1466 4857
98805849 294 867 4937
98940911 296 195 4944
99067190 290 1030 4950
99449290 298 91 4969
99465700 280 1275 4970
99837455 291 1202 4989
100388916 280 800 5016
100674386 294 1281 5030
100865751 290 847 5040
101476490 296 1785 5071
101597604 292 938 5077
101686920 285 283 5081
101931420 282 1746 5093
101995923 291 297 5096
103797901 282 33 5187
103882785 296 1408 5191
103901381 287 1480 5192
103916381 280 1382 5193
104374466 283 1485 5215
104459146 292 567 5219
104517213 280 1774 5222
105464004 286 1472 5269
105665978 295 1162 5279
105685943 292 359 5280
105960934 296 1402 5294
106480280 288 651 5319
106540694 282 1767 5322
106599919 285 510 5325
106690136 291 124 5330
106788190 281 33 5335
107102087 288 171 5350
107334144 284 1844 5362
107518384 290 164 5371
107635962 281 953 5377
107777314 289 1842 5384
108359916 282 1843 5415
109197677 287 1116 5457
109605832 291 786 5478
110115488 296 358 5503
110273373 287 1310 5511
110624547 291 1211 5528
111301437 290 624 5561
111498900 282 990 5572
111994128 280 1675 5596
112221874 294 98 5608
112319033 288 1218 5613
112602626 295 1186 5627
112699237 296 286 5632
112795143 295 1953 5637
112894954 293 809 5642
112953435 287 1751 5645
113070500 280 645 5651
113625985 289 849 5678
114299049 291 1367 5711
114539660 296 1504 5723
114697728 291 1190 5731
114780365 286 92 5735
115434417 286 1973 5767
115617795 297 360 5776
115812359 282 1488 5786
116459821 288 28 5820
116664195 280 1219 5830
117908658 281 211 5892
118141160 292 796 5904
118202302 291 214 5907
118639200 288 602 5930
118800409 296 1339 5938
118987010 288 1986 5948
119055081 298 1775 5951
119074760 284 1359 5952
119169229 298 87 5957
119187603 283 218 5958
119218753 297 1992 5960
119868388 293 1878 5993
120239081 287 1521 6011
120294898 281 1751 6014
120377502 280 604 6018
121582860 292 300 6077
121601064 285 1063 6078
121956386 285 768 6096
122284924 289 1870 6114
122346109 298 1127 6117
122801418 291 1514 6139
122979858 281 222 6149
123157674 290 1540 6158
123271545 285 282 6164
123587727 298 669 6179
123870498 282 756 6193
124580408 294 1791 6228
124757310 289 1809 6237
124920278 289 1224 6245
126575157 289 664 6327
126664884 293 386 6331
126772363 284 1255 6336
127186931 298 1646 6356
127378474 293 1737 6366
128176258 281 1887 6405
128545156 283 1006 6424
128609058 283 1639 6427
128771001 297 1562 6435
128871978 280 1011 6440
128889133 287 770 6441
129513947 282 1003 6474
129958371 283 1394 6497
130034764 287 1629 6501
130305882 295 1363 6514
130354975 287 611 6516
131509406 296 929 6573
131550641 285 31 6575
131571059 287 1128 6576
132764012 286 1392 6637
132922764 287 646 6645
133065385 281 616 6652
133315675 283 1565 6665
134732462 284 573 6736
134987275 298 659 6749
135312326 285 92 6765
136123172 285 1093 6806
136184442 289 1009 6809
136297661 296 1044 6815
137523087 283 640 6874
137642566 291 1264 6880
138134450 281 167 6905
138257723 287 144 6911
138464459 281 341 6921
138507464 290 1654 6923
138937328 294 864 6944
139129391 283 426 6953
139813882 298 921 6987
140315270 282 810 7012
141034579 285 1541 7048
141176163 290 1342 7055
141325842 284 1137 7062
141606506 280 163 7076
142450341 296 1077 7118
143014150 280 1598 7145
143035081 290 1420 7146
143395380 282 457 7164
143867240 295 1502 7187
144137695 295 239 7200
144549154 281 603 7221
144606694 288 836 7224
145219203 280 355 7255
145522433 285 461 7270
145542533 296 1224 7271
145666468 288 741 7277
146009216 291 935 7294
146408604 290 784 7314
146609186 296 1295 7324
146719671 295 1949 7330
146863099 294 939 7337
147250180 292 342 7357
147329924 296 408 7361
147581406 287 1592 7374
147619149 285 1461 7376
147696829 293 62 7380
148376322 280 1044 7413
148516324 287 488 7420
148959401 293 777 7443
149526868 295 1190 7470
150026809 288 45 7495
150085460 280 958 7498
150424118 280 214 7515
150774020 284 649 7533
150796459 291 57 7534
150839657 281 374 7536
151123966 289 513 7550
152095053 290 1702 7599
152509631 293 868 7620
152534631 294 1589 7621
154013283 280 565 7695
154030622 297 1851 7696
154071533 286 1929 7698
154176383 286 788 7703
155456451 297 1865 7767
155757959 288 11 7782
156022336 292 1250 7795
156058952 281 1903 7797
156533497 298 492 7821
157015803 294 462 7845
157618189 290 1759 7875
157676287 284 1103 7878
158178299 285 1211 7903
158319280 298 95 7910
159615030 284 1797 7977
159821814 286 738 7987
159927259 283 1929 7993
160030856 286 1524 7998
160088740 290 230 8001
160322764 280 1750 8012
160584430 281 1607 8025
161585321 291 853 8075
161721564 284 381 8082
161820438 296 1043 8087
162115854 293 867 8102
162248785 291 1444 8108
162482133 297 1765 8120
163022071 290 1182 8146
163039228 284 1167 8147
163301029 291 86 8160
163430244 287 1795 8166
163697094 287 81 8179
164068695 281 1607 8198
164294453 293 1125 8209
164856763 283 717 8238
165271454 282 729 8259
165610708 283 103 8276
165894518 282 1958 8291
165915007 287 517 8292
166227652 294 1817 8308
166288088 284 885 8311
169033469 284 1998 8450
169218224 290 1997 8459
169458671 297 1459 8471
170189417 289 1231 8507
170491879 284 82 8522
170858401 281 652 8541
171027126 293 1788 8550
171227311 281 792 8560
171863208 283 905 8591
171959058 296 127 8596
172580149 298 1650 8628
173327538 282 524 8665
173369281 294 1442 8667
173575349 285 39 8678
173739575 284 998 8686
174023746 293 779 8700
174043383 294 1389 8701
174118542 293 759 8705
174220957 293 574 8710
174610940 294 433 8730
175244430 287 1586 8761
175687960 293 906 8783
175929652 293 848 8796
176111011 290 99 8805
176410972 295 201 8819
176458291 287 1718 8821
176508568 283 175 8824
176602886 297 1621 8829
176812744 296 53 8840
176954201 296 1928 8847
177357820 280 245 8867
177807620 283 1755 8891
177974325 289 1886 8899
178212868 285 1604 8911
178574326 286 818 8929
178951544 284 1420 8948
179211947 290 1731 8962
179599959 288 760 8981
179703034 283 500 8986
179740956 284 893 8988
179847522 281 1453 8993
179978809 290 659 8999
180197011 288 158 9010
180596803 296 1445 9031
180764509 280 1384 9040
180859726 294 135 9045
180960456 281 1946 9050
181293412 284 130 9068
181412306 289 1290 9074
181997466 280 1372 9104
182120605 283 1384 9110
182710813 295 818 9139
183124263 290 1372 9160
183757480 296 18 9192
183936711 289 587 9201
184235393 280 1548 9215
184635632 293 1107 9235
184745549 280 1352 9240
184840287 288 1563 9245
185208748 294 1287 9264
185743856 295 1599 9290
185786666 298 1746 9292
186384113 291 1074 9321
186425602 297 756 9323
186640917 281 402 9335
186863332 282 956 9346
186928019 280 1159 9349
187283978 285 1519 9367
187467617 287 1232 9376
187794803 285 1432 9392
187880111 298 591 9396
188600228 298 29 9431
188641611 280 1964 9433
188905378 292 141 9446
189747944 284 988 9486
190420361 286 1319 9519
191199152 289 1177 9557
191274094 287 437 9561
191407043 297 1007 9568
191969808 285 1716 9596
192487609 288 582 9621
192891844 291 679 9641
193179881 295 1918 9656
193233181 288 1153 9659
194666800 286 949 9730
194875159 296 35 9740
195079139 293 1998 9751
195844457 287 1498 9789
195985583 284 1319 9796
196130771 288 1792 9803
196551876 283 880 9823
196627026 296 398 9827
196799241 289 570 9836
197316493 281 1925 9862
197351780 293 119 9864
197783201 294 867 9886
198213352 287 1677 9908
198428565 281 1666 9919
198708889 283 1503 9932
198990771 289 221 9946
199059658 285 617 9950
200404336 298 848 10016
200688756 287 1127 10030
201187847 288 1728 10054
201711627 298 1809 10080
201934085 290 1210 10091
201957969 287 465 10092
203522939 283 209 10171
203582663 285 478 10174
204315692 294 663 10210
204683154 280 709 10228
204759012 281 153 10232
204884494 287 937 10238
205195813 292 976 10253
205447934 298 791 10265
205821471 282 1691 10283
205980559 280 100 10291
206273960 298 468 10306
206457131 284 1838 10315
206494120 284 1777 10317
206514930 283 1986 10318
206762119 297 1748 10330
207369598 293 1897 10362
207506057 284 523 10369
207775831 291 538 10383
208075152 285 1327 10398
208433429 293 1404 10417
208640882 285 916 10428
208867406 288 1874 10439
209093893 287 894 10451
209306979 296 1637 10462
209489042 289 215 10471
209935680 293 1545 10493
210832988 295 806 10538
211244672 280 1189 10558
211340620 291 1800 10563
211503249 294 256 10571
211616918 291 596 10577
211689453 293 1918 10581
211798431 288 527 10586
213337223 286 1195 10661
215228053 294 473 10756
215835515 287 1897 10786
216089736 286 822 10798
216320267 298 1069 10809
216622742 281 947 10824
216666476 283 593 10826
216832808 286 1235 10834
217204362 298 446 10852
217436800 290 1327 10865
218437500 291 1308 10915
218638712 287 845 10925
218790179 291 1001 10933
218910450 287 1309 10939
219098251 280 635 10949
219159458 292 86 10952
220124270 283 354 11002
220455280 282 1213 11018
220874020 293 218 11039
221109292 289 1146 11050
221341318 284 1845 11062
221855193 295 1513 11087
221929290 280 302 11091
222625943 289 1125 11127
222860703 286 762 11138
223220396 296 177 11155
223347440 292 1831 11161
223665077 280 831 11177
224101387 296 1742 11198
224225327 285 499 11204
224606709 288 1170 11223
225319044 287 1409 11260
225497163 290 736 11268
225528078 296 586 11270
225606379 290 17 11274
225859688 293 594 11287
225977588 282 240 11293
226309048 284 577 11309
226558536 280 815 11322
226763372 289 616 11333
226980003 286 942 11344
227580895 291 1872 11375
228050615 296 1410 11398
229146910 286 1678 11454
229846757 293 7 11489
230452626 284 261 11519
230511635 280 1770 11522
231466274 292 1617 11570
231586739 292 392 11576
232482905 294 332 11620
232559611 293 760 11624
232689546 290 1262 11630
232854666 292 1190 11638
233265862 297 897 11658
233414654 285 456 11665
233803279 289 798 11685
234210617 287 407 11705
234246937 283 200 11707
234475643 281 921 11718
234688480 297 880 11729
234729490 295 329 11731
234744490 292 319 11732
234763584 280 49 11733
234836370 293 1397 11737
234891817 287 1554 11740
235054471 292 1271 11748
235227544 294 280 11757
236125419 291 1920 11802
236323729 291 1423 11812
236725095 297 1596 11832
236762808 280 1510 11834
236885375 288 1809 11840
237130662 295 1836 11851
237215984 287 1162 11855
237469117 291 1833 11868
238086971 290 1364 11899
238299423 285 1651 11910
238341435 291 263 11912
238474258 280 1391 11918
238581016 283 1757 11923
239090192 291 1954 11948
239328693 291 499 11960
239457440 283 511 11966
239831827 298 19 11985
239958441 280 330 11991
240659465 284 352 12027
241187145 296 48 12054
241449400 295 1867 12067
241539568 291 691 12072
242277673 293 1396 12109
242461451 281 142 12118
242590358 293 1980 12124
242788138 280 1454 12134
242929247 296 1088 12141
242949252 281 1503 12142
243459777 286 1850 12167
243480521 288 1832 12168
244230826 298 1968 12207
244387172 296 1416 12215
244443179 281 966 12218
244596650 282 1900 12226
244658952 283 1776 12229
244862304 283 485 12239
245336294 282 497 12262
245389632 282 709 12265
245530614 291 1050 12272
245667692 290 505 12279
245733313 287 652 12282
245954507 287 236 12293
246177791 288 1648 12304
246199413 284 1368 12305
246384098 294 1560 12315
247348922 289 1548 12364
247456781 288 581 12370
247918349 289 1038 12394
248194234 287 1865 12408
248614172 281 1823 12429
248820007 295 437 12439
249388426 298 347 12467
249408938 298 531 12468
249427208 296 908 12469
249623517 293 318 12479
249787737 282 583 12487
249933073 297 1975 12495
250173930 294 1693 12507
250191169 294 929 12508
250515684 286 385 12524
251142495 284 1265 12556
251230537 289 710 12560
251480815 286 150 12573
251580137 285 1766 12578
251736780 292 628 12586
252075761 298 1249 12603
252193642 283 327 12609
252283654 282 109 12613
252326693 298 311 12615
252482800 283 1102 12623
252770520 297 771 12637
252869605 288 977 12642
252905714 286 705 12644
252969948 281 1998 12647
253110417 286 452 12654
253289738 294 1141 12663
253848275 291 212 12691
253977587 296 925 12697
255211508 289 1438 12759
255652817 295 1445 12781
255955082 296 404 12795
256064015 285 1510 12800
256175008 291 1774 12806
256917033 284 631 12844
258177790 287 1618 12908
258290685 291 1863 12914
258508408 284 712 12925
258628233 295 1401 12931
258835806 287 1715 12942
258907720 287 1540 12946
258951536 294 773 12948
259119258 289 1728 12956
259205926 295 1973 12960
259371107 293 1556 12969
259743503 295 119 12988
259784161 293 359 12990
259954623 280 498 12998
260092650 289 1648 13004
260161565 295 750 13007
260186052 294 1881 13008
260384917 280 1550 13018
260504325 292 1802 13024
260546568 288 554 13026
260643169 295 547 13031
261218243 291 895 13061
261237634 288 1834 13062
261429901 296 1629 13072
261453092 288 865 13073
261998939 296 1963 13101
262198183 287 1735 13111
262427124 290 1752 13122
262761283 283 445 13138
263046311 287 1904 13152
263321890 289 1364 13165
263518595 284 662 13175
264841059 298 591 13242
265239820 285 452 13262
265625340 280 1065 13282
265930413 286 1392 13297
266413108 291 246 13320
266770429 294 994 13338
266825177 287 431 13341
267573892 297 1763 13380
267708333 283 1037 13386
267771614 297 31 13389
267888396 297 420 13395
268213761 285 1473 13412
269471936 294 1260 13476
269696398 298 916 13487
269870921 296 478 13495
270666537 295 138 13536
270767846 282 979 13541
271081502 293 1600 13558
271156683 286 823 13562
271346012 298 1933 13571
271953863 295 1461 13600
272693946 281 979 13636
272736188 283 1274 13638
272781560 284 721 13640
272798574 289 1832 13641
272883123 287 107 13645
273009269 293 329 13651
273271051 296 993 13664
273351027 297 1456 13668
273776008 296 1988 13690
274020668 288 389 13702
274039474 282 1099 13703
274962984 295 1774 13748
275106902 292 38 13756
275387787 290 619 13770
276128485 293 1280 13806
276333986 292 508 13817
276451209 292 1000 13823
276981368 296 1791 13849
277163842 285 469 13858
277524662 297 62 13876
277798585 298 248 13889
278119917 297 1174 13905
278708040 284 1669 13934
279136386 291 113 13955
279232549 291 479 13960
279369150 280 961 13967
279857570 285 203 13990
280110043 297 1143 14003
280170650 298 346 14006
280308324 291 912 14013
280535413 286 1688 14024
281046117 280 577 14050
281432299 291 925 14068
281565490 293 158 14075
281906708 285 797 14092
282250507 298 129 14110
282706933 285 1558 14132
283122867 288 1763 14153
283161526 288 894 14155
283313967 283 1543 14163
283371515 294 1379 14166
283661128 288 1713 14180
284067598 284 835 14201
284350674 294 1138 14216
284434439 293 1402 14221
284571136 283 1066 14228
284652390 287 1448 14232
284939425 293 94 14246
285098836 297 738 14254
285232494 283 870 14261
285330627 283 1479 14266
285788985 287 367 14289
286565256 283 373 14328
287032538 282 1157 14351
287276467 289 1329 14363
287549443 297 1266 14376
287667512 294 1442 14382
288137885 282 1911 14406
288901797 297 204 14445
289152483 286 1020 14457
289449741 282 343 14472
289547430 295 1055 14477
289860318 290 824 14493
290354579 286 974 14518
290526052 293 746 14527
290738017 298 694 14538
290772622 286 1179 14540
291571880 294 132 14578
291609230 295 1733 14580
291656572 283 1935 14582
292578420 296 704 14629
292618488 295 1895 14631
292759486 297 1471 14638
292778766 285 1272 14639
293636124 287 1003 14682
293719380 297 1203 14686
293844849 287 1912 14692
293932983 290 1941 14696
294199025 284 1369 14709
294375208 281 758 14718
294630238 285 605 14731
294758038 293 1385 14737
294774882 295 513 14738
295109946 280 211 14755
295873254 289 1554 14795
296100715 286 601 14807
296225464 280 887 14813
296288308 285 1002 14816
296382486 298 836 14821
296397486 297 603 14822
296966255 289 269 14851
297620566 298 38 14883
297712595 290 86 14888
297779024 287 789 14892
297971820 297 921 14902
298486827 295 1691 14928
298638637 295 1100 14936
298821867 294 1452 14944
298904814 292 1728 14948
299003422 291 1915 14953
299165229 298 1626 14961
299553546 290 90 14980
300268858 281 665 15016
300286209 281 833 15017
300555250 292 628 15030
300638391 296 780 15034
301097433 292 1971 15058
301296177 288 250 15068
301716345 287 166 15089
301754437 282 362 15091
301976539 283 781 15102
302045475 284 972 15105
302298429 281 1312 15118
302471072 296 1499 15127
302493885 292 318 15128
302677191 288 1892 15138
302800154 290 678 15144
302840018 284 1175 15146
303149868 282 1401 15161
303392547 290 928 15173
303692676 290 705 15187
303899202 284 936 15197
303983367 282 86 15201
304206058 284 840 15212
304501725 292 130 15227
304585703 298 1291 15231
305738790 283 1540 15288
305839542 290 630 15293
305899032 290 463 15296
305976176 282 1497 15300
306040042 289 1359 15303
306523452 287 1146 15327
306598512 292 1709 15331
306674358 297 1052 15335
307195401 281 452 15361
307405743 296 1308 15372
307507709 292 994 15378
307679450 294 1626 15386
308301194 284 1969 15418
308663951 282 78 15435
308706347 280 1831 15437
309970257 280 397 15500
310333106 281 539 15518
310455317 287 780 15524
311103116 288 48 15558
311434471 297 140 15574
311985673 284 200 15601
312085597 292 262 15606
312674343 295 1276 15635
313917297 283 1650 15697
314113247 283 168 15707
314173517 291 61 15710
314768395 288 1488 15741
315075602 294 1707 15756
315187081 296 1317 15761
315467050 289 1185 15775
315848090 294 1396 15794
316038183 280 834 15803
316598311 294 1797 15831
316889452 296 1376 15847
317446690 296 1543 15876
317717612 283 1361 15890
318042933 295 695 15906
318432337 298 1535 15925
318922708 283 405 15950
319287989 287 313 15969
319760320 283 998 15993
320414350 280 1924 16026
320435037 285 1150 16027
320506968 284 1229 16031
320662187 280 364 16039
320776662 280 1567 16045
321227309 292 1619 16068
321539424 282 1322 16084
321884625 292 1297 16102
322361255 292 397 16126
322500891 285 639 16133
322743148 298 952 16145
322938263 293 327 16155
323145213 287 1814 16165
323684132 282 783 16193
323961057 286 1013 16207
324263149 294 1005 16222
324505355 290 1432 16234
324954842 294 1247 16257
325042111 289 189 16261
325063863 280 979 16262
325084095 294 1534 16263
325234040 294 983 16270
325606768 298 861 16289
326248119 287 129 16322
326468354 283 838 16333
327095767 298 810 16364
327410192 285 1015 16380
327448867 286 558 16382
327792642 294 974 16399
328182665 294 1592 16419
328374078 281 1704 16429
329169896 294 1948 16469
329247808 287 179 16473
329286068 281 233 16475
329387361 286 1384 16480
329785098 283 1672 16500
330633913 298 642 16543
330861530 297 415 16554
331060651 293 466 16564
331080977 291 125 16565
331397925 284 1336 16581
331587293 297 1649 16591
331976270 292 355 16611
332048587 292 82 16615
332261301 284 1771 16626
332491169 288 270 16637
332900404 284 1418 16657
333189689 285 1937 16671
333309742 280 319 16677
333326688 286 629 16678
333565403 293 199 16690
333631807 291 972 16693
333776728 290 168 16700
333857225 293 1637 16704
334107622 290 745 16716
334975233 289 680 16759
335986368 283 160 16808
336069300 286 895 16812
336484671 298 487 16833
337257073 284 1937 16872
337604051 289 470 16889
337830359 288 1086 16900
337951042 283 891 16906
338033479 291 514 16910
338293889 294 1384 16923
338561437 292 10 16936
338799615 296 1067 16948
338863659 294 1210 16951
339421927 285 559 16978
339440786 296 1425 16979
340168300 293 722 17017
340841405 288 1889 17051
341142417 295 1566 17066
341435321 292 1285 17081
341489699 283 195 17084
341825047 285 622 17101
341921832 282 1214 17106
342633299 283 1906 17142
342906223 292 1374 17156
343102003 281 1133 17165
343291650 280 1514 17174
343331997 284 263 17176
343659887 296 804 17192
344207795 282 934 17220
344289272 293 1145 17224
345107609 295 1798 17265
345745695 292 407 17298
345803622 291 1515 17301
346401260 292 1036 17332
346593401 287 1864 17341
347157856 291 1793 17369
347420038 295 992 17382
347696702 280 1335 17395
347933192 291 1910 17407
348680349 281 35 17444
348831283 291 1963 17451
349238780 281 298 17471
349419865 284 1409 17480
349491099 285 1858 17484
349553280 289 1727 17487
349762733 295 1261 17497
350000190 298 628 17509
350053707 280 618 17512
350071119 290 1707 17513
350125523 291 1278 17516
350233065 296 1083 17521
350672791 297 1953 17543
351055079 290 1684 17562
351603733 282 201 17590
351684569 284 711 17594
351909556 282 803 17606
352008943 290 1121 17611
352109393 296 1477 17616
352550484 285 259 17638
353240465 282 1681 17672
353278294 293 240 17674
353754494 290 1811 17698
353834433 290 1602 17702
353984188 296 545 17709
354640869 287 1550 17742
354878786 293 234 17754
355422663 286 793 17782
355439644 296 1595 17783
355461461 288 1530 17784
356180939 287 278 17820
356918257 295 1819 17856
358906715 287 1719 17956
358931715 298 626 17957
359155003 283 825 17969
359623209 285 809 17993
360040992 282 1475 18014
360115775 291 395 18018
360132396 296 915 18019
360314423 298 1148 18028
360809190 290 1455 18053
361464435 284 1806 18085
361488246 282 1128 18086
361864431 297 652 18105
362056499 291 22 18115
362076374 298 1371 18116
362336931 297 1477 18130
363036893 281 850 18164
363204951 298 943 18172
363356610 285 46 18180
365095595 295 472 18269
365110868 282 307 18270
365736926 283 190 18301
365778902 285 1410 18303
367102390 292 1996 18369
367175387 293 1985 18373
367393624 288 824 18384
367569436 298 1262 18393
367829906 291 1256 18406
368265522 288 1917 18428
368443595 287 481 18437
368866692 286 717 18457
369088316 292 131 18469
369223537 287 885 18476
369713225 288 318 18500
370030938 283 1365 18516
370076533 296 1342 18518
370154143 291 969 18522
371771740 296 438 18603
371866300 298 647 18608
372400936 297 4 18634
372542729 280 2 18641
373539848 292 1870 18691
373933035 294 1160 18711
374744705 289 1375 18753
374879177 287 311 18760
375024354 280 647 18768
375085544 289 1451 18771
375898403 289 119 18812
376277872 291 833 18831
376463522 282 438 18840
376618781 294 582 18848
376676784 297 953 18851
376856524 297 500 18860
376955215 290 1737 18865
377079045 298 1919 18872
377341946 285 1478 18885
378026896 288 1594 18919
378068312 280 213 18921
378239391 282 1541 18930
378312794 286 200 18934
379050919 287 120 18969
379196164 285 1930 18976
379473171 293 963 18990
379493630 281 1545 18991
380439289 294 501 19038
380531760 293 1497 19043
380788415 292 1024 19056
381389917 284 480 19085
381812796 281 446 19106
381854659 293 352 19108
382131123 290 29 19122
382285506 283 230 19129
382421116 289 927 19135
382795155 281 28 19153
383025170 291 1545 19164
383282169 297 191 19177
383722347 282 454 19198
383919815 283 1981 19208
384027599 285 1531 19213
384435648 291 160 19235
384494118 297 1974 19238
384532679 296 1598 19240
385006260 296 647 19263
385071702 282 1826 19266
386061342 285 63 19315
386135144 286 225 19319
386198297 293 1276 19322
386243962 280 266 19324
386487814 295 1906 19336
386613276 283 1379 19342
386937158 296 1224 19358
386979162 290 667 19360
387027258 288 286 19362
387228517 294 1236 19372
387369419 283 1346 19379
387556980 286 801 19388
387900600 293 1923 19404
388126670 294 1604 19415
388346883 286 1148 19426
388825858 286 34 19450
389682496 298 580 19492
390101992 292 116 19513
390219213 286 1751 19519
390440002 297 1522 19530
390532861 285 1549 19535
390726229 297 56 19545
391825341 295 971 19601
392534659 280 1788 19636
392964828 296 1214 19657
393342193 298 243 19676
394053702 296 815 19711
394096327 281 766 19713
394424685 284 480 19730
394876703 288 1400 19752
395419625 291 640 19778
395709216 282 1017 19792
395753308 280 671 19794
396495075 283 148 19832
396699216 285 1377 19842
396954344 290 945 19855
397130627 285 1843 19864
397394149 295 1927 19877
397522941 281 1848 19884
397768156 296 1384 19896
397936152 297 1221 19905
398117718 288 434 19914
398909264 289 504 19953
398931552 296 98 19954
399073665 291 0 19961
