35753 83 728 1
580138 92 1175 28
766076 82 1147 37
898509 92 750 44
1101540 93 1011 54
1440478 93 180 71
1571770 81 978 78
1693226 87 1037 84
2407253 83 1786 119
2422253 85 1355 120
2665187 94 377 133
2766823 91 476 138
2863186 95 400 142
3044226 81 1675 151
3597822 83 870 178
3956517 97 1952 195
4393615 85 982 217
4758278 82 893 236
5518663 92 1162 275
6024254 81 1634 301
6275537 95 148 314
6720807 82 524 337
6977488 99 1153 350
7151615 80 700 359
7226571 87 95 363
7309285 91 1902 367
7395794 81 823 371
7430436 98 88 373
7767340 80 843 390
8621216 80 1305 433
9287912 98 1984 467
9820301 98 1855 493
11001574 83 1519 553
11286931 99 1494 567
12147716 95 399 611
12385858 91 78 624
13443657 82 1927 678
13693685 99 1950 690
13760288 84 332 693
13785288 82 1476 694
13863669 98 708 698
13972421 95 1060 703
14631359 85 477 736
14913023 93 981 750
15591803 81 1241 785
15754663 90 1171 793
15795219 80 356 795
15891664 89 578 800
16689729 81 1830 841
17214342 87 1764 868
18181552 86 1632 916
18617452 86 1417 938
19221312 86 738 967
19260215 86 834 969
20062345 87 751 1010
20274235 87 1032 1020
20332732 94 23 1023
20594118 82 19 1035
20958088 81 754 1053
21466665 94 581 1079
21911245 89 25 1101
22544724 99 1201 1132
22614884 87 596 1136
22633503 92 1784 1137
22889776 90 313 1150
22926859 94 740 1152
23964027 86 1926 1204
24131213 88 1989 1213
24439857 96 1486 1227
24514122 83 595 1231
24746512 91 1141 1243
24877984 83 630 1249
24918527 94 1376 1251
25145725 81 1067 1262
25315588 86 630 1271
25435879 85 1113 1277
25455997 94 924 1278
25605965 84 672 1286
26157785 81 1499 1313
26231808 86 1925 1317
26379557 88 1518 1324
27231860 80 527 1366
27557281 99 1498 1382
28574991 93 974 1431
28941822 86 1118 1450
29007160 85 1768 1453
29148971 99 221 1460
29293405 82 958 1467
29395915 97 1196 1472
29738849 96 638 1489
30368273 91 376 1520
30465123 85 1863 1525
30957874 92 85 1550
31004325 89 811 1553
31458004 90 1509 1576
31526822 94 996 1580
31750429 83 97 1591
31953107 87 1174 1601
32038093 82 421 1605
32321949 81 1769 1619
32338849 84 1591 1620
32552661 81 898 1631
32959634 89 488 1652
33119047 88 441 1660
33494817 97 1206 1679
33536936 92 1581 1681
33650988 88 940 1687
34032418 88 1868 1706
34127709 91 1325 1711
34457693 99 1423 1727
34623359 84 452 1735
34859341 83 1585 1747
35333286 93 1651 1771
35629277 82 743 1787
35822131 95 1428 1796
35993743 84 368 1805
36057949 97 1341 1808
36222829 86 1467 1817
37785184 80 596 1892
37803702 98 1346 1893
38010821 83 257 1904
38877292 88 395 1947
38997449 82 806 1953
39113843 87 667 1959
39314414 80 784 1969
39335672 87 786 1970
40017794 89 257 2003
40146286 90 182 2009
40294183 81 1867 2016
40566591 87 1601 2030
40813994 81 555 2043
41088146 87 1243 2057
42328099 84 849 2120
42535521 82 1063 2130
42940666 92 93 2151
43050935 85 630 2157
43071758 92 1606 2158
43365493 80 1894 2173
43419468 83 474 2176
43718085 80 1182 2191
43945448 95 599 2202
43986839 95 731 2204
44143417 94 1706 2212
44488728 80 1822 2230
44536718 88 1483 2232
44714514 89 1187 2241
44973889 95 301 2254
45240154 85 1110 2267
45544078 94 613 2282
45918359 87 1553 2301
46324950 93 572 2321
46406078 91 1712 2325
46554395 80 946 2332
46676553 81 1963 2338
47525399 98 690 2380
47828776 96 1634 2395
48128734 99 1258 2410
48347462 95 414 2421
48547004 99 613 2431
48664754 80 133 2437
48951246 95 1972 2451
49073199 88 847 2457
49460371 94 904 2477
50214564 91 1008 2514
50512896 82 1925 2528
50682427 92 1479 2536
51407210 81 213 2571
52052547 82 998 2605
52154050 97 523 2610
52426890 89 359 2624
52670999 84 167 2636
52753401 97 485 2640
52836016 87 1720 2644
52939383 82 1324 2649
53095941 95 1274 2657
53513746 97 426 2677
53597792 82 1043 2681
53899597 97 946 2696
54143328 83 654 2708
54561237 88 57 2729
55321159 86 1913 2768
55364320 81 737 2770
55587574 85 1707 2781
55802042 81 893 2792
56150496 98 700 2810
56218072 81 77 2813
56471977 81 751 2826
57561109 90 698 2879
57655400 95 364 2884
58059462 93 501 2904
58597254 89 331 2931
58774745 94 1642 2940
59248314 97 1860 2963
59294338 96 1003 2965
59354947 94 458 2968
59794273 82 225 2989
59908879 82 1934 2994
60094896 95 130 3003
60475357 83 313 3022
60826907 95 231 3040
60929736 83 33 3045
61658549 85 1296 3080
62359236 89 1034 3115
62661680 80 1214 3130
62796998 90 1802 3137
63192253 84 47 3157
63209998 95 544 3158
63363924 86 386 3166
63870513 97 1090 3191
63961355 87 666 3196
64019491 92 1602 3199
64088266 87 1184 3203
64538169 94 211 3225
64718648 98 1362 3234
64978812 96 982 3247
64993812 90 1776 3248
65252116 96 121 3261
65523890 81 1980 3275
65544610 93 1867 3276
65743839 80 1316 3286
65870666 97 111 3292
66194366 82 1756 3308
66290652 95 1907 3313
66635975 90 997 3330
67156186 86 258 3357
67534522 89 193 3376
68473551 91 734 3422
68591245 86 1704 3428
68881952 99 1103 3442
69056536 84 1635 3451
69257450 81 1996 3461
69433350 87 79 3469
69637887 99 1871 3479
70213671 87 1944 3508
70624463 99 1260 3528
70855596 93 802 3539
70872356 98 1029 3540
70909397 94 666 3542
71083382 94 1114 3550
71120252 88 743 3552
71783605 85 88 3588
72123829 84 672 3605
72546246 83 234 3626
72923685 82 125 3645
73283142 87 965 3663
74111139 98 687 3704
74662297 96 981 3731
74859383 81 1500 3741
75035102 88 1417 3750
75262594 84 1442 3761
75581237 88 830 3777
75639749 96 1588 3780
75931767 99 1396 3795
76684989 91 1730 3832
76829356 93 561 3839
77575079 81 1288 3877
77697850 89 840 3884
77838068 85 324 3891
77924035 83 488 3895
77940281 92 219 3896
78053831 81 121 3902
78501473 85 1191 3924
78609076 83 1105 3930
78807808 99 1182 3940
78892142 97 329 3944
79137468 95 1908 3956
79247258 87 452 3962
79928380 88 807 3997
80043024 87 240 4003
80304057 82 239 4015
80529878 80 589 4026
81239404 93 551 4061
81440011 90 1024 4071
81859587 95 1032 4092
82603465 93 27 4128
82835046 88 935 4140
82978251 98 708 4148
83150775 90 1865 4157
83220417 87 1859 4161
83588665 91 586 4180
83885767 95 1662 4195
84177941 80 1215 4209
84425877 95 223 4221
84445177 98 1837 4222
84466051 81 1766 4223
84984868 96 1804 4250
85071833 87 1669 4254
85352759 91 1754 4268
85618953 89 818 4281
85725139 82 1695 4286
86010471 94 951 4301
86171634 91 721 4309
86406470 81 1376 4321
86575261 99 346 4330
86711261 86 854 4337
87158748 87 607 4359
87178113 87 90 4360
87931791 87 1621 4397
88087880 91 935 4405
88227734 98 1038 4412
88401949 97 1175 4421
88441831 98 80 4423
89142981 92 172 4459
89186673 80 484 4461
89997050 99 291 4501
90272895 86 468 4515
90594481 94 749 4530
90914377 94 1819 4546
91631147 95 465 4582
91763954 91 30 4589
91888453 80 605 4595
92171058 95 1431 4610
92257344 91 62 4614
92762057 91 1560 4639
92850107 90 1235 4643
92886837 94 453 4645
93209533 82 1486 4662
93468429 96 1451 4675
93628789 88 1434 4683
93755086 91 1183 4690
94332026 83 31 4719
94347480 98 899 4720
94428370 99 1516 4724
95259393 92 1922 4765
95342512 96 363 4769
95679055 88 1534 4785
95716661 83 163 4787
95861297 95 1598 4794
96106707 92 1602 4806
96515694 93 1067 4826
97496385 86 1636 4873
97972987 82 1423 4896
98052540 91 1319 4900
98184335 81 892 4906
98282302 86 1906 4911
98387571 94 384 4916
98545212 86 313 4924
98600119 94 549 4927
98922476 95 373 4943
99307009 89 1139 4962
99346401 84 669 4964
99562742 85 1898 4976
99582293 96 800 4977
99625968 80 636 4979
100100116 96 808 5002
100231228 85 1076 5008
100347808 99 404 5014
100552967 90 1149 5024
101190780 96 222 5057
101437039 85 1988 5069
102813910 92 883 5137
103164375 92 879 5155
103227961 85 835 5158
103740038 98 504 5184
103778603 92 1140 5186
104419454 96 1650 5217
104854065 89 202 5238
105165018 95 1737 5254
105425051 97 897 5267
105622715 80 1400 5277
105642792 80 185 5278
105924843 94 1916 5292
106037248 83 1108 5298
106196096 80 1443 5306
106748490 99 584 5333
106912662 86 1027 5341
106933223 91 1369 5342
107432635 83 1452 5367
107615636 90 1780 5376
107713750 85 466 5381
108106283 82 1142 5401
108855673 80 947 5440
109221348 80 633 5458
110050135 82 965 5500
110544944 90 1108 5524
110706083 96 1371 5532
111335888 81 598 5563
111733049 85 892 5584
111859392 91 28 5590
111921423 90 1679 5593
112342701 95 345 5614
112501443 99 1099 5622
113093710 93 256 5652
113438634 80 833 5669
113493690 88 419 5672
114120987 81 768 5702
114156453 91 762 5704
114280523 91 866 5710
114564177 84 461 5724
114837546 97 241 5738
115573961 87 152 5774
115597637 91 669 5775
115750410 99 432 5783
116768757 85 1975 5835
116808550 93 628 5837
117139607 89 1659 5853
117455120 93 1087 5869
117611205 98 759 5877
118296344 92 184 5912
118899660 82 214 5943
120314562 90 1078 6015
120603419 98 608 6029
120954732 99 779 6046
121118472 99 1160 6054
121477102 91 360 6072
121784140 97 297 6087
122237785 89 911 6111
122370605 97 1387 6118
122550816 90 605 6126
122737700 93 898 6136
122778770 90 232 6138
122960578 94 1317 6148
123542889 84 41 6177
123711927 85 1830 6185
124055466 80 940 6202
124280549 85 903 6213
124377081 99 43 6218
124859292 92 576 6242
124878757 80 338 6243
124966624 88 494 6247
125032947 86 672 6250
125294391 93 25 6263
125588944 85 22 6278
125775375 81 46 6287
126102791 93 1089 6303
126124431 93 1604 6304
127106139 89 896 6352
127166848 90 334 6355
127608069 86 278 6377
127930499 91 443 6393
128398810 83 528 6416
128735033 90 866 6433
128752921 89 1842 6434
128906109 99 1802 6442
128922426 84 84 6443
128979267 97 1585 6446
129141775 99 1 6455
129250816 92 68 6461
129296809 92 72 6463
129314678 85 856 6464
129532178 80 1288 6475
129764248 98 543 6487
129974624 92 1982 6498
130059764 93 96 6502
130833502 80 1916 6540
131199055 92 594 6557
131993566 85 1028 6598
132109973 82 1385 6604
133261070 85 1942 6662
133417078 87 1677 6670
133480150 81 978 6673
133583186 95 699 6678
133715071 95 1568 6685
133822166 89 1623 6691
133990399 80 1727 6699
134513226 92 1801 6725
134587924 99 834 6729
135372440 85 1112 6768
135415575 97 1175 6770
135779862 87 421 6789
136467758 83 905 6824
136745531 94 1605 6837
136791713 80 908 6839
136847995 82 1256 6842
137659361 82 1599 6881
137715339 91 1712 6884
137770687 91 699 6887
138740221 96 622 6934
139212133 87 1330 6957
139412481 97 29 6967
140396745 82 1086 7016
140592133 80 347 7026
140768502 88 609 7035
140929579 99 748 7043
141199756 82 624 7056
141221321 91 213 7057
141346151 91 1799 7063
141409288 96 1748 7066
141907433 87 164 7091
141962028 85 116 7094
142516323 94 387 7121
142640881 88 1266 7127
142680708 91 1190 7129
142799329 80 1644 7135
142863612 95 483 7138
143378487 87 25 7163
143434460 94 1700 7166
143614745 91 467 7175
143825083 97 229 7185
144073256 98 499 7197
144395478 94 1190 7213
144697134 86 502 7229
144754809 94 54 7232
144799343 90 1176 7234
145582348 85 202 7273
145723796 81 1630 7280
145990614 95 212 7293
146285219 98 675 7308
147484164 87 1383 7369
147506800 88 1969 7370
147827547 88 580 7386
148235230 94 1651 7406
148711086 87 893 7430
149401490 86 721 7464
149564401 92 1091 7472
149825146 82 553 7485
149952572 94 1837 7491
150320904 93 1003 7510
150620382 93 663 7525
150901002 80 776 7539
151161576 88 537 7552
151454428 90 211 7567
151946972 84 1546 7592
152332118 84 13 7611
152715536 80 1174 7630
152754268 92 1447 7632
152975311 82 547 7643
152997764 84 1278 7644
153019403 88 723 7645
154998268 88 623 7744
155298364 94 1928 7759
155537614 89 276 7771
155655343 84 1224 7777
156637032 94 1096 7826
156674590 91 1449 7828
157443602 98 1658 7866
157634688 88 1145 7876
157854383 90 1276 7887
158095932 88 997 7899
158539660 83 414 7921
158724590 90 1080 7932
158876640 83 1033 7940
159031848 91 1513 7948
159634205 88 1619 7978
160568593 88 288 8024
161644512 83 465 8078
161837341 88 642 8088
162547091 82 1760 8123
163260888 87 1535 8158
163556836 96 1028 8172
164251056 85 620 8207
164613945 80 725 8225
164629277 86 1829 8226
164666952 84 1260 8228
164752105 97 904 8232
165766558 97 236 8284
166088337 90 569 8301
166477321 94 864 8321
166517539 91 1415 8323
166597117 94 1269 8327
166731425 99 530 8334
167755158 89 264 8384
168007777 86 1538 8397
168178937 93 1374 8406
168519398 81 644 8423
168728242 96 1979 8435
169093719 97 1885 8453
169546380 92 793 8475
169785340 81 252 8487
169805921 81 909 8488
169845992 89 782 8490
170090783 94 61 8502
170112650 91 6 8503
170723046 96 666 8534
171103567 99 1467 8554
171165261 89 1171 8557
171409099 86 78 8569
171564580 84 1178 8576
171843129 87 1853 8590
172323955 85 655 8614
173142145 94 982 8656
173166050 90 419 8657
173229497 85 1553 8660
173289955 95 381 8663
173876040 98 1289 8693
173894223 95 1129 8694
174260608 84 1837 8712
174684040 97 354 8734
174911972 96 1361 8745
174970009 90 1819 8748
175133713 99 733 8756
175356772 90 504 8767
175561439 98 555 8777
175666421 95 1198 8782
176052035 84 1257 8802
176832382 89 838 8841
177001193 93 265 8849
177114068 90 349 8855
177392277 88 1029 8869
177430394 89 1726 8871
177786525 98 120 8890
178343239 99 1525 8917
178382298 98 1328 8919
178647291 82 1533 8933
179100397 95 1946 8956
179134656 93 328 8958
179331221 93 1425 8968
179468854 97 333 8975
179721468 93 482 8987
179785316 87 174 8990
180489258 99 122 9025
180824441 97 1599 9043
181108405 88 848 9058
181167316 80 1501 9061
181619544 99 834 9084
181654821 81 847 9086
181735524 83 771 9090
181907438 94 238 9099
182290925 84 1677 9118
182735285 87 117 9140
182885623 86 380 9148
182966988 80 512 9152
183451848 91 531 9176
183466848 82 1267 9177
183604615 87 1555 9184
183822289 97 1075 9195
184038123 82 314 9206
184284416 85 961 9218
184331317 95 1716 9220
184681637 87 1814 9237
184819717 91 599 9244
185026805 97 355 9255
185149959 99 222 9261
185167635 93 1578 9262
185617461 88 7 9284
185765424 80 1770 9291
185808135 87 1895 9293
185875162 96 1570 9296
186120674 93 145 9308
186967143 94 1185 9351
187181382 84 1809 9362
187357942 83 1299 9371
187447922 99 612 9375
187573903 93 636 9381
188108026 97 552 9407
188130297 82 377 9408
188327793 81 1143 9417
188680533 99 1633 9435
188741028 81 573 9438
188801178 81 38 9441
188849135 83 452 9443
188950103 91 1750 9448
189258897 93 49 9463
190378276 85 716 9517
191526126 81 1923 9574
191599290 96 1184 9578
191695694 80 945 9583
192118693 90 9 9603
192562182 95 1526 9625
192649799 86 706 9629
192705836 90 64 9632
192750219 86 1810 9634
192984808 82 1066 9646
193061055 97 568 9650
193271396 82 58 9661
193694392 90 1499 9681
193798166 82 906 9686
194178157 99 1124 9705
194229899 90 1041 9708
194270441 90 883 9710
194907316 83 714 9742
194998299 83 244 9747
195018547 82 869 9748
195901513 88 710 9792
195964790 97 791 9795
196026520 91 565 9798
196894044 99 476 9841
197037058 98 121 9848
197204601 90 1195 9856
197283940 95 462 9860
197645721 81 1195 9879
197873744 87 1826 9890
198115428 92 1318 9903
198305750 98 1832 9913
198732133 99 1160 9933
198751725 92 38 9934
198790212 82 949 9936
199339545 99 884 9963
199362568 84 993 9964
199631702 81 1102 9977
199810139 97 1877 9986
199953842 99 690 9993
200121996 99 590 10002
200485857 83 730 10020
200508815 97 1264 10021
201006576 92 222 10045
202442911 86 469 10117
202520793 94 145 10121
202610896 85 794 10126
202671060 87 1819 10129
202756058 85 294 10133
202984036 87 319 10144
203025423 93 1573 10146
203429694 96 1304 10166
203826953 96 1489 10186
203901956 90 1404 10190
204250545 95 684 10207
204438914 84 341 10216
204715453 89 404 10230
204967091 95 1914 10242
205097571 87 211 10248
206382064 85 73 10311
206643500 96 1804 10324
207043434 93 633 10344
207454290 93 59 10366
208259537 90 1747 10408
208367374 81 1180 10414
208683585 90 454 10430
209036129 91 997 10448
209148190 87 751 10454
209170832 82 855 10455
209285120 88 880 10461
209657385 94 1333 10480
209747450 98 280 10484
209833658 85 842 10488
210020401 93 1387 10497
210080927 92 1790 10500
210503441 84 1 10522
210869738 97 1066 10540
210890247 95 1361 10541
210971663 91 761 10545
211226348 81 1558 10557
212117401 98 586 10602
212281747 81 224 10610
212578547 98 1916 10624
212621040 82 1575 10626
212681874 82 1047 10629
212813245 89 1566 10635
213057256 83 960 10647
213238965 92 1906 10656
213259294 95 1056 10657
213321197 91 590 10660
213717834 92 1896 10680
213832312 86 1131 10686
213973299 90 723 10693
214147169 92 1586 10702
214308857 89 553 10710
214494613 93 397 10719
214627658 90 1673 10726
214791810 96 53 10734
215189957 97 745 10754
215447490 95 1342 10767
215504809 83 1792 10770
215525586 86 727 10771
215604314 93 852 10775
216021939 80 103 10795
216109754 85 172 10799
216151138 94 905 10801
217074450 95 1957 10846
217378257 94 1065 10862
217515498 99 1355 10869
217910135 88 1667 10889
217943825 99 1429 10891
218000642 97 1729 10894
219424979 94 1409 10966
219905792 83 1762 10990
219998846 90 335 10995
220073144 82 585 10999
220503284 95 281 11020
221024605 93 902 11046
221208529 93 962 11055
221261236 92 1803 11058
221281251 98 411 11059
221420290 80 266 11066
222171352 95 1659 11104
222418475 98 264 11117
223159239 80 488 11152
223268244 87 601 11157
223812584 81 386 11184
223868169 80 1156 11187
224549789 97 1305 11220
224705725 81 1383 11228
225260833 82 555 11257
225647348 97 537 11276
225921329 94 418 11290
226730712 96 597 11331
227114802 87 1270 11351
227504380 89 860 11371
227603043 98 1459 11376
227918042 97 1091 11392
228109266 88 1197 11401
228687371 85 1564 11431
229168131 87 692 11455
229396197 96 94 11466
229468202 94 978 11470
229551070 96 1032 11474
229969890 92 221 11495
230327564 88 1057 11513
230547172 97 442 11524
231063057 87 831 11550
231207588 95 491 11557
231723056 92 225 11583
231887902 90 1073 11591
232311393 96 1509 11612
232356045 82 499 11614
232833215 96 922 11637
234876246 96 95 11739
234934115 87 1271 11742
235168984 91 538 11754
235245375 87 10 11758
235264109 84 1416 11759
235445787 82 1588 11769
235864331 92 99 11789
235978963 82 387 11795
236178823 84 863 11805
236421069 97 1867 11817
236956694 88 510 11843
237365137 93 1092 11863
237509441 85 799 11870
237549868 90 1724 11872
238028322 87 679 11896
238646086 93 344 11926
238769290 99 1665 11932
239602701 87 1804 11973
239892356 83 892 11988
240295079 94 440 12008
240425153 83 437 12015
241130689 86 538 12051
241326404 94 238 12061
241385788 94 554 12064
241408092 92 144 12065
241700678 85 487 12080
242317237 99 1793 12111
242723721 86 1536 12131
242746422 94 1754 12132
242910144 94 345 12140
243200890 94 98 12154
243810208 87 31 12185
243912979 92 1232 12190
244084121 80 222 12199
244122034 95 828 12201
244248489 85 155 12208
244322555 96 621 12212
244715530 95 1001 12232
244897372 91 891 12241
245085610 86 1093 12250
245229615 82 1532 12257
246136145 91 186 12302
246368595 81 708 12314
246437050 98 911 12318
246524106 89 709 12323
246721528 99 214 12333
246805897 86 1334 12337
246967252 80 457 12345
247168073 93 1090 12355
247203060 80 1498 12357
247425154 97 1936 12368
247634649 89 719 12379
248042213 88 1207 12400
248140159 86 1178 12405
248471680 91 1404 12422
249115976 88 845 12453
249209114 92 1884 12458
249305896 83 920 12463
249367863 97 911 12466
249527557 90 530 12474
249825206 84 1952 12489
250151114 92 1639 12506
250600036 99 25 12528
250675181 82 1928 12532
250839416 96 1411 12540
250915102 93 1914 12544
250952462 89 18 12546
251127495 93 994 12555
251674608 96 1225 12583
252151738 85 358 12607
253355379 92 935 12666
253612653 98 1979 12679
254719630 96 1760 12734
254848365 91 145 12741
254895417 95 370 12743
254941888 87 1755 12746
255024665 88 898 12750
255145929 94 1014 12756
255275811 87 1222 12762
255498096 80 1239 12773
255572618 94 532 12777
255610761 81 1288 12779
255673038 86 531 12782
255875455 92 1485 12791
256119317 87 1950 12803
256803701 80 747 12838
257065474 93 1099 12852
257241213 83 1123 12861
257558246 84 1876 12877
257602623 87 1890 12879
257785949 82 619 12888
258069571 99 1732 12903
258607459 89 197 12930
258737073 97 696 12937
258855573 95 697 12943
258966536 92 1596 12949
258984489 96 949 12950
259489267 90 529 12975
259552097 97 588 12978
259590040 94 352 12980
260116110 97 381 13005
261099593 89 1715 13055
261157586 87 702 13058
261181084 97 94 13059
261587979 98 1012 13080
262059173 92 798 13104
262175998 80 122 13110
262534810 88 1111 13127
262580860 96 1292 13129
262641958 87 1509 13132
263170636 93 419 13158
263341425 91 1545 13166
263559025 83 1928 13177
263769729 94 1842 13188
263995381 99 362 13200
264205161 86 288 13210
265030439 92 1689 13252
265606905 89 1522 13281
265739223 84 168 13287
265865381 94 1970 13294
265887363 93 138 13295
266093522 98 1624 13305
266363813 84 1417 13318
266537367 86 3 13327
267179322 92 473 13360
268058185 92 597 13404
268175988 87 1802 13410
268390667 84 1197 13421
268924195 87 338 13449
269326930 88 1899 13469
269615299 92 1808 13483
270580537 96 1326 13532
270805779 85 1963 13543
270822866 87 1730 13544
270894174 90 1122 13548
271200667 82 609 13564
271666515 83 312 13586
271836562 96 1163 13594
271937215 87 438 13599
272231464 89 297 13613
272250058 84 963 13614
272343400 90 1313 13618
272514070 93 1005 13626
273674414 82 1400 13685
274429465 82 1736 13722
274587173 92 104 13730
274673421 85 1519 13734
274796737 87 1835 13740
275407710 87 1367 13771
276596783 87 379 13830
276900167 91 1675 13845
277610046 84 666 13880
277646187 87 1698 13882
277708775 95 838 13885
277874360 91 486 13893
278559577 85 1218 13927
278915704 84 408 13944
279077983 87 370 13952
279412455 99 1248 13969
279626359 83 1257 13979
279703180 82 1494 13983
279766771 83 1804 13986
279952886 86 429 13995
280268302 99 1872 14011
280370582 94 275 14016
280514778 90 1172 14023
280694773 86 582 14032
280813391 81 45 14038
281027007 92 579 14049
281237665 85 1323 14059
281304747 89 137 14062
281368514 96 1672 14065
281393514 95 428 14066
282181459 90 1208 14106
282198187 99 402 14107
282810965 82 852 14137
282967793 80 83 14145
283531298 89 607 14174
283794226 85 1360 14187
283970823 96 1529 14196
284287465 88 1297 14213
285172928 87 1602 14258
285440735 81 1584 14271
285877547 83 974 14293
286112354 90 1162 14305
286401325 91 1898 14319
287235123 89 873 14361
287690376 86 1604 14383
287811776 86 1657 14389
287963465 96 1922 14397
289505950 92 1069 14475
289592733 86 807 14479
290168837 92 131 14509
290389693 84 1330 14520
290605801 85 705 14531
290622582 83 1539 14532
290927543 93 1155 14547
291085315 80 594 14555
291634230 92 1910 14581
291730792 93 1716 14586
291933243 86 1865 14596
292050143 85 1201 14602
292222960 85 202 14611
292418512 96 1458 14621
292599300 90 1128 14630
292847315 87 1735 14643
292911027 85 294 14646
293035484 90 158 14652
293157507 97 1877 14658
293176818 99 767 14659
293763548 86 174 14688
294098614 92 488 14704
294588053 88 277 14729
294998487 81 1705 14750
295047636 87 1636 14752
295349991 90 545 14767
295563763 83 521 14778
295639065 89 1750 14782
295691334 96 313 14785
296125715 99 115 14808
296510378 96 1179 14828
296590157 90 1330 14832
296688903 97 506 14837
297220077 81 1036 14864
297761832 99 1344 14891
297804003 99 1196 14893
298223749 98 226 14915
298705159 95 1358 14939
299049615 89 142 14955
299357952 86 303 14970
299815844 94 1093 14993
300084695 82 51 15006
300118540 97 670 15008
300200689 96 1009 15012
300252889 80 1390 15015
300433830 87 1573 15024
300725863 98 1955 15039
301372196 84 107 15072
301850724 97 1065 15096
302086400 85 1374 15107
302603809 89 709 15134
302755005 91 1335 15142
302978297 81 1724 15153
303452764 93 799 15176
303545115 87 1573 15180
303569072 95 178 15181
303610139 90 991 15183
303878280 94 512 15196
305920321 99 1781 15297
306153270 91 1925 15308
306334454 83 1632 15317
306382442 91 93 15320
306616230 96 1575 15332
307214539 86 520 15362
307864735 99 266 15395
307978257 83 1995 15401
308097706 95 68 15407
308914160 80 1556 15448
308930312 85 356 15449
309013214 90 567 15453
309099932 85 1691 15457
309333798 95 1444 15468
309807357 81 74 15492
310029928 82 1683 15503
310203123 84 637 15512
310810787 84 1161 15543
311032947 80 1317 15554
311234542 86 1562 15564
311685677 96 1765 15586
311920050 88 1072 15598
312311317 82 1301 15617
312396155 96 1768 15621
312891347 87 12 15646
313059251 93 1797 15654
313161520 80 164 15659
313426535 88 1789 15672
313742482 80 811 15688
313895564 86 239 15696
314050540 88 1073 15704
314786247 82 564 15742
314862924 81 1611 15746
315724511 98 1948 15788
316238821 95 1623 15813
316456479 82 268 15824
316578763 80 977 15830
316726734 86 127 15838
316927430 85 1496 15849
316944943 87 1579 15850
317045166 92 1893 15855
317161366 82 1745 15861
318636046 80 766 15935
319224714 92 1288 15966
319490758 88 687 15979
320019674 92 1361 16006
320572835 87 1896 16034
320754519 81 1528 16044
320996037 89 1255 16056
321032061 87 1492 16058
321483211 95 1591 16081
321669424 83 379 16090
321709196 83 1536 16092
321937999 89 1977 16105
322182613 99 91 16117
322285962 82 1869 16122
322455807 81 1243 16131
322644562 91 1582 16140
322897629 98 767 16153
323338041 85 216 16175
323741580 98 1737 16196
324044188 87 787 16211
324108355 81 297 16214
324304253 83 836 16224
324427966 90 1686 16230
324937463 93 1004 16256
325274111 81 885 16272
325625283 96 370 16290
325710836 94 263 16294
326546783 96 1196 16337
326614433 83 1162 16340
326697597 84 320 16344
326903883 99 350 16354
327358080 88 344 16377
327860193 92 1166 16402
329070609 91 230 16464
329650017 89 318 16493
329675017 88 236 16494
329749401 81 1966 16498
329944442 87 1831 16508
330401825 80 219 16532
330423949 83 1094 16533
330568382 93 1273 16540
330758196 82 1238 16549
331043624 98 768 16563
331605464 94 490 16592
331627686 94 1343 16593
331670475 91 1413 16595
331924970 97 1246 16608
332029964 91 155 16614
332164977 84 479 16621
332389956 94 1569 16632
332449930 83 986 16635
332468631 81 1427 16636
332513880 99 1301 16638
332840533 93 1271 16654
333693621 86 1758 16696
333879849 98 1477 16705
334224946 96 1387 16722
334549300 94 1250 16738
334628879 84 980 16742
334858515 88 741 16753
335686093 93 5 16793
335943416 96 1475 16806
336547212 89 1507 16836
336794214 99 991 16849
336894147 83 1543 16854
336984474 80 1310 16859
337646949 90 1636 16891
337807454 92 106 16899
337871488 89 1145 16902
338196149 82 1672 16918
338237066 93 1521 16920
338621796 88 115 16939
338640280 96 87 16940
339476907 86 1924 16981
339497563 81 484 16982
339886550 96 249 17003
340080711 97 1616 17013
340516672 94 170 17035
340667591 83 653 17042
341592134 96 824 17089
341848914 94 1112 17102
341963284 95 1047 17108
342097585 86 1772 17115
342452885 84 847 17133
342540038 97 295 17137
342559607 91 303 17138
342828748 88 446 17152
342866985 95 1123 17154
343063953 94 1769 17163
343987450 92 1173 17209
344046499 86 175 17212
344474493 96 1725 17233
345182521 99 1740 17269
345424171 99 421 17281
345558123 99 1180 17288
345838595 85 1191 17303
346509372 80 438 17337
346631877 97 898 17343
346652600 89 965 17344
346689725 86 346 17346
346712061 91 1521 17347
347141202 97 743 17368
347302357 91 1268 17376
347657081 90 1390 17393
347751727 88 1074 17398
348330192 95 1524 17426
348617755 90 164 17441
348874652 90 149 17453
349064515 83 575 17462
349360096 90 925 17477
350303996 86 1608 17525
350383381 90 1389 17529
350463300 99 1519 17533
350487466 99 1701 17534
350541689 95 1012 17537
351321288 97 474 17575
351532742 89 1650 17586
352230578 88 1223 17622
352845627 92 1785 17652
352886068 94 619 17654
353513466 85 23 17686
353631682 82 1817 17692
354229019 85 1655 17721
354533762 93 195 17737
354556842 93 1641 17738
355124849 85 67 17767
355162203 97 1581 17769
355183269 97 1819 17770
355517654 87 452 17787
355574129 99 1159 17790
355836677 94 1352 17803
356203723 84 1284 17821
356748708 97 304 17848
357485283 97 215 17885
357670911 97 207 17895
358404167 99 1478 17931
358566030 80 1640 17939
358599256 90 949 17941
359466512 80 1070 17985
360077148 88 697 18016
360210818 87 1309 18023
360293461 90 1143 18027
360429081 87 102 18034
360447873 99 1612 18035
360467862 88 1387 18036
360509028 98 0 18038
360634979 94 1405 18044
361919499 86 402 18108
362356002 90 1309 18131
362417888 89 1484 18134
362887725 93 450 18157
363372594 88 582 18181
363669493 88 1123 18196
364071153 89 1497 18217
364169538 87 439 18222
364289378 88 819 18228
364473974 83 1731 18237
364720255 93 1108 18250
365558641 99 1275 18292
365947947 85 1809 18311
366316507 91 546 18329
366396775 98 835 18333
366434701 93 1696 18335
366554649 97 425 18341
366889939 89 682 18358
366985093 85 452 18363
367298665 92 927 18379
367412350 81 203 18385
369185800 88 1327 18474
369204268 95 634 18475
369389911 88 634 18484
369485997 91 1773 18489
369548070 87 1361 18492
370093526 82 1597 18519
370345127 84 469 18532
370578089 91 1860 18543
370708680 96 1780 18549
370728471 94 198 18550
370937452 89 1850 18560
371120926 94 68 18570
371155574 83 407 18572
371753066 95 549 18602
371969540 96 246 18613
372422083 97 943 18635
372790527 90 569 18653
372834582 84 1743 18655
374087789 88 714 18719
374490850 91 1570 18739
374709042 87 926 18751
374914717 88 1273 18762
376163991 83 1009 18825
376208166 88 1861 18827
376339423 97 1160 18834
376425832 90 1782 18838
376790329 98 1578 18857
376932754 92 1186 18864
377142333 83 1912 18875
377761577 98 369 18906
377800610 86 1443 18908
378141873 98 1735 18925
379069888 84 893 18970
379751928 85 1483 19003
380131546 98 1388 19022
380281843 98 493 19030
380353393 95 115 19034
380827679 82 151 19058
380944779 94 587 19064
380965070 99 24 19065
381931618 83 185 19112
382625000 82 504 19145
382712656 84 1991 19149
382814976 81 1014 19154
383063919 92 990 19166
383105997 90 1967 19168
383146111 81 1895 19170
383162434 80 527 19171
383341490 81 125 19180
383840094 98 1444 19204
383904815 98 1514 19207
384554579 85 1948 19241
384758496 83 487 19251
384989287 96 130 19262
385093045 99 380 19267
385398942 85 1047 19282
385799955 89 87 19302
385819030 91 1 19303
386116632 90 1631 19318
387070025 92 998 19364
387280913 94 1950 19375
387711068 84 1169 19395
387877604 92 841 19403
388022656 93 1746 19410
388264928 90 371 19422
388445472 84 1313 19431
389026054 94 60 19460
389113519 90 314 19464
389435271 90 1484 19480
389725151 94 1143 19494
389781348 82 537 19497
390020185 81 1984 19509
390241368 86 46 19520
390298996 91 234 19523
390800892 83 502 19549
391246466 81 270 19571
391845621 92 798 19602
393127200 85 1865 19665
393714671 85 1201 19694
394156389 84 218 19716
394788489 82 387 19748
396095904 96 409 19812
396273068 94 438 19821
396514439 83 1822 19833
396659532 86 1462 19840
396719349 97 299 19843
397456983 81 37 19880
397619957 82 709 19889
397726325 95 1576 19894
399097980 99 382 19962
399364137 94 1015 19975
399379629 83 436 19976
399416979 90 719 19978
399650132 81 443 19990
399710755 86 1718 19993
