188982 76 213 9
228552 75 1289 11
338949 76 555 16
488076 61 1789 23
749954 70 1188 36
999590 66 990 49
1042545 77 1826 51
1125360 73 556 55
1147268 75 702 56
1983745 65 268 98
1998745 64 65 99
2142266 78 1272 106
2261106 62 547 112
2569050 65 773 128
3378157 61 550 167
3516320 65 1929 174
3682127 75 1490 182
3851941 63 297 190
3916864 68 344 193
3936508 70 634 194
4294099 61 1507 212
4316318 67 1250 213
4549613 62 158 225
4986841 64 67 248
5617673 71 221 280
5945485 76 192 297
6587503 68 1136 330
6801137 65 970 341
7583296 70 993 381
7686991 70 1462 386
7847736 62 1106 394
7980135 66 1604 401
8331310 62 607 418
8442832 68 521 424
9445750 65 1456 475
9491188 70 1875 477
9557805 79 746 480
9667732 60 353 486
9797763 76 1448 492
9858295 66 1885 495
10000956 62 962 502
10218772 69 1784 513
10303375 73 913 517
10701022 71 1614 537
11463314 79 980 576
11824967 67 343 594
12289824 63 1756 619
12445052 76 115 627
12524107 71 1706 631
12961787 76 235 653
13326646 68 746 672
13362165 74 807 674
13401421 69 1618 676
13527993 60 849 682
14048813 73 139 707
14086701 68 1680 709
14669034 65 370 738
15204407 60 1562 765
15388215 64 1824 775
15953035 78 1312 803
16924783 77 443 853
17086641 79 1497 861
17178329 66 337 866
17199342 68 508 867
17538669 70 645 884
17642002 63 1295 889
17681936 62 1967 891
17880733 71 1212 901
18205192 79 1316 917
18287436 64 1930 921
18595562 66 858 937
18680532 73 502 941
19019827 75 1697 957
19113495 66 1475 962
20146332 68 1413 1014
20167881 62 1353 1015
20873042 74 1340 1049
21258624 64 923 1069
21443293 70 1852 1078
21568769 69 1308 1084
21891136 65 166 1100
21975534 65 865 1104
21995972 64 1537 1105
22140243 68 1438 1112
22339679 69 1203 1122
22382012 74 62 1124
22461423 68 1792 1128
22501040 60 151 1130
22809908 79 1343 1146
22972619 67 700 1154
23010906 64 1158 1156
23113018 67 1769 1161
23135535 75 919 1162
23157894 63 1201 1163
23518701 62 1766 1181
23554090 62 514 1183
23895412 68 1770 1200
24414857 78 1318 1226
24645292 70 948 1238
24686979 60 1516 1240
24810646 67 1532 1246
25080750 67 975 1259
25252366 60 1336 1268
26009566 70 139 1306
26028189 63 322 1307
26114700 75 1755 1311
27460043 68 892 1377
27979193 64 1964 1402
28267229 66 1458 1416
28392253 77 444 1422
28537908 67 1749 1429
28743326 71 52 1440
28923902 66 1367 1449
29132775 77 654 1459
29228560 65 844 1464
29455677 79 807 1475
29555215 76 1858 1480
29600280 70 1878 1482
29678281 66 1979 1486
29852847 69 784 1494
29915402 78 818 1497
29935834 73 479 1498
30033609 65 1669 1503
30854415 72 928 1545
31042749 76 1298 1555
31634659 61 792 1585
31808363 70 502 1594
31850460 65 810 1596
32686455 73 1680 1638
32801959 72 1811 1644
33994830 78 1448 1704
34748641 60 507 1741
35202907 63 1830 1764
35426226 60 363 1776
35900260 68 1771 1800
36107908 60 758 1811
36350530 77 66 1823
36842561 64 1901 1847
36864944 60 1 1848
36952573 79 1366 1852
36976367 70 1811 1853
37015066 62 673 1855
37052298 75 996 1857
37130943 72 1017 1861
37376100 61 1714 1873
37663083 62 1775 1886
37706661 61 1232 1888
37903016 70 1794 1898
38190688 70 837 1913
38249146 70 136 1916
38804081 69 867 1943
39019206 71 1090 1954
39416768 62 1780 1974
39436702 62 1797 1975
39770043 60 236 1991
40331917 64 703 2018
40394031 65 194 2021
40754514 65 26 2040
41108367 68 1714 2058
41399420 61 77 2073
41663336 71 1708 2086
43221402 61 749 2165
43401936 61 1217 2175
43781691 72 95 2194
44064462 62 1388 2208
45103766 76 251 2260
45202373 76 880 2265
46123917 78 1358 2311
46143131 68 1484 2312
46946625 79 1392 2351
47224177 75 1404 2365
47347707 65 1271 2371
47889457 75 1961 2398
47950673 65 1627 2401
48310150 65 586 2419
48466972 70 252 2427
49272532 65 1234 2467
49579025 70 1583 2483
49801619 62 1693 2493
49821397 65 926 2494
49940294 74 549 2500
50282543 64 1587 2517
50487896 63 1805 2527
51392121 79 1293 2570
52212803 78 370 2613
52268767 61 1385 2616
52650335 69 1018 2635
53159460 79 626 2660
53321337 64 570 2668
53390357 67 1819 2671
53555928 72 1791 2679
53855725 72 1626 2694
54463552 78 186 2724
54614987 70 1986 2732
54845107 60 1723 2743
55049640 79 1135 2753
55064640 60 556 2754
55407761 71 490 2772
56402560 63 875 2823
56574593 73 1251 2831
56684190 65 1817 2836
56927010 76 1823 2848
57026942 66 960 2853
57066195 63 234 2855
57795447 63 1928 2891
58506813 76 1481 2926
58656016 62 782 2934
59079276 74 1927 2955
59376461 75 720 2969
59460763 74 1189 2973
60357362 60 1346 3016
60416857 72 1436 3019
60705717 67 82 3034
61053318 60 1412 3051
61736713 74 1642 3084
61932734 61 1667 3094
62017438 70 873 3098
62036516 62 1438 3099
62379386 79 833 3116
62901550 65 1271 3142
62978024 69 289 3146
63069183 76 706 3151
64161742 62 778 3207
64795123 61 560 3238
64812457 61 16 3239
64852360 68 70 3241
65152774 78 794 3256
65443260 70 145 3271
65506849 69 1427 3274
65832137 66 426 3290
65893187 65 319 3293
66099024 70 476 3303
67049698 68 475 3352
67837260 60 1154 3391
68054714 61 1696 3401
68079714 65 179 3402
69540841 60 1987 3474
69579548 74 1657 3476
70736777 68 641 3533
70978045 79 1423 3545
71371610 64 989 3566
72045205 73 1708 3601
72148333 73 38 3606
72565271 77 1165 3627
73244039 69 1637 3661
73790930 76 378 3689
73944379 74 1060 3696
74071009 75 1500 3702
74339149 65 387 3715
74380728 67 1582 3717
74437290 65 506 3720
74484651 78 1417 3722
74913671 78 695 3744
75457313 76 1836 3771
75805814 73 1464 3789
76211026 67 1664 3809
76227312 67 936 3810
76248957 76 1933 3811
76325314 72 1578 3815
76644393 68 946 3830
76862538 60 638 3841
77025886 75 1333 3849
77208818 64 1657 3858
77662814 74 1963 3882
78033939 76 1395 3901
78413055 67 472 3919
79909550 69 31 3996
80022388 68 1835 4002
80176165 71 1264 4009
80198211 67 1994 4010
80714605 64 388 4035
81360864 78 221 4067
81377865 79 1679 4068
81557959 61 502 4077
82943315 64 1255 4146
83564705 67 902 4179
83728613 64 163 4187
83767959 64 807 4189
84327217 78 989 4216
84817752 65 374 4241
86480657 74 455 4325
86557686 78 971 4329
86732110 78 938 4338
86756124 73 625 4339
87260321 60 1850 4364
87707110 74 146 4386
88010420 69 172 4401
88050673 68 1072 4403
88126780 66 1253 4407
88173328 71 1440 4409
88192905 62 502 4410
88211536 66 332 4411
88503968 68 604 4426
88561418 69 969 4429
89231399 74 1387 4463
89445194 67 965 4474
89518046 64 1220 4478
89536996 76 1014 4479
89682719 64 327 4486
89749013 78 201 4489
90031830 76 757 4503
90683986 74 1069 4534
90721495 62 1097 4536
90761528 73 1173 4538
90982189 76 918 4549
91301600 64 258 4565
91338311 79 355 4567
91827801 69 1887 4592
91922938 79 838 4597
92092486 68 1805 4606
92112328 66 785 4607
92134319 74 278 4608
92278125 61 741 4615
92518436 75 1692 4627
92958673 78 425 4649
93037433 60 363 4653
93232030 71 747 4663
93551896 79 762 4679
93569164 65 1537 4680
93980408 66 160 4701
94276500 70 37 4716
94656204 60 1846 4735
94922773 69 1274 4748
95126150 75 1845 4758
95943371 79 8 4798
96131707 75 1119 4807
96174767 61 1514 4809
96417305 66 1259 4821
96660210 72 1435 4833
96963849 69 888 4848
97323990 74 1098 4865
97623147 70 1505 4879
97662474 66 257 4881
98329192 74 537 4913
98620185 77 977 4928
98867987 62 677 4940
99270129 60 1261 4960
99386335 62 1366 4966
99647352 70 1379 4980
99914731 77 1816 4993
100426901 62 1977 5018
100513318 70 1371 5022
102161185 67 1943 5105
102435237 72 114 5118
102519145 72 1146 5122
103008951 70 1553 5147
103383131 64 1354 5166
103417863 62 607 5168
103604388 64 627 5177
103975184 63 1144 5196
104138887 78 1934 5204
104647366 64 1341 5228
104969994 66 379 5244
105346585 71 964 5263
105405098 75 496 5266
106768719 70 84 5334
106896940 65 1352 5340
107067091 62 1972 5348
107578440 72 260 5374
107923612 61 1786 5391
107995916 71 198 5395
108253568 78 743 5409
108432159 78 1879 5419
108449261 74 604 5420
108556201 79 380 5425
108898972 66 660 5442
109092897 74 1272 5452
109297136 72 395 5462
109394314 60 1749 5467
109427060 70 1735 5469
109485306 62 1631 5472
109641661 75 246 5480
109680377 75 1083 5482
109825614 76 1276 5489
110025485 77 657 5499
110444044 62 1370 5519
110748904 75 1271 5534
112030287 63 12 5598
112097495 63 981 5602
112177323 67 264 5606
112244231 74 336 5609
112811350 66 92 5638
113246075 71 676 5659
113342674 78 1259 5664
113377865 62 801 5666
113538393 65 777 5674
113940983 64 322 5693
113985093 69 1692 5695
114192530 66 590 5706
114586146 77 751 5725
114972577 73 1510 5744
115906195 61 1914 5791
116224197 75 370 5807
116244852 68 937 5808
116748817 79 820 5834
116826490 67 1693 5838
117251717 78 1389 5859
117856131 63 570 5889
118021812 61 219 5898
118347551 60 49 5915
118565494 76 195 5926
118934193 79 44 5945
119390963 78 298 5969
119603557 74 374 5979
120255838 77 1123 6012
120507028 73 1774 6024
121036165 75 913 6050
121361086 72 1972 6066
121816335 61 135 6089
122885276 64 1495 6144
123194018 64 508 6160
123503290 70 450 6175
123812649 76 856 6190
123959054 77 982 6197
123994609 64 1366 6199
124176253 63 1188 6208
124840052 65 1974 6241
124943670 61 1201 6246
125279391 64 1880 6262
125392350 71 1772 6268
125832013 64 185 6290
126003628 73 576 6298
126061274 67 1417 6301
126079771 61 156 6302
126160252 62 107 6306
126335391 69 1250 6315
126460997 67 1698 6321
126558301 79 523 6326
126683505 67 627 6332
126834036 61 1417 6339
127000181 74 989 6347
127733634 74 1566 6383
127912187 71 570 6392
128196259 60 1892 6406
128378794 69 1171 6415
128419011 74 147 6417
129072045 61 1387 6451
129214711 64 1119 6459
129623966 70 509 6480
129746568 70 657 6486
129807738 66 1700 6489
130101074 62 988 6504
130242396 62 230 6511
130711515 67 850 6534
130745816 69 585 6536
131011506 64 552 6548
131072787 76 293 6551
131157010 71 272 6555
132346294 61 1748 6616
132594255 64 883 6628
132646388 72 1846 6631
132671388 79 1836 6632
132745775 67 1469 6636
132785140 64 1491 6638
132806512 75 714 6639
132821512 71 1902 6640
132903717 72 894 6644
133145832 60 810 6656
133162615 69 930 6657
133608186 76 185 6679
133644672 78 3 6681
133886660 66 1724 6694
134068967 62 1610 6703
134472239 72 925 6723
134533941 61 1760 6726
134656463 61 672 6732
135334546 63 1486 6766
135543781 78 327 6777
135589354 78 562 6779
136002791 72 1301 6800
136242229 60 763 6812
136312661 74 1986 6816
136720531 72 702 6836
137792017 71 1923 6888
138696148 75 1091 6932
138896414 70 370 6942
138972426 75 347 6946
139488871 65 1640 6971
140031427 76 1226 6998
140236288 78 795 7008
140334515 67 387 7013
140415961 74 1922 7017
140607133 72 1445 7027
141116397 61 1142 7052
141566769 63 687 7074
142069122 63 1699 7099
142599046 61 1330 7125
143209379 77 548 7155
143457111 77 1371 7167
143994518 67 369 7193
144013938 72 1779 7194
144197907 65 1004 7203
145145879 75 364 7251
145383186 75 1107 7263
145484007 69 204 7268
145506033 65 232 7269
146150080 65 907 7301
146171793 71 1839 7302
146921179 67 727 7340
147091469 73 440 7349
147405375 70 859 7365
147988902 61 615 7394
148430242 74 375 7416
148568336 79 465 7423
148589186 73 459 7424
149026030 72 18 7446
149507834 64 177 7469
149701858 63 493 7479
149738402 68 1469 7481
149762111 69 1400 7482
150855694 78 17 7537
150981858 61 1005 7543
151048168 73 883 7546
151296060 60 712 7559
151352067 64 1975 7562
151990613 72 1604 7594
152216040 69 691 7605
152619484 73 159 7625
152658922 68 145 7627
152787974 74 1934 7634
153156602 79 345 7652
153480373 69 1093 7669
154610259 73 1690 7724
154955719 69 1024 7742
155034974 66 5 7746
155052981 69 1590 7747
155320945 64 495 7760
155600855 79 753 7774
155695719 78 977 7779
155863397 67 1888 7787
155942780 79 227 7791
156079627 75 956 7798
156194113 64 330 7804
156417377 63 1034 7815
157101483 79 517 7849
157268797 76 1197 7857
157327262 67 230 7860
157691846 61 972 7879
157735548 65 1178 7881
157796385 63 230 7884
157969171 65 1021 7893
158010773 70 1363 7895
158115933 68 329 7900
158452407 60 1524 7917
159695726 67 103 7981
159912259 67 207 7992
159967398 79 50 7995
160365702 70 1822 8014
160812950 61 1912 8036
161241795 60 1919 8057
161305271 78 947 8060
161474884 71 1972 8069
161604569 71 70 8076
162096500 69 1570 8101
162187488 61 218 8105
162271885 72 390 8109
162998585 60 634 8145
163371751 61 484 8163
163472577 63 1319 8168
164112295 69 144 8200
164377053 68 119 8213
164932121 62 173 8242
165435308 72 409 8267
165453373 63 352 8268
165588212 60 1008 8275
165807065 76 1075 8286
165862304 60 1891 8289
166046598 67 1752 8299
166169674 66 1649 8305
166953890 60 18 8345
167990096 67 495 8396
168141050 61 1360 8404
168405842 64 1836 8417
168577507 67 1876 8426
168753242 69 405 8436
169398413 60 918 8468
169566425 63 1505 8476
169666760 66 104 8481
169867336 63 317 8491
169991928 79 1319 8497
170169015 75 832 8506
170375569 70 1205 8516
170434302 72 1940 8519
170511694 60 123 8523
171004984 64 1288 8549
171310212 69 909 8564
172005494 61 73 8598
172875492 62 856 8643
173101957 78 574 8654
173443856 79 842 8671
173514710 61 1417 8675
174006205 79 545 8699
174275939 77 1310 8713
174291493 76 912 8714
174388108 68 258 8719
175780771 76 277 8788
176290700 69 1915 8813
176310400 66 1073 8814
176561813 64 446 8827
177201255 70 507 8859
177301832 69 710 8864
177341056 76 189 8866
177372820 64 50 8868
178234426 71 268 8912
178558859 78 1919 8928
178794868 62 979 8940
178991575 76 1941 8950
179488511 60 712 8976
179765913 62 69 8989
180058083 70 1164 9003
180153153 68 666 9008
180457728 64 1163 9023
180528059 64 1959 9027
181186323 71 1939 9062
181433022 69 555 9075
181495136 65 1318 9078
181537637 74 443 9080
182206824 66 533 9114
182401881 62 1523 9123
182563884 69 513 9131
182815216 68 83 9144
182929987 63 697 9150
183079695 64 1215 9158
183738493 66 110 9191
183904473 68 367 9199
184268233 64 1631 9217
184306317 75 1140 9219
184560332 60 427 9231
184594418 76 1257 9233
184659277 72 1247 9236
185890162 73 415 9297
185958019 67 563 9300
186103319 67 572 9307
186162838 72 1159 9310
186407444 65 511 9322
187265726 68 486 9366
187733684 62 1857 9389
187902059 69 1987 9397
189344174 61 29 9467
189435506 74 243 9471
189520727 76 1881 9475
189590056 70 1366 9478
189605907 71 405 9479
189928200 75 349 9495
190120801 67 104 9504
190298880 75 1812 9513
190320769 79 1284 9514
190560433 77 1259 9526
190664669 65 1963 9531
190907985 63 655 9543
191025719 79 1452 9548
191218973 72 1418 9558
191806997 75 170 9588
191872211 73 1260 9591
192253921 63 796 9609
192273353 61 1343 9610
192374122 74 11 9615
192391121 62 944 9616
192666215 68 887 9630
193504764 69 93 9672
193627094 72 1878 9678
193714909 76 1555 9682
194197230 66 1744 9706
194412672 73 1990 9717
194892316 69 1928 9741
195172690 69 1738 9756
195193403 71 1829 9757
195372630 72 1216 9766
195528126 61 1851 9773
196196686 61 147 9806
196510427 63 48 9821
196529455 74 162 9822
197223028 62 1643 9857
197547400 77 1854 9874
197662086 66 1926 9880
198971541 73 602 9945
199044559 68 737 9949
200279519 78 716 10010
200300195 66 229 10011
200361509 71 431 10014
200797622 72 1468 10035
201208273 62 1760 10055
201323257 65 586 10061
201487314 74 234 10069
201734008 60 1541 10081
202071424 64 1713 10098
202835750 70 1313 10137
203004158 68 259 10145
203291618 76 47 10159
203409760 71 399 10165
203444694 65 1553 10167
203557663 65 1715 10173
203945100 62 571 10192
204160238 72 1120 10203
204225545 69 456 10206
204270584 62 813 10208
204374076 65 831 10213
204863655 62 979 10237
204988883 65 1280 10243
206879637 64 21 10336
206894637 64 1578 10337
206959578 76 1505 10340
207004523 66 149 10342
207315843 69 1457 10359
207639544 79 256 10376
207739608 75 940 10381
207853289 62 1687 10387
208133202 75 585 10401
208708585 60 336 10431
208790851 64 1395 10435
209728108 67 658 10483
210177609 78 1958 10505
210268050 68 826 10510
210572922 71 922 10525
210609667 73 853 10527
211115521 60 967 10552
211777467 64 1557 10585
212266747 75 1636 10609
212363618 67 851 10614
212412252 61 290 10616
212898663 66 1007 10639
212920954 61 777 10640
213001071 64 1208 10644
213080067 70 272 10648
213399772 74 1038 10664
213420107 66 636 10665
214086104 78 545 10699
214423409 75 113 10716
214592182 67 1467 10724
214860023 66 1470 10738
214943655 77 32 10742
215854635 70 1400 10787
215956059 68 759 10792
215980677 67 267 10793
216298300 79 1515 10808
216380873 70 1407 10812
216497801 76 96 10818
217557519 75 107 10871
217927175 69 251 10890
219140977 62 784 10951
219468745 67 1679 10968
219524181 77 31 10971
219584369 60 823 10974
219622617 65 1502 10976
219642883 61 1072 10977
219700066 76 346 10980
219828228 79 1094 10986
219943301 67 155 10992
220163926 73 1644 11004
220345644 61 57 11013
220818187 70 1598 11036
221132604 68 509 11051
221379662 71 379 11064
221697077 78 1177 11079
222302527 72 908 11111
223015885 77 182 11145
223141520 61 715 11151
223606843 64 986 11174
223628839 76 384 11175
223706968 67 1482 11179
223848807 69 72 11186
223950725 60 1779 11191
224244982 78 513 11205
224265478 77 1007 11206
224401785 75 274 11213
224526288 68 282 11219
224748492 67 1110 11230
224768565 64 1117 11231
224930359 69 781 11240
225724845 71 385 11280
225992588 62 568 11294
226459673 66 986 11317
226540525 74 117 11321
226799088 74 1127 11335
227310979 68 1949 11361
227467183 63 1044 11369
227524389 75 962 11372
227628043 73 1688 11377
227843157 72 1778 11388
228376667 66 914 11415
228550424 70 1195 11424
228786505 72 854 11436
230412676 70 1293 11517
231020331 71 814 11548
231041003 78 873 11549
231311619 69 686 11562
231481274 61 1135 11571
232397587 62 1776 11616
232645545 69 695 11628
232874426 72 1752 11639
233137562 70 182 11652
233202310 62 787 11655
233242310 77 796 11657
233546489 75 1200 11672
234015488 76 732 11696
234185617 76 1892 11704
234711653 67 554 11730
234954929 60 469 11743
235338894 63 1219 11763
235761250 63 1993 11784
235844821 63 373 11788
235905075 64 1061 11791
235961580 70 1115 11794
236144179 65 87 11803
236439817 71 753 11818
236640683 69 1397 11828
237000083 69 108 11845
237660019 72 1659 11878
237706736 71 768 11880
238831084 72 1081 11935
239251223 67 329 11956
239353693 61 17 11961
239373496 62 78 11962
239394532 66 1214 11963
239436744 60 530 11965
239869053 60 1018 11987
240020578 79 37 11994
240111823 63 1581 11999
240211946 72 226 12004
240639038 62 1285 12026
240792479 63 1875 12034
240861337 63 44 12038
241065267 60 1922 12048
241112670 67 1568 12050
241145689 66 1747 12052
241246715 70 50 12057
241344013 77 1693 12062
241717450 74 1608 12081
241881130 60 851 12089
241964527 61 1507 12093
242052861 61 1713 12098
242114360 68 600 12101
242397247 77 1833 12115
243119094 64 1356 12150
243402540 75 1444 12164
243625263 78 1690 12175
243642017 78 938 12176
243967100 67 1266 12193
244406396 68 1263 12216
244575655 60 1772 12225
245368776 64 768 12264
245753740 64 1873 12283
246295294 60 1549 12310
246616260 63 770 12328
246656634 71 1847 12330
246950640 60 956 12344
247247444 69 1764 12359
247310083 74 877 12362
247369213 77 406 12365
247492393 72 136 12372
248578724 66 1915 12427
248773034 77 1595 12437
248960266 68 713 12446
249900177 70 1916 12493
250392747 63 1760 12518
250438911 70 1405 12520
250553287 78 1953 12526
251416214 60 162 12570
251866617 70 1066 12593
252440909 68 1813 12621
252522942 72 616 12625
252566430 67 1165 12627
252805922 79 1693 12639
253234035 67 932 12660
253631747 69 535 12680
254074034 71 679 12702
255919983 62 1340 12793
256497043 61 43 12822
256557387 76 986 12825
256783901 76 1580 12837
257179639 63 25 12858
257195471 65 785 12859
257365288 66 1681 12867
257445439 71 805 12871
257468434 61 215 12872
257664824 72 530 12882
257851817 65 1345 12891
258390905 67 874 12919
259667982 76 1184 12984
259724685 77 1755 12987
259807341 62 590 12991
259824202 71 918 12992
260046096 76 1211 13002
260770440 63 1240 13038
260854491 66 783 13042
261200281 61 1793 13060
261801286 62 1134 13090
261822112 74 1332 13091
262621891 61 546 13131
262705526 64 1503 13135
262811283 78 1370 13140
263449824 67 1640 13172
263788156 78 1923 13189
263805656 65 308 13190
263972154 65 1735 13199
264054744 75 972 13203
264355185 64 495 13218
264439970 65 1857 13222
264478950 66 499 13224
264669540 61 1682 13233
264687865 68 1723 13234
265007702 67 787 13251
265296249 61 1544 13265
265671543 76 1650 13284
265696543 62 1653 13285
266030776 73 1855 13302
266236889 75 1389 13312
266297277 78 1963 13315
266321424 77 456 13316
266388582 78 844 13319
266665868 77 1710 13333
267219337 77 1198 13362
267281830 62 657 13365
267358839 62 426 13369
267810492 76 1785 13391
268035622 65 650 13403
268131897 68 962 13408
268336442 75 955 13418
268549414 73 1287 13429
268569708 71 1402 13430
268606201 62 1364 13432
268906929 67 1203 13448
269068439 72 612 13456
269266227 65 595 13466
269910921 72 740 13497
270089305 67 970 13506
270289892 76 1149 13517
270344678 69 1503 13520
270462854 69 1603 13526
270539309 63 184 13530
270557964 77 738 13531
270690055 61 564 13537
271245157 60 79 13566
271389293 78 625 13573
271546158 68 115 13580
271897518 62 1395 13597
271917639 75 1935 13598
272026586 73 830 13603
272607699 72 1572 13631
272760246 64 528 13639
273206718 71 711 13661
273224112 69 1166 13662
273369205 65 386 13669
273608917 71 378 13681
273640027 64 1737 13683
273998001 77 1666 13701
274175773 74 396 13709
274754256 79 868 13738
274841738 67 1223 13742
275017030 64 554 13751
275185400 71 1145 13760
275227716 76 1818 13762
275245817 67 930 13763
276022148 64 794 13801
277688634 69 665 13884
277916802 69 1374 13895
277998164 72 742 13899
278538192 64 82 13926
279188563 61 1561 13958
279433999 68 845 13970
279833506 69 882 13989
280188580 67 1153 14007
280203580 61 1838 14008
280635640 67 1826 14029
281321487 68 857 14063
281621782 75 142 14078
281831551 74 1649 14088
282025859 62 1261 14098
282442558 64 40 14119
282461075 78 367 14120
282502792 69 609 14122
282563120 70 1060 14125
282584256 78 1401 14126
283447193 70 525 14170
284006557 70 1975 14198
284103597 60 628 14203
284232162 72 66 14210
284497834 62 1062 14224
284710833 77 344 14235
284979425 61 596 14248
285481233 65 643 14273
286456558 64 44 14322
286543464 62 117 14327
286657250 62 201 14333
286696464 75 1645 14335
287256890 67 986 14362
287453099 60 944 14371
287528092 65 209 14375
287907069 60 858 14394
288494898 78 1655 14424
288538067 69 101 14426
289229057 63 87 14461
289632771 78 390 14481
289976573 78 1646 14499
290148213 79 1655 14508
290447582 67 20 14523
290879379 61 1315 14545
291516909 64 1679 14575
291953156 73 771 14597
292009199 64 1104 14600
292186685 66 1394 14609
292832315 73 1446 14642
292890764 60 1966 14645
293053704 68 1168 14653
293221115 71 1992 14661
293277506 60 1900 14664
293298802 78 1809 14665
294041859 62 515 14701
294238386 63 1933 14711
294469734 65 430 14723
294793199 68 768 14739
294900385 69 1705 14745
295197951 67 1776 14759
295506718 71 1127 14775
295530137 73 1618 14776
295760018 77 1493 14789
295838318 79 188 14793
296946259 71 1157 14850
296987098 77 769 14852
297394669 75 1026 14872
297518281 67 1052 14878
297537698 76 1128 14879
298106472 71 470 14909
298347041 66 726 14921
298387839 76 440 14923
298522893 72 1698 14930
298842779 77 468 14945
299248389 73 238 14965
299631404 67 1735 14984
300020839 66 148 15003
300331238 65 1493 15019
300618538 77 1902 15033
300902404 68 465 15048
301120374 79 1917 15059
301348414 62 1455 15071
301812344 71 84 15094
302120539 79 268 15109
302346181 69 1416 15120
302735488 61 232 15141
303037606 73 653 15156
303062203 64 476 15157
303128360 78 1392 15160
303711839 76 358 15188
304136287 60 984 15209
304340779 67 1459 15219
304380768 66 764 15221
304478715 60 1662 15226
304561830 68 744 15230
304610703 79 1847 15232
305778045 73 778 15290
305798113 68 660 15291
306090042 66 895 15305
306190316 67 1777 15310
306910890 61 848 15347
307073932 66 1991 15355
307117582 75 970 15357
307136580 75 274 15358
307289616 69 680 15366
307765628 75 194 15390
307839735 76 1892 15394
308245577 78 399 15415
309031624 65 1059 15454
309246399 77 1248 15464
309598750 78 993 15481
309613750 77 1433 15482
309903792 77 1406 15497
309990914 68 483 15501
310065026 64 264 15505
310226782 74 1320 15513
311146316 60 71 15560
311168186 78 511 15561
311371118 70 770 15571
311459471 67 1186 15575
311662617 73 1192 15585
312167910 79 1660 15610
312288952 76 901 15616
312352584 65 1080 15619
312566190 76 953 15630
312753158 75 1 15639
312913499 70 112 15647
313103148 68 1197 15656
313246143 61 218 15663
313699372 79 1116 15686
314003164 61 79 15702
314282249 74 988 15716
314401984 73 866 15722
314592917 72 1252 15732
314690905 63 1891 15737
314928564 67 640 15749
316255795 63 1697 15814
316701734 62 139 15837
316762463 64 1985 15840
317097053 69 91 15858
317117415 79 1923 15859
317792672 62 954 15894
318537345 79 699 15930
318556070 77 286 15931
318658305 60 1624 15936
318787146 67 1045 15943
318959097 73 475 15952
319033977 66 1709 15956
319064448 63 825 15958
319267929 69 523 15968
319565740 66 1457 15983
319664308 71 6 15988
320088461 76 1936 16010
320289910 62 894 16020
320605402 75 819 16036
320717304 64 109 16042
320894190 63 1020 16051
321067662 68 1081 16060
322085023 65 330 16112
322141374 60 1318 16115
322705955 74 666 16143
322762847 66 1208 16146
323943779 74 446 16206
324083977 78 1805 16213
324657328 64 563 16242
325175561 70 1265 16267
325394286 72 1752 16278
325917737 70 1388 16304
326087354 79 1904 16313
326122407 76 444 16315
326213716 61 1695 16320
326271122 78 547 16323
326325711 62 1223 16326
326492649 63 287 16334
326977141 62 148 16358
327180226 72 1847 16368
327198322 73 270 16369
327482787 69 675 16384
327579039 64 1922 16389
327722072 63 753 16396
328531065 77 1129 16437
328554422 61 927 16438
328636512 79 1603 16442
328911421 74 1978 16456
329444113 68 48 16483
330143099 67 659 16518
330722441 76 676 16547
330918587 71 1591 16557
330962546 72 179 16559
331121866 71 668 16567
331472324 77 1169 16585
331872538 79 840 16605
332369730 61 1826 16631
332921940 69 571 16658
333794375 72 1929 16701
334023927 74 681 16712
334170308 66 593 16719
334187413 73 861 16720
334609881 74 1037 16741
334736999 75 92 16747
334900686 61 978 16755
335145752 71 1441 16767
335434021 77 92 16781
335603340 72 1493 16789
335644425 69 60 16791
335838203 72 1764 16801
336501229 76 1438 16834
337468562 70 468 16882
337621949 72 1549 16890
337685831 61 465 16893
338102337 73 328 16913
338275555 76 1435 16922
338331900 74 474 16925
338663607 77 246 16941
338684091 70 320 16942
338899141 66 1620 16953
339006160 64 274 16958
339023517 61 1570 16959
339132279 63 580 16964
339155029 66 1034 16965
339756784 73 435 16996
340767148 66 1919 17047
340948688 70 1833 17056
341209785 63 694 17069
341510755 62 178 17085
341752803 75 1002 17097
342078290 68 1554 17114
342336024 73 624 17127
342807566 69 1586 17151
343561840 70 1168 17187
343597964 69 974 17189
344252179 67 791 17222
344861008 68 997 17252
345399171 61 1699 17280
345876093 79 455 17305
346055424 68 439 17314
346529575 74 1868 17338
346761229 61 1126 17349
346922656 63 675 17357
347714484 74 727 17396
347914423 61 455 17406
348186077 72 1080 17419
348384792 68 58 17429
348456113 71 1184 17433
348481000 65 758 17434
348913587 72 1527 17455
349164694 78 1674 17467
349512366 61 576 17485
349644965 76 1380 17491
350781260 67 1643 17549
351570255 74 1051 17588
351706246 66 854 17595
351761571 68 87 17598
351855321 74 882 17603
352254353 74 657 17623
352476066 60 33 17634
352736900 61 1331 17647
353002084 79 746 17660
353595055 64 1505 17690
353714479 74 1067 17696
354102797 65 641 17715
354148448 79 18 17717
354212975 78 1858 17720
354254019 64 736 17722
354419135 70 1459 17731
354458125 65 1940 17733
354581842 70 1801 17739
354663859 73 1465 17743
354760710 68 1000 17748
355282636 73 1871 17775
355689690 68 1182 17796
355730909 77 462 17798
355965606 69 958 17809
356024084 73 760 17812
356046315 67 1732 17813
356425054 75 587 17832
356648502 64 1121 17843
356876823 67 168 17854
356897687 69 1755 17855
357361653 75 159 17878
357520884 77 1719 17887
358009670 78 841 17912
358029641 70 706 17913
358198592 67 75 17921
358285641 75 1431 17925
358459604 65 49 17934
358483923 79 1866 17935
358768148 75 808 17949
358849766 68 479 17953
359043234 61 401 17963
359350058 63 1703 17979
359726240 73 562 17998
360190745 60 929 18022
360334651 67 4 18029
361536376 78 1288 18088
361755125 70 1665 18099
361822534 72 815 18103
362095890 79 1251 18117
362709156 67 833 18148
362790715 76 1621 18152
362995384 74 1248 18162
363387594 72 123 18182
363570895 76 920 18191
363631649 72 372 18194
363649297 72 526 18195
363971069 76 1671 18212
364056153 62 1012 18216
364149204 69 387 18221
364245881 72 678 18226
364394715 63 275 18233
364756031 69 1585 18252
364778988 62 103 18253
365019269 71 390 18265
365712216 70 1778 18300
366061567 65 277 18317
366492672 62 1901 18338
366592519 63 756 18343
367139562 60 1901 18371
367703717 60 340 18400
367787145 65 1818 18404
368046897 77 1597 18417
368193457 61 1235 18424
369035811 76 1046 18466
369907628 60 1840 18510
369948131 60 109 18512
370558600 63 556 18542
370748242 75 1498 18551
371031139 68 451 18565
371087629 79 157 18568
371499588 69 1917 18589
371598856 79 1913 18594
371928393 68 947 18611
372384364 77 245 18633
372578004 68 1663 18643
372858115 76 7 18656
373063103 63 1387 18666
373143483 61 921 18670
373325379 65 588 18680
373796513 67 863 18704
373834487 74 1481 18706
373894347 75 1429 18709
374007227 79 1318 18715
374122873 72 462 18721
374211702 62 308 18725
374512918 60 1147 18740
374622169 74 1942 18746
374671405 70 175 18749
375175625 67 1471 18776
375255645 64 1075 18780
375431734 66 1917 18789
375998630 73 659 18817
376316211 65 552 18833
376442586 77 479 18839
377400403 66 1129 18888
377569247 63 1997 18896
377962279 72 468 18916
379154868 61 930 18974
379728975 61 1103 19002
379826537 73 741 19007
379928882 64 1297 19012
380200421 61 1435 19026
380220802 67 1715 19027
381032995 63 382 19068
381179152 70 1471 19075
381285247 62 162 19080
381428824 71 50 19087
381871997 71 16 19109
381906618 67 827 19111
381972771 77 1262 19114
382112541 72 1397 19121
382261889 63 419 19128
382585950 75 1581 19143
383262984 70 711 19176
383304416 78 1173 19178
383511904 75 975 19188
384046547 72 830 19214
384087851 68 15 19216
384111466 62 7 19217
385046702 79 1126 19265
385114575 63 1809 19268
385139575 63 986 19269
385300338 66 704 19277
385723818 73 424 19298
386219411 75 1002 19323
386801976 65 1811 19351
386839618 73 1142 19353
386915817 71 430 19357
387045025 68 49 19363
387263186 63 750 19374
387412808 70 322 19381
387434900 79 1278 19382
387639332 72 1908 19392
387686068 77 412 19394
388203866 68 906 19419
388635568 74 420 19440
388656019 65 1615 19441
388768735 71 1414 19447
388929547 67 207 19455
389131927 74 951 19465
389357570 73 1067 19476
390354594 77 1124 19526
390745108 70 1435 19546
391416155 75 849 19580
391456155 72 1178 19582
391766333 76 67 19598
392695987 64 1063 19644
392736134 62 987 19646
393223055 77 48 19670
393322217 78 510 19675
393386488 67 208 19678
394016676 62 117 19709
394252233 76 876 19721
394481561 70 959 19733
395966226 73 1271 19805
396135590 63 1900 19814
396192563 77 1894 19817
396396555 63 98 19827
397055499 72 704 19860
397413133 72 985 19878
397473674 66 1856 19881
397901048 69 1672 19903
398183054 63 774 19917
398848261 70 13 19950
399136819 74 700 19964
399349137 62 1780 19974
399532427 76 1111 19984
399801087 78 1828 19998
