251254 13 428 12
362451 14 264 17
799121 3 1313 39
1059102 0 1193 52
1167156 5 658 57
1186077 9 14 58
1267090 2 1067 62
1755415 15 1885 87
1776110 12 1909 88
2179398 16 1532 108
2200684 14 1060 109
2499112 13 451 124
2536598 9 1064 126
3275800 7 117 162
3337490 19 1361 165
3706233 16 1686 183
3769515 6 467 186
4525470 4 1250 224
4817221 18 239 239
4840532 2 1733 240
5651203 17 642 282
6546757 12 257 328
6690665 3 25 335
6818543 6 1051 342
7865287 0 330 395
7904634 10 968 397
7921351 14 691 398
8142800 17 774 409
8461936 14 1147 425
8682627 11 1759 436
8720904 15 404 438
8800869 12 920 442
8930809 12 371 448
9004386 4 1787 452
9575707 10 1067 481
10198570 17 1995 512
10321385 13 1899 518
10358135 17 583 520
10484652 16 1153 526
10586004 16 713 531
10645373 1 1810 534
10734702 17 339 539
10785170 6 306 542
10819702 10 1172 544
11067272 13 1794 556
11129403 10 642 559
11617775 16 1543 584
12051164 16 277 606
12730217 0 1471 642
12840182 7 592 647
12855878 10 401 648
13054934 9 1385 658
13159056 8 1575 663
13586623 9 1479 685
14033813 13 239 706
14413115 2 170 725
14525673 7 1695 731
14747369 7 521 742
14763365 12 845 743
14807821 18 1796 745
15075357 17 684 759
15294663 19 1521 770
15409256 0 730 776
15448991 17 1843 778
15572663 13 1307 784
15638729 14 561 787
15820219 3 1982 796
15875853 10 1266 799
15971686 17 915 804
16604294 8 1725 836
16640952 10 1815 838
16863429 17 1278 850
16907122 18 80 852
17463246 15 126 880
18246492 5 343 919
18437807 5 1903 929
18934432 11 59 953
18999454 8 731 956
19880736 2 1937 1001
20289235 2 524 1021
20460953 6 1067 1029
20996097 19 56 1055
21377037 19 945 1075
21794664 19 1481 1095
22077428 3 135 1109
22175990 17 358 1114
22359056 19 933 1123
22404110 1 661 1125
22526040 8 598 1131
23214860 11 577 1166
23297162 3 541 1170
23571573 5 1589 1184
23930532 15 859 1202
24203950 19 1947 1216
24351887 16 788 1223
24458408 18 1497 1228
24575745 12 590 1234
24852984 2 855 1248
25040452 16 699 1257
25103079 2 627 1260
25124784 18 133 1261
25193896 5 57 1265
25900541 3 1931 1301
26052133 4 1808 1308
26179920 19 825 1314
26355944 8 1545 1323
26720112 18 1611 1340
27150243 0 1826 1362
27389523 19 1716 1374
27917290 12 1954 1399
27939892 5 896 1400
28471335 11 65 1426
28598776 12 1655 1432
28780098 8 1827 1442
28986470 5 1695 1452
29051242 16 1777 1455
29532096 7 1697 1479
29872856 0 1601 1495
29995288 5 37 1501
30166486 7 492 1510
30261743 18 1114 1515
30677258 7 840 1536
30802737 1 214 1542
30916318 0 1771 1548
31477114 13 1471 1577
31694605 18 1167 1588
32101237 7 1870 1608
32164642 7 133 1611
32515953 4 824 1629
32981773 9 1743 1653
33674268 0 1696 1688
34214571 2 1199 1715
34439416 13 406 1726
34803967 18 1341 1744
34969573 17 1079 1752
35007060 19 961 1754
35068097 8 556 1757
37598015 3 1245 1883
37619508 3 1139 1884
37886408 2 1127 1897
38174204 8 969 1912
38287563 1 1594 1918
38530415 10 1818 1930
38841709 1 1323 1945
39157548 3 1756 1961
39237307 4 905 1965
40037891 13 1452 2004
40467660 15 1584 2025
41127366 6 823 2059
41151316 14 389 2060
41206656 12 1487 2063
41972961 11 1704 2102
42063130 16 1482 2106
42115559 0 1394 2109
42276597 2 1948 2117
42405910 10 1357 2124
42750698 15 1971 2141
43001793 12 1758 2154
43138561 2 953 2161
43198084 6 1378 2164
44123851 0 1337 2211
44917475 9 361 2251
44953829 10 1927 2253
45303510 6 493 2270
46795839 12 1361 2344
47145811 18 295 2361
47491288 16 73 2378
47667627 12 981 2387
47869804 11 784 2397
48529834 9 1994 2430
48800746 13 735 2444
48822772 18 50 2445
49096968 4 1136 2458
49525286 14 1139 2480
50133362 19 164 2510
50322021 15 322 2519
50755817 17 1986 2540
50778434 18 1827 2541
51070157 9 363 2555
51661983 18 1477 2584
51750818 3 1977 2589
52237803 7 1130 2614
52385277 11 252 2622
52814655 9 773 2643
52956788 2 1266 2650
52976002 3 118 2651
53298650 16 882 2667
53821593 5 765 2692
53962989 17 316 2699
54020544 0 964 2702
54043060 16 328 2703
54158328 2 1255 2709
54197071 13 1274 2711
54673555 12 1828 2735
54779820 19 153 2740
55489979 12 909 2776
55566040 15 1712 2780
55603071 13 1477 2782
55724795 13 1168 2788
55974939 1 1901 2801
56016074 10 774 2803
56172395 13 943 2811
56365333 19 208 2821
56423833 18 1175 2824
57133752 18 969 2858
57277811 13 619 2865
57700981 2 773 2886
57818393 3 161 2892
58110184 14 132 2907
58362239 8 956 2919
58422618 14 1089 2922
59494351 2 1810 2975
59987809 11 464 2998
60312505 7 1916 3014
60455750 15 391 3021
60589199 8 567 3028
60849980 5 1017 3041
60994646 6 816 3048
61426990 4 1476 3069
61574854 16 666 3076
61791691 18 414 3087
63148717 4 1258 3155
63250081 6 422 3160
63345190 17 774 3165
63425642 11 1356 3169
63448199 9 1975 3170
63542326 6 1120 3175
63646920 9 792 3180
63763332 1 1762 3186
64105201 2 1217 3204
64329718 18 1163 3215
65134856 17 513 3255
65481849 2 570 3273
65932168 16 1964 3295
66512814 2 990 3324
66554042 8 1571 3326
66658398 9 398 3331
66795390 4 1895 3338
66869332 6 1868 3342
67073894 2 325 3353
67241901 14 612 3362
67571556 0 375 3378
67713346 14 262 3385
68029714 7 804 3400
68110736 2 194 3404
68741639 5 1628 3435
69135908 16 750 3455
69482221 0 303 3471
69618092 11 286 3478
69801712 1 1100 3487
69979320 11 1269 3496
70157338 8 371 3505
70465965 5 1086 3520
70797209 14 1707 3536
71038473 19 695 3548
71137376 10 463 3553
71157696 13 1196 3554
71197759 7 1654 3556
71330375 5 1729 3564
71563279 18 558 3576
71603608 19 71 3578
72004248 7 121 3599
72748436 9 353 3636
73409699 9 760 3670
73482675 9 1343 3673
74744612 19 712 3735
74997063 19 565 3748
75280049 8 1514 3762
75520024 9 376 3774
76086648 11 364 3803
76174058 0 672 3807
76403581 17 1794 3819
76486629 13 284 3823
77400915 19 1062 3868
77779712 0 1722 3888
78550898 13 1083 3927
78667516 17 494 3933
79520946 11 685 3977
79810982 18 873 3991
80261039 6 75 4013
80446113 15 519 4022
80896640 8 1604 4044
81201008 6 1492 4059
81542386 0 1866 4076
81823751 12 304 4090
81879847 2 1092 4093
81914092 16 387 4095
81996368 2 1871 4099
82678699 11 814 4132
82887759 14 251 4143
82908158 1 1262 4144
83344790 11 180 4167
83826860 15 1005 4192
84628965 19 803 4231
84763815 3 1734 4238
85294067 6 738 4265
85391098 6 1802 4270
85552115 15 1940 4278
85934013 16 766 4297
86216690 5 1479 4311
86314044 0 1565 4316
86354010 8 12 4318
86536396 12 1428 4328
86633300 19 1765 4333
86940706 2 60 4348
87970586 13 446 4399
88031650 3 1568 4402
88306855 6 1725 4416
88886754 4 415 4446
89350135 16 342 4469
89468862 11 1088 4475
89561996 7 1470 4480
90069036 10 382 4505
90354912 15 636 4519
90379912 5 529 4520
91263004 8 1659 4563
91428928 10 1484 4572
92398174 9 972 4621
92728674 18 1291 4637
93082098 12 1040 4655
93964814 11 1261 4700
94041790 11 1705 4704
94121737 1 411 4708
94182650 12 216 4711
94509123 2 1544 4728
95141240 19 163 4759
95278737 16 1185 4766
95362431 10 276 4770
95382753 18 606 4771
95451055 8 1234 4774
95528492 1 709 4778
95756522 0 352 4789
96636802 11 1222 4832
96775543 10 657 4839
97452399 4 1501 4871
97539376 9 224 4875
97767700 13 953 4886
98261726 5 496 4910
98306095 3 1097 4912
99022256 17 405 4948
99255129 18 245 4959
99427686 9 706 4968
100184965 3 1993 5006
100468144 5 1576 5020
100939770 9 326 5044
100976085 1 1266 5046
101250127 18 90 5060
101267371 1 1780 5061
101765332 10 1238 5085
102071641 17 1027 5100
102630935 3 1421 5128
102710265 14 678 5132
102849340 7 877 5139
102909507 16 1132 5142
103460279 5 1713 5170
103692245 14 235 5181
104306029 5 1924 5212
104671093 1 963 5229
104756867 19 1478 5233
104890273 12 420 5240
104952615 16 982 5243
105084237 16 359 5250
105203904 17 624 5256
105563772 13 551 5274
106018336 11 1798 5297
106053230 14 780 5299
106151025 13 1455 5304
106217856 11 1599 5307
106262558 1 612 5309
106413520 17 1508 5316
106657329 7 876 5328
107299890 11 1131 5360
107496714 13 966 5370
108177066 12 1897 5405
108596413 3 734 5427
109257556 1 1889 5460
109277049 0 1975 5461
109504423 10 1177 5473
109847037 2 503 5490
110663634 17 1152 5530
110686340 4 1012 5531
111351578 11 953 5564
112296588 4 111 5612
112640678 11 589 5629
112741462 9 1282 5634
112833203 14 247 5639
112877230 10 386 5641
113402865 9 1747 5667
114085919 14 1303 5700
114103997 10 401 5701
114383679 18 1006 5715
115261761 19 1430 5758
115516110 15 1576 5771
116099895 15 319 5801
117063552 18 1024 5849
117206425 8 1997 5857
117289617 3 1225 5861
117628837 15 1425 5878
117795693 9 1455 5886
117818752 16 347 5887
118407014 19 1311 5918
118427056 3 865 5919
118740201 9 1776 5935
119148777 5 1207 5956
119830365 13 1102 5991
120072222 17 524 6003
120218656 0 1664 6010
120399325 18 593 6019
120526778 16 1241 6025
120724783 0 282 6035
120764711 11 1343 6037
120932648 17 1480 6045
121057042 3 110 6051
121677594 1 1240 6082
121853875 8 236 6091
122052742 6 770 6101
122143850 5 1700 6106
122216366 9 1642 6110
122646060 9 766 6131
122999578 18 1921 6150
123251467 9 871 6163
123732664 17 4 6186
124197213 19 1672 6209
124415830 0 850 6220
124627616 5 1300 6230
124739410 11 1545 6236
124775548 4 1043 6238
125119765 10 993 6254
125258112 1 492 6261
126916887 2 1201 6343
127895865 3 1900 6391
128831419 16 1780 6438
129106460 18 1976 6453
129275765 4 466 6462
129550280 13 537 6476
129845909 8 611 6491
130440606 4 558 6520
131289266 1 714 6562
131332073 19 1795 6564
131777235 2 1846 6586
132132155 5 293 6605
132497352 6 424 6623
132539344 11 1908 6625
132579255 11 1675 6627
133801428 5 703 6690
133866399 11 1747 6693
134227078 7 1099 6711
134570387 5 1539 6728
134791147 16 1815 6739
134862189 9 1230 6743
134972096 1 698 6748
135031506 17 415 6751
135111385 12 1724 6755
135133328 12 1058 6756
135658608 9 1487 6783
136019381 5 1006 6801
136545826 14 1343 6828
137458812 11 781 6871
137892952 0 1433 6893
139469414 12 333 6970
139697839 18 486 6981
139992252 13 206 6996
140297028 8 122 7011
140376395 1 1991 7015
140845410 4 1128 7039
140893579 1 1491 7041
140949611 1 1192 7044
141016608 9 32 7047
141059079 18 1561 7049
141392295 16 1527 7065
141886004 8 1515 7090
142393305 19 1643 7115
142885711 1 1913 7139
142907691 12 1485 7140
143169368 14 176 7153
143295245 15 1761 7159
143360343 1 1012 7162
143515644 6 1266 7170
143598324 15 13 7174
143952008 3 443 7191
144237781 0 1556 7205
144275612 13 295 7207
144455879 18 86 7216
144587292 5 925 7223
144680767 2 1992 7228
145298587 8 1784 7259
146903695 13 1257 7339
147058020 9 1936 7347
147804075 17 1287 7385
147907340 15 1317 7390
148007990 7 1069 7395
148802552 1 1781 7435
149072243 0 1213 7448
149134300 17 1243 7451
149251992 13 1840 7457
149483329 9 140 7468
149588044 2 389 7473
149887270 16 308 7488
149908020 1 550 7489
150064583 9 174 7497
150820607 10 752 7535
151262967 2 685 7557
152598554 6 298 7624
152634484 11 283 7626
152695991 12 488 7629
153801228 16 1772 7685
155579531 8 1195 7773
155781786 13 1066 7783
155803999 10 596 7784
156240387 13 1094 7806
156903885 7 1962 7839
157246602 5 1319 7856
158075949 5 1681 7898
158676908 5 1019 7929
158707639 1 470 7931
158743366 4 1905 7933
158802922 18 12 7936
159012668 13 1236 7947
159304851 19 1301 7962
159450438 1 1859 7969
159714505 16 953 7982
160196407 18 1678 8006
160647566 14 1691 8028
160944568 13 616 8042
161135392 0 1618 8052
161221465 3 329 8056
161435865 3 718 8067
161569382 4 1399 8074
161961424 0 1167 8094
162325217 19 427 8112
162631971 5 1568 8127
162713103 14 1581 8131
163326029 17 1327 8161
163613663 17 1662 8175
163829275 5 36 8186
163957055 0 1977 8192
164412104 14 786 8215
165052647 19 1172 8248
165207897 13 833 8256
165475663 17 1982 8269
165696414 4 812 8280
165750071 8 1432 8283
166308524 2 1282 8312
166382340 0 389 8316
166687236 2 1229 8332
166875314 8 1549 8341
167055667 4 1897 8350
167149708 7 1637 8355
167170906 6 269 8356
167349702 19 168 8364
167409861 6 547 8367
167588510 11 896 8376
167911679 9 1930 8392
168541823 4 740 8424
168711906 2 316 8434
168773033 2 1918 8437
168872368 18 1460 8442
169339379 2 353 8465
169583785 17 1679 8477
169746331 5 1464 8485
170953861 14 704 8546
171327415 7 437 8565
171661738 6 1783 8581
171757282 10 1886 8586
171821541 9 176 8589
171904617 17 833 8593
171983578 14 1120 8597
172043156 13 1860 8600
172147964 18 1592 8605
172418672 18 1669 8619
172603862 8 598 8629
173598821 6 1901 8679
173836075 11 540 8691
173934932 7 1595 8696
174330400 6 1097 8716
174370400 15 754 8718
174446642 8 1726 8722
174508614 11 1602 8725
174705580 12 1189 8735
174991765 12 726 8749
175278589 15 1604 8763
175319843 9 717 8765
176545178 15 731 8826
177054966 7 1559 8852
177452301 17 73 8872
177514644 10 569 8875
178363923 7 272 8918
178625613 6 761 8932
178815086 15 1098 8941
179045891 4 97 8953
179063536 4 1401 8954
179115397 8 1686 8957
179251248 1 1425 8964
179267942 9 232 8965
180473796 0 1562 9024
181091472 9 1921 9057
182315693 8 1622 9119
182360220 2 954 9121
183160157 16 1929 9162
183266006 7 26 9167
183840071 7 1764 9196
184129768 10 1949 9210
184169961 10 1311 9212
184521615 1 1173 9229
184766484 2 844 9241
185459041 19 387 9276
185658993 13 310 9286
186570556 16 1955 9331
186585556 18 1653 9332
186620805 4 666 9334
187338949 8 322 9370
187548903 0 1258 9380
187675723 12 1778 9386
187751261 0 1027 9390
188027517 17 43 9403
188064097 1 660 9405
188385407 2 1397 9420
188511225 14 71 9426
188625228 5 1981 9432
188888833 17 1824 9445
189060565 15 1381 9454
189648257 12 49 9481
189949377 12 1232 9496
189969232 1 1904 9497
190360101 6 504 9516
190540873 2 73 9525
191582738 5 533 9577
191720480 13 1665 9584
192031440 14 214 9599
192167757 0 282 9605
192354324 1 716 9614
192606551 10 600 9627
192775219 9 1225 9635
192796527 7 1854 9636
193564617 11 387 9675
194495991 8 171 9721
195156017 16 271 9755
195252094 0 878 9760
195503126 16 1580 9772
195543126 10 1830 9774
195728471 18 1468 9783
196065346 14 1101 9800
196464842 16 154 9819
196683252 16 1796 9830
196838755 10 1131 9838
197376780 16 1627 9865
197455527 19 305 9869
197914035 12 1191 9892
198042758 6 525 9899
198080534 7 384 9901
198098264 17 1595 9902
198490032 1 431 9922
199461421 17 974 9969
199504059 17 1753 9971
199832727 14 1148 9987
199974567 12 1648 9994
200425888 19 142 10017
200588348 10 1453 10025
200989971 17 1284 10044
201466566 5 197 10068
201530263 7 1686 10071
201550783 18 822 10072
201589413 19 112 10074
201614096 15 951 10075
201890577 2 1096 10089
202302136 9 3 10110
202537061 13 1691 10122
202656060 10 1531 10128
202860750 12 542 10138
203353197 12 136 10162
203392382 13 1567 10164
203502427 18 557 10170
203727489 18 945 10181
203866133 17 971 10188
204575480 0 725 10223
204636150 8 474 10226
205179876 2 47 10252
205411880 2 1847 10263
205676089 17 1750 10276
205713792 4 1520 10278
205759977 15 1098 10280
205860781 9 593 10285
205881112 14 1780 10286
205905720 0 1074 10287
205922865 16 853 10288
206984578 16 1771 10341
207163496 16 1075 10351
207261512 18 219 10356
207490882 6 68 10368
208301695 16 1297 10410
208493179 2 1778 10420
208887107 7 1888 10440
209114859 8 1758 10452
209129859 8 996 10453
209347145 10 1390 10464
209449328 6 710 10469
209641084 12 903 10479
209681658 18 1356 10481
210253013 10 1409 10509
210364912 10 1302 10515
210387023 12 1560 10516
210930247 2 616 10543
211052177 14 813 10549
211594342 12 1690 10576
211635745 11 1256 10578
211963613 13 1742 10595
212473319 7 1431 10619
212860147 16 607 10637
213359290 7 313 10662
213623087 17 1569 10675
214531291 4 1440 10721
214713477 17 1497 10730
214966395 1 1362 10743
215045501 5 1609 10747
215384644 17 562 10764
215407446 9 68 10765
215585499 15 768 10774
215914856 14 1024 10790
215936600 9 592 10791
216910408 19 358 10838
217016195 15 373 10843
217242002 13 1902 10854
217257719 16 298 10855
217398208 9 1664 10863
218830486 6 1704 10935
219081553 12 924 10948
219484716 2 33 10969
219605675 5 1734 10975
219744148 14 871 10982
219850716 5 404 10987
219886838 2 1693 10989
220388352 12 2 11015
220721368 19 1034 11031
221002469 13 805 11045
221463431 3 322 11068
221672102 16 821 11078
222047506 17 1211 11097
222066706 8 499 11098
222383014 6 997 11115
222667426 17 271 11129
222754604 4 1469 11133
222950075 13 414 11142
222974800 14 1316 11143
223057525 15 396 11147
223080116 5 912 11148
223725395 19 856 11180
224146696 12 898 11200
224283511 7 1794 11207
224667491 4 1146 11226
224783565 17 581 11232
224878791 4 1442 11237
224897730 0 148 11238
224968578 12 192 11242
225166808 19 1047 11252
225204502 10 1210 11254
225285600 9 701 11258
226519428 5 1887 11320
226783730 15 636 11334
227197562 15 103 11355
227325979 4 808 11362
227878047 5 553 11390
228008389 9 685 11396
228805497 15 692 11437
229348818 9 893 11464
229951260 11 1238 11494
230118052 4 1181 11503
230835278 0 460 11539
231120941 9 1665 11553
231183605 12 201 11556
231406459 16 780 11567
231426356 2 1971 11568
232124188 0 128 11603
232894796 2 1767 11640
232997297 10 246 11645
233287044 4 1895 11659
233584518 17 888 11674
233642946 1 1261 11677
233662143 13 1567 11678
233879908 8 10 11689
234231937 3 1167 11706
234328186 1 665 11711
234452555 2 187 11717
234558896 15 16 11722
235465269 17 18 11770
236020661 4 1492 11797
236281096 4 79 11810
236554167 12 1844 11824
236578649 18 1605 11825
236616383 3 1222 11827
236703130 6 1053 11831
236841088 7 514 11838
237643796 3 1265 11877
239288844 19 1275 11958
240231885 19 1516 12005
241018428 7 1917 12046
241524374 14 668 12071
241604230 15 129 12075
241918543 6 1688 12091
242201057 12 765 12105
242218994 9 1192 12106
242826684 8 941 12136
243523667 8 1519 12170
243543870 15 390 12171
244174091 10 1514 12204
244957334 15 1208 12244
245289356 12 219 12260
245651371 11 581 12278
246252352 2 849 12308
246637135 15 1787 12329
247066881 12 1921 12350
247126812 6 1354 12353
247405741 7 1961 12367
247513289 17 1821 12373
247682317 1 348 12381
247699885 1 1256 12382
247741672 5 1329 12384
247861876 12 1791 12391
247978401 18 368 12397
248235605 5 284 12410
248369190 3 1639 12417
248409431 11 1272 12419
248755084 10 1505 12436
248857960 6 1659 12441
248920265 17 305 12444
249702394 10 335 12483
250051031 4 1151 12501
251091961 4 491 12553
251599286 15 33 12579
252053875 15 1711 12602
252405791 1 589 12619
253153072 16 285 12656
253216642 7 1196 12659
253646976 17 517 12681
253691283 12 342 12683
253805463 0 896 12689
253931029 1 928 12695
253997515 12 68 12698
254478331 1 41 12722
255437192 17 759 12770
255515500 12 174 12774
255716759 15 1386 12784
256016810 9 1542 12798
256084247 11 150 12801
256326389 0 1929 12814
256517254 14 1316 12823
257305896 3 1658 12864
257324754 3 402 12865
257402517 7 1052 12869
258253579 10 1884 12912
258410774 13 168 12920
258448387 0 1088 12922
258565677 19 1894 12928
259009489 13 299 12951
259337971 7 816 12967
260206744 4 450 13009
260351520 7 759 13016
260465433 16 1504 13022
260676135 14 1293 13033
260875414 17 939 13043
260954898 2 1604 13047
261737272 11 1206 13087
261926463 4 1180 13097
262464538 7 1503 13124
262685137 17 755 13134
262847987 1 119 13142
263575079 16 1265 13178
263591577 0 1157 13179
263685217 3 1888 13184
263749110 4 1049 13187
263895327 10 288 13195
264035936 10 159 13202
264395951 18 1695 13220
264420951 14 890 13221
264745528 13 0 13237
264777853 2 224 13239
264904346 16 203 13245
265219591 7 370 13261
266254725 12 1172 13313
267161481 12 1764 13359
267339220 9 1586 13368
267514873 10 685 13377
268474844 9 1154 13425
268642350 16 1136 13434
268693228 12 1434 13437
268769126 16 451 13441
268885459 2 320 13447
269023338 0 1202 13454
269387161 9 213 13472
270049999 0 191 13504
270502824 18 588 13528
270518641 4 275 13529
270785206 16 1211 13542
271175987 18 1673 13563
271409546 18 502 13574
271588819 8 1962 13582
271626715 0 1831 13584
271725826 8 1121 13589
271978863 17 672 13601
272368199 1 937 13619
272496500 14 1323 13625
272904549 0 1070 13646
273404573 2 305 13671
273568381 9 514 13679
273811726 10 351 13692
274197019 4 1787 13710
274391342 17 1926 13720
274528744 11 507 13727
276081950 12 448 13804
276653560 4 1722 13833
277122920 13 421 13856
277207893 13 388 13860
277381403 6 183 13869
277436131 0 578 13872
277547250 16 504 13877
277565446 14 1528 13878
278099326 17 1373 13904
278467299 0 160 13922
278522464 18 1979 13925
278996775 17 1312 13948
279154486 16 1396 13956
279681308 5 1629 13982
279812222 6 853 13988
279893663 1 1335 13992
280454152 16 971 14020
281447384 17 1293 14069
281528022 8 273 14073
281550490 4 1902 14074
281770793 3 1400 14085
282484943 15 1689 14121
282848481 0 1513 14139
283738031 13 1300 14184
283906863 14 239 14193
284022610 1 1636 14199
284327314 6 433 14215
284693163 1 382 14234
285211361 18 489 14260
285311063 15 710 14265
286051643 15 978 14302
286856539 4 932 14343
287138121 16 1882 14356
287365834 6 599 14367
287390834 17 1977 14368
287587453 1 40 14378
287948465 7 946 14396
288317154 13 1574 14415
288458784 15 623 14422
288983875 4 1807 14449
289088133 2 1075 14454
289309867 11 1313 14465
289343439 15 1176 14467
289471396 1 1756 14473
289892368 13 1217 14495
290409430 0 1573 14521
290545989 19 914 14528
291066286 15 1466 14554
291107845 14 1335 14556
291258727 14 1916 14563
291411580 15 126 14570
292081382 17 1721 14604
292454775 5 1098 14623
292472028 8 1854 14624
292720867 8 1017 14636
293018864 13 1844 14651
293359934 19 271 14668
293416759 7 798 14671
293456191 1 1425 14673
293540223 3 852 14677
293594611 7 1970 14680
294140800 4 123 14706
294606835 0 1567 14730
294671777 16 1547 14733
295216579 13 1183 14760
295727839 10 1916 14787
295775018 12 557 14790
295853318 15 1358 14794
296188127 15 802 14811
296744565 12 449 14840
297596449 19 1507 14882
297641577 15 1716 14884
297727595 4 1769 14889
297917770 5 652 14899
298366243 7 764 14922
298408790 6 826 14924
299068595 7 1524 14956
299649483 4 23 14985
300137515 12 1940 15009
300157787 12 553 15010
300691399 8 657 15037
301407032 6 728 15074
301915180 6 1388 15099
302102644 14 732 15108
302570397 3 1303 15132
303173640 9 407 15162
303314580 7 97 15169
303496680 12 192 15178
303945999 19 1225 15199
303999637 4 1446 15202
304024637 1 274 15203
304403792 11 1693 15222
305116862 0 690 15257
305277618 0 378 15265
305518278 7 241 15277
305679122 1 1895 15285
306997741 4 1971 15351
307461461 9 1481 15375
307477709 18 1221 15376
307572410 16 579 15381
307960483 7 130 15400
308037383 8 261 15404
308076765 6 1831 15406
308286194 7 1678 15417
308624237 3 1714 15433
308740158 14 1223 15439
309353053 2 1653 15469
309773949 18 238 15490
309924630 1 1411 15498
310160970 1 1075 15510
310269934 19 1700 15515
310709989 17 40 15538
310936389 12 1230 15549
311013875 1 519 15553
311066711 1 126 15556
311528717 9 1972 15579
312246285 0 477 15614
312734133 4 1372 15638
313325397 17 338 15667
313662010 3 1918 15684
313721897 6 310 15687
313801349 3 1896 15691
313952337 9 1786 15699
315807804 11 1285 15792
316534937 14 1254 15828
316615646 5 1258 15832
316797101 18 1633 15842
316868745 0 391 15846
317298502 11 446 15869
317918031 13 1747 15900
318364550 14 778 15922
319531901 18 172 15981
319550248 6 560 15982
320936902 9 217 16053
320971839 15 1489 16055
321265173 16 12 16070
321285278 18 1890 16071
321918191 0 1920 16104
322105561 4 1702 16113
322157613 3 1994 16116
322778724 19 1775 16147
323107808 9 1135 16163
323357119 2 1199 16176
323506334 3 1739 16184
323780198 13 550 16198
323798903 16 1295 16199
324406896 14 752 16229
324913470 1 1374 16255
325256861 11 728 16271
325320609 6 209 16274
325379286 12 65 16277
325429280 11 78 16280
325546467 3 469 16286
325645612 7 1888 16291
325938738 10 1267 16305
325994915 12 182 16308
326104803 6 349 16314
326959024 12 658 16357
327039151 9 259 16361
327876247 16 934 16403
328201730 0 642 16420
328321353 2 1025 16426
328655851 11 648 16443
328951621 12 636 16458
329149710 0 1924 16468
329310490 18 1847 16476
329842393 3 26 16503
330066605 2 779 16514
330278055 9 809 16525
330587576 11 883 16541
330819749 2 1697 16552
330839706 12 1569 16553
331358281 16 1209 16579
331379455 2 44 16580
331510306 2 1874 16587
331812295 15 1450 16602
331837295 7 1106 16603
332145025 6 408 16620
332351151 0 1978 16630
332743000 8 465 16649
333034508 6 749 16663
333544288 15 366 16689
334206509 1 970 16721
334465171 2 1987 16734
334835005 10 220 16752
335120752 9 581 16766
335302211 13 1179 16775
335346556 8 1796 16777
335471855 11 211 16783
335490068 3 914 16784
336147868 8 900 16816
336466707 18 840 16832
336656010 8 492 16842
336718790 14 1030 16845
336853806 3 1523 16852
337094376 13 420 16864
337408768 19 40 16879
337851665 6 14 16901
337973538 8 654 16907
338013217 1 1465 16909
338218141 19 1345 16919
338538070 17 1258 16935
338824615 4 742 16949
338939299 8 1195 16955
339800694 9 1371 16998
340440151 16 1313 17031
340786121 2 366 17048
341015142 11 595 17059
341705654 7 342 17095
341941521 16 1528 17107
342230403 8 1346 17121
342261782 2 1251 17123
342298615 6 1962 17125
342352514 11 922 17128
342520399 6 76 17136
342953303 9 284 17158
342998408 19 1967 17160
343375780 6 333 17178
343397182 9 325 17179
343747372 13 724 17197
344182795 1 951 17219
344589444 6 945 17238
344686126 3 422 17243
344704166 6 700 17244
344820365 9 1873 17250
345462631 2 997 17283
345688234 9 857 17295
345726699 8 1344 17297
345895150 2 215 17306
345956574 13 269 17309
346037688 9 1940 17313
346147923 16 1819 17319
346901437 12 324 17356
347123356 17 923 17367
348582203 19 403 17439
348938129 14 1083 17456
348982356 5 898 17458
349276108 3 1313 17473
349576813 16 1097 17488
349805010 0 935 17499
349847422 4 390 17501
350089850 1 734 17514
350363462 3 1919 17528
350730267 15 836 17546
350822139 9 1640 17551
350889069 16 629 17554
350992105 1 331 17559
351395312 14 1647 17579
352028136 15 1732 17612
352151832 13 181 17618
352491066 12 1815 17635
352573165 4 145 17639
352591666 6 303 17640
352716563 7 1153 17646
352823436 5 1225 17651
352866311 10 1599 17653
353324050 1 976 17676
353552929 10 838 17688
353734065 18 750 17697
354478538 6 1750 17734
354796486 13 1322 17750
355499701 7 1620 17786
355796317 18 723 17801
356223966 3 113 17822
356407521 8 1418 17831
356527725 6 1517 17837
357249802 10 1959 17873
357454081 0 526 17883
358049563 18 1720 17914
358263164 2 519 17924
359558566 8 114 17990
359600966 3 1536 17992
359743468 6 1567 17999
360152702 1 1305 18020
360168899 6 1168 18021
360695129 10 1179 18047
360710660 5 1778 18048
360919670 2 765 18058
360974331 8 1569 18061
361356565 12 895 18080
361440472 14 1543 18084
362036702 13 1418 18114
362517803 4 1342 18139
362771317 8 26 18151
362952921 7 1171 18160
363075901 13 860 18166
363242687 14 718 18174
363746956 14 1566 18200
363854685 15 480 18206
364095032 9 1961 18218
364187853 9 928 18223
364624169 6 764 18245
364696733 13 1990 18249
365135512 3 512 18271
365308120 8 456 18280
365448279 4 1003 18287
365597080 4 1576 18294
366007338 12 578 18314
366144242 13 936 18321
366270834 5 1145 18327
366847889 8 1456 18356
366949326 2 912 18361
366964326 16 1704 18362
367155386 9 1515 18372
367336742 19 1556 18381
367488713 4 1862 18389
367904802 6 454 18410
367990712 6 1015 18414
368177033 1 1539 18423
368483810 10 839 18439
368845158 14 1166 18456
369050971 8 50 18467
369532331 2 1821 18491
369570732 4 634 18493
369789256 0 1074 18504
370055938 12 1635 18517
370175461 18 1903 18523
370426849 17 385 18536
370473391 6 1432 18538
370638928 16 1628 18546
370831812 18 1835 18555
370895524 2 133 18558
371258317 1 841 18577
371377640 1 198 18583
371454876 19 20 18587
371539604 13 128 18591
371804116 5 173 18605
372100410 5 1170 18619
372205662 17 212 18624
372242259 0 127 18626
372486535 15 1716 18638
372560141 2 637 18642
372895255 3 382 18658
373211355 13 1105 18674
373228283 0 1647 18675
373288434 3 452 18678
373372192 19 1382 18682
374104218 14 1912 18720
374194111 17 1896 18724
374308316 2 1264 18730
374544605 18 1102 18742
374637169 1 1626 18747
374802834 15 1045 18756
375606437 14 105 18798
375645434 19 315 18800
375829847 16 340 18809
376637787 15 194 18849
376897259 8 146 18862
376973636 0 1533 18866
377121896 13 1891 18874
377265677 7 1 18881
377784187 1 1426 18907
378104454 0 277 18923
378158798 8 902 18926
379004132 19 1147 18967
379623999 13 373 18997
380051003 5 579 19018
380148766 4 1736 19023
380460463 3 853 19039
380495184 10 462 19041
380714314 19 136 19052
381156614 12 321 19074
381260247 12 1162 19079
381309156 5 499 19081
381580883 6 186 19095
381693441 18 1096 19100
381769484 17 1883 19104
382238096 5 1960 19127
382751297 1 95 19151
382832873 18 312 19155
383045246 6 260 19165
384230805 3 1552 19224
384359828 8 1525 19231
385539590 19 328 19289
386368452 5 750 19330
386878668 15 1091 19355
387109194 14 1522 19366
387513666 13 401 19386
387793970 16 1786 19399
388002147 17 504 19409
388694784 2 5 19443
388745465 8 257 19446
388986895 4 1742 19458
389885836 7 749 19502
389980355 12 10 19507
390140640 5 1474 19515
390395246 18 1964 19528
390516951 13 1372 19534
391222502 8 1423 19570
391633553 13 1211 19591
391653575 13 403 19592
392425095 9 1082 19631
392673482 18 444 19643
392798147 11 1435 19649
393041301 17 876 19661
393487650 17 60 19683
394214385 5 1279 19719
394274923 18 141 19722
394327192 9 549 19725
394361772 13 554 19727
394605575 18 1083 19739
395021702 9 1505 19759
395176101 3 33 19766
395478124 12 1891 19781
395501239 7 187 19782
395526239 16 910 19783
395594719 18 799 19786
395690438 12 798 19791
395812349 8 1923 19797
395892620 6 482 19801
396312046 7 1507 19823
397036023 1 768 19859
397260150 5 1785 19870
397602576 19 1962 19888
397885112 5 743 19902
398072789 15 840 19912
398314638 18 383 19924
398396027 3 1375 19928
398453100 13 1141 19931
399053296 7 115 19960
