498746 52 46 12
967816 46 128 23
1332435 43 962 32
1964350 52 896 48
2945228 59 258 73
3558874 42 122 89
3974190 41 810 100
4360084 40 606 111
4624363 59 90 118
5257115 54 699 134
7142091 52 808 180
7318577 53 615 184
7799621 46 209 196
7835824 43 781 197
8234217 59 838 208
9084842 51 312 230
10214492 40 215 257
10461375 49 822 263
10713677 52 460 270
11027767 56 621 278
11648063 56 525 293
11762254 40 446 296
12096091 46 564 304
12220257 40 991 307
13277909 52 545 333
13677176 59 617 343
13842585 46 328 347
14203914 48 753 356
14360824 56 24 360
14573570 42 563 365
14687039 45 49 368
15256919 43 444 383
15378069 47 458 386
15970103 48 228 401
16271101 51 853 409
16647174 50 354 418
18176887 41 379 457
18857554 51 578 474
19423023 44 367 488
20299245 57 817 510
21494868 59 813 541
21838627 58 328 550
22464253 55 584 566
23296313 52 172 586
23867453 44 403 600
24451724 42 905 614
25383282 55 897 638
26500314 51 842 665
26919474 46 496 676
27426359 55 903 689
28829581 51 648 725
30652516 52 219 770
32048182 57 981 805
32880263 46 498 826
32912402 54 448 827
33083977 43 570 831
33124404 49 929 832
33659673 59 447 845
34553017 54 787 868
34885451 43 380 876
35024410 47 207 880
35135611 40 298 883
35574406 53 183 894
35893349 46 104 902
36048271 45 311 906
36908175 46 377 928
38377332 45 38 964
38564329 55 343 969
38722626 50 704 973
39122501 41 259 983
40402053 48 8 1015
40656146 54 331 1022
41154656 41 716 1034
42102465 55 400 1058
43185536 51 969 1086
43222426 52 115 1087
43548126 50 809 1095
44065885 42 106 1107
44917183 48 657 1129
45501778 50 392 1143
46126840 49 409 1158
46977679 52 901 1179
47175457 47 359 1184
48591841 50 526 1220
50691075 46 44 1273
50945294 59 77 1279
52685668 53 966 1320
53156286 43 776 1332
54809779 55 161 1374
55812749 47 252 1400
55940546 41 68 1403
56350477 55 103 1413
56677580 41 65 1421
57143916 40 896 1433
57444006 52 308 1440
58248385 42 466 1460
58401887 59 689 1464
58481592 50 352 1466
60657171 58 428 1519
61080828 45 271 1530
61706337 49 159 1546
61907046 50 551 1551
62125834 47 392 1557
62168235 55 759 1558
62369661 45 336 1563
63135579 52 740 1581
63297137 51 155 1585
64907354 53 437 1625
67359541 57 420 1686
67403409 49 424 1687
67619392 56 255 1693
67770391 50 483 1697
68383622 59 987 1713
69147046 42 719 1731
69181308 51 805 1732
71618632 42 367 1791
71769043 52 795 1795
72000097 46 207 1801
73900978 52 490 1848
74025751 47 925 1851
74492034 51 457 1863
74792476 40 963 1870
75867355 44 797 1897
75897355 53 47 1898
76163863 51 522 1905
76196989 58 462 1906
78189395 55 104 1956
78807633 53 173 1971
79255900 41 531 1982
80235741 46 497 2008
80652552 57 904 2018
82576847 52 723 2065
82623321 54 791 2066
83274194 48 559 2083
83350721 53 587 2085
83891716 43 96 2098
83937566 48 198 2099
84151365 59 46 2104
85892875 50 393 2148
86508590 45 655 2163
86630162 53 114 2166
86781132 50 61 2170
87295493 42 389 2183
88326187 56 132 2210
88748790 55 608 2221
90587910 53 71 2267
90788584 51 275 2272
90894466 56 926 2275
93414507 48 975 2337
93855046 50 353 2348
94289465 59 481 2358
94705252 43 231 2368
95992162 44 499 2400
96563065 43 464 2415
96599635 51 280 2416
97363918 46 219 2435
97570316 41 857 2440
99108685 47 409 2479
99624843 49 666 2492
100106009 52 641 2504
100465838 43 896 2513
100511530 42 909 2514
100721561 41 236 2520
101255387 49 110 2533
101291696 50 344 2534
101787798 55 781 2546
103010385 59 143 2576
103484850 47 676 2587
103558675 53 202 2589
103736133 41 1 2593
103810044 54 603 2595
104857446 49 49 2621
105498063 59 788 2637
105934044 44 183 2648
106570425 57 424 2664
107598906 41 156 2691
108511889 48 588 2713
109312973 55 253 2733
109775862 40 273 2745
109814775 40 959 2746
110146986 48 0 2754
110488324 57 210 2763
111069607 53 199 2778
111751643 41 375 2795
112059993 53 532 2803
112147207 46 633 2805
112855063 41 680 2823
113088759 54 191 2829
113605728 55 961 2843
116423658 55 676 2913
116706146 46 173 2920
118717055 43 947 2970
118792437 52 526 2972
119036232 44 849 2978
120242676 48 97 3008
122104648 57 185 3054
122445348 59 631 3062
123043475 52 807 3078
124170963 45 355 3106
124250240 44 229 3108
124699764 47 263 3119
124791276 40 633 3121
124948907 55 797 3125
125651261 40 23 3142
125945437 59 809 3149
126860858 54 167 3171
127905143 41 723 3197
128249991 58 563 3206
129914427 59 590 3249
130351010 46 587 3260
131048953 46 27 3277
131479637 44 422 3288
132069269 40 899 3303
132222074 54 91 3307
132919915 41 408 3324
134115335 46 341 3355
135142143 49 856 3380
135699761 46 491 3394
135821650 40 914 3397
135903325 43 505 3399
136017605 56 901 3402
136973685 57 868 3426
137108811 40 828 3429
137455680 41 764 3438
137661314 46 227 3443
137795363 49 17 3446
139108620 53 863 3478
139360729 54 307 3484
140655579 57 104 3516
141248916 54 315 3530
141640236 57 524 3540
142055574 56 614 3550
142618579 53 105 3564
143010409 54 62 3573
143130183 56 718 3576
143499901 55 770 3585
143915505 54 417 3595
144669902 55 265 3614
146914921 46 404 3670
147135300 51 268 3676
147833838 55 899 3693
148586610 48 474 3713
149239035 52 28 3729
149321656 41 325 3731
149443490 45 348 3734
150247704 43 162 3754
152306879 57 425 3808
152512681 46 656 3813
152960395 55 837 3824
153909713 56 798 3848
154681622 50 571 3867
154801811 49 536 3870
154959321 49 296 3874
155492374 57 47 3888
155948394 54 124 3899
156144564 43 482 3904
156263461 41 793 3907
157061203 52 714 3927
157605229 53 735 3940
158121477 57 570 3953
158547949 53 746 3963
158851175 50 856 3971
159303771 40 905 3982
159424688 46 321 3985
160251566 42 979 4004
160784348 55 262 4017
161937429 49 871 4046
162974865 45 232 4073
164715420 42 19 4115
164752904 57 154 4116
165143035 48 758 4126
165430843 57 872 4133
165839683 42 44 4143
166144816 40 238 4151
166830776 51 137 4169
168914621 50 760 4221
169237056 56 855 4229
170293779 55 531 4256
170482578 46 3 4260
170768923 47 887 4267
171018858 48 316 4273
171170440 58 166 4277
171529340 57 933 4286
172208299 40 184 4304
172740409 45 428 4317
172785323 42 451 4318
172851694 44 387 4320
172961814 51 81 4323
173675551 53 919 4342
173970469 54 336 4349
174562056 55 688 4364
174687887 55 89 4367
176160106 46 294 4405
176196421 59 581 4406
176232694 43 493 4407
176612149 58 303 4416
176887564 48 732 4423
178084105 55 392 4453
178752254 49 570 4470
179443338 49 548 4487
180198960 46 911 4506
180263282 42 414 4508
180806912 45 993 4522
181195098 41 86 4531
181832425 46 524 4547
182261713 42 489 4558
182728596 45 782 4570
183076495 53 941 4578
183256495 57 248 4583
184518221 41 919 4615
185475824 49 615 4639
185950858 56 652 4651
186361439 59 934 4661
187359575 56 58 4685
187690119 57 568 4693
188436312 54 483 4712
188886837 56 463 4723
188974729 52 318 4725
190259765 47 60 4756
190420312 55 943 4760
191585700 50 87 4790
191650331 51 530 4792
192891598 48 649 4824
193203556 50 852 4832
194417297 59 866 4862
194625036 48 770 4867
194919648 45 834 4874
195506855 46 880 4888
195551559 44 171 4889
195802790 41 82 4895
196572163 43 662 4914
196751385 52 952 4918
197632979 52 768 4939
198007389 46 797 4948
198304510 58 529 4955
198751653 51 517 4966
199084193 45 258 4975
199677449 54 631 4990
200794562 42 164 5019
201271449 47 230 5032
202577185 59 107 5063
202666508 54 558 5065
203568633 55 305 5088
203817901 44 807 5094
204918822 50 521 5122
205067407 43 689 5126
205221708 51 235 5130
205792101 56 971 5144
206053545 55 216 5151
206754606 49 859 5169
206979415 51 99 5174
208545116 42 67 5213
209010829 50 345 5225
209823629 47 639 5246
210407170 50 937 5261
211048150 50 263 5277
211536471 50 322 5290
211928119 52 391 5300
214482787 52 976 5363
216442183 48 674 5413
216610468 47 979 5417
216967447 42 297 5426
217524266 49 827 5441
217936664 50 429 5451
219340610 40 200 5486
220182867 48 210 5506
220296994 56 187 5509
221288453 45 951 5534
223150615 59 429 5581
224436387 58 26 5613
224514171 50 375 5615
228427741 53 568 5712
228634912 44 942 5717
228857833 57 874 5723
229157808 57 566 5730
230003804 58 200 5751
230355209 49 367 5760
230914264 42 316 5774
233016327 43 51 5828
236805034 49 376 5924
238461478 50 191 5966
238748853 42 704 5973
238837904 42 194 5975
239138988 47 57 5982
239764874 47 228 5998
241279739 40 459 6036
242169656 51 601 6058
242535171 46 615 6067
243198249 52 979 6083
243237328 59 413 6084
243434817 55 898 6089
244250213 44 844 6110
244930936 45 323 6126
245641136 43 32 6143
245789199 54 722 6147
246777112 54 642 6172
247140356 46 508 6181
248373419 55 14 6212
249239255 52 24 6233
250036718 40 256 6253
250428578 57 202 6262
250551805 57 547 6265
250680882 49 909 6268
253245689 57 150 6334
253506920 54 245 6341
255358483 44 620 6386
257344350 54 805 6435
257676356 58 983 6444
258251854 59 545 6458
259881507 57 691 6500
260465131 57 355 6515
261163407 49 237 6532
261208900 48 401 6533
261832125 46 826 6548
261881602 41 757 6549
261970295 48 908 6551
262176060 59 573 6556
263228480 48 914 6582
263906594 46 314 6600
265124745 57 797 6630
265570423 48 68 6641
266078984 47 378 6654
266235464 55 347 6658
266955449 44 403 6677
266999831 41 483 6678
267386502 55 417 6687
267676396 47 212 6694
267752665 55 625 6696
267988752 42 909 6702
268762889 51 644 6722
269020824 52 185 6728
269229524 45 208 6733
269471131 53 838 6739
270429769 50 254 6763
270467724 55 722 6764
271416727 54 477 6788
271738218 46 511 6796
273058651 56 182 6828
274159910 51 614 6855
274206887 49 763 6856
275219107 53 600 6882
275519602 46 900 6889
277296433 56 79 6934
279056564 48 651 6978
280074560 51 412 7004
280139510 43 327 7006
280652546 49 378 7019
281047177 40 753 7029
281649938 42 386 7044
281680914 42 922 7045
281783883 55 941 7048
282617591 42 786 7068
282725444 56 250 7071
283308774 44 477 7086
283451487 48 115 7090
283769711 49 361 7098
285057759 59 545 7130
285309603 49 419 7136
285749569 40 132 7147
286300445 56 715 7160
286411200 43 937 7163
287197641 58 879 7183
287550053 56 248 7192
288154310 46 380 7206
288857875 45 448 7223
289743085 54 990 7246
290282122 42 287 7259
290574036 48 122 7266
291823667 53 731 7298
293176336 59 951 7331
293244286 43 473 7333
293326133 58 766 7335
293665493 49 679 7343
293825836 47 373 7347
294422470 43 447 7362
294581833 55 260 7366
295584759 52 209 7391
295949904 58 132 7400
297038915 42 54 7427
297519396 40 630 7439
298261603 49 724 7457
298430238 49 294 7461
298794029 57 474 7470
299329800 54 207 7484
299434534 47 485 7487
299741592 55 979 7495
299919874 44 804 7499
300230112 46 578 7507
300573779 43 951 7516
301361380 48 400 7536
302327520 46 294 7561
303272246 49 769 7585
303477229 58 327 7590
304235372 55 761 7609
304800988 56 483 7624
305005693 48 455 7629
306844007 52 601 7676
307361385 57 350 7690
308065236 59 194 7707
308374505 45 618 7715
308796268 57 797 7726
309333037 58 237 7740
309792364 57 672 7751
310029560 50 494 7757
310965532 57 222 7781
311008435 50 513 7782
311816601 53 396 7803
312114951 49 672 7810
312456681 58 80 7819
312614489 59 433 7823
314275918 59 41 7865
314638101 46 866 7874
316267677 52 608 7915
317694526 56 301 7950
318944736 58 699 7981
319365848 43 90 7992
319601442 52 502 7998
319842067 44 134 8004
320668793 55 987 8026
320810040 59 762 8029
320892375 49 51 8031
321135361 42 189 8037
321302748 50 476 8041
321583270 49 724 8048
322114403 57 944 8062
322703035 43 843 8077
324941182 40 948 8133
325457557 53 658 8146
326296844 59 719 8167
326832863 42 112 8181
326930218 58 206 8183
327313157 47 631 8192
328570422 51 729 8225
328802195 52 854 8231
329335781 46 522 8245
330100051 46 305 8263
330426203 43 368 8271
330931680 47 720 8284
332204252 46 277 8315
332877895 49 550 8332
333559191 51 221 8349
333906574 53 854 8358
334899930 41 79 8384
336762268 50 235 8430
337092542 50 221 8438
339091740 40 764 8487
339264998 58 658 8491
339348011 46 268 8493
339527997 53 226 8497
340192781 54 104 8514
340239624 47 770 8515
340327227 40 31 8517
341413211 51 875 8544
341570771 50 161 8548
342672377 57 616 8575
344034803 54 191 8609
344517476 47 708 8621
345063168 43 95 8635
345179568 43 138 8638
345945144 56 160 8658
346909646 52 585 8683
347838833 58 905 8706
349012006 51 122 8734
350063825 56 332 8761
350924878 56 100 8783
351000345 53 552 8785
352741601 51 869 8828
352858320 53 667 8831
353144984 57 186 8838
353830306 41 634 8855
354343167 49 97 8867
354418547 54 998 8869
354859395 59 273 8880
355925466 54 192 8906
356445795 50 927 8919
357426124 42 16 8944
358513813 41 220 8972
358622161 51 966 8975
358716784 42 967 8977
359111815 50 751 8987
359694722 56 759 9002
360156410 40 62 9014
360668979 47 111 9027
361778782 46 219 9056
362665024 49 545 9077
362710658 57 172 9078
363995473 41 790 9109
365384326 55 913 9144
365903184 40 481 9157
366381928 41 898 9169
369410919 57 930 9246
369456963 51 193 9247
370348715 53 481 9269
370618025 42 817 9276
371004349 43 71 9286
371438129 55 273 9297
371528983 48 243 9299
373201459 57 449 9341
373236704 46 766 9342
374155559 53 198 9365
375909000 52 840 9407
376134233 49 860 9413
376457675 50 584 9422
379121445 48 582 9491
379161993 47 155 9492
379312910 42 863 9496
380662639 42 65 9531
380700681 56 765 9532
381104217 40 145 9543
381220172 48 2 9546
381296531 56 547 9548
381701803 46 67 9558
381924591 45 632 9563
383078320 55 9 9593
383694784 40 175 9609
383899291 46 796 9614
385092872 44 303 9644
385125816 43 736 9645
387837829 46 17 9714
389591775 45 441 9759
389683304 40 357 9761
390976572 56 103 9794
392419951 41 873 9829
392755686 57 722 9837
392790019 43 570 9838
393842886 50 226 9864
394125367 58 575 9871
394327382 45 645 9876
395224148 43 820 9898
395356770 49 575 9901
395486742 51 734 9904
395859312 41 217 9913
397635599 51 238 9956
398114356 47 947 9968
398829062 45 19 9986
398939843 49 964 9989
399313236 59 840 9998
