193321 285 540 4
1254508 285 176 30
1565274 294 360 38
2151417 293 350 53
2266111 287 548 56
3279438 294 883 82
3359438 297 113 84
4855648 291 702 124
4894896 298 838 125
6116480 291 80 155
7060806 289 414 178
7356396 291 500 185
7766288 281 264 195
7868975 288 319 198
8627179 296 945 218
9244871 282 946 234
10337198 286 708 260
11070999 283 106 279
12005144 298 571 302
12464404 290 909 313
12514404 293 250 314
13364735 280 625 335
15178901 293 211 381
15338040 281 628 385
16359706 291 239 411
16786992 291 234 422
17540408 289 294 441
17977228 287 404 452
18525538 296 963 466
18597480 293 933 468
19895071 289 603 500
20952848 287 941 527
21266429 285 977 535
21806946 298 884 549
23821113 280 574 599
23901014 289 52 601
24403683 281 149 613
25662170 295 15 644
26184800 285 409 657
26307444 292 467 660
26650446 289 804 669
26799720 298 590 673
26847148 289 144 674
27939790 289 613 702
28264203 295 559 710
29930622 291 421 751
30152678 280 954 757
30235867 290 116 759
31358395 297 233 788
31894144 280 14 801
36093914 284 633 907
37683036 292 92 947
38250770 284 40 961
39903427 284 287 1002
40034011 284 308 1005
40566146 286 591 1019
40701411 294 401 1023
40873097 289 707 1027
41270836 293 616 1037
41951603 292 153 1054
43753078 285 101 1100
43887218 284 742 1103
44715753 283 17 1124
44747869 287 242 1125
45959630 292 411 1154
46167605 282 7 1159
46498220 292 130 1167
47832945 294 762 1201
48299447 284 939 1213
49323672 295 0 1238
51234029 285 89 1286
51782741 288 522 1299
52170847 288 300 1308
52471059 285 853 1315
53072979 298 189 1330
53461341 291 448 1340
54703339 290 866 1371
55438009 290 529 1390
55479271 298 903 1391
56523019 285 975 1417
56744082 287 732 1423
57052571 285 536 1431
57394006 290 774 1439
57474006 283 443 1441
60185302 296 346 1508
60891967 293 915 1525
61238307 294 61 1534
64062012 292 930 1604
65395972 287 907 1637
66070121 287 293 1654
66805602 298 486 1672
67662550 284 870 1694
68431543 291 870 1714
68664912 280 940 1720
68843135 295 570 1724
68926417 282 307 1726
69683262 283 932 1744
69885940 286 695 1749
70609414 289 294 1766
70776486 284 852 1770
71223086 283 171 1782
72197570 284 346 1806
72471608 289 492 1813
72736881 281 551 1820
73192482 294 754 1831
73416957 288 311 1836
74068214 297 428 1852
74415064 298 636 1861
75167866 298 418 1879
75666990 293 984 1892
76455704 292 120 1912
76820645 287 505 1922
76979060 282 552 1926
77364659 286 629 1935
78029762 282 956 1952
78723498 297 998 1969
79294777 285 699 1983
79451487 289 757 1987
79694066 291 710 1993
79803042 291 335 1996
80909638 283 88 2024
81567111 293 990 2040
82177721 283 465 2055
82490154 297 928 2063
83007255 290 211 2076
83077894 283 307 2078
83514048 290 614 2089
83858919 284 295 2097
84450077 294 249 2112
84797644 296 894 2121
85454426 281 99 2137
85970791 284 21 2150
88485680 291 801 2214
88876073 292 478 2224
89036171 296 12 2228
89847366 296 980 2249
92571812 281 401 2316
93497288 282 136 2339
93699174 291 238 2344
94196055 285 233 2356
94453558 280 60 2362
94492609 294 131 2363
95483202 296 315 2387
95787101 280 13 2395
96251205 296 902 2407
96517716 285 993 2414
97448664 283 985 2437
97894745 289 435 2448
97932342 291 241 2449
98126335 286 251 2454
99067813 284 643 2478
99657420 297 947 2493
99705139 282 604 2494
99836508 282 342 2497
100178828 294 233 2506
100310781 294 760 2509
100576246 287 784 2516
100943542 294 382 2525
101466408 294 292 2538
102793253 290 233 2571
103771484 293 662 2594
104235567 292 481 2605
104519863 292 944 2612
104743093 286 834 2618
105123940 288 45 2628
105329998 296 670 2633
105743403 289 641 2643
106335642 285 274 2658
107820864 281 415 2696
108173825 281 340 2705
109244147 280 363 2731
109280747 283 835 2732
109430772 293 47 2736
111505539 280 960 2789
112257696 292 994 2808
114205135 293 97 2858
114235135 295 285 2859
114277264 289 801 2860
115344078 285 215 2887
115808818 298 681 2898
116748966 281 429 2921
118179666 280 28 2957
120998239 281 606 3027
123123279 295 26 3080
123351866 284 984 3086
124872761 292 492 3123
126739712 289 566 3168
126830058 295 445 3170
127791178 280 638 3194
128212099 289 628 3205
128744538 296 449 3219
129259779 287 9 3232
129574807 294 952 3240
130102784 281 364 3254
130401010 286 410 3261
130599070 283 659 3266
130728576 289 60 3269
131088567 283 276 3278
133076245 281 222 3328
133336717 280 980 3335
133483908 290 205 3339
134162379 286 709 3356
135112143 290 537 3379
135246055 284 283 3383
135409205 294 152 3387
135526925 295 900 3390
135981808 284 17 3401
137304852 285 271 3434
137748552 292 133 3445
138195530 295 996 3456
138441547 287 80 3462
138610332 292 580 3466
138796617 285 589 3471
141476683 298 127 3536
142799622 295 506 3568
143052798 282 724 3574
143314204 297 331 3581
143403068 289 480 3583
143452352 282 528 3584
143750307 288 808 3591
144288378 294 14 3604
144629406 289 772 3613
144784343 281 824 3617
145181917 293 595 3627
145721987 283 399 3640
145839739 284 803 3643
146307635 289 53 3655
146345481 280 833 3656
146982452 280 122 3672
147338549 290 95 3681
147744466 284 831 3691
148906140 297 414 3721
149851695 290 784 3744
150681502 292 637 3766
151448248 290 890 3786
152392097 287 885 3810
153081015 284 987 3827
154126036 289 525 3853
154317937 282 815 3858
154359057 294 244 3859
154519456 292 496 3863
154565445 295 684 3864
155032008 287 941 3876
155275662 286 217 3882
156435956 290 109 3911
156587774 280 608 3915
156743522 291 544 3919
156788184 285 67 3920
157395039 291 897 3935
157528758 287 634 3938
159142210 283 974 3978
159813969 291 762 3994
160520845 282 391 4010
161463927 297 982 4034
162087930 293 771 4050
163332630 283 183 4081
163817219 297 779 4093
163952839 296 88 4096
163983516 280 432 4097
164060526 288 450 4099
164144442 283 566 4101
164872409 297 617 4119
165545974 297 446 4136
165665625 280 930 4139
167113305 294 343 4176
167207546 293 354 4178
167615017 280 373 4188
167800598 291 693 4193
169565592 289 103 4237
170229403 292 241 4254
170263779 288 309 4255
171649827 293 830 4289
172390680 284 726 4309
172692341 296 338 4316
174532056 292 678 4363
175613845 292 597 4391
175719347 298 301 4394
177282233 292 352 4433
178926799 285 856 4474
179201044 298 988 4481
179926671 286 209 4499
180231421 294 696 4507
180588402 291 138 4516
180625714 283 117 4517
180664666 297 134 4518
180935819 290 818 4525
181105761 295 185 4529
181905668 288 867 4549
182301859 296 9 4559
182384588 291 682 4561
183492219 281 565 4589
183648925 284 76 4593
183749580 280 532 4596
185233136 288 775 4633
186322343 293 71 4660
186786145 280 585 4671
187112083 282 791 4679
187321800 280 902 4684
188556426 284 693 4715
191803482 286 838 4796
192359749 287 427 4810
192858814 280 673 4823
193442474 294 603 4838
196245675 290 571 4907
197137742 285 612 4927
197425184 287 436 4934
198506140 297 165 4960
199798901 280 94 4993
200288045 284 194 5005
200904562 287 88 5022
201007886 285 994 5025
201901006 291 210 5047
203923019 282 538 5097
206494756 292 902 5162
207108466 284 372 5177
208941458 296 798 5223
209465894 280 169 5237
210023347 283 670 5251
210058073 288 57 5252
210449005 298 213 5262
210726389 293 79 5269
211245241 291 293 5282
211802527 296 3 5297
212319797 280 862 5309
212927199 296 13 5324
213394088 283 7 5336
213481863 289 640 5338
213796226 296 533 5346
213990195 297 866 5351
214126351 287 922 5354
214173144 295 452 5355
214438695 296 367 5362
215220172 286 556 5382
216573030 281 936 5416
216936961 292 223 5425
218822806 298 428 5473
219093417 293 859 5480
219226316 291 299 5483
221747981 290 478 5546
222017081 291 208 5553
222863010 290 886 5574
224473186 283 379 5614
225915557 289 689 5650
226146384 298 578 5656
227120778 296 325 5680
228737817 285 308 5720
229399067 290 187 5736
229473916 290 271 5738
229593904 291 679 5741
230543944 285 595 5765
231967225 291 588 5802
232016047 292 745 5803
232246012 297 516 5808
232879225 296 21 5824
233493562 292 774 5840
235740017 288 308 5896
235813932 289 490 5898
237399725 283 964 5940
238543415 292 680 5968
239881362 297 26 6001
240160636 285 872 6008
241037069 291 248 6030
241143632 293 796 6033
241317060 294 303 6037
242340378 294 501 6062
243350260 296 300 6087
243552118 282 549 6092
243589229 295 472 6093
244384646 297 305 6113
244615252 294 106 6118
245140736 291 697 6131
246853947 295 725 6174
247423991 287 794 6188
247508774 287 572 6190
249923834 295 488 6250
250514226 294 997 6264
251356340 285 93 6285
252421319 289 676 6312
253085877 295 755 6330
254199018 280 107 6358
254527505 295 257 6366
254889371 282 666 6375
255539541 289 807 6391
256103989 286 535 6405
256367754 289 407 6411
258300077 298 552 6459
260222115 294 272 6509
261332542 297 357 6536
261477602 298 293 6540
261782125 280 240 6547
262131489 284 441 6555
262475089 286 760 6563
262791489 298 807 6571
262873691 295 453 6573
264069779 292 334 6604
264195040 285 963 6607
264646429 290 220 6618
265609597 290 425 6642
265723417 282 682 6645
266648308 287 215 6669
266925449 287 446 6676
268403101 292 408 6713
268938425 290 135 6726
269108296 281 145 6730
269397801 282 650 6737
269996659 295 326 6752
270066527 286 758 6754
270506983 287 701 6765
270628384 292 24 6768
271377937 296 852 6787
271817890 290 21 6798
272159885 294 408 6806
274119850 297 40 6854
274862528 293 36 6873
275125116 297 604 6880
275675134 287 128 6893
276527245 298 449 6915
276912485 295 494 6924
277264856 283 437 6933
277443678 280 762 6938
277893393 296 520 6950
278218585 291 705 6958
278898855 296 545 6974
280032096 284 446 7003
280823943 298 705 7023
280860102 281 549 7024
282760809 280 856 7072
283481487 294 310 7091
283519595 293 358 7092
284079580 295 259 7106
286644877 281 224 7169
286921254 281 558 7176
286964387 285 727 7177
290358343 282 10 7261
291097258 296 178 7280
293210321 292 689 7332
293908545 293 269 7349
294262834 295 518 7358
296086747 296 543 7403
297133463 293 491 7429
297323303 294 39 7434
297484543 284 908 7438
297603985 280 13 7441
297968191 294 972 7450
298231603 282 482 7456
298398517 298 504 7460
298497757 289 118 7463
299287632 296 118 7483
299364733 289 144 7485
299505456 281 296 7489
299631801 294 382 7492
300412169 280 513 7512
300604281 298 374 7517
300725096 292 891 7520
300965556 289 555 7526
302857675 290 310 7574
303742615 282 887 7597
303980534 281 121 7603
304926689 294 422 7627
308414590 296 371 7716
309102623 295 66 7734
309457639 287 5 7743
309663985 296 678 7748
309710983 285 37 7749
309876428 291 147 7753
310508907 293 600 7769
310549671 284 78 7770
311306310 280 530 7789
311420150 283 750 7792
312578934 287 110 7822
313109004 280 388 7835
313838712 284 905 7854
314718525 280 9 7876
314757866 298 524 7877
314839023 294 909 7879
315944944 297 780 7907
315983560 281 938 7908
317771436 283 475 7952
318306722 292 896 7965
319329054 292 340 7991
320275898 281 868 8016
320631814 294 44 8025
322228855 281 650 8065
323346557 287 10 8093
323789186 291 875 8104
324006678 298 35 8109
324420234 291 49 8120
324453763 292 774 8121
324658286 284 310 8126
325324632 288 413 8143
326968166 290 279 8184
328493675 294 842 8223
329418670 295 448 8247
329939318 294 635 8259
330017110 282 263 8261
331016051 297 12 8286
331650218 285 711 8302
331784027 289 642 8305
331828221 295 489 8306
332951051 288 522 8334
333454332 289 277 8346
333525883 293 87 8348
334126073 286 173 8364
334231306 296 860 8367
334276423 288 152 8368
335374984 281 642 8396
338015427 293 799 8461
338365508 298 803 8470
339136871 290 726 8488
340805210 292 114 8529
341201844 295 835 8539
341536559 297 62 8547
341649186 285 607 8550
341739243 280 850 8552
341939831 284 859 8557
343148320 297 456 8587
343187736 296 917 8588
345683098 289 807 8651
345975144 287 10 8659
346146340 298 110 8663
348639609 281 566 8725
349879145 296 998 8756
350355921 298 389 8769
352374377 284 179 8819
352662741 284 882 8826
353284070 286 232 8842
353445886 286 247 8846
354179803 287 728 8863
354453215 290 763 8870
354611581 288 241 8874
356041784 292 358 8909
356681383 292 268 8925
356801804 292 290 8928
357459937 286 193 8945
359861255 287 622 9006
360270181 287 839 9017
360742645 283 423 9029
361740777 293 160 9055
362372722 283 755 9070
362615024 298 140 9076
363540261 294 94 9098
364219759 289 14 9115
364380166 294 809 9119
364410166 288 697 9120
364510498 297 169 9123
364908675 289 688 9132
365662972 284 827 9151
365783194 298 949 9154
365866610 285 747 9156
365992842 293 893 9159
366306209 282 146 9167
367619757 284 871 9200
367953052 285 572 9208
369118827 296 305 9238
369340522 296 633 9244
369486963 287 956 9248
369650389 296 396 9252
370469333 285 943 9272
370654075 289 266 9277
370824180 292 62 9281
371808508 280 622 9306
372475837 286 198 9322
372687086 286 291 9328
372774585 289 204 9330
374108903 290 477 9364
374451603 289 886 9372
374662491 295 941 9377
374779086 293 815 9380
375018945 289 664 9386
375227991 288 120 9391
376418392 289 102 9421
376645327 288 61 9427
376937634 295 784 9435
377361151 286 41 9446
377646937 284 59 9454
378120770 292 327 9466
378349697 282 69 9472
378571525 295 869 9477
378642169 285 837 9479
379387173 281 304 9498
379841879 293 167 9510
380093750 295 144 9516
380130378 293 712 9517
380175943 290 601 9518
381998048 281 637 9565
382289527 296 602 9573
382670598 289 308 9583
383979354 287 609 9616
384807695 293 109 9637
385947666 297 151 9666
386069865 298 930 9669
386332384 282 360 9676
386520572 293 434 9681
387960515 280 424 9717
388350434 292 119 9726
388565084 290 198 9732
389951149 295 326 9768
390885667 296 277 9792
391098527 281 238 9797
391359775 290 134 9803
391515382 281 394 9807
392515416 287 456 9831
392639454 285 985 9834
394942511 286 702 9891
395945626 290 66 9915
396339108 281 163 9925
396428865 290 407 9927
397678746 285 36 9957
398277415 282 190 9972
398666996 284 138 9982
399119262 285 542 9993
