598118 161 264 14
2503755 167 241 62
3329438 160 551 83
3444581 179 125 86
3780363 165 693 95
4548882 166 551 116
5476092 172 108 139
6003110 178 667 152
6081364 175 138 154
6616564 177 990 167
6744384 161 210 170
7677267 173 622 193
7911703 162 707 199
8043379 175 247 203
8969030 179 845 227
9455450 166 205 239
9968066 169 453 251
10538815 172 550 265
11353665 170 964 286
12941883 168 40 324
13627176 160 254 342
14020350 172 420 351
14992832 171 669 376
15488388 178 816 389
15572193 163 982 391
16050610 168 990 403
16400851 161 427 412
17170085 162 572 432
19301773 162 127 485
20450723 160 469 514
20760713 169 187 522
21571769 174 869 543
22142402 172 620 558
22582180 177 385 569
22935389 163 716 577
23346313 163 314 587
23593495 166 708 593
24072184 163 946 605
24201783 167 858 608
25019953 177 822 629
25707782 167 304 645
27749779 161 711 697
28114471 163 433 706
28221750 160 177 709
28549473 173 607 717
28956403 174 963 728
29418742 169 661 739
29638286 165 73 744
29842152 163 224 749
30048932 176 525 754
30500732 161 124 766
30894804 172 967 776
31010104 171 746 779
32405022 167 810 814
32683187 160 192 821
32721964 179 826 822
34023175 165 848 854
34333714 168 526 862
35416448 160 574 890
35814341 170 729 900
36132192 171 390 908
36539468 173 436 919
37349155 173 731 939
37475194 170 985 942
37520856 162 856 943
38161716 162 348 959
38879981 160 933 977
39307755 168 283 988
39595689 161 548 995
40215928 167 572 1010
40358109 172 26 1014
42134474 164 25 1059
42810303 168 600 1076
43797638 178 539 1101
44679003 170 669 1123
46784242 177 395 1174
48218111 177 508 1211
48671620 160 345 1222
48870737 165 343 1227
49038804 172 669 1231
49496524 170 750 1242
51099575 168 371 1283
51351451 166 753 1289
53274461 171 434 1335
53755838 171 916 1347
54381077 162 392 1363
55035031 169 794 1380
55211255 161 147 1384
56973077 165 689 1429
57301264 162 44 1437
60010825 165 276 1504
60230193 164 365 1509
60474783 171 622 1515
60558941 164 362 1517
60921967 167 71 1526
61123348 160 973 1531
61307000 178 15 1536
61585417 178 448 1543
62208946 179 190 1559
63250776 171 90 1584
64181407 167 247 1607
64229600 177 897 1608
65086252 173 214 1629
65950026 169 788 1651
66434249 174 492 1663
66586537 160 896 1667
67001891 173 639 1677
67159817 178 222 1681
67204097 175 3 1682
69348293 165 580 1736
69474028 168 256 1739
70055096 162 890 1753
71571043 168 490 1790
73235513 165 785 1832
73368782 178 753 1835
74338203 177 771 1859
74629493 173 99 1866
76328510 174 496 1909
77322415 168 737 1934
77917091 169 197 1949
78153530 161 226 1955
79041976 161 820 1977
80098900 168 707 2004
81028567 173 363 2027
81326696 162 833 2034
81364188 162 582 2035
82220896 161 238 2056
82372850 176 719 2060
82882791 175 798 2073
83384556 162 598 2086
83562505 160 787 2090
84304211 172 169 2108
84756009 168 617 2120
87334474 173 287 2184
88143121 176 690 2205
89229153 165 394 2233
89777687 178 748 2247
90301001 166 258 2260
90619858 163 81 2268
91438004 164 546 2288
92399262 166 49 2312
93986905 165 345 2351
95020522 178 148 2376
95610132 168 847 2390
96788343 169 699 2421
96999596 174 122 2426
97236208 160 904 2432
98793647 165 42 2471
99246378 160 633 2483
99284923 177 586 2484
99490621 174 341 2489
99956970 171 817 2500
101635436 176 443 2542
101825000 171 557 2547
102017360 164 621 2552
102965317 163 218 2575
103689374 163 205 2592
104103271 178 659 2602
104285567 166 587 2606
105582443 178 708 2639
109938058 177 329 2749
110063971 162 984 2752
110104418 164 395 2753
110716504 166 496 2769
111026414 169 365 2777
111623340 165 208 2792
113118759 160 765 2830
113255855 163 808 2834
114161986 168 926 2857
114547002 168 577 2867
114863865 171 113 2875
116373658 179 192 2912
116915158 163 940 2925
117764947 165 879 2947
117933762 172 389 2951
118093387 175 213 2955
118958778 166 34 2976
119813327 166 7 2997
120007554 161 281 3002
120409599 170 457 3012
120652057 174 875 3018
121116026 179 483 3030
121229145 178 944 3033
121489432 160 108 3039
123764446 172 6 3096
124049980 164 690 3103
124527562 178 638 3115
124748555 178 690 3120
125555649 171 158 3140
125985034 165 746 3150
126065458 175 874 3152
126284213 167 375 3157
128296471 179 146 3207
128524561 178 47 3213
129022602 177 759 3226
129447324 170 855 3237
129725401 178 579 3244
130682131 162 303 3268
131604700 168 84 3291
132670374 175 442 3318
133036484 167 460 3327
133703963 163 971 3345
134651305 170 756 3368
134814464 179 375 3372
136860068 173 992 3423
140381831 175 925 3509
140413849 169 337 3510
142969194 176 754 3572
143204516 169 692 3578
143541343 166 909 3586
143951460 173 372 3596
144436538 168 637 3608
145946282 170 150 3646
147088985 170 996 3675
147953883 169 619 3696
149152855 161 287 3727
149731673 160 52 3741
150611270 177 275 3764
151313778 167 772 3783
153317648 161 253 3833
153517354 179 880 3838
153948692 168 722 3849
154839084 167 701 3871
155152334 168 618 3879
155390575 175 295 3885
155582846 172 946 3890
155789031 166 237 3895
157852279 164 539 3946
157931091 171 545 3948
158812806 167 341 3970
159227737 174 717 3980
160159706 172 465 4002
160595420 174 612 4012
161302963 160 583 4030
162675805 165 17 4065
163053075 169 622 4075
164410388 176 54 4107
164599667 172 641 4112
165071297 165 896 4124
166602410 162 512 4163
166947567 160 111 4172
167065850 169 373 4175
167493990 173 696 4185
167537341 161 50 4186
167961835 174 697 4197
168868804 176 480 4220
170688864 167 834 4265
171061158 177 777 4274
171963351 178 30 4298
172013351 172 298 4299
172053686 170 131 4300
172815323 175 728 4319
173279005 163 159 4331
173521019 167 524 4338
173758706 171 487 4344
174288330 176 208 4357
174778883 162 887 4369
175652853 166 869 4392
176437821 171 717 4412
177594713 162 739 4441
177708183 166 87 4444
177929447 176 578 4449
178489845 171 557 4463
178849018 174 765 4472
179695614 172 949 4493
180423697 167 670 4512
181149941 161 383 4530
181546373 164 183 4540
181625323 170 428 4542
181666147 168 377 4543
181712997 177 621 4544
182211713 179 640 4557
182501468 170 404 4564
183610275 175 905 4592
183684953 165 1 4594
184905670 174 943 4625
185157346 169 670 4631
185584775 171 324 4642
186653653 178 593 4668
186741561 167 578 4670
187520391 178 540 4689
188109341 162 371 4704
188202031 163 387 4706
188360735 167 243 4710
189061927 177 936 4727
189694605 178 485 4742
190553421 164 738 4763
190935332 162 789 4773
191281765 173 142 4782
191318769 160 229 4783
191426185 173 478 4786
191732358 164 545 4794
191984048 173 818 4800
192614772 162 110 4817
192816441 165 144 4822
194337210 160 934 4860
194795831 169 30 4871
195184347 174 556 4880
195234347 160 446 4881
195278446 175 408 4882
195323270 177 947 4883
195918362 164 450 4898
196388307 165 710 4910
197047793 172 426 4925
197959761 179 771 4947
198052900 160 222 4949
198139033 163 835 4951
198893636 167 468 4970
199047779 179 778 4974
199211019 169 523 4978
201517687 164 92 5038
202365466 169 357 5058
203093124 164 105 5076
203175603 171 670 5078
203607619 166 102 5089
206533576 172 288 5163
207632787 169 719 5190
207750505 162 80 5193
207977619 174 323 5199
208768623 178 158 5219
209673828 170 692 5242
209944015 174 453 5249
210172089 162 865 5255
211688615 161 682 5294
212476263 170 465 5313
213045556 168 574 5327
213553466 165 86 5340
214285637 172 937 5358
215074267 166 798 5378
215697998 164 682 5395
217111193 175 901 5430
218132085 165 42 5456
218219340 173 360 5458
219299089 171 713 5485
220413014 161 447 5512
222408042 163 262 5562
223188609 172 116 5582
224559566 179 602 5616
224837219 165 417 5623
224973531 174 346 5627
225409369 160 540 5638
225792766 160 990 5647
225995405 169 482 5652
226325104 166 125 5660
226570349 178 246 5666
227308191 164 722 5685
227498998 175 199 5690
228150366 161 428 5705
228233449 160 667 5707
228263449 172 944 5708
229083015 163 874 5728
229971902 174 547 5750
230703021 169 728 5769
230963168 176 727 5775
231284204 163 500 5784
231781664 160 907 5797
232291913 173 337 5809
233404647 162 7 5838
233740428 173 619 5846
233864980 164 674 5849
233940505 160 305 5851
234143615 177 382 5856
234670928 172 666 5869
235128889 169 341 5880
235348471 176 940 5886
235474730 170 405 5889
236986811 163 604 5929
237771381 177 328 5949
238420657 174 168 5965
238588323 162 852 5969
238973742 167 601 5978
239797405 168 803 5999
239914205 163 927 6002
240122626 173 97 6007
241072155 161 979 6031
241103131 173 728 6032
241896592 169 314 6051
242801637 171 716 6073
244065815 175 754 6105
244565494 172 239 6117
245514335 174 551 6140
246317638 178 121 6160
246431209 179 180 6163
246508997 178 604 6165
247021368 170 238 6178
247095593 172 72 6180
247251887 170 926 6184
247845021 175 382 6199
248453238 165 53 6214
249502373 174 58 6240
249885387 161 751 6249
251234687 174 533 6282
251638663 174 82 6292
253818983 168 482 6349
254067621 164 170 6355
254450374 162 293 6364
254722851 160 150 6371
255010359 177 414 6378
255401052 172 147 6387
255589541 171 256 6392
255785287 164 681 6397
256012715 176 869 6403
256899721 163 818 6424
257637485 174 263 6443
257717251 168 218 6445
257848471 173 833 6448
258375693 177 379 6461
259130522 170 819 6480
259314233 175 37 6485
259413523 165 452 6488
260602563 179 333 6518
260764983 178 994 6522
261447602 164 203 6539
264564859 167 499 6616
264796018 167 629 6622
265041072 167 802 6628
266421138 173 571 6663
266696381 165 780 6670
266737002 163 671 6671
267123916 170 888 6681
267898227 179 906 6700
268851284 169 706 6724
270105514 161 48 6755
272269804 166 810 6809
272353508 175 959 6811
273376207 164 656 6836
273658606 171 203 6843
274474703 169 904 6863
274999264 174 339 6877
275437491 169 440 6887
276224552 164 475 6907
276784549 162 773 6921
277598705 167 341 6942
278091706 165 397 6955
278130972 168 976 6956
279264111 176 742 6984
279651975 160 884 6994
279899004 167 43 7000
279993350 175 244 7002
280289604 179 6 7010
280696148 166 104 7020
280971955 171 892 7027
281091202 168 683 7030
281324643 161 561 7036
281405991 170 782 7038
281607082 165 903 7043
282453926 163 322 7064
282535064 161 347 7066
284502358 165 339 7116
285266443 178 984 7135
285507490 162 992 7141
285916576 179 633 7151
285962061 168 253 7152
286334864 166 77 7161
287079236 168 532 7180
287352839 176 808 7187
287821581 160 166 7198
288781968 162 279 7221
289156466 161 977 7231
290112662 178 159 7255
290405274 165 964 7262
291588752 164 446 7292
292085430 168 299 7304
292594731 177 646 7316
293405573 160 723 7337
293623959 178 552 7342
293746191 169 200 7345
293941117 176 827 7350
294185834 173 114 7356
294502824 164 727 7364
294868006 163 779 7373
296449573 179 629 7412
297358214 171 484 7435
299957930 165 742 7500
301157113 178 139 7531
301265150 171 312 7534
301315007 164 360 7535
301445636 176 439 7538
301814200 176 185 7548
301946598 164 776 7551
302060101 176 632 7554
302441558 171 711 7564
303117954 165 52 7581
303242246 168 746 7584
303861302 177 577 7600
303950534 161 323 7602
304757942 171 676 7623
305276942 173 150 7636
307402397 178 616 7691
308490077 160 893 7718
309503167 174 273 7744
309627297 175 922 7747
310699034 174 947 7774
311221922 177 725 7787
311709521 165 240 7800
312380710 163 713 7817
312756658 177 412 7826
314595248 167 615 7873
315459807 166 217 7895
316400403 174 645 7918
316443967 166 45 7919
316772271 175 739 7927
316959512 168 444 7932
317210403 177 779 7938
318650695 162 633 7974
319401208 170 313 7993
319444894 163 558 7994
319482288 179 59 7995
320314667 162 490 8017
320550338 170 699 8023
320852240 165 520 8030
321735902 162 810 8052
321817699 165 618 8054
322041091 172 66 8060
322303586 162 716 8067
324218052 175 809 8115
325279787 167 192 8142
326015793 175 154 8160
326137612 177 581 8163
326534976 178 94 8173
326725827 179 455 8178
328764967 174 709 8230
331874197 170 769 8307
332069539 172 992 8312
332160985 167 538 8314
332381746 171 803 8319
333404332 160 709 8345
333488955 163 288 8347
333863253 168 520 8357
334487613 170 443 8373
335008598 172 662 8387
335589996 163 574 8401
336946154 166 503 8434
337467015 177 600 8448
337593604 177 806 8451
337741786 161 920 8455
340475773 172 662 8521
340681098 169 2 8526
340892607 161 347 8531
342353694 166 81 8567
343713557 174 242 8601
343824693 161 825 8604
343992620 160 883 8608
344073471 166 946 8610
344141939 176 312 8612
345220703 162 164 8639
345804391 161 117 8654
346655284 161 606 8676
346728798 177 210 8678
347187190 171 632 8690
347445650 169 460 8696
347518918 170 830 8698
347924189 160 799 8708
348046995 168 830 8711
348345910 172 260 8718
349543009 179 564 8747
349950492 175 233 8758
350882322 164 878 8782
351458702 174 287 8797
351622159 162 163 8801
352034695 175 707 8811
352579170 167 689 8824
353861977 172 685 8856
354103715 174 586 8861
354382410 165 474 8868
354733894 176 294 8877
355108395 161 977 8886
355554469 161 30 8897
355645672 162 383 8899
356285561 162 176 8915
356647129 173 95 8924
357383432 174 550 8943
357807656 164 17 8954
358220091 165 134 8965
359933609 161 186 9008
360961502 175 840 9035
361039932 167 130 9037
361126883 163 549 9039
361161445 168 5 9040
361649104 172 532 9052
361710526 174 462 9054
362115829 179 821 9064
362322722 174 944 9069
363325414 166 865 9093
363620506 166 147 9100
363874161 176 242 9106
365262920 175 93 9141
365466047 179 285 9146
366879988 162 9 9181
367877377 172 436 9206
367986789 163 950 9209
368472608 169 996 9222
368910367 169 656 9233
369733045 171 176 9254
369773604 175 893 9255
370704075 179 14 9278
372394726 162 716 9320
372582954 166 14 9325
372734971 164 25 9329
373270773 176 601 9343
373350698 164 625 9345
373666146 163 998 9353
373755452 164 94 9355
374193083 171 127 9366
374528879 172 697 9374
375716957 161 798 9402
376711428 167 79 9429
376777794 175 704 9431
376853285 179 904 9433
377167686 175 678 9441
378154476 174 678 9467
378760844 178 395 9482
379633740 169 664 9504
379974988 173 966 9513
380483069 170 207 9526
380595384 177 675 9529
380783157 162 102 9534
381066954 177 351 9542
382861675 162 86 9588
384469054 170 948 9628
384888058 177 704 9639
385815645 174 153 9663
386102522 171 591 9670
386179202 172 486 9672
386783133 176 162 9688
387074446 165 873 9695
388386707 162 518 9727
389358634 178 708 9753
390111340 161 866 9772
392085049 174 329 9821
392174960 170 363 9823
392256123 163 521 9825
394236012 178 180 9874
395007693 161 884 9893
397025133 167 13 9941
397878769 179 142 9962
398350512 176 551 9974
399233010 172 825 9996
