674041 11 66 16
1096850 1 540 26
1134057 4 618 27
1295861 18 613 31
2191483 10 991 54
2718873 12 12 67
2758596 3 31 68
3894190 13 202 98
4779868 6 948 122
5060633 18 586 129
5432463 17 949 138
6152955 11 813 156
6327643 16 369 160
6868911 19 574 173
7474037 14 167 188
8156208 9 589 206
8193398 17 967 207
8587018 13 459 217
9125138 7 640 231
9336120 7 147 236
9587350 2 917 242
10256915 19 928 258
10416676 4 552 262
11442417 12 756 288
11479950 19 872 289
12329577 15 968 310
12610838 5 34 316
14082698 0 44 353
14534454 5 909 364
15066130 14 4 378
15714018 16 815 395
16014192 13 721 402
17694954 3 124 445
18293233 10 624 460
18405062 10 844 463
18441277 17 310 464
19018184 0 805 478
19466464 11 892 489
19533483 4 237 491
21381670 6 513 538
21421994 1 938 539
21529696 6 320 542
21871674 17 335 551
21999041 7 773 554
22671983 3 373 571
23034640 16 917 580
23208597 4 393 584
23791113 3 654 598
23945432 4 707 602
25062302 10 151 630
25518628 0 247 641
26412439 13 354 663
26994649 8 142 678
27351650 0 337 687
27572483 5 523 693
27833463 7 52 699
27866933 10 336 700
27906339 12 673 701
28378116 16 655 713
29079171 2 97 731
29217602 2 985 734
30855303 10 453 775
30972758 5 15 778
31606249 19 104 794
32838330 3 421 825
36355836 17 444 914
36505457 18 483 918
36698439 4 477 923
36787326 6 102 925
36869108 3 821 927
37063112 1 404 932
37232487 11 949 936
37275092 0 199 937
38601619 10 584 970
38849039 14 532 976
39815013 6 7 1000
39853427 14 742 1001
40596146 9 211 1020
40737719 7 905 1024
40999268 10 578 1030
41343040 12 587 1039
41646820 0 316 1047
41915746 15 333 1053
42243134 17 387 1062
42928999 5 81 1079
43839955 7 599 1102
44179178 1 10 1110
45573233 15 550 1145
46690306 1 920 1172
46819026 1 961 1175
47440945 13 492 1191
50056861 7 580 1257
50823431 9 768 1276
51271091 8 360 1287
52042164 6 545 1305
52843258 3 332 1324
53233029 11 974 1334
53826256 12 662 1349
54294921 3 862 1361
55778952 12 495 1399
55897674 11 517 1402
56019994 18 200 1405
56319819 15 485 1412
57513615 2 318 1442
58321650 15 240 1462
58805053 13 45 1474
59875828 13 465 1501
60269423 10 416 1510
60608376 5 826 1518
60707171 5 680 1520
61009216 14 43 1528
61268307 16 791 1535
62251986 3 27 1560
63902780 1 992 1600
63946071 8 708 1601
64598488 2 522 1617
64827354 13 416 1623
65203761 13 255 1632
65552014 19 501 1641
65912277 2 263 1650
66674719 1 464 1669
67247454 1 803 1683
67295420 12 315 1684
67328412 12 822 1685
67551539 8 871 1691
68205782 1 232 1708
68349355 17 262 1712
68558810 7 549 1717
68631542 1 989 1719
71449817 13 141 1787
72542204 14 382 1815
72625834 9 928 1817
73151451 18 418 1830
74258328 10 584 1857
74888403 19 194 1872
75750365 13 573 1894
76586196 1 573 1916
77019515 13 511 1927
77987379 8 329 1951
78356267 16 951 1960
78516949 1 554 1964
78593233 9 112 1966
83236952 7 542 2082
84017602 7 398 2101
85212783 14 821 2131
85781969 2 554 2145
86050944 10 615 2152
86149610 15 458 2154
87044762 14 40 2177
87185607 4 461 2180
87430723 2 538 2186
87723995 2 69 2194
87929041 19 224 2199
87970817 16 71 2200
88036164 5 785 2202
88916004 8 946 2225
88948269 10 845 2226
88992684 5 24 2227
89143403 14 227 2231
89543137 18 790 2241
89882607 12 330 2250
91963980 9 991 2301
92361598 17 828 2311
92862035 19 288 2323
94970522 7 887 2375
95109254 16 448 2378
95649099 2 274 2391
96281205 9 321 2408
97120724 16 31 2429
97413918 15 706 2436
98276303 7 169 2458
98473045 11 797 2463
100350177 17 445 2510
100621004 12 122 2517
100857686 9 814 2523
101146056 7 883 2530
102443304 2 770 2563
103084969 4 335 2578
104191829 17 812 2604
104593543 4 775 2614
105896908 13 522 2647
106967549 11 832 2675
107866259 7 305 2697
108061127 3 264 2702
108882325 12 351 2722
109164881 8 572 2729
109400772 8 373 2735
109543730 11 378 2739
111461833 10 450 2788
111945049 14 50 2800
112516725 18 98 2815
112971936 4 705 2826
113301888 1 957 2835
113416657 2 857 2838
113450403 1 633 2839
113652572 19 431 2844
113763019 0 933 2847
113958950 1 802 2852
115430053 1 167 2889
116627825 15 451 2918
117026953 0 802 2928
118341497 9 651 2961
118430240 4 987 2963
119354191 4 786 2986
119389915 12 909 2987
120316109 2 299 3010
121821646 8 984 3047
121905307 2 33 3049
122153600 19 105 3055
122189388 2 997 3056
122693375 9 194 3069
124352313 18 942 3111
125344256 8 892 3135
125698499 1 583 3143
125736478 14 32 3144
126153985 8 845 3154
126199595 9 384 3155
126401132 11 77 3160
127576981 2 678 3189
127657584 0 642 3191
128142847 7 97 3203
129883398 1 317 3248
131298126 8 611 3283
131801524 7 215 3296
131839585 9 690 3297
133157159 6 585 3330
133225720 9 694 3332
133439122 18 76 3338
135024664 13 473 3377
136121052 13 393 3405
138010871 17 886 3451
138077244 17 359 3453
138156431 19 552 3455
139026023 6 311 3476
140811971 4 882 3520
141022030 8 439 3525
141814735 8 393 3544
141927981 18 453 3547
142573633 14 498 3563
144157712 4 1 3601
146378078 5 762 3657
147272074 17 477 3679
148465467 11 652 3710
149019320 2 851 3724
150012002 3 103 3748
150169860 2 2 3752
150539227 6 535 3762
151155670 11 383 3779
151520347 14 617 3788
151806544 12 563 3795
152157134 3 608 3804
152229896 7 292 3806
153837132 17 399 3846
155238496 2 568 3881
156401035 13 298 3910
156519646 8 46 3913
157694396 7 632 3942
158478476 1 114 3961
158779411 8 306 3969
158888100 10 679 3972
158968889 5 471 3974
160116185 15 278 4001
160431501 4 166 4008
160932461 2 102 4021
161012844 4 959 4023
161681686 9 307 4040
162597606 1 772 4063
164521127 10 516 4110
165461273 0 275 4134
165501605 18 364 4135
165588740 4 101 4137
167299366 1 145 4180
168104839 10 132 4201
169278865 11 228 4230
169530241 10 495 4236
172325814 7 668 4307
172558697 17 698 4313
173837401 19 96 4346
174842984 8 310 4371
175165714 19 495 4379
175201785 6 837 4380
176758671 4 265 4420
176800481 14 180 4421
177116476 19 398 4429
177509177 18 753 4439
178631366 12 866 4467
179374754 0 491 4485
179570108 0 176 4490
179888926 18 221 4498
180349159 8 391 4510
181265726 8 929 4533
181381914 17 959 4536
182006298 13 21 4552
182053584 11 686 4553
185346064 12 437 4636
185619481 14 913 4643
186615808 6 729 4667
187439546 15 167 4687
187484380 11 420 4688
187806593 12 314 4696
188849477 7 864 4722
189250127 7 18 4732
189916290 17 450 4748
189966290 19 439 4749
190172754 11 81 4754
190794237 12 182 4769
191360854 16 527 4784
191392792 18 673 4785
192210066 19 879 4806
192393106 12 586 4811
192504225 13 890 4814
193125035 19 714 4830
193163967 6 460 4831
193330599 7 489 4835
193551047 2 162 4841
193641116 14 127 4843
195759047 16 69 4894
196067093 9 547 4902
196660147 12 908 4916
196790060 6 497 4919
197093657 16 863 4926
197909761 4 859 4946
198179079 1 216 4952
198934364 1 962 4971
200160600 19 575 5002
200583373 15 798 5013
200734393 0 783 5017
201110662 11 790 5028
201359883 13 946 5034
202248823 10 198 5055
203224862 13 480 5079
203338434 12 431 5082
203373541 13 873 5083
204049703 18 380 5100
204960900 1 321 5123
206287053 5 830 5157
206328387 11 663 5158
207349078 9 343 5183
207713934 18 153 5192
207898579 4 89 5197
208099694 7 9 5202
208182537 15 787 5204
208418185 8 837 5210
209237104 7 585 5231
209864015 8 273 5247
210516841 6 137 5264
210637830 5 697 5267
210846635 19 202 5272
211605613 15 887 5292
211723963 0 133 5295
211761052 3 681 5296
211847703 7 667 5298
213511863 10 383 5339
214558055 4 405 5365
214635646 5 846 5367
214881253 6 140 5373
214958522 4 466 5375
215902520 10 764 5400
216266769 19 540 5409
216395549 1 184 5412
216888279 5 66 5424
217238123 6 913 5433
217841445 5 894 5449
218464712 8 307 5464
219633467 4 972 5493
219941940 12 677 5500
220373016 0 879 5511
221326462 16 891 5535
221681585 16 93 5544
221935310 5 960 5551
222309094 13 370 5560
222571048 3 855 5566
222601048 19 763 5567
222676169 2 955 5569
222828210 11 368 5573
223073004 14 29 5579
224220911 15 662 5608
224753288 19 393 5621
224796076 16 246 5622
224898111 15 930 5625
225010372 6 297 5628
225167141 4 303 5632
225449389 17 201 5639
226283199 8 448 5659
227221996 10 150 5683
228028609 2 376 5702
228896058 13 233 5724
229317145 6 931 5734
230278187 10 300 5758
231409980 3 49 5787
231492665 15 570 5789
232402964 18 773 5812
233370265 14 913 5837
233691113 6 233 5845
233826288 16 813 5848
233901831 14 817 5850
234105638 18 628 5855
234592964 15 468 5867
234716733 1 573 5870
235965800 5 288 5902
236086809 10 753 5905
236303984 10 506 5911
236538955 9 912 5917
237558677 18 71 5944
238228621 0 972 5960
238504633 14 958 5967
238633255 13 29 5970
238883647 12 195 5976
239045223 0 415 5980
239553304 16 777 5993
240566548 17 996 6018
240996476 9 461 6029
243119906 8 94 6081
244891645 4 444 6125
245561478 0 29 6141
246124648 19 389 6155
246212997 15 388 6157
246590870 1 86 6167
247179630 10 202 6182
247379578 19 702 6187
248252368 1 964 6209
248298850 13 111 6210
249392778 11 917 6237
250823405 4 829 6272
250911465 12 410 6274
251153670 14 468 6280
251822162 11 802 6297
252452032 19 620 6313
252527938 1 934 6315
252900496 16 895 6325
252977948 6 990 6327
254283885 0 358 6360
254849574 7 114 6374
255134857 14 727 6381
256147425 19 89 6406
256273561 1 423 6409
256541685 1 665 6415
257095141 5 261 6429
257894173 7 903 6449
257938923 14 601 6450
258701674 3 238 6469
259050547 8 198 6478
259374233 2 503 6487
259953797 11 428 6502
260256952 2 395 6510
260924581 19 701 6526
261296872 17 366 6535
261562540 16 629 6542
262089014 8 589 6554
262356887 13 49 6560
263155111 10 421 6580
263860176 9 480 6599
264318245 18 69 6610
265280033 5 23 6634
265330033 12 209 6635
266545582 9 513 6666
267167148 1 698 6682
267717500 7 327 6695
268725597 19 125 6721
269148710 13 360 6731
270188321 7 63 6757
270352924 4 276 6761
271023698 19 226 6778
271773658 8 321 6797
272202369 19 105 6807
272310596 12 110 6810
273254851 16 344 6833
273708606 12 396 6844
275169905 15 48 6881
275404835 6 897 6886
275717217 15 678 6894
276334193 1 151 6910
277965533 8 340 6952
278259833 3 944 6959
278562371 16 820 6966
279162162 13 65 6981
279477193 14 737 6989
281487963 2 834 7040
281559945 15 400 7042
282163322 8 228 7057
282199006 12 624 7058
282929945 17 839 7076
283920242 11 993 7102
284036250 10 51 7105
284160419 6 583 7108
286075143 19 645 7155
286163437 11 587 7157
287308302 10 665 7186
288703420 11 291 7219
288976128 9 288 7226
289547187 6 289 7241
289620452 4 755 7243
289912623 15 656 7250
290069363 0 190 7254
290767217 18 763 7271
290906555 16 428 7275
293037728 5 892 7327
293487883 0 595 7339
295317050 5 275 7384
295630167 15 803 7392
295750386 12 996 7395
296729158 1 580 7419
296936023 14 222 7424
297437700 13 315 7437
297712261 1 276 7444
299997519 9 243 7501
300314428 7 791 7509
301481141 18 38 7539
301712564 12 249 7545
301896672 2 170 7550
302016941 12 23 7553
302397604 17 348 7563
302515821 1 785 7566
302603333 9 613 7568
302929618 0 258 7576
303197163 1 735 7583
303400632 12 81 7588
303435346 16 508 7589
303615269 11 431 7594
303658283 17 232 7595
303704763 0 418 7596
303783572 4 389 7598
304487370 2 997 7616
304687596 7 765 7621
305035693 16 636 7630
305077564 2 968 7631
306064610 14 904 7656
306734885 10 419 7673
307294396 15 407 7688
307766829 0 502 7700
307927477 17 584 7704
308225233 17 964 7711
308448131 11 729 7717
308604616 18 455 7721
309246676 17 839 7738
311345280 18 139 7790
311565228 14 666 7796
312340203 10 481 7816
313530645 17 406 7846
313887118 3 983 7855
314015600 13 81 7858
314245918 2 906 7864
314383428 14 842 7868
315298987 16 456 7891
315908756 8 719 7906
316226291 4 133 7914
316725257 18 266 7926
317924260 5 471 7956
318011748 14 281 7958
319217647 1 132 7988
320090450 9 966 8011
321374968 2 522 8043
321701813 6 747 8051
323141654 0 694 8088
323581898 17 703 8099
323750985 19 805 8103
324036678 6 303 8110
325085606 14 299 8137
325971440 1 40 8159
326100010 17 445 8162
327352381 9 482 8193
327640253 0 513 8200
327888446 12 689 8207
328932176 1 293 8235
330052357 18 101 8262
330978317 0 257 8285
331283252 19 708 8293
331442534 4 21 8297
331604432 14 879 8301
333600444 0 52 8350
334156073 2 822 8365
334610611 3 832 8376
334829403 15 570 8382
334869930 7 122 8383
335058598 2 122 8388
335204172 15 677 8392
335419058 15 219 8397
335756694 13 1 8405
336808140 15 424 8431
337273150 19 841 8443
337303150 15 356 8444
337346158 4 779 8445
338871522 17 136 8482
339829862 2 583 8505
340024406 17 520 8510
341020095 12 294 8534
341374887 18 892 8543
341451309 5 513 8545
341490528 10 464 8546
341604290 18 860 8549
341898493 16 783 8556
342110737 1 356 8561
344736101 19 396 8627
345562444 15 96 8648
346571442 3 648 8674
346804389 2 201 8680
348300930 6 302 8717
349305080 5 763 8741
349578115 7 717 8748
349612865 7 420 8749
351792479 14 524 8805
352701033 7 75 8827
352780470 17 260 8829
355192745 8 480 8888
355268289 1 643 8890
355318289 14 908 8891
355806018 19 201 8903
355888990 19 524 8905
355970205 13 910 8907
357115997 4 136 8936
358138046 15 942 8963
359428596 3 135 8995
359571259 7 159 8999
359728577 19 982 9003
360309377 18 560 9018
362831681 14 820 9081
363711017 2 604 9102
366835057 10 597 9180
367579112 13 103 9199
367668481 11 922 9201
367831966 17 267 9205
368432385 8 590 9221
368845831 5 175 9231
369159425 10 15 9239
371927511 1 297 9309
372051111 2 708 9312
373320354 8 298 9344
373435007 18 61 9347
373596842 5 35 9351
374330025 15 417 9369
375448475 13 865 9396
375587936 2 904 9399
375746957 3 431 9403
375873131 12 553 9406
377094115 18 211 9439
377137686 1 198 9440
377429669 15 664 9448
379035822 17 908 9489
379548620 17 946 9502
379668148 7 343 9505
380561579 0 976 9528
381254970 18 519 9547
381751803 15 563 9559
382510341 15 626 9579
382552915 1 238 9580
382706346 5 1 9584
382743322 17 296 9585
383179997 10 404 9596
383738702 5 908 9610
384735136 15 624 9635
385438647 0 492 9653
385637310 8 912 9658
386292584 3 520 9675
386833133 19 841 9689
387440286 0 410 9704
388040927 18 435 9719
388310089 10 839 9725
388874654 17 91 9740
389450986 8 79 9755
389838850 3 728 9765
390723172 9 196 9788
390760734 5 891 9789
391184401 16 743 9799
391327527 14 717 9802
391394858 3 311 9804
391714688 18 534 9812
391786684 3 874 9814
391825147 7 22 9815
393126871 18 154 9846
393804134 3 765 9863
394593981 16 768 9883
394819611 18 555 9888
395618788 2 589 9907
395984184 1 24 9916
396156661 14 144 9920
396853071 10 631 9937
397598537 11 676 9955
398149430 0 700 9969
398784393 13 588 9985
