636222 143 88 15
784616 145 603 19
1488607 145 281 36
1646773 146 197 40
1762560 146 696 43
2227071 158 534 55
2467900 147 475 61
3155071 146 881 78
3247063 152 99 81
3598808 144 777 90
3634410 149 940 91
3827236 148 500 96
4663177 147 956 119
5714571 151 815 145
5916678 155 55 150
6907717 152 439 174
7271070 151 826 183
9720849 142 0 245
9765563 156 896 246
10653677 140 272 268
11566971 155 761 291
11616971 148 983 292
14322413 141 703 359
14821845 148 229 372
15027793 142 909 377
16153095 145 558 406
17310214 154 515 435
17464475 154 563 439
18018448 153 235 453
18481694 140 500 465
18948245 158 167 476
19697066 152 592 495
20126518 156 125 506
21776946 154 418 548
21908678 156 288 552
22192402 157 666 559
22352660 151 554 563
23516612 153 305 591
24793584 152 669 623
25568628 144 844 642
25773022 147 19 647
26012099 145 604 653
26616072 154 542 668
27305342 149 228 686
28997518 157 126 729
29126414 159 473 732
29304686 147 911 736
30304222 158 566 761
31447468 142 309 790
31777399 158 534 798
31931350 156 615 802
32116882 140 81 807
32758328 151 927 823
33043613 147 243 830
33424450 148 395 839
33468123 156 744 840
33517730 154 70 841
33937834 152 312 852
34140075 146 627 857
35063303 142 28 881
35370349 144 561 889
35535262 155 48 893
36209192 155 989 910
37390055 159 154 940
37596146 147 473 945
37720680 143 403 948
38334481 156 823 963
38489627 145 618 967
38526123 147 956 968
39000973 140 598 980
39077666 149 387 982
39226656 154 560 986
40140354 152 764 1008
40626146 141 160 1021
41377958 159 658 1040
42316518 147 287 1064
42772390 148 969 1075
44249132 154 927 1112
46298796 152 386 1162
46856673 146 151 1176
47025126 146 486 1180
48029335 157 13 1206
48829037 140 874 1226
48948224 148 856 1229
49620182 148 753 1245
50495282 143 258 1268
50538462 149 359 1269
51914351 142 361 1302
52428048 155 657 1314
52515760 151 697 1316
53192564 145 472 1333
53359603 147 906 1337
53897034 155 661 1351
53985284 151 959 1353
55005031 151 111 1379
55713962 140 299 1397
56112628 157 400 1407
56389058 155 427 1414
56871225 158 120 1426
57270817 146 551 1436
57763012 148 824 1448
58925820 159 1 1477
59240923 149 947 1485
59633907 152 871 1495
59676990 156 546 1496
60354211 149 153 1512
61342003 156 655 1537
61388272 151 35 1538
61669019 151 127 1545
62828700 151 968 1574
63827789 147 855 1598
63863675 150 272 1599
63979897 146 209 1602
64096579 158 611 1605
64272832 143 53 1609
64955239 143 775 1626
65039529 144 821 1628
65428214 143 655 1638
65796253 145 648 1647
67844961 152 500 1699
68310129 158 326 1711
68520339 144 532 1716
68970822 148 452 1727
69265760 143 294 1734
69809100 149 76 1747
70359506 159 73 1760
70698230 148 668 1768
70970505 140 797 1775
71811414 156 334 1796
72159801 159 129 1805
73041499 150 978 1827
74591271 146 884 1865
75524642 140 668 1888
75939947 148 297 1899
76283888 142 857 1908
76790645 157 659 1921
78891000 144 510 1973
79087960 141 409 1978
79414493 142 568 1986
79616058 144 336 1991
79758653 146 159 1995
80517655 148 765 2015
81150421 151 891 2030
83197689 153 401 2081
83764332 141 354 2095
83814332 154 686 2096
85853077 143 871 2147
86274848 154 512 2157
86404013 143 518 2160
86823391 141 970 2171
87771112 152 352 2195
88193121 148 831 2206
89370473 155 119 2237
90758120 146 900 2271
91351060 159 892 2286
91393131 141 607 2287
91804144 145 305 2297
92070436 145 89 2304
92906907 158 495 2324
93614426 147 994 2342
93659527 143 571 2343
93762541 157 477 2346
94373172 155 299 2360
94743367 144 518 2369
95679099 143 975 2392
96201205 156 320 2406
96639239 144 654 2417
97322333 141 410 2434
97492261 150 941 2438
98202002 140 147 2456
98404170 153 688 2461
98546821 158 395 2465
98832275 157 810 2472
99375218 148 265 2486
100268299 151 450 2508
100545087 151 908 2515
101329596 152 102 2535
102281781 153 894 2559
103640807 141 351 2591
103933213 146 933 2598
104401149 147 971 2609
105455249 145 526 2636
105622527 150 765 2640
106365642 148 886 2659
106897710 150 921 2673
107638107 155 690 2692
108426692 148 724 2711
108637242 147 382 2716
109673818 155 444 2742
109853983 144 615 2747
110554558 141 640 2765
112936223 147 48 2825
113377461 144 652 2837
113719563 154 277 2846
114126005 148 462 2856
114706495 142 90 2871
114736718 157 798 2872
115565893 148 222 2892
115728410 145 262 2896
116492931 147 450 2915
117374539 148 785 2937
117883830 156 580 2950
118479590 151 461 2964
119081581 150 19 2979
120125441 150 376 3005
120157225 153 620 3006
120282630 154 497 3009
120496372 144 721 3014
120725432 153 389 3020
121326898 144 97 3035
122035515 159 770 3052
122354842 145 364 3060
122583442 153 906 3066
122802114 141 250 3072
123252669 149 32 3083
123964327 144 865 3101
124320908 147 995 3110
125605649 147 445 3141
126026435 146 137 3151
126486512 155 905 3162
126614104 145 426 3165
126653111 151 522 3166
127542087 152 370 3188
128490141 156 764 3212
129338632 149 324 3234
129374315 150 557 3235
129409129 148 120 3236
129535695 142 161 3239
129612599 142 44 3241
129954705 146 423 3250
130182860 145 632 3256
130877605 150 671 3273
131330450 146 640 3284
131520541 153 507 3289
133121263 145 387 3329
134207689 149 687 3357
134859199 146 629 3373
136417379 149 770 3412
136654925 150 770 3418
138358407 148 592 3460
139448132 146 887 3486
139598948 154 18 3490
141069886 146 336 3526
141516646 144 387 3537
142411202 143 802 3559
143242604 159 803 3579
144402605 158 729 3607
144590549 146 288 3612
144740986 143 871 3616
145224690 151 403 3628
145357567 151 923 3631
145471432 153 98 3634
145884409 153 893 3644
146027992 148 538 3648
146116639 159 139 3650
146240593 150 71 3653
146653566 146 384 3664
146703566 144 347 3665
149397097 155 543 3733
149607284 158 863 3738
149812229 143 457 3743
150212507 149 140 3753
150573188 141 141 3763
150817746 141 265 3770
151876512 141 839 3797
152625150 159 452 3816
152740638 149 339 3819
153044125 144 591 3826
153441994 143 102 3836
153680190 155 72 3842
154436316 156 69 3861
155118917 151 404 3878
155360575 156 701 3884
155460452 157 126 3887
155532846 141 225 3889
157133890 149 318 3929
157352997 141 853 3934
159381894 150 19 3984
159560555 143 475 3988
159736791 158 145 3992
160706645 150 857 4015
162490962 144 775 4060
162638208 159 804 4064
163012442 157 757 4074
163607103 144 76 4088
164227925 149 594 4103
164986355 141 131 4122
166304334 154 498 4155
166556205 151 68 4162
167762444 159 537 4192
168387272 156 646 4208
168675011 155 552 4215
169066242 153 509 4225
171490848 147 731 4285
172428213 146 424 4310
173078944 142 464 4326
173196910 149 669 4329
174161502 142 78 4354
174241057 148 744 4356
174876832 140 34 4372
176686908 140 34 4418
178042902 153 560 4452
178232091 158 143 4457
179010929 155 939 4476
179083391 145 524 4478
180165805 140 619 4505
180303534 147 469 4509
181584606 141 561 4541
182351859 153 262 4560
182574772 147 465 4566
183044883 150 835 4577
183926392 143 662 4600
184635819 153 649 4618
184833404 149 13 4623
185299033 151 365 4635
186253812 140 887 4658
186825116 154 893 4672
187152382 148 299 4680
188284596 151 339 4708
190747096 151 619 4768
190866623 156 634 4771
191081647 150 123 4777
191934048 148 170 4799
192248818 145 910 4807
194467297 157 768 4863
195680098 146 720 4892
196840060 158 98 4920
199000884 155 489 4973
199289383 150 724 4980
199327150 140 447 4981
200510220 144 811 5011
201394544 151 159 5035
201561883 151 880 5039
201638033 158 145 5041
201983397 144 373 5049
202907879 144 787 5071
203654271 156 628 5090
203962079 144 910 5098
204004330 153 178 5099
204091533 140 888 5101
204239377 147 689 5105
205431529 155 927 5135
205756033 156 696 5143
207271923 144 836 5181
207304977 157 203 5182
207476856 140 0 5186
207511022 155 265 5187
207595573 155 987 5189
207940944 153 114 5198
208300498 152 82 5207
208334208 152 876 5208
208811168 152 825 5220
209275071 147 840 5232
209974015 145 721 5250
210137851 152 907 5254
210918655 152 147 5274
212014443 153 1 5302
212060378 140 524 5303
212355018 152 815 5310
212616173 142 823 5316
212698290 142 685 5318
213249983 155 571 5332
213678071 157 630 5343
215113886 143 413 5379
215148504 144 408 5380
215186056 140 216 5381
216020628 141 847 5403
216137265 141 47 5406
216216875 140 395 5408
216684527 142 241 5419
217071153 156 397 5429
217566893 154 181 5442
217606422 144 118 5443
217636422 146 977 5444
219594766 157 297 5492
220889373 140 143 5524
222143147 155 683 5556
222228258 150 235 5558
222642866 149 116 5568
224679888 145 316 5619
225580998 154 69 5642
225622684 148 68 5643
226364438 141 138 5661
226527878 142 326 5665
226603664 150 296 5667
227712211 151 69 5695
227986852 140 517 5701
228073249 151 442 5703
228509031 142 14 5714
228813355 143 343 5722
228994935 158 514 5726
229197108 154 244 5731
229666586 140 295 5743
229886664 152 960 5748
230183405 158 767 5755
230752758 151 423 5770
231073628 142 822 5778
231326085 144 720 5785
231449235 143 935 5788
231936140 145 851 5801
232110587 147 299 5805
232514653 155 735 5815
232951392 151 225 5826
233530379 142 278 5841
235218035 147 37 5882
235892814 150 720 5900
235925465 151 225 5901
237237269 153 665 5936
237437033 156 840 5941
237644005 159 198 5946
239225915 152 778 5984
239412446 143 66 5989
241602499 157 439 6044
241685326 144 918 6046
242209279 152 814 6059
242299108 150 762 6061
242491212 147 6 6066
242965339 144 600 6077
243154170 146 687 6082
243395516 152 418 6088
243919604 152 663 6101
244652897 154 463 6119
246088920 147 764 6154
246620870 147 738 6168
246654189 155 172 6169
246696008 150 319 6170
247771117 159 490 6197
248629436 142 205 6218
248756955 147 723 6221
249317739 141 228 6235
249995544 141 851 6252
250720720 148 938 6269
251677319 151 58 6293
253054603 142 343 6329
253287371 156 460 6335
253637589 145 841 6344
253708963 145 833 6346
253746126 149 878 6347
254365136 159 548 6362
254409363 147 427 6363
255220079 145 399 6383
255705971 141 880 6395
257976709 155 920 6451
258175170 143 704 6456
258935798 143 566 6475
259448253 150 578 6489
259710887 143 256 6496
259804126 159 176 6498
260301024 159 108 6511
260341716 159 88 6512
260514298 158 171 6516
261740815 146 940 6546
262517504 153 614 6564
262555364 141 552 6565
262964824 152 672 6575
263398797 156 277 6586
263770062 152 369 6597
264238156 156 902 6608
264362764 150 804 6611
264492920 147 452 6614
264840827 151 615 6623
265682787 158 496 6644
265955557 148 191 6651
266267425 148 737 6659
267048698 142 83 6679
268259521 149 60 6709
269778549 152 763 6747
270988395 151 721 6777
271139585 159 893 6781
271945028 144 586 6801
271995028 146 630 6802
272032634 150 20 6803
272835028 152 699 6823
273468546 151 266 6838
273911023 151 824 6849
275267005 149 821 6883
275354970 154 958 6885
275793159 148 116 6896
275964910 156 152 6900
276570080 145 965 6916
276867280 147 743 6923
277156021 154 419 6930
277331845 150 992 6935
277369492 140 613 6936
277562409 158 658 6941
278483243 153 622 6964
278642390 145 570 6968
279352944 140 607 6986
279943350 151 924 7001
280441725 146 335 7014
280477262 143 582 7015
281455544 142 778 7039
281716272 158 611 7046
281905401 145 466 7051
281948700 141 157 7052
282580244 153 408 7067
282846132 150 559 7074
283014976 144 128 7078
283418951 147 139 7089
283884334 157 469 7101
284981516 154 324 7128
285548944 153 347 7142
286206513 148 662 7158
286527832 140 703 7166
286563433 150 333 7167
287680283 144 410 7195
288898377 147 33 7224
289126432 156 924 7230
289198820 145 607 7232
289243842 147 369 7233
289825428 141 725 7248
289865724 140 253 7249
290039072 144 471 7253
290192825 152 828 7257
290240790 145 819 7258
292191799 159 137 7307
292319342 152 209 7310
293369397 159 52 7336
293788733 145 6 7346
294069117 150 24 7353
294546913 152 808 7365
295218319 144 638 7382
296341916 149 445 7409
297874594 140 171 7448
298349159 149 24 7459
298460238 150 181 7462
301076749 147 386 7529
301561619 141 411 7541
302291628 159 88 7560
304030534 159 448 7604
304275557 159 718 7610
304360724 142 82 7612
304422369 145 767 7614
304532456 145 235 7617
305322077 152 870 7637
305868792 144 312 7651
306189042 158 888 7659
306773413 154 203 7674
307716857 145 32 7699
309380412 142 901 7741
310396966 156 205 7766
310664375 149 639 7773
310890687 159 860 7779
311668238 143 751 7799
312151901 152 279 7811
312201901 156 244 7812
312787058 156 27 7827
313247087 141 150 7839
313931044 156 688 7856
314168820 146 677 7862
315037463 149 243 7884
315121232 159 496 7886
315701542 155 992 7901
315781111 151 613 7903
317131806 145 935 7936
317887635 157 368 7955
318618665 154 785 7973
319697002 147 886 8000
319800786 152 763 8003
320121716 158 128 8012
320391683 146 351 8019
321859415 154 382 8055
323302614 154 742 8092
323549383 142 106 8098
323705435 147 483 8102
324071384 150 802 8111
326337884 143 572 8168
326488464 158 382 8172
326653777 147 547 8176
326683777 153 521 8177
327183240 143 247 8189
327559804 153 830 8198
328354181 159 665 8219
328531429 141 158 8224
331168126 146 64 8290
331249155 146 897 8292
332117176 153 354 8313
334354934 141 984 8370
334753262 144 528 8380
335130654 154 613 8390
335330973 140 996 8395
335886735 148 743 8408
336285934 152 74 8418
336685065 153 576 8428
337209440 152 352 8441
337631448 143 346 8452
337782205 151 185 8456
341123401 154 123 8537
341165211 157 54 8538
342063328 154 91 8560
342188152 155 865 8563
342541590 159 94 8572
342628285 159 649 8574
343317564 156 332 8591
343353700 148 356 8592
343750828 149 202 8602
343902222 153 929 8606
344550518 141 727 8622
345285440 153 429 8641
345876032 153 928 8656
346258073 151 55 8666
347358288 151 573 8694
347601034 141 910 8700
348002379 146 973 8710
348250930 156 422 8716
350430453 159 879 8771
350554481 153 704 8774
350753061 148 132 8779
351041746 155 126 8786
351829376 152 797 8806
351957086 149 687 8809
352334135 141 82 8818
352941894 158 898 8833
354055749 150 20 8860
354145257 148 994 8862
354689089 141 63 8876
355684004 141 887 8900
357040970 159 582 8934
357730164 159 776 8952
359359946 153 727 8993
359463267 151 115 8996
359656024 140 33 9001
359767062 145 238 9004
360225933 158 402 9016
360591939 140 43 9025
362498435 158 984 9073
362967622 151 927 9084
363283287 151 45 9092
365511528 149 235 9147
366225188 159 474 9165
366431928 156 415 9170
367118555 144 382 9187
367385114 155 828 9194
368296500 143 236 9217
369194942 147 349 9240
369529427 152 166 9249
370259876 152 787 9267
370502068 151 255 9273
370937485 147 943 9284
371231938 159 620 9292
371272824 154 772 9293
371486931 151 61 9298
371570627 159 730 9300
372847779 148 669 9332
373391190 155 344 9346
373566842 144 375 9350
373715898 141 641 9354
374742762 147 277 9379
376205983 158 480 9415
377059563 140 118 9438
377207954 146 264 9442
378281636 141 43 9470
378803445 152 316 9483
378842348 158 824 9484
379465112 154 219 9500
382824181 153 84 9587
384026842 147 165 9617
384629219 157 731 9632
385484273 156 805 9654
386871386 148 438 9690
388078989 149 256 9720
388175812 147 806 9722
388275812 149 184 9724
388416982 155 943 9728
388524795 157 554 9731
388723581 150 99 9736
388905235 156 464 9741
389091263 151 898 9746
389240895 158 888 9750
391472178 149 177 9806
391751904 147 861 9813
391874535 148 526 9816
392469951 159 533 9830
392601866 149 554 9833
393269962 150 661 9849
395661466 141 804 9908
395819832 154 164 9912
396186661 157 992 9921
396513400 147 118 9929
396642030 155 557 9932
396732895 159 26 9934
397074635 142 212 9942
397515483 143 474 9953
397757397 158 783 9959
398428489 153 728 9976
398507329 159 708 9978
398904955 140 583 9988
