33149 66 391 0
456221 62 256 11
548118 69 54 13
2679657 64 283 66
3033196 77 37 75
4042411 74 234 102
4171117 74 76 106
4213397 68 897 107
6197399 78 375 157
6582255 68 33 166
7585804 68 719 191
7979484 75 935 201
8274439 77 416 209
8320834 75 449 210
8741290 66 929 221
9419608 74 467 238
10138109 71 355 255
10753997 65 55 271
10832184 63 927 273
11229847 63 603 283
11393240 61 686 287
12051197 70 291 303
12651533 66 439 317
15142728 78 615 380
15304494 65 537 384
15892542 72 348 399
16682631 73 12 419
16944968 71 488 426
17027198 64 776 428
20569607 61 402 517
20801985 62 284 523
22266187 68 301 561
23074411 76 218 581
23392464 72 151 588
23441061 60 562 589
23710294 72 832 596
24287761 69 809 610
24979230 75 615 628
25142302 60 67 632
26140739 74 348 656
26583381 67 330 667
26882319 66 763 675
27145290 76 74 682
28507687 71 213 716
28610879 71 894 719
28725980 72 75 722
30822123 77 272 774
31570071 73 5 793
32207935 71 393 809
32482761 71 598 816
33705197 63 896 846
36430410 76 406 916
36622550 64 583 921
37425194 73 160 941
37646146 79 114 946
37866795 61 886 952
37998436 75 971 955
39643759 79 823 996
40783832 67 236 1025
41311704 64 554 1038
41456079 76 669 1042
42403962 71 729 1066
44453768 66 574 1117
44598385 79 208 1121
44648385 66 403 1122
45001213 78 815 1131
45293071 66 678 1138
45428225 75 225 1141
47752080 73 793 1199
48419157 71 793 1216
49446524 72 2 1241
49578195 60 3 1244
49977385 79 413 1255
50904542 60 264 1278
51312884 61 298 1288
51472774 71 449 1292
51961895 62 938 1303
52214955 75 916 1309
52295146 69 508 1311
53115700 69 868 1331
53315340 73 531 1336
54136371 72 639 1357
57727476 73 730 1447
57923099 64 949 1452
58122563 65 523 1457
58286601 63 913 1461
59190923 72 418 1484
59476312 72 737 1491
61171197 66 25 1532
61461204 69 725 1540
61798903 69 705 1548
61864250 61 103 1550
62292231 67 706 1561
63085579 67 243 1580
64356468 65 943 1611
64523056 63 737 1615
64711438 73 615 1620
65362997 63 874 1636
66108848 70 575 1655
66305317 63 899 1660
66505257 63 842 1665
67483409 78 850 1689
69013257 66 967 1728
69059912 60 937 1729
69847964 75 844 1748
70019230 69 202 1752
70318907 66 621 1759
70816672 66 989 1771
72039814 77 372 1802
72235835 61 361 1807
73326484 75 119 1834
73860472 73 341 1847
74098214 61 721 1853
74135079 65 328 1854
74663783 74 6 1867
75291720 78 65 1882
76370421 61 683 1910
77471568 69 192 1938
77956793 60 55 1950
79580536 63 505 1990
80131712 61 455 2005
82967393 61 840 2075
83037255 62 314 2077
83113714 72 430 2079
84182253 63 490 2105
85177299 75 985 2130
86665384 73 880 2167
87380723 67 489 2185
88410089 76 800 2212
88788067 78 336 2222
89450227 75 556 2239
91056524 64 929 2279
91175858 62 442 2282
91543506 71 696 2291
92647731 61 716 2318
93539932 69 226 2340
94621026 61 568 2366
96022162 72 784 2401
96102410 65 124 2403
96879488 66 615 2423
98003032 65 485 2451
100147302 69 341 2505
100225972 79 687 2507
101947747 78 593 2550
102747603 76 36 2570
104362630 75 791 2608
104445923 67 685 2610
104776450 77 917 2619
104923282 74 851 2623
105208201 73 914 2630
105546244 66 567 2638
106167692 62 516 2654
106212688 72 1 2655
106530327 73 433 2663
106675520 68 144 2667
107568906 79 688 2690
108207889 70 171 2706
108297433 64 967 2708
108707807 61 564 2718
109631276 62 587 2741
110191186 66 961 2755
110630273 73 693 2767
111347690 76 487 2785
111548140 66 323 2790
112108397 69 536 2804
112893642 72 718 2824
113018673 75 834 2827
113520135 68 190 2841
113555728 63 640 2842
113834525 71 231 2849
114826675 75 317 2874
114944384 74 966 2877
115310412 61 964 2886
115520835 68 510 2891
115645370 79 209 2894
115898996 63 595 2900
116095458 77 920 2905
116333398 67 360 2911
116949929 65 465 2926
117334982 73 389 2936
119249729 71 351 2983
121453926 71 617 3038
123433655 67 799 3088
123680685 71 443 3094
123832983 76 900 3098
123874324 76 332 3099
124209552 77 147 3107
124283814 76 135 3109
124910136 60 155 3124
125021573 79 602 3127
125296345 66 46 3134
126240159 70 333 3156
126447041 72 940 3161
127296322 78 308 3182
128596953 75 55 3215
129766963 61 985 3245
130442210 72 267 3262
130765318 68 19 3270
130836183 67 756 3272
130998953 76 671 3276
131203416 67 401 3281
131565584 70 344 3290
131648772 64 707 3292
132560605 66 13 3315
132599406 69 755 3316
133270444 60 800 3333
133303842 72 316 3334
133366717 73 584 3336
133631328 79 659 3343
135865036 73 522 3398
136047605 71 910 3403
136447379 74 408 3413
136529814 64 690 3415
136938246 66 55 3425
137625158 77 150 3442
138118765 64 650 3454
139638590 74 878 3491
139752994 78 628 3494
141112123 77 285 3527
141773291 71 206 3543
142537834 66 868 3562
142760737 72 339 3567
143574040 77 533 3587
143786162 70 139 3592
144854744 79 573 3619
144890906 69 649 3620
145513539 65 39 3635
146071175 68 801 3649
146157514 68 82 3651
146751147 69 68 3666
147616031 75 67 3688
148297406 78 351 3705
148700516 61 500 3716
148785282 66 887 3718
148976942 69 468 3723
149972899 74 455 3747
150361331 77 662 3757
150507197 73 400 3761
150641270 60 164 3765
151563934 70 899 3789
151683614 76 902 3792
152041823 78 904 3801
152782737 62 722 3820
153200942 72 416 3830
153878790 65 77 3847
155189355 72 170 3880
155322355 71 283 3883
155739031 60 577 3894
156907725 78 106 3923
157264378 79 944 3932
157892715 62 180 3947
158583184 70 228 3964
159770256 71 7 3993
160074002 60 3 4000
160339617 70 905 4006
162165572 60 243 4052
162818738 63 739 4069
166442136 60 542 4159
167921092 77 732 4196
169354396 66 770 4232
169480665 79 395 4235
169666537 71 777 4240
170654965 75 9 4264
171093819 72 541 4275
172359111 75 347 4308
172649449 72 513 4315
173563644 67 762 4339
173633653 73 686 4341
173920469 63 481 4348
174011441 63 422 4350
174412855 60 124 4360
175274241 65 740 4382
176719211 64 523 4419
177194960 62 314 4431
179232855 77 235 4482
179324754 69 135 4484
180739441 69 727 4520
181338946 63 604 4535
181506718 73 214 4539
181754514 71 793 4545
182534786 67 819 4565
182620262 74 382 4567
183226495 76 344 4582
183293234 62 564 4584
184324665 61 115 4610
184404078 64 577 4612
185905799 68 778 4650
185995584 62 660 4652
186074568 63 818 4654
186400626 73 406 4662
186978242 73 248 4676
187231350 79 455 4682
189020520 66 710 4726
189831177 60 137 4746
191463200 67 466 4787
191546901 69 521 4789
191841569 65 211 4797
192020787 78 922 4801
192766441 72 855 4821
192926670 62 958 4825
193930573 77 809 4850
195138046 78 626 4879
196340503 78 401 4909
196880392 72 562 4921
197335283 67 897 4932
197787084 64 307 4943
198264799 60 16 4954
198420851 61 902 4958
199483856 77 793 4985
199559365 71 473 4987
199765242 74 252 4992
201440486 64 762 5036
201688033 70 864 5042
201731349 77 386 5043
201855124 61 958 5046
202068491 68 442 5051
202867352 65 278 5070
203499115 63 672 5086
203530559 73 652 5087
204356979 73 653 5108
204631605 67 686 5115
204992715 71 650 5124
205311998 62 2 5132
206015247 60 387 5150
207556940 69 847 5188
207816297 63 602 5195
208253224 71 331 5206
209085391 74 250 5227
209115391 70 583 5228
209757189 69 499 5244
210680829 73 624 5268
212442540 70 49 5312
212969375 76 358 5325
213127719 76 30 5329
213644025 78 51 5342
213763275 61 382 5345
214077012 77 636 5353
214601076 75 211 5366
216176640 74 210 5407
216310798 76 539 5410
216643632 66 472 5418
217803747 72 427 5448
217886664 68 971 5450
218304604 69 928 5460
218938258 65 259 5476
220143108 73 190 5505
220974410 71 645 5526
221061206 79 335 5528
222185579 68 45 5557
223571004 68 481 5591
223910867 68 60 5600
224313407 61 424 5610
225703338 78 284 5645
226237727 71 625 5658
226438330 72 373 5663
226635891 78 799 5668
226755999 63 790 5671
226901445 68 73 5675
226984153 71 87 5677
227031834 75 478 5678
227350769 67 556 5686
228190295 76 502 5706
228305339 64 324 5709
229033015 75 814 5727
229432067 73 992 5737
229715832 70 471 5744
230148050 68 695 5754
230825702 74 878 5772
231188632 79 501 5781
231253886 65 707 5783
231852918 69 897 5799
234475628 64 637 5864
235062839 60 360 5878
235850404 70 448 5899
236900375 69 481 5927
237608677 63 888 5945
238097064 65 394 5957
238184209 70 578 5959
239373127 69 784 5988
240209359 76 77 6009
241358347 70 647 6038
241651652 62 248 6045
241817126 77 600 6049
242409053 63 896 6064
242585171 74 790 6068
242716582 68 760 6071
243320260 64 443 6086
244180669 72 659 6108
246049179 67 681 6153
246545920 64 801 6166
247708219 60 97 6195
247887925 72 378 6200
248208308 75 679 6208
248414246 79 729 6213
248957501 68 288 6226
249277365 76 412 6234
249640410 74 520 6243
251392198 68 92 6286
253019617 75 346 6328
253541686 70 723 6342
255051843 75 515 6379
255093149 67 203 6380
255263453 63 29 6384
256739404 64 692 6420
257140920 66 286 6430
258499280 63 19 6464
258854152 66 199 6473
259280035 64 259 6484
259843997 71 441 6499
261408138 79 760 6538
262256887 79 877 6558
264677363 64 195 6619
265174745 64 158 6631
266340333 73 948 6661
266374829 64 211 6662
267217148 73 659 6683
267258441 73 529 6684
267634814 69 278 6693
268097883 62 844 6705
268289521 69 146 6710
268329102 69 725 6711
268602336 62 272 6718
268645200 66 993 6719
269320217 74 262 6735
270231949 78 453 6758
271066868 63 39 6779
271306061 74 4 6785
271338321 76 899 6786
272706722 65 529 6820
274283039 63 131 6858
274317584 78 706 6859
274594846 77 371 6866
274702342 76 798 6869
274782422 78 824 6871
275038217 61 795 6878
276051976 77 688 6902
276414464 60 957 6912
276453144 60 883 6913
277085600 73 32 6928
277123602 75 89 6929
277779676 61 302 6947
278172421 73 391 6957
279305027 75 716 6985
279785845 60 416 6997
280361194 66 816 7012
281243992 61 313 7034
282239804 64 805 7059
283267628 62 236 7085
283810702 63 946 7099
284122688 78 148 7107
284411269 66 812 7114
285089273 67 830 7131
285127904 64 900 7132
285346256 62 39 7137
285393873 68 847 7138
285830525 70 917 7149
286686728 69 921 7170
287398264 74 447 7188
288042775 74 174 7203
288532555 62 904 7215
289428902 72 20 7238
289513949 76 706 7240
289589338 75 17 7242
289949595 64 680 7251
289996128 75 295 7252
291016632 71 504 7278
291664400 62 878 7294
292544731 74 285 7315
292916759 69 595 7324
293533725 73 100 7340
294737198 73 368 7370
295468636 77 325 7388
295543254 65 721 7390
295828007 73 287 7397
295902883 62 663 7399
295999904 70 246 7401
296379870 76 111 7410
297084425 72 714 7428
298717349 75 679 7468
298880418 79 286 7472
298944425 76 339 7474
300072825 68 222 7503
300197979 68 307 7506
300382169 79 501 7511
301116846 77 575 7530
301235150 64 253 7533
302809718 71 348 7573
303313149 78 701 7586
305668212 65 350 7646
306103103 71 392 7657
306270447 65 797 7661
306578212 63 345 7669
307157463 60 634 7684
307261060 69 267 7687
307643274 70 620 7697
307976587 77 639 7705
308649638 67 407 7722
310360645 67 356 7765
311100162 75 547 7784
311264826 75 921 7788
311898488 63 894 7805
311994153 77 909 7807
313570704 76 444 7847
314477027 71 834 7870
315199016 64 214 7888
315659649 60 419 7900
316559070 65 721 7922
316658909 67 971 7924
316808615 65 534 7928
317414743 78 140 7943
318818594 72 258 7978
319299054 72 866 7990
320207457 68 222 8014
322079162 64 229 8061
322265493 72 325 8066
322353586 64 574 8068
322782343 71 44 8079
324294704 76 149 8117
324500086 63 30 8122
325702145 74 641 8152
327270973 74 60 8191
327782289 61 692 8204
328651415 60 285 8227
329722981 79 802 8254
331492534 69 842 8298
331690576 62 988 8303
331907941 76 562 8308
331950532 76 752 8309
332615056 72 188 8325
332770412 77 64 8329
333086249 71 312 8337
335100654 67 534 8389
335250228 65 701 8393
335467016 64 524 8398
336244218 62 759 8417
337509704 71 802 8449
338407631 69 493 8471
338700393 70 600 8478
339673947 73 22 8501
339716193 79 871 8502
340519271 71 930 8522
341241777 76 66 8540
342756576 76 623 8577
342791248 77 693 8578
343468561 66 83 8595
345769981 75 193 8653
346524935 78 126 8673
347268121 67 378 8692
348216738 77 686 8715
349053089 61 340 8735
349096660 65 603 8736
349642865 69 188 8750
350140358 74 138 8763
350275374 64 861 8767
350516073 74 483 8773
350966329 67 46 8784
351309067 60 759 8793
351742479 75 64 8804
352206162 63 94 8815
353911935 71 641 8857
354907245 64 245 8881
357228483 78 384 8939
357341316 71 992 8942
357867656 73 300 8956
357902112 69 473 8957
358101093 71 872 8962
358348155 63 874 8968
358803689 67 894 8979
358845560 65 802 8980
358883386 78 956 8981
358993091 60 56 8984
359076016 71 249 8986
359190007 61 476 8989
359617662 63 616 9000
360194157 71 376 9015
360635263 62 637 9026
360884311 67 485 9033
361198303 62 67 9041
361567223 64 561 9050
361819409 66 944 9057
363006716 74 130 9085
363083344 76 987 9087
363133344 69 164 9088
364262681 65 384 9116
364306548 63 583 9117
366160804 68 815 9163
366478880 78 705 9171
366644743 63 174 9175
368688565 72 62 9227
368728086 75 228 9228
368765927 74 855 9229
368804070 62 340 9230
369614168 77 123 9251
369692880 73 346 9253
370099192 70 231 9263
370142183 63 170 9264
370303171 73 897 9268
370588025 62 520 9275
371314308 70 692 9294
372814692 65 285 9331
373131453 65 470 9339
373169210 69 242 9340
374070963 63 128 9363
375053303 79 846 9387
375672010 68 680 9401
375791586 70 800 9404
375838195 74 661 9405
376744974 75 241 9430
376971874 62 923 9436
378036421 69 962 9464
378199580 60 111 9468
378399697 79 963 9473
378477226 71 115 9475
379237656 73 656 9494
379734355 72 494 9507
379891879 64 738 9511
380399727 69 686 9524
380443577 76 766 9525
381418577 78 404 9551
382132355 61 598 9569
383044372 77 7 9592
384067923 61 87 9618
384505168 74 603 9629
384841930 60 536 9638
385673264 61 270 9659
388453070 72 389 9729
390441367 61 417 9781
390561668 70 111 9784
391025234 67 644 9795
391595489 61 630 9809
392124960 76 869 9822
392334090 70 842 9827
392551866 74 59 9832
392830665 64 658 9839
393919456 73 774 9866
394162190 60 215 9872
394775576 70 525 9887
395141724 70 15 9896
396225136 67 846 9922
398227415 78 193 9971
398706793 68 815 9983
399277308 65 811 9997
