251254 13 428 12
362451 14 264 17
799121 3 1313 39
1059102 0 1193 52
1167156 5 658 57
1186077 9 14 58
1267090 2 1067 62
1755415 15 1885 87
1776110 12 1909 88
2179398 16 1532 108
2200684 14 1060 109
2499112 13 451 124
2536598 9 1064 126
3275800 7 117 162
3337490 19 1361 165
3706233 16 1686 183
3769515 6 467 186
4525470 4 1250 224
4817221 18 239 239
4840532 2 1733 240
5651203 17 642 282
6546757 12 257 328
6690665 3 25 335
6818543 6 1051 342
7865287 0 330 395
7904634 10 968 397
7921351 14 691 398
8142800 17 774 409
8461936 14 1147 425
8682627 11 1759 436
8720904 15 404 438
8800869 12 920 442
8930809 12 371 448
9004386 4 1787 452
9575707 10 1067 481
10198570 17 1995 512
10321385 13 1899 518
10358135 17 583 520
10484652 16 1153 526
10586004 16 713 531
10645373 1 1810 534
10734702 17 339 539
10785170 6 306 542
10819702 10 1172 544
11067272 13 1794 556
11129403 10 642 559
11617775 16 1543 584
12051164 16 277 606
12730217 0 1471 642
12840182 7 592 647
12855878 10 401 648
13054934 9 1385 658
13159056 8 1575 663
13586623 9 1479 685
14033813 13 239 706
14413115 2 170 725
14525673 7 1695 731
14747369 7 521 742
14763365 12 845 743
14807821 18 1796 745
15075357 17 684 759
15294663 19 1521 770
15409256 0 730 776
15448991 17 1843 778
15572663 13 1307 784
15638729 14 561 787
15820219 3 1982 796
15875853 10 1266 799
15971686 17 915 804
16604294 8 1725 836
16640952 10 1815 838
16863429 17 1278 850
16907122 18 80 852
17463246 15 126 880
18246492 5 343 919
18437807 5 1903 929
18934432 11 59 953
18999454 8 731 956
19880736 2 1937 1001
20289235 2 524 1021
20460953 6 1067 1029
20996097 19 56 1055
21377037 19 945 1075
21794664 19 1481 1095
22077428 3 135 1109
22175990 17 358 1114
22359056 19 933 1123
22404110 1 661 1125
22526040 8 598 1131
23214860 11 577 1166
23297162 3 541 1170
23571573 5 1589 1184
23930532 15 859 1202
24203950 19 1947 1216
24351887 16 788 1223
24458408 18 1497 1228
24575745 12 590 1234
24852984 2 855 1248
25040452 16 699 1257
25103079 2 627 1260
25124784 18 133 1261
25193896 5 57 1265
25900541 3 1931 1301
26052133 4 1808 1308
26179920 19 825 1314
26355944 8 1545 1323
26720112 18 1611 1340
27150243 0 1826 1362
27389523 19 1716 1374
27917290 12 1954 1399
27939892 5 896 1400
28471335 11 65 1426
28598776 12 1655 1432
28780098 8 1827 1442
28986470 5 1695 1452
29051242 16 1777 1455
29532096 7 1697 1479
29872856 0 1601 1495
29995288 5 37 1501
30166486 7 492 1510
30261743 18 1114 1515
30677258 7 840 1536
30802737 1 214 1542
30916318 0 1771 1548
31477114 13 1471 1577
31694605 18 1167 1588
32101237 7 1870 1608
32164642 7 133 1611
32515953 4 824 1629
32981773 9 1743 1653
33674268 0 1696 1688
34214571 2 1199 1715
34439416 13 406 1726
34803967 18 1341 1744
34969573 17 1079 1752
35007060 19 961 1754
35068097 8 556 1757
37598015 3 1245 1883
37619508 3 1139 1884
37886408 2 1127 1897
38174204 8 969 1912
38287563 1 1594 1918
38530415 10 1818 1930
38841709 1 1323 1945
39157548 3 1756 1961
39237307 4 905 1965
40037891 13 1452 2004
40467660 15 1584 2025
41127366 6 823 2059
41151316 14 389 2060
41206656 12 1487 2063
41972961 11 1704 2102
42063130 16 1482 2106
42115559 0 1394 2109
42276597 2 1948 2117
42405910 10 1357 2124
42750698 15 1971 2141
43001793 12 1758 2154
43138561 2 953 2161
43198084 6 1378 2164
44123851 0 1337 2211
44917475 9 361 2251
44953829 10 1927 2253
45303510 6 493 2270
46795839 12 1361 2344
47145811 18 295 2361
47491288 16 73 2378
47667627 12 981 2387
47869804 11 784 2397
48529834 9 1994 2430
48800746 13 735 2444
48822772 18 50 2445
49096968 4 1136 2458
49525286 14 1139 2480
50133362 19 164 2510
50322021 15 322 2519
50755817 17 1986 2540
50778434 18 1827 2541
51070157 9 363 2555
51661983 18 1477 2584
51750818 3 1977 2589
52237803 7 1130 2614
52385277 11 252 2622
52814655 9 773 2643
52956788 2 1266 2650
52976002 3 118 2651
53298650 16 882 2667
53821593 5 765 2692
53962989 17 316 2699
54020544 0 964 2702
54043060 16 328 2703
54158328 2 1255 2709
54197071 13 1274 2711
54673555 12 1828 2735
54779820 19 153 2740
55489979 12 909 2776
55566040 15 1712 2780
55603071 13 1477 2782
55724795 13 1168 2788
55974939 1 1901 2801
56016074 10 774 2803
56172395 13 943 2811
56365333 19 208 2821
56423833 18 1175 2824
57133752 18 969 2858
57277811 13 619 2865
57700981 2 773 2886
57818393 3 161 2892
58110184 14 132 2907
58362239 8 956 2919
58422618 14 1089 2922
59494351 2 1810 2975
59987809 11 464 2998
60312505 7 1916 3014
60455750 15 391 3021
60589199 8 567 3028
60849980 5 1017 3041
60994646 6 816 3048
61426990 4 1476 3069
61574854 16 666 3076
61791691 18 414 3087
63148717 4 1258 3155
63250081 6 422 3160
63345190 17 774 3165
63425642 11 1356 3169
63448199 9 1975 3170
63542326 6 1120 3175
63646920 9 792 3180
63763332 1 1762 3186
64105201 2 1217 3204
64329718 18 1163 3215
65134856 17 513 3255
65481849 2 570 3273
65932168 16 1964 3295
66512814 2 990 3324
66554042 8 1571 3326
66658398 9 398 3331
66795390 4 1895 3338
66869332 6 1868 3342
67073894 2 325 3353
67241901 14 612 3362
67571556 0 375 3378
67713346 14 262 3385
68029714 7 804 3400
68110736 2 194 3404
68741639 5 1628 3435
69135908 16 750 3455
69482221 0 303 3471
69618092 11 286 3478
69801712 1 1100 3487
69979320 11 1269 3496
70157338 8 371 3505
70465965 5 1086 3520
70797209 14 1707 3536
71038473 19 695 3548
71137376 10 463 3553
71157696 13 1196 3554
71197759 7 1654 3556
71330375 5 1729 3564
71563279 18 558 3576
71603608 19 71 3578
72004248 7 121 3599
72748436 9 353 3636
73409699 9 760 3670
73482675 9 1343 3673
74744612 19 712 3735
74997063 19 565 3748
75280049 8 1514 3762
75520024 9 376 3774
76086648 11 364 3803
76174058 0 672 3807
76403581 17 1794 3819
76486629 13 284 3823
77400915 19 1062 3868
77779712 0 1722 3888
78550898 13 1083 3927
78667516 17 494 3933
79520946 11 685 3977
79810982 18 873 3991
80261039 6 75 4013
80446113 15 519 4022
80896640 8 1604 4044
81201008 6 1492 4059
81542386 0 1866 4076
81823751 12 304 4090
81879847 2 1092 4093
81914092 16 387 4095
81996368 2 1871 4099
82678699 11 814 4132
82887759 14 251 4143
82908158 1 1262 4144
83344790 11 180 4167
83826860 15 1005 4192
84628965 19 803 4231
84763815 3 1734 4238
85294067 6 738 4265
85391098 6 1802 4270
85552115 15 1940 4278
85934013 16 766 4297
86216690 5 1479 4311
86314044 0 1565 4316
86354010 8 12 4318
86536396 12 1428 4328
86633300 19 1765 4333
86940706 2 60 4348
87970586 13 446 4399
88031650 3 1568 4402
88306855 6 1725 4416
88886754 4 415 4446
89350135 16 342 4469
89468862 11 1088 4475
89561996 7 1470 4480
90069036 10 382 4505
90354912 15 636 4519
90379912 5 529 4520
91263004 8 1659 4563
91428928 10 1484 4572
92398174 9 972 4621
92728674 18 1291 4637
93082098 12 1040 4655
93964814 11 1261 4700
94041790 11 1705 4704
94121737 1 411 4708
94182650 12 216 4711
94509123 2 1544 4728
95141240 19 163 4759
95278737 16 1185 4766
95362431 10 276 4770
95382753 18 606 4771
95451055 8 1234 4774
95528492 1 709 4778
95756522 0 352 4789
96636802 11 1222 4832
96775543 10 657 4839
97452399 4 1501 4871
97539376 9 224 4875
97767700 13 953 4886
98261726 5 496 4910
98306095 3 1097 4912
99022256 17 405 4948
99255129 18 245 4959
99427686 9 706 4968
100184965 3 1993 5006
100468144 5 1576 5020
100939770 9 326 5044
100976085 1 1266 5046
101250127 18 90 5060
101267371 1 1780 5061
101765332 10 1238 5085
102071641 17 1027 5100
102630935 3 1421 5128
102710265 14 678 5132
102849340 7 877 5139
102909507 16 1132 5142
103460279 5 1713 5170
103692245 14 235 5181
104306029 5 1924 5212
104671093 1 963 5229
104756867 19 1478 5233
104890273 12 420 5240
104952615 16 982 5243
105084237 16 359 5250
105203904 17 624 5256
105563772 13 551 5274
106018336 11 1798 5297
106053230 14 780 5299
106151025 13 1455 5304
106217856 11 1599 5307
106262558 1 612 5309
106413520 17 1508 5316
106657329 7 876 5328
107299890 11 1131 5360
107496714 13 966 5370
108177066 12 1897 5405
108596413 3 734 5427
109257556 1 1889 5460
109277049 0 1975 5461
109504423 10 1177 5473
109847037 2 503 5490
110663634 17 1152 5530
110686340 4 1012 5531
111351578 11 953 5564
112296588 4 111 5612
112640678 11 589 5629
112741462 9 1282 5634
112833203 14 247 5639
112877230 10 386 5641
113402865 9 1747 5667
114085919 14 1303 5700
114103997 10 401 5701
114383679 18 1006 5715
115261761 19 1430 5758
115516110 15 1576 5771
116099895 15 319 5801
117063552 18 1024 5849
117206425 8 1997 5857
117289617 3 1225 5861
117628837 15 1425 5878
117795693 9 1455 5886
117818752 16 347 5887
118407014 19 1311 5918
118427056 3 865 5919
118740201 9 1776 5935
119148777 5 1207 5956
119830365 13 1102 5991
120020522 17 524 6003
120057498 0 1664 6010
120102718 18 593 6019
120135201 16 1241 6025
120184367 0 282 6035
120194342 11 1343 6037
120236931 17 1480 6045
120268390 3 110 6051
120423563 1 1240 6082
120467320 8 236 6091
120516940 6 770 6101
120538335 5 1700 6106
120555838 9 1642 6110
120663488 9 766 6131
120748015 18 1921 6150
120809728 9 871 6163
120931481 17 4 6186
121047175 19 1672 6209
121101709 0 850 6220
121155377 5 1300 6230
121182639 11 1545 6236
121191351 4 1043 6238
121279253 10 993 6254
121313543 1 492 6261
121725664 2 1201 6343
121971463 3 1900 6391
122203575 16 1780 6438
122270249 18 1976 6453
122310985 4 466 6462
122378159 13 537 6476
122451482 8 611 6491
122599428 4 558 6520
122810470 1 714 6562
122821405 19 1795 6564
122933119 2 1846 6586
123018437 5 293 6605
123110161 6 424 6623
123120824 11 1908 6625
123130794 11 1675 6627
123430460 5 703 6690
123446950 11 1747 6693
123537170 7 1099 6711
123622169 5 1539 6728
123677252 16 1815 6739
123694265 9 1230 6743
123722233 1 698 6748
123737036 17 415 6751
123756995 12 1724 6755
123762642 12 1058 6756
123892393 9 1487 6783
123982370 5 1006 6801
124112228 14 1343 6828
124343306 11 781 6871
124450525 0 1433 6893
124846189 12 333 6970
124903827 18 486 6981
124976069 13 206 6996
125052396 8 122 7011
125072184 1 1991 7015
125188343 4 1128 7039
125201048 1 1491 7041
125214724 1 1192 7044
125232055 9 32 7047
125242878 18 1561 7049
125327279 16 1527 7065
125450157 8 1515 7090
125576631 19 1643 7115
125700619 1 1913 7139
125706279 12 1485 7140
125771667 14 176 7153
125803458 15 1761 7159
125819990 1 1012 7162
125858117 6 1266 7170
125879009 15 13 7174
125968565 3 443 7191
126039398 0 1556 7205
126048675 13 295 7207
126093456 18 86 7216
126125593 5 925 7223
126148416 2 1992 7228
126301960 8 1784 7259
126702708 13 1257 7339
126740616 9 1936 7347
126924785 17 1287 7385
126950872 15 1317 7390
126976087 7 1069 7395
127173981 1 1781 7435
127240979 0 1213 7448
127256497 17 1243 7451
127285560 13 1840 7457
127342468 9 140 7468
127369037 2 389 7473
127442749 16 308 7488
127447999 1 550 7489
127486024 9 174 7497
127673470 10 752 7535
127782923 2 685 7557
128113295 6 298 7624
128120633 11 283 7626
128136112 12 488 7629
128409933 16 1772 7685
128855485 8 1195 7773
128905859 13 1066 7783
128911596 10 596 7784
129020051 13 1094 7806
129185932 7 1962 7839
129271300 5 1319 7856
129477236 5 1681 7898
129625080 5 1019 7929
129631990 1 470 7931
129640565 4 1905 7933
129655415 18 12 7936
129706994 13 1236 7947
129779033 19 1301 7962
129815793 1 1859 7969
129882145 16 953 7982
130002008 18 1678 8006
130115556 14 1691 8028
130191081 13 616 8042
130238017 0 1618 8052
130260040 3 329 8056
130311910 3 718 8067
130344667 4 1399 8074
130441913 0 1167 8094
130532837 19 427 8112
130608750 5 1568 8127
130629126 14 1581 8131
130781982 17 1327 8161
130854363 17 1662 8175
130907068 5 36 8186
130939660 0 1977 8192
131052320 14 786 8215
131209307 19 1172 8248
131247229 13 833 8256
131314135 17 1982 8269
131368812 4 812 8280
131381696 8 1432 8283
131518207 2 1282 8312
131536145 0 389 8316
131610881 2 1229 8332
131658404 8 1549 8341
131703373 4 1897 8350
131726386 7 1637 8355
131731785 6 269 8356
131777820 19 168 8364
131792790 6 547 8367
131837337 11 896 8376
131918387 9 1930 8392
132074435 4 740 8424
132114077 2 316 8434
132129285 2 1918 8437
132154062 18 1460 8442
132270759 2 353 8465
132332224 17 1679 8477
132372880 5 1464 8485
132671948 14 704 8546
132764109 7 437 8565
132848014 6 1783 8581
132871527 10 1886 8586
132887946 9 176 8589
132908970 17 833 8593
132928616 14 1120 8597
132943474 13 1860 8600
132969908 18 1592 8605
133036808 18 1669 8619
133081760 8 598 8629
133329559 6 1901 8679
133387631 11 540 8691
133412248 7 1595 8696
133510400 6 1097 8716
133520190 15 754 8718
133538936 8 1726 8722
133554593 11 1602 8725
133602455 12 1189 8735
133674511 12 726 8749
133746390 15 1604 8763
133756807 9 717 8765
134062043 15 731 8826
134187986 7 1559 8852
134286640 17 73 8872
134302420 10 569 8875
134511195 7 272 8918
134575089 6 761 8932
134623131 15 1098 8941
134679841 4 97 8953
134684056 4 1401 8954
134696249 8 1686 8957
134729863 1 1425 8964
134733761 9 232 8965
135035435 0 1562 9024
135185622 9 1921 9057
135488050 8 1622 9119
135499558 2 954 9121
135694810 16 1929 9162
135721758 7 26 9167
135864551 7 1764 9196
135936281 10 1949 9210
135946345 10 1311 9212
136034890 1 1173 9229
136096426 2 844 9241
136267627 19 387 9276
136316952 13 310 9286
136544216 16 1955 9331
136547018 18 1653 9332
136554834 4 666 9334
136733096 8 322 9370
136786245 0 1258 9380
136818351 12 1778 9386
136836479 0 1027 9390
136906726 17 43 9403
136915585 1 660 9405
136997461 2 1397 9420
137029398 14 71 9426
137056954 5 1981 9432
137122319 17 1824 9445
137164507 15 1381 9454
137314975 12 49 9481
137390178 12 1232 9496
137395129 1 1904 9497
137493378 6 504 9516
137538632 2 73 9525
137798546 5 533 9577
137832696 13 1665 9584
137910197 14 214 9599
137945301 0 282 9605
137992274 1 716 9614
138054248 10 600 9627
138096969 9 1225 9635
138102405 7 1854 9636
138293169 11 387 9675
138526076 8 171 9721
138688073 16 271 9755
138711763 0 878 9760
138774743 16 1580 9772
138784026 10 1830 9774
138830805 18 1468 9783
138914157 14 1101 9800
139015357 16 154 9819
139069392 16 1796 9830
139107581 10 1131 9838
139241253 16 1627 9865
139260668 19 305 9869
139374790 12 1191 9892
139406029 6 525 9899
139415287 7 384 9901
139419530 17 1595 9902
139516438 1 431 9922
139761559 17 974 9969
139772271 17 1753 9971
139854454 14 1148 9987
139889899 12 1648 9994
140001370 19 142 10017
140042187 10 1453 10025
140144239 17 1284 10044
140262619 5 197 10068
140278851 7 1686 10071
140284024 18 822 10072
140293566 19 112 10074
140300066 15 951 10075
140368889 2 1096 10089
140471068 9 3 10110
140529373 13 1691 10122
140559037 10 1531 10128
140609920 12 542 10138
140733910 12 136 10162
140743637 13 1567 10164
140769932 18 557 10170
140826283 18 945 10181
140860829 17 971 10188
141037238 0 725 10223
141052294 8 474 10226
141189519 2 47 10252
141248516 2 1847 10263
141314725 17 1750 10276
141323958 4 1520 10278
141335893 15 1098 10280
141361160 9 593 10285
141366270 14 1780 10286
141372770 0 1074 10287
141376818 16 853 10288
141639944 16 1771 10341
141682183 16 1075 10351
141706520 18 219 10356
141762643 6 68 10368
141961085 16 1297 10410
142008102 2 1778 10420
142105636 7 1888 10440
142161399 8 1758 10452
142164228 8 996 10453
142218152 10 1390 10464
142243878 6 710 10469
142290960 12 903 10479
142301151 18 1356 10481
142444410 10 1409 10509
142471707 10 1302 10515
142477410 12 1560 10516
142612559 2 616 10543
142643201 14 813 10549
142778512 12 1690 10576
142788979 11 1256 10578
142869439 13 1742 10595
142998348 7 1431 10619
143096954 16 607 10637
143220604 7 313 10662
143286513 17 1569 10675
143511549 4 1440 10721
143557150 17 1497 10730
143619619 1 1362 10743
143639216 5 1609 10747
143722870 17 562 10764
143728804 9 68 10765
143773152 15 768 10774
143855897 14 1024 10790
143861478 9 592 10791
144106860 19 358 10838
144133788 15 373 10843
144190692 13 1902 10854
144194264 16 298 10855
144226763 9 1664 10863
144580639 6 1704 10935
144641646 12 924 10948
144741027 2 33 10969
144771345 5 1734 10975
144805833 14 871 10982
144833021 5 404 10987
144841728 2 1693 10989
144964788 12 2 11015
145048788 19 1034 11031
145118932 13 805 11045
145234189 3 322 11068
145287076 16 821 11078
145379347 17 1211 11097
145384080 8 499 11098
145460341 6 997 11115
145531133 17 271 11129
145553525 4 1469 11133
145603414 13 414 11142
145609914 14 1316 11143
145630821 15 396 11147
145636684 5 912 11148
145797974 19 856 11180
145904214 12 898 11200
145938150 7 1794 11207
146034061 4 1146 11226
146062102 17 581 11232
146084175 4 1442 11237
146088821 0 148 11238
146105524 12 192 11242
146154930 19 1047 11252
146164160 10 1210 11254
146183495 9 701 11258
146487448 5 1887 11320
146551892 15 636 11334
146654663 15 103 11355
146685721 4 808 11362
146821817 5 553 11390
146855096 9 685 11396
147050467 15 692 11437
147186065 9 893 11464
147336266 11 1238 11494
147376861 4 1181 11503
147554860 0 460 11539
147626579 9 1665 11553
147642300 12 201 11556
147698221 16 780 11567
147703186 2 1971 11568
147876183 0 128 11603
148070873 2 1767 11640
148096692 10 246 11645
148169770 4 1895 11659
148243167 17 888 11674
148257642 1 1261 11677
148262374 13 1567 11678
148316398 8 10 11689
148404977 3 1167 11706
148428612 1 665 11711
148460050 2 187 11717
148487148 15 16 11722
148706609 17 18 11770
148846565 4 1492 11797
148911337 4 79 11810
148978949 12 1844 11824
148985443 18 1605 11825
148994687 3 1222 11827
149016935 6 1053 11831
149051253 7 514 11838
149251821 3 1265 11877
149663922 19 1275 11958
149898359 19 1516 12005
150089805 7 1917 12046
150216347 14 668 12071
150236298 15 129 12075
150314006 6 1688 12091
150384673 12 765 12105
150388985 9 1192 12106
150540912 8 941 12136
150716276 8 1519 12170
150721343 15 390 12171
150874943 10 1514 12204
151067851 15 1208 12244
151151519 12 219 12260
151241686 11 581 12278
151390756 2 849 12308
151482806 15 1787 12329
151591048 12 1921 12350
151606023 6 1354 12353
151675660 7 1961 12367
151700877 17 1821 12373
151743259 1 348 12381
151747448 1 1256 12382
151758043 5 1329 12384
151786258 12 1791 12391
151813505 18 368 12397
151876335 5 284 12410
151909196 3 1639 12417
151919276 11 1272 12419
152005989 10 1505 12436
152031874 6 1659 12441
152047641 17 305 12444
152241265 10 335 12483
152325546 4 1151 12501
152583568 4 491 12553
152707404 15 33 12579
152818980 15 1711 12602
152907870 1 589 12619
153094788 16 285 12656
153110977 7 1196 12659
153216641 17 517 12681
153228076 12 342 12683
153255329 0 896 12689
153287183 1 928 12695
153304344 12 68 12698
153424122 1 41 12722
153662472 17 759 12770
153681740 12 174 12774
153731991 15 1386 12784
153808338 9 1542 12798
153825650 11 150 12801
153884097 0 1929 12814
153932383 14 1316 12823
154124505 3 1658 12864
154129124 3 402 12865
154148378 7 1052 12869
154359935 10 1884 12912
154398997 13 168 12920
154408200 0 1088 12922
154437185 19 1894 12928
154546061 13 299 12951
154628617 7 816 12967
154845566 4 450 13009
154882155 7 759 13016
154909958 16 1504 13022
154961754 14 1293 13033
155011509 17 939 13043
155031336 2 1604 13047
155224485 11 1206 13087
155270030 4 1180 13097
155403706 7 1503 13124
155460499 17 755 13134
155501113 1 119 13142
155681442 16 1265 13178
155685274 0 1157 13179
155707952 3 1888 13184
155724248 4 1049 13187
155758855 10 288 13195
155792723 10 159 13202
155882691 18 1695 13220
155889191 14 890 13221
155970378 13 0 13237
155977642 2 224 13239
156009803 16 203 13245
156087439 7 370 13261
156344693 12 1172 13313
156568595 12 1764 13359
156612838 9 1586 13368
156656262 10 685 13377
156895042 9 1154 13425
156935874 16 1136 13434
156947832 12 1434 13437
156966463 16 451 13441
156995240 2 320 13447
157029364 0 1202 13454
157120464 9 213 13472
157287155 0 191 13504
157397546 18 588 13528
157401151 4 275 13529
157468250 16 1211 13542
157562223 18 1673 13563
157620181 18 502 13574
157666270 8 1962 13582
157675568 0 1831 13584
157700269 8 1121 13589
157764313 17 672 13601
157863585 1 937 13619
157896350 14 1323 13625
157997358 0 1070 13646
158122188 2 305 13671
158163287 9 514 13679
158222454 10 351 13692
158320379 4 1787 13710
158368483 17 1926 13720
158402613 11 507 13727
158791051 12 448 13804
158931837 4 1722 13833
159049178 13 421 13856
159070668 13 388 13860
159113502 6 183 13869
159126744 0 578 13872
159155343 16 504 13877
159159741 14 1528 13878
159293659 17 1373 13904
159385925 0 160 13922
159399312 18 1979 13925
159518908 17 1312 13948
159558141 16 1396 13956
159689384 5 1629 13982
159722854 6 853 13988
159743333 1 1335 13992
159883006 16 971 14020
160131513 17 1293 14069
160151723 8 273 14073
160157545 4 1902 14074
160212100 3 1400 14085
160388570 15 1689 14121
160479608 0 1513 14139
160700301 13 1300 14184
160741403 14 239 14193
160769983 1 1636 14199
160844474 6 433 14215
160932953 1 382 14234
161059545 18 489 14260
161084444 15 710 14265
161269457 15 978 14302
161468087 4 932 14343
161539823 16 1882 14356
161597178 6 599 14367
161603678 17 1977 14368
161652548 1 40 14378
161742057 7 946 14396
161831370 13 1574 14415
161866911 15 623 14422
161996599 4 1807 14449
162023018 2 1075 14454
162077713 11 1313 14465
162085385 15 1176 14467
162118034 1 1756 14473
162221629 13 1217 14495
162350397 0 1573 14521
162384249 19 914 14528
162512907 15 1466 14554
162523426 14 1335 14556
162562051 14 1916 14563
162601332 15 126 14570
162767422 17 1721 14604
162860179 5 1098 14623
162864263 8 1854 14624
162926873 8 1017 14636
163001200 13 1844 14651
163086385 19 271 14668
163100326 7 798 14671
163110136 1 1425 14673
163131478 3 852 14677
163144607 7 1970 14680
163282642 4 123 14706
163397116 0 1567 14730
163413763 16 1547 14733
163548974 13 1183 14760
163674187 10 1916 14787
163684150 12 557 14790
163703400 15 1358 14794
163786291 15 802 14811
163923040 12 449 14840
164136394 19 1507 14882
164148103 15 1716 14884
164168208 4 1769 14889
164214771 5 652 14899
164325631 7 764 14922
164336480 6 826 14924
164502365 7 1524 14956
164647318 4 23 14985
164769652 12 1940 15009
164774742 12 553 15010
164907522 8 657 15037
165083404 6 728 15074
165210285 6 1388 15099
165257522 14 732 15108
165371227 3 1303 15132
165520935 9 407 15162
165556247 7 97 15169
165601943 12 192 15178
165715934 19 1225 15199
165728812 4 1446 15202
165735312 1 274 15203
165828757 11 1693 15222
166007155 0 690 15257
166047169 0 378 15265
166107386 7 241 15277
166147413 1 1895 15285
166473762 4 1971 15351
166586600 9 1481 15375
166590349 18 1221 15376
166612545 16 579 15381
166709897 7 130 15400
166728863 8 261 15404
166738656 6 1831 15406
166790102 7 1678 15417
166875519 3 1714 15433
166904101 14 1223 15439
167057950 2 1653 15469
167162106 18 238 15490
167198902 1 1411 15498
167257592 1 1075 15510
167285578 19 1700 15515
167392093 17 40 15538
167449223 12 1230 15549
167468384 1 519 15553
167480994 1 126 15556
167595752 9 1972 15579
167776432 0 477 15614
167898416 4 1372 15638
168047162 17 338 15667
168130696 3 1918 15684
168145657 6 310 15687
168165473 3 1896 15691
168202466 9 1786 15699
168661993 11 1285 15792
168843589 14 1254 15828
168863824 5 1258 15832
168907472 18 1633 15842
168924685 0 391 15846
169029423 11 446 15869
169184092 13 1747 15900
169295826 14 778 15922
169584155 18 172 15981
169588604 6 560 15982
169930058 9 217 16053
169938370 15 1489 16055
170010890 16 12 16070
170015925 18 1890 16071
170170245 0 1920 16104
170217555 4 1702 16113
170229904 3 1994 16116
170384896 19 1775 16147
170467751 9 1135 16163
170529017 2 1199 16176
170565366 3 1739 16184
170633315 13 550 16198
170637883 16 1295 16199
170789922 14 752 16229
170915309 1 1374 16255
171002933 11 728 16271
171019182 6 209 16274
171033397 12 65 16277
171043728 11 78 16280
171072789 3 469 16286
171097502 7 1888 16291
171171869 10 1267 16305
171185594 12 182 16308
171212220 6 349 16314
171424525 12 658 16357
171444567 9 259 16361
171650880 16 934 16403
171729072 0 642 16420
171758778 2 1025 16426
171841527 11 648 16443
171914048 12 636 16458
171963242 0 1924 16468
172003501 18 1847 16476
172135625 3 26 16503
172191859 2 779 16514
172243730 9 809 16525
172320007 11 883 16541
172378769 2 1697 16552
172383754 12 1569 16553
172511107 16 1209 16579
172516498 2 44 16580
172548446 2 1874 16587
172624100 15 1450 16602
172630600 7 1106 16603
172704640 6 408 16620
172756513 0 1978 16630
172855291 8 465 16649
172929123 6 749 16663
173055545 15 366 16689
173221643 1 970 16721
173286194 2 1987 16734
173379299 10 220 16752
173451210 9 581 16766
173496362 13 1179 16775
173507810 8 1796 16777
173539408 11 211 16783
173543812 3 914 16784
173709489 8 900 16816
173789097 18 840 16832
173835167 8 492 16842
173851093 14 1030 16845
173884430 3 1523 16852
173944616 13 420 16864
174024242 19 40 16879
174134756 6 14 16901
174164515 8 654 16907
174174407 1 1465 16909
174225878 19 1345 16919
174305847 17 1258 16935
174376973 4 742 16949
174405094 8 1195 16955
174620217 9 1371 16998
174777693 16 1313 17031
174863736 2 366 17048
174921572 11 595 17059
175091564 7 342 17095
175150025 16 1528 17107
175222815 8 1346 17121
175229940 2 1251 17123
175238883 6 1962 17125
175251764 11 922 17128
175294223 6 76 17136
175401500 9 284 17158
175413082 19 1967 17160
175508534 6 333 17178
175514001 9 325 17179
175600544 13 724 17197
175708643 1 951 17219
175811821 6 945 17238
175835714 3 422 17243
175840060 6 700 17244
175868791 9 1873 17250
176026956 2 997 17283
176081029 9 857 17295
176090517 8 1344 17297
176131195 2 215 17306
176146669 13 269 17309
176165539 9 1940 17313
176190782 16 1819 17319
176379006 12 324 17356
176434642 17 923 17367
176798600 19 403 17439
176888558 14 1083 17456
176899966 5 898 17458
176971804 3 1313 17473
177046973 16 1097 17488
177104702 0 935 17499
177115506 4 390 17501
177173810 1 734 17514
177241584 3 1919 17528
177333512 15 836 17546
177355801 9 1640 17551
177373110 16 629 17554
177399120 1 331 17559
177499460 14 1647 17579
177654532 15 1732 17612
177685761 13 181 17618
177770241 12 1815 17635
177790939 4 145 17639
177795439 6 303 17640
177826903 7 1153 17646
177854025 5 1225 17651
177864983 10 1599 17653
177978800 1 976 17676
178034693 10 838 17688
178080027 18 750 17697
178265206 6 1750 17734
178344224 13 1322 17750
178517578 7 1620 17786
178591445 18 723 17801
178697490 3 113 17822
178743662 8 1418 17831
178773727 6 1517 17837
178952913 10 1959 17873
179004022 0 526 17883
179150057 18 1720 17914
179204488 2 519 17924
179523040 8 114 17990
179533840 3 1536 17992
179569671 6 1567 17999
179669653 1 1305 18020
179673385 6 1168 18021
179805455 10 1179 18047
179808965 5 1778 18048
179861466 2 765 18058
179874686 8 1569 18061
179970092 12 895 18080
179991227 14 1543 18084
180137678 13 1418 18114
180255791 4 1342 18139
180320276 8 26 18151
180364525 7 1171 18160
180395517 13 860 18166
180437774 14 718 18174
180562290 14 1566 18200
180588198 15 480 18206
180647673 9 1961 18218
180670278 9 928 18223
180778012 6 764 18245
180795532 13 1990 18249
180904965 3 512 18271
180945790 8 456 18280
180980840 4 1003 18287
181018609 4 1576 18294
181120854 12 578 18314
181154217 13 936 18321
181186246 5 1145 18327
181329558 8 1456 18356
181354662 2 912 18361
181357814 16 1704 18362
181404830 9 1515 18372
181450113 19 1556 18381
181486971 4 1862 18389
181590496 6 454 18410
181612464 6 1015 18414
181659569 1 1539 18423
181734991 10 839 18439
181826935 14 1166 18456
181876792 8 50 18467
181996997 2 1821 18491
182006463 4 634 18493
182060967 0 1074 18504
182128024 12 1635 18517
182157863 18 1903 18523
182219669 17 385 18536
182231683 6 1432 18538
182273359 16 1628 18546
182322455 18 1835 18555
182338691 2 133 18558
182427720 1 841 18577
182457254 1 198 18583
182476332 19 20 18587
182497907 13 128 18591
182561870 5 173 18605
182636944 5 1170 18619
182663692 17 212 18624
182672557 0 127 18626
182733585 15 1716 18638
182751453 2 637 18642
182836318 3 382 18658
182913836 13 1105 18674
182917812 0 1647 18675
182932861 3 452 18678
182953946 19 1382 18682
183134299 14 1912 18720
183157429 17 1896 18724
183185362 2 1264 18730
183243083 18 1102 18742
183264269 1 1626 18747
183304488 15 1045 18756
183501554 14 105 18798
183511219 19 315 18800
183557521 16 340 18809
183759737 15 194 18849
183824557 8 146 18862
183843347 0 1533 18866
183879208 13 1891 18874
183915466 7 1 18881
184043768 1 1426 18907
184123686 0 277 18923
184136800 8 902 18926
184349454 19 1147 18967
184505823 13 373 18997
184612380 5 579 19018
184636633 4 1736 19023
184713626 3 853 19039
184721866 10 462 19041
184776290 19 136 19052
184886136 12 321 19074
184912070 12 1162 19079
184924873 5 499 19081
184991326 6 186 19095
185020345 18 1096 19100
185039025 17 1883 19104
185155743 5 1960 19127
185286301 1 95 19151
185306825 18 312 19155
185360544 6 260 19165
185655816 3 1552 19224
185687156 8 1525 19231
185981635 19 328 19289
186188803 5 750 19330
186316502 15 1091 19355
186374695 14 1522 19366
186476178 13 401 19386
186547611 16 1786 19399
186600168 17 504 19409
186773472 2 5 19443
186785167 8 257 19446
186845640 4 1742 19458
187071437 7 749 19502
187094237 12 10 19507
187134324 5 1474 19515
187196226 18 1964 19528
187226721 13 1372 19534
187401005 8 1423 19570
187501759 13 1211 19591
187506766 13 403 19592
187698515 9 1082 19631
187761138 18 444 19643
187792591 11 1435 19649
187853638 17 876 19661
187965415 17 60 19683
188147124 5 1279 19719
188162302 18 141 19722
188174724 9 549 19725
188182438 13 554 19727
188243701 18 1083 19739
188348809 9 1505 19759
188388399 3 33 19766
188463731 12 1891 19781
188469769 7 187 19782
188476269 16 910 19783
188494095 18 799 19786
188517132 12 798 19791
188547766 8 1923 19797
188567855 6 482 19801
188669079 7 1507 19823
188848661 1 768 19859
188904700 5 1785 19870
188988580 19 1962 19888
189059363 5 743 19902
189105087 15 840 19912
189165535 18 383 19924
189185996 3 1375 19928
189199217 13 1141 19931
189350731 7 115 19960
