35753 83 728 1
580138 92 1175 28
766076 82 1147 37
898509 92 750 44
1101540 93 1011 54
1440478 93 180 71
1571770 81 978 78
1693226 87 1037 84
2407253 83 1786 119
2422253 85 1355 120
2665187 94 377 133
2766823 91 476 138
2863186 95 400 142
3044226 81 1675 151
3597822 83 870 178
3956517 97 1952 195
4393615 85 982 217
4758278 82 893 236
5518663 92 1162 275
6024254 81 1634 301
6275537 95 148 314
6720807 82 524 337
6977488 99 1153 350
7151615 80 700 359
7226571 87 95 363
7309285 91 1902 367
7395794 81 823 371
7430436 98 88 373
7767340 80 843 390
8621216 80 1305 433
9287912 98 1984 467
9820301 98 1855 493
11001574 83 1519 553
11286931 99 1494 567
12147716 95 399 611
12385858 91 78 624
13443657 82 1927 678
13693685 99 1950 690
13760288 84 332 693
13785288 82 1476 694
13863669 98 708 698
13972421 95 1060 703
14631359 85 477 736
14913023 93 981 750
15591803 81 1241 785
15754663 90 1171 793
15795219 80 356 795
15891664 89 578 800
16689729 81 1830 841
17214342 87 1764 868
18181552 86 1632 916
18617452 86 1417 938
19221312 86 738 967
19260215 86 834 969
20062345 87 751 1010
20274235 87 1032 1020
20332732 94 23 1023
20594118 82 19 1035
20958088 81 754 1053
21466665 94 581 1079
21911245 89 25 1101
22544724 99 1201 1132
22614884 87 596 1136
22633503 92 1784 1137
22889776 90 313 1150
22926859 94 740 1152
23964027 86 1926 1204
24131213 88 1989 1213
24439857 96 1486 1227
24514122 83 595 1231
24746512 91 1141 1243
24877984 83 630 1249
24918527 94 1376 1251
25145725 81 1067 1262
25315588 86 630 1271
25435879 85 1113 1277
25455997 94 924 1278
25605965 84 672 1286
26157785 81 1499 1313
26231808 86 1925 1317
26379557 88 1518 1324
27231860 80 527 1366
27557281 99 1498 1382
28574991 93 974 1431
28941822 86 1118 1450
29007160 85 1768 1453
29148971 99 221 1460
29293405 82 958 1467
29395915 97 1196 1472
29738849 96 638 1489
30368273 91 376 1520
30465123 85 1863 1525
30957874 92 85 1550
31004325 89 811 1553
31458004 90 1509 1576
31526822 94 996 1580
31750429 83 97 1591
31953107 87 1174 1601
32038093 82 421 1605
32321949 81 1769 1619
32338849 84 1591 1620
32552661 81 898 1631
32959634 89 488 1652
33119047 88 441 1660
33494817 97 1206 1679
33536936 92 1581 1681
33650988 88 940 1687
34032418 88 1868 1706
34127709 91 1325 1711
34457693 99 1423 1727
34623359 84 452 1735
34859341 83 1585 1747
35333286 93 1651 1771
35629277 82 743 1787
35822131 95 1428 1796
35993743 84 368 1805
36057949 97 1341 1808
36222829 86 1467 1817
37785184 80 596 1892
37803702 98 1346 1893
38010821 83 257 1904
38877292 88 395 1947
38997449 82 806 1953
39113843 87 667 1959
39314414 80 784 1969
39335672 87 786 1970
40017794 89 257 2003
40146286 90 182 2009
40294183 81 1867 2016
40566591 87 1601 2030
40813994 81 555 2043
41088146 87 1243 2057
42328099 84 849 2120
42535521 82 1063 2130
42940666 92 93 2151
43050935 85 630 2157
43071758 92 1606 2158
43365493 80 1894 2173
43419468 83 474 2176
43718085 80 1182 2191
43945448 95 599 2202
43986839 95 731 2204
44143417 94 1706 2212
44488728 80 1822 2230
44536718 88 1483 2232
44714514 89 1187 2241
44973889 95 301 2254
45240154 85 1110 2267
45544078 94 613 2282
45918359 87 1553 2301
46324950 93 572 2321
46406078 91 1712 2325
46554395 80 946 2332
46676553 81 1963 2338
47525399 98 690 2380
47828776 96 1634 2395
48128734 99 1258 2410
48347462 95 414 2421
48547004 99 613 2431
48664754 80 133 2437
48951246 95 1972 2451
49073199 88 847 2457
49460371 94 904 2477
50214564 91 1008 2514
50512896 82 1925 2528
50682427 92 1479 2536
51407210 81 213 2571
52052547 82 998 2605
52154050 97 523 2610
52426890 89 359 2624
52670999 84 167 2636
52753401 97 485 2640
52836016 87 1720 2644
52939383 82 1324 2649
53095941 95 1274 2657
53513746 97 426 2677
53597792 82 1043 2681
53899597 97 946 2696
54143328 83 654 2708
54561237 88 57 2729
55321159 86 1913 2768
55364320 81 737 2770
55587574 85 1707 2781
55802042 81 893 2792
56150496 98 700 2810
56218072 81 77 2813
56471977 81 751 2826
57561109 90 698 2879
57655400 95 364 2884
58059462 93 501 2904
58597254 89 331 2931
58774745 94 1642 2940
59248314 97 1860 2963
59294338 96 1003 2965
59354947 94 458 2968
59794273 82 225 2989
59908879 82 1934 2994
60094896 95 130 3003
60475357 83 313 3022
60826907 95 231 3040
60929736 83 33 3045
61658549 85 1296 3080
62359236 89 1034 3115
62661680 80 1214 3130
62796998 90 1802 3137
63192253 84 47 3157
63209998 95 544 3158
63363924 86 386 3166
63870513 97 1090 3191
63961355 87 666 3196
64019491 92 1602 3199
64088266 87 1184 3203
64538169 94 211 3225
64718648 98 1362 3234
64978812 96 982 3247
64993812 90 1776 3248
65252116 96 121 3261
65523890 81 1980 3275
65544610 93 1867 3276
65743839 80 1316 3286
65870666 97 111 3292
66194366 82 1756 3308
66290652 95 1907 3313
66635975 90 997 3330
67156186 86 258 3357
67534522 89 193 3376
68473551 91 734 3422
68591245 86 1704 3428
68881952 99 1103 3442
69056536 84 1635 3451
69257450 81 1996 3461
69433350 87 79 3469
69637887 99 1871 3479
70213671 87 1944 3508
70624463 99 1260 3528
70855596 93 802 3539
70872356 98 1029 3540
70909397 94 666 3542
71083382 94 1114 3550
71120252 88 743 3552
71783605 85 88 3588
72123829 84 672 3605
72546246 83 234 3626
72923685 82 125 3645
73283142 87 965 3663
74111139 98 687 3704
74662297 96 981 3731
74859383 81 1500 3741
75035102 88 1417 3750
75262594 84 1442 3761
75581237 88 830 3777
75639749 96 1588 3780
75931767 99 1396 3795
76684989 91 1730 3832
76829356 93 561 3839
77575079 81 1288 3877
77697850 89 840 3884
77838068 85 324 3891
77924035 83 488 3895
77940281 92 219 3896
78053831 81 121 3902
78501473 85 1191 3924
78609076 83 1105 3930
78807808 99 1182 3940
78892142 97 329 3944
79137468 95 1908 3956
79247258 87 452 3962
79928380 88 807 3997
80043024 87 240 4003
80304057 82 239 4015
80529878 80 589 4026
81239404 93 551 4061
81440011 90 1024 4071
81859587 95 1032 4092
82603465 93 27 4128
82835046 88 935 4140
82978251 98 708 4148
83150775 90 1865 4157
83220417 87 1859 4161
83588665 91 586 4180
83885767 95 1662 4195
84177941 80 1215 4209
84425877 95 223 4221
84445177 98 1837 4222
84466051 81 1766 4223
84984868 96 1804 4250
85071833 87 1669 4254
85352759 91 1754 4268
85618953 89 818 4281
85725139 82 1695 4286
86010471 94 951 4301
86171634 91 721 4309
86406470 81 1376 4321
86575261 99 346 4330
86711261 86 854 4337
87158748 87 607 4359
87178113 87 90 4360
87931791 87 1621 4397
88087880 91 935 4405
88227734 98 1038 4412
88401949 97 1175 4421
88441831 98 80 4423
89142981 92 172 4459
89186673 80 484 4461
89997050 99 291 4501
90272895 86 468 4515
90594481 94 749 4530
90914377 94 1819 4546
91631147 95 465 4582
91763954 91 30 4589
91888453 80 605 4595
92171058 95 1431 4610
92257344 91 62 4614
92762057 91 1560 4639
92850107 90 1235 4643
92886837 94 453 4645
93209533 82 1486 4662
93468429 96 1451 4675
93628789 88 1434 4683
93755086 91 1183 4690
94332026 83 31 4719
94347480 98 899 4720
94428370 99 1516 4724
95259393 92 1922 4765
95342512 96 363 4769
95679055 88 1534 4785
95716661 83 163 4787
95861297 95 1598 4794
96106707 92 1602 4806
96515694 93 1067 4826
97496385 86 1636 4873
97972987 82 1423 4896
98052540 91 1319 4900
98184335 81 892 4906
98282302 86 1906 4911
98387571 94 384 4916
98545212 86 313 4924
98600119 94 549 4927
98922476 95 373 4943
99307009 89 1139 4962
99346401 84 669 4964
99562742 85 1898 4976
99582293 96 800 4977
99625968 80 636 4979
100100116 96 808 5002
100231228 85 1076 5008
100347808 99 404 5014
100552967 90 1149 5024
101190780 96 222 5057
101437039 85 1988 5069
102813910 92 883 5137
103164375 92 879 5155
103227961 85 835 5158
103740038 98 504 5184
103778603 92 1140 5186
104419454 96 1650 5217
104854065 89 202 5238
105165018 95 1737 5254
105425051 97 897 5267
105622715 80 1400 5277
105642792 80 185 5278
105924843 94 1916 5292
106037248 83 1108 5298
106196096 80 1443 5306
106748490 99 584 5333
106912662 86 1027 5341
106933223 91 1369 5342
107432635 83 1452 5367
107615636 90 1780 5376
107713750 85 466 5381
108106283 82 1142 5401
108855673 80 947 5440
109221348 80 633 5458
110050135 82 965 5500
110544944 90 1108 5524
110706083 96 1371 5532
111335888 81 598 5563
111733049 85 892 5584
111859392 91 28 5590
111921423 90 1679 5593
112342701 95 345 5614
112501443 99 1099 5622
113093710 93 256 5652
113438634 80 833 5669
113493690 88 419 5672
114120987 81 768 5702
114156453 91 762 5704
114280523 91 866 5710
114564177 84 461 5724
114837546 97 241 5738
115573961 87 152 5774
115597637 91 669 5775
115750410 99 432 5783
116768757 85 1975 5835
116808550 93 628 5837
117139607 89 1659 5853
117455120 93 1087 5869
117611205 98 759 5877
118296344 92 184 5912
118899660 82 214 5943
120081132 90 1078 6015
120154080 98 608 6029
120242625 99 779 6046
120283865 99 1160 6054
120373402 91 360 6072
120450743 97 297 6087
120561311 89 911 6111
120593916 97 1387 6118
120640151 90 605 6126
120685700 93 898 6136
120696056 90 232 6138
120738349 94 1317 6148
120883392 84 41 6177
120926236 85 1830 6185
121011928 80 940 6202
121068285 85 903 6213
121092127 99 43 6218
121212530 92 576 6242
121217351 80 338 6243
121239971 88 494 6247
121256982 86 672 6250
121321896 93 25 6263
121393489 85 22 6278
121440629 81 46 6287
121521971 93 1089 6303
121527517 93 1604 6304
121773731 89 896 6352
121788800 90 334 6355
121898867 86 278 6377
121979674 91 443 6393
122096503 83 528 6416
122180134 90 866 6433
122184430 89 1842 6434
122221804 99 1802 6442
122225576 84 84 6443
122239522 97 1585 6446
122278687 99 1 6455
122304485 92 68 6461
122316333 92 72 6463
122320622 85 856 6464
122373792 80 1288 6475
122430929 98 543 6487
122481548 92 1982 6498
122503070 93 96 6502
122695738 80 1916 6540
122789028 92 594 6557
122983909 85 1028 6598
123012710 82 1385 6604
123297728 85 1942 6662
123336228 87 1677 6670
123351871 81 978 6673
123377881 95 699 6678
123410008 95 1568 6685
123435706 89 1623 6691
123478282 80 1727 6699
123608116 92 1801 6725
123626348 99 834 6729
123822341 85 1112 6768
123833219 97 1175 6770
123922700 87 421 6789
124092872 83 905 6824
124163294 94 1605 6837
124175354 80 908 6839
124189024 82 1256 6842
124392664 82 1599 6881
124406323 91 1712 6884
124419772 91 699 6887
124663398 96 622 6934
124782101 87 1330 6957
124832213 97 29 6967
125077300 82 1086 7016
125125758 80 347 7026
125169375 88 609 7035
125209714 99 748 7043
125278101 82 624 7056
125283622 91 213 7057
125315231 91 1799 7063
125331276 96 1748 7066
125455633 87 164 7091
125468831 85 116 7094
125607497 94 387 7121
125639015 88 1266 7127
125648956 91 1190 7129
125678493 80 1644 7135
125694920 95 483 7138
125824371 87 25 7163
125837723 94 1700 7166
125882816 91 467 7175
125936259 97 229 7185
125998058 98 499 7197
126078423 94 1190 7213
126152205 86 502 7229
126166429 94 54 7232
126177939 90 1176 7234
126373209 85 202 7273
126408414 81 1630 7280
126475517 95 212 7293
126548393 98 675 7308
126845473 87 1383 7369
126851351 88 1969 7370
126930942 88 580 7386
127033329 94 1651 7406
127151828 87 893 7430
127322023 86 721 7464
127362823 92 1091 7472
127427901 82 553 7485
127459349 94 1837 7491
127549792 93 1003 7510
127624162 93 663 7525
127693434 80 776 7539
127757460 88 537 7552
127829353 90 211 7567
127949669 84 1546 7592
128046379 84 13 7611
128140960 80 1174 7630
128150537 92 1447 7632
128205678 82 547 7643
128211495 84 1278 7644
128217041 88 723 7645
128710284 88 623 7744
128785268 94 1928 7759
128844847 89 276 7771
128873714 84 1224 7777
129118800 94 1096 7826
129127985 91 1449 7828
129320130 98 1658 7866
129367155 88 1145 7876
129422050 90 1276 7887
129482230 88 997 7899
129593131 83 414 7921
129635973 90 1080 7932
129673321 83 1033 7940
129711720 91 1513 7948
129862046 88 1619 7978
130095899 88 288 8024
130363042 83 465 8078
130410554 88 642 8088
130587126 82 1760 8123
130765435 87 1535 8158
130840422 96 1028 8172
131011974 85 620 8207
131102673 80 725 8225
131106117 86 1829 8226
131115341 84 1260 8228
131136891 97 904 8232
131385525 97 236 8284
131463791 90 569 8301
131559470 94 864 8321
131569542 91 1415 8323
131589176 94 1269 8327
131622277 99 530 8334
131879550 89 264 8384
131942085 86 1538 8397
131983761 93 1374 8406
132068627 81 644 8423
132117855 96 1979 8435
132209058 97 1885 8453
132323089 92 793 8475
132382549 81 252 8487
132387742 81 909 8488
132397765 89 782 8490
132459192 94 61 8502
132464814 91 6 8503
132615015 96 666 8534
132707837 99 1467 8554
132723401 89 1171 8557
132784503 86 78 8569
132824495 84 1178 8576
132893475 87 1853 8590
133013570 85 655 8614
133215805 94 982 8656
133222106 90 419 8657
133238255 85 1553 8660
133253406 95 381 8663
133397619 98 1289 8693
133402013 95 1129 8694
133493804 84 1837 8712
133596942 97 354 8734
133654581 96 1361 8745
133668926 90 1819 8748
133710043 99 733 8756
133765783 90 504 8767
133816511 98 555 8777
133843171 95 1198 8782
133938000 84 1257 8802
134132296 89 838 8841
134175063 93 265 8849
134202686 90 349 8855
134271634 88 1029 8869
134281005 89 1726 8871
134365813 98 120 8890
134505967 99 1525 8917
134515653 98 1328 8919
134580648 82 1533 8933
134693009 95 1946 8956
134701002 93 328 8958
134749853 93 1425 8968
134783630 97 333 8975
134847664 93 482 8987
134863794 87 174 8990
135038922 99 122 9025
135120135 97 1599 9043
135189599 88 848 9058
135204236 80 1501 9061
135316413 99 834 9084
135324308 81 847 9086
135344098 83 771 9090
135385786 94 238 9099
135481550 84 1677 9118
135591911 87 117 9140
135627224 86 380 9148
135647678 80 512 9152
135768615 91 531 9176
135771826 82 1267 9177
135806069 87 1555 9184
135860291 97 1075 9195
135912567 82 314 9206
135974495 85 961 9218
135986628 95 1716 9220
136074811 87 1814 9237
136108253 91 599 9244
136158555 97 355 9255
136189605 99 222 9261
136193830 93 1578 9262
136306442 88 7 9284
136343928 80 1770 9291
136354831 87 1895 9293
136372172 96 1570 9296
136432763 93 145 9308
136641141 94 1185 9351
136693909 84 1809 9362
136737760 83 1299 9371
136760919 99 612 9375
136792745 93 636 9381
136926894 97 552 9407
136932651 82 377 9408
136983258 81 1143 9417
137070388 99 1633 9435
137085552 81 573 9438
137100460 81 38 9441
137113059 83 452 9443
137137742 91 1750 9448
137215528 93 49 9463
137497769 85 716 9517
137784677 81 1923 9574
137802396 96 1184 9578
137826196 80 945 9583
137932447 90 9 9603
138042792 95 1526 9625
138065330 86 706 9629
138079008 90 64 9632
138090469 86 1810 9634
138148494 82 1066 9646
138167242 97 568 9650
138218767 82 58 9661
138326093 90 1499 9681
138352146 82 906 9686
138446803 99 1124 9705
138459050 90 1041 9708
138469230 90 883 9710
138627761 83 714 9742
138649248 83 244 9747
138654330 82 869 9748
138872882 88 710 9792
138888973 97 791 9795
138904549 91 565 9798
139120611 99 476 9841
139156614 98 121 9848
139199055 90 1195 9856
139218832 95 462 9860
139307189 81 1195 9879
139364693 87 1826 9890
139423584 92 1318 9903
139470180 98 1832 9913
139578651 99 1160 9933
139583515 92 38 9934
139593010 82 949 9936
139730936 99 884 9963
139736943 84 993 9964
139804756 81 1102 9977
139848592 97 1877 9986
139884658 99 690 9993
139925243 99 590 10002
140016358 83 730 10020
140022344 97 1264 10021
140148107 92 222 10045
140506325 86 469 10117
140525617 94 145 10121
140547316 85 794 10126
140561859 87 1819 10129
140583524 85 294 10133
140640864 87 319 10144
140651325 93 1573 10146
140752741 96 1304 10166
140851103 96 1489 10186
140869088 90 1404 10190
140955650 95 684 10207
141003436 84 341 10216
141071553 89 404 10230
141135333 95 1914 10242
141168825 87 211 10248
141491377 85 73 10311
141555730 96 1804 10324
141654562 93 633 10344
141753780 93 59 10366
141950366 90 1747 10408
141976272 81 1180 10414
142054772 90 454 10430
142141823 91 997 10448
142168671 87 751 10454
142174551 82 855 10455
142202479 88 880 10461
142294727 94 1333 10480
142317914 98 280 10484
142339965 85 842 10488
142387043 93 1387 10497
142402051 92 1790 10500
142506023 84 1 10522
142597647 97 1066 10540
142602816 95 1361 10541
142623030 91 761 10545
142687520 81 1558 10557
142908700 98 586 10602
142949826 81 224 10610
143025090 98 1916 10624
143035920 82 1575 10626
143051196 82 1047 10629
143084654 89 1566 10635
143144930 83 960 10647
143190497 92 1906 10656
143195606 95 1056 10657
143211240 91 590 10660
143309594 92 1896 10680
143337628 86 1131 10686
143372943 90 723 10693
143415896 92 1586 10702
143456290 89 553 10710
143502657 93 397 10719
143535336 90 1673 10726
143576593 96 53 10734
143675532 97 745 10754
143738818 95 1342 10767
143752923 83 1792 10770
143758182 86 727 10771
143777757 93 852 10775
143883217 80 103 10795
143905654 85 172 10799
143915948 94 905 10801
144148206 95 1957 10846
144221780 94 1065 10862
144255859 99 1355 10869
144352954 88 1667 10889
144360850 99 1429 10891
144374785 97 1729 10894
144726115 94 1409 10966
144846379 83 1762 10990
144869062 90 335 10995
144887160 82 585 10999
144994431 95 281 11020
145124644 93 902 11046
145170894 93 962 11055
145183462 92 1803 11058
145188467 98 411 11059
145223143 80 266 11066
145408650 95 1659 11104
145468154 98 264 11117
145656224 80 488 11152
145684100 87 601 11157
145820370 81 386 11184
145833703 80 1156 11187
146005074 97 1305 11220
146043472 81 1383 11228
146176995 82 555 11257
146273244 97 537 11276
146341129 94 418 11290
146539373 96 597 11331
146633744 87 1270 11351
146730184 89 860 11371
146753653 98 1459 11376
146831815 97 1091 11392
146880387 88 1197 11401
147021668 85 1564 11431
147141171 87 692 11455
147198358 96 94 11466
147215692 94 978 11470
147236274 96 1032 11474
147340809 92 221 11495
147429966 88 1057 11513
147484831 97 442 11524
147612285 87 831 11550
147648627 95 491 11557
147776435 92 225 11583
147817881 90 1073 11591
147923415 96 1509 11612
147934965 82 499 11614
148055347 96 922 11637
148562924 96 95 11739
148577212 87 1271 11742
148635311 91 538 11754
148654108 87 10 11758
148658686 84 1416 11759
148701782 82 1588 11769
148807791 92 99 11789
148835999 82 387 11795
148885748 84 863 11805
148946253 97 1867 11817
149081121 88 510 11843
149182341 93 1092 11863
149218705 85 799 11870
149228847 90 1724 11872
149347824 87 679 11896
149503014 93 344 11926
149534080 99 1665 11932
149743370 87 1804 11973
149813596 83 892 11988
149914422 94 440 12008
149945998 83 437 12015
150118724 86 538 12051
150167201 94 238 12061
150181995 94 554 12064
150187763 92 144 12065
150260112 85 487 12080
150413398 99 1793 12111
150514998 86 1536 12131
150520898 94 1754 12132
150562064 94 345 12140
150635474 94 98 12154
150785476 87 31 12185
150811399 92 1232 12190
150853287 80 222 12199
150862591 95 828 12201
150891748 85 155 12208
150909769 96 621 12212
151007253 95 1001 12232
151052865 91 891 12241
151100581 86 1093 12250
151136606 82 1532 12257
151362100 91 186 12302
151419446 81 708 12314
151435031 98 911 12318
151455132 89 709 12323
151504269 99 214 12333
151525724 86 1334 12337
151566173 80 457 12345
151616442 93 1090 12355
151624770 80 1498 12357
151680464 97 1936 12368
151730704 89 719 12379
151829775 88 1207 12400
151853012 86 1178 12405
151935025 91 1404 12422
152097405 88 845 12453
152120116 92 1884 12458
152143730 83 920 12463
152159218 97 911 12466
152197990 90 530 12474
152271370 84 1952 12489
152350572 92 1639 12506
152463537 99 25 12528
152481917 82 1928 12532
152523159 96 1411 12540
152540952 93 1914 12544
152548738 89 18 12546
152592078 93 994 12555
152725843 96 1225 12583
152843191 85 358 12607
153145555 92 935 12666
153208534 98 1979 12679
153484384 96 1760 12734
153515627 91 145 12741
153527977 95 370 12743
153537781 87 1755 12746
153558705 88 898 12750
153589124 94 1014 12756
153622354 87 1222 12762
153677606 80 1239 12773
153695779 94 532 12777
153705160 81 1288 12779
153720751 86 531 12782
153772889 92 1485 12791
153833410 87 1950 12803
154001074 80 747 12838
154064994 93 1099 12852
154107945 83 1123 12861
154186950 84 1876 12877
154198408 87 1890 12879
154244513 82 619 12888
154313891 99 1732 12903
154447778 89 197 12930
154478995 97 696 12937
154508493 95 697 12943
154535244 92 1596 12949
154539561 96 949 12950
154664683 90 529 12975
154680625 97 588 12978
154689128 94 352 12980
154822024 97 381 13005
155066016 89 1715 13055
155080346 87 702 13058
155086512 97 94 13059
155186556 98 1012 13080
155302482 92 798 13104
155330865 80 122 13110
155422129 88 1111 13127
155434075 96 1292 13129
155449440 87 1509 13132
155580267 93 419 13158
155623561 91 1545 13166
155677758 83 1928 13177
155729454 94 1842 13188
155782538 99 362 13200
155835763 86 288 13210
156039823 92 1689 13252
156182564 89 1522 13281
156216496 84 168 13287
156246879 94 1970 13294
156252539 93 138 13295
156304421 98 1624 13305
156372721 84 1417 13318
156415403 86 3 13327
156572875 92 473 13360
156791327 92 597 13404
156820427 87 1802 13410
156873650 84 1197 13421
157004818 87 338 13449
157105388 88 1899 13469
157177841 92 1808 13483
157416781 96 1326 13532
157473441 85 1963 13543
157477470 87 1730 13544
157493290 90 1122 13548
157568723 82 609 13564
157685500 83 312 13586
157728715 96 1163 13594
157753931 87 438 13599
157828274 89 297 13613
157832805 84 963 13614
157857085 90 1313 13618
157900540 93 1005 13626
158188353 82 1400 13685
158377856 82 1736 13722
158417088 92 104 13730
158439169 85 1519 13734
158470106 87 1835 13740
158621913 87 1367 13771
158918328 87 379 13830
158993870 91 1675 13845
159171107 84 666 13880
159179820 87 1698 13882
159195682 95 838 13885
159237374 91 486 13893
159408349 85 1218 13927
159498552 84 408 13944
159539309 87 370 13952
159621769 99 1248 13969
159676068 83 1257 13979
159695008 82 1494 13983
159711204 83 1804 13986
159757907 86 429 13995
159836057 99 1872 14011
159861816 94 275 14016
159898214 90 1172 14023
159943042 86 582 14032
159972579 81 45 14038
160025394 92 579 14049
160078777 85 1323 14059
160095970 89 137 14062
160112058 96 1672 14065
160118558 95 428 14066
160312482 90 1208 14106
160316391 99 402 14107
160470436 82 852 14137
160508901 80 83 14145
160648227 89 607 14174
160713860 85 1360 14187
160757722 96 1529 14196
160834525 88 1297 14213
161050068 87 1602 14258
161117499 81 1584 14271
161226429 83 974 14293
161284694 90 1162 14305
161357239 91 1898 14319
161563823 89 873 14361
161678520 86 1604 14383
161708818 86 1657 14389
161745252 96 1922 14397
162126218 92 1069 14475
162148423 86 807 14479
162290204 92 131 14509
162345485 84 1330 14520
162399186 85 705 14531
162403113 83 1539 14532
162478494 93 1155 14547
162517583 80 594 14555
162657045 92 1910 14581
162680897 93 1716 14586
162731378 86 1865 14596
162760343 85 1201 14602
162802946 85 202 14611
162851425 96 1458 14621
162896519 90 1128 14630
162957353 87 1735 14643
162973589 85 294 14646
163005073 90 158 14652
163035745 97 1877 14658
163040515 99 767 14659
163187585 86 174 14688
163272080 92 488 14704
163392522 88 277 14729
163493446 81 1705 14750
163506329 87 1636 14752
163581580 90 545 14767
163634499 83 521 14778
163652931 89 1750 14782
163665353 96 313 14785
163770488 99 115 14808
163865041 96 1179 14828
163884966 90 1330 14832
163909547 97 506 14837
164041340 81 1036 14864
164176286 99 1344 14891
164186850 99 1196 14893
164289968 98 226 14915
164409854 95 1358 14939
164497705 89 142 14955
164575147 86 303 14970
164689269 94 1093 14993
164757047 82 51 15006
164764994 97 670 15008
164785709 96 1009 15012
164798108 80 1390 15015
164843419 87 1573 15024
164915676 98 1955 15039
165075126 84 107 15072
165193801 97 1065 15096
165253774 85 1374 15107
165379031 89 709 15134
165416093 91 1335 15142
165470856 81 1724 15153
165590639 93 799 15176
165614658 87 1573 15180
165620977 95 178 15181
165631332 90 991 15183
165698528 94 512 15196
166207807 99 1781 15297
166266787 91 1925 15308
166310966 83 1632 15317
166320932 91 93 15320
166378692 96 1575 15332
166527569 86 520 15362
166686316 99 266 15395
166714155 83 1995 15401
166743969 95 68 15407
166946931 80 1556 15448
166950648 85 356 15449
166971614 90 567 15453
166993686 85 1691 15457
167053199 95 1444 15468
167169813 81 74 15492
167225666 82 1683 15503
167268309 84 637 15512
167417358 84 1161 15543
167473074 80 1317 15554
167523596 86 1562 15564
167636404 96 1765 15586
167694525 88 1072 15598
167793108 82 1301 15617
167814553 96 1768 15621
167937485 87 12 15646
167980117 93 1797 15654
168005873 80 164 15659
168072207 88 1789 15672
168150852 80 811 15688
168188543 86 239 15696
168225619 88 1073 15704
168406806 82 564 15742
168425154 81 1611 15746
168641064 98 1948 15788
168770492 95 1623 15813
168824104 82 268 15824
168854864 80 977 15830
168890685 86 127 15838
168939245 85 1496 15849
168943416 87 1579 15850
168968489 92 1893 15855
168997122 82 1745 15861
169364488 80 766 15935
169506763 92 1288 15966
169573775 88 687 15979
169703947 92 1361 16006
169841123 87 1896 16034
169884266 81 1528 16044
169944769 89 1255 16056
169953443 87 1492 16058
170065232 95 1591 16081
170112299 83 379 16090
170122223 83 1536 16092
170175181 89 1977 16105
170236404 99 91 16117
170262519 82 1869 16122
170304096 81 1243 16131
170351845 91 1582 16140
170414528 98 767 16153
170524325 85 216 16175
170623777 98 1737 16196
170699613 87 787 16211
170716001 81 297 16214
170764043 83 836 16224
170795278 90 1686 16230
170921640 93 1004 16256
171007016 81 885 16272
171092393 96 370 16290
171114242 94 263 16294
171320648 96 1196 16337
171338181 83 1162 16340
171359068 84 320 16344
171411145 99 350 16354
171523931 88 344 16377
171647196 92 1166 16402
171943709 91 230 16464
172088336 89 318 16493
172094836 88 236 16494
172112963 81 1966 16498
172161306 87 1831 16508
172273259 80 219 16532
172278967 83 1094 16533
172315276 93 1273 16540
172363252 82 1238 16549
172434679 98 768 16563
172571826 94 490 16592
172577566 94 1343 16593
172588495 91 1413 16595
172651490 97 1246 16608
172676424 91 155 16614
172709624 84 479 16621
172766114 94 1569 16632
172781104 83 986 16635
172785671 81 1427 16636
172797420 99 1301 16638
172879468 93 1271 16654
173093487 86 1758 16696
173140560 98 1477 16705
173226122 96 1387 16722
173307569 94 1250 16738
173327427 84 980 16742
173385469 88 741 16753
173593983 93 5 16793
173658085 96 1475 16806
173809097 89 1507 16836
173869567 99 991 16849
173894543 83 1543 16854
173916317 80 1310 16859
174083242 90 1636 16891
174123353 92 106 16899
174139697 89 1145 16902
174220214 82 1672 16918
174230519 93 1521 16920
174327088 88 115 16939
174331582 96 87 16940
174540787 86 1924 16981
174546005 81 484 16982
174640271 96 249 17003
174687888 97 1616 17013
174796532 94 170 17035
174835003 83 653 17042
175063725 96 824 17089
175127490 94 1112 17102
175155612 95 1047 17108
175188711 86 1772 17115
175276885 84 847 17133
175299102 97 295 17137
175303958 91 303 17138
175370146 88 446 17152
175379557 95 1123 17154
175429929 94 1769 17163
175660197 92 1173 17209
175674880 86 175 17212
175781972 96 1725 17233
175957257 99 1740 17269
176017470 99 421 17281
176050126 99 1180 17288
176117345 85 1191 17303
176280616 80 438 17337
176311157 97 898 17343
176316398 89 965 17344
176325439 86 346 17346
176331217 91 1521 17347
176438924 97 743 17368
176479139 91 1268 17376
176568544 90 1390 17393
176591757 88 1074 17398
176737897 95 1524 17426
176807117 90 164 17441
176872413 90 149 17453
176920684 83 575 17462
176993132 90 925 17477
177226763 86 1608 17525
177246557 90 1389 17529
177266362 99 1519 17533
177272750 99 1701 17534
177285823 95 1012 17537
177482010 97 474 17575
177533600 89 1650 17586
177705188 88 1223 17622
177859755 92 1785 17652
177869902 94 619 17654
178024873 85 23 17686
178054235 82 1817 17692
178204358 85 1655 17721
178278486 93 195 17737
178284512 93 1641 17738
178425196 85 67 17767
178434314 97 1581 17769
178439669 97 1819 17770
178521895 87 452 17787
178535719 99 1159 17790
178601564 94 1352 17803
178692409 84 1284 17821
178829052 97 304 17848
179010848 97 215 17885
179055678 97 207 17895
179239820 99 1478 17931
179280437 80 1640 17939
179287585 90 949 17941
179500690 80 1070 17985
179651137 88 697 18016
179684024 87 1309 18023
179704903 90 1143 18027
179738442 87 102 18034
179743039 99 1612 18035
179748035 88 1387 18036
179758423 98 0 18038
179790405 94 1405 18044
180109463 86 402 18108
180215194 90 1309 18131
180230822 89 1484 18134
180347794 93 450 18157
180469408 88 582 18181
180543137 88 1123 18196
180641380 89 1497 18217
180665840 87 439 18222
180695785 88 819 18228
180741321 83 1731 18237
180801706 93 1108 18250
181009130 99 1275 18292
181107147 85 1809 18311
181197970 91 546 18329
181218058 98 835 18333
181227366 93 1696 18335
181257348 97 425 18341
181340240 89 682 18358
181363069 85 452 18363
181440754 92 927 18379
181468185 81 203 18385
181909992 88 1327 18474
181914481 95 634 18475
181961193 88 634 18484
181984886 91 1773 18489
182000576 87 1361 18492
182137219 82 1597 18519
182199097 84 469 18532
182258247 91 1860 18543
182291580 96 1780 18549
182296510 94 198 18550
182349333 89 1850 18560
182393759 94 68 18570
182401974 83 407 18572
182549854 95 549 18602
182603655 96 246 18613
182717268 97 943 18635
182809744 90 569 18653
182821095 84 1743 18655
183130490 88 714 18719
183231036 91 1570 18739
183281559 87 926 18751
183331439 88 1273 18762
183641837 83 1009 18825
183653228 88 1861 18827
183685311 97 1160 18834
183707422 90 1782 18838
183797248 98 1578 18857
183833054 92 1186 18864
183884353 83 1912 18875
184037898 98 369 18906
184047575 86 1443 18908
184132825 98 1735 18925
184366271 84 893 18970
184538463 85 1483 19003
184632560 98 1388 19022
184669322 98 493 19030
184686270 95 115 19034
184803331 82 151 19058
184832361 94 587 19064
184837458 99 24 19065
185079567 83 185 19112
185254371 82 504 19145
185276755 84 1991 19149
185302526 81 1014 19154
185365101 92 990 19166
185375627 90 1967 19168
185385664 81 1895 19170
185389438 80 527 19171
185434122 81 125 19180
185559735 98 1444 19204
185576307 98 1514 19207
185735402 85 1948 19241
185786371 83 487 19251
185844444 96 130 19262
185870529 99 380 19267
185946894 85 1047 19282
186046754 89 87 19302
186051445 91 1 19303
186125411 90 1631 19318
186364973 92 998 19364
186416931 94 1950 19375
186526644 84 1169 19395
186568821 92 841 19403
186605337 93 1746 19410
186665360 90 371 19422
186710372 84 1313 19431
186855359 94 60 19460
186877846 90 314 19464
186958023 90 1484 19480
187031211 94 1143 19494
187044943 82 537 19497
187104180 81 1984 19509
187159565 86 46 19520
187173773 91 234 19523
187296133 83 502 19549
187407326 81 270 19571
187554034 92 798 19602
187875602 85 1865 19665
188022584 85 1201 19694
188132793 84 218 19716
188289497 82 387 19748
188615369 96 409 19812
188659421 94 438 19821
188719707 83 1822 19833
188756230 86 1462 19840
188771168 97 299 19843
188953641 81 37 19880
188992707 82 709 19889
189019769 95 1576 19894
189362292 99 382 19962
189429140 94 1015 19975
189432637 83 436 19976
189441753 90 719 19978
189499466 81 443 19990
189514672 86 1718 19993
