87098 252 734 3
253441 240 1403 11
352359 244 167 16
509438 248 234 24
786455 248 260 38
1111470 247 314 55
1736603 249 133 85
2112595 257 1470 104
2625228 243 1980 130
2782563 250 577 138
4306161 253 1624 215
4386397 254 282 219
5386410 244 1605 269
6024065 241 784 301
6039830 241 1788 302
6239388 247 1601 312
6351775 258 1170 318
7158609 245 978 360
7277381 255 1742 366
7337565 252 1323 369
7358129 259 1557 370
7585485 242 323 382
7940553 253 224 399
7962128 241 517 400
8125374 247 1413 409
8227355 252 297 414
8291396 243 127 417
8325691 258 1296 419
9096296 255 1030 457
9152553 247 1511 460
9231347 242 1274 464
9359815 245 1250 471
10585123 249 562 534
10634273 246 1898 536
10686924 244 748 539
11303302 248 1258 569
12878656 254 690 649
13046760 247 691 658
13442658 250 1443 677
14090955 254 1316 710
14301276 250 1384 721
14318362 244 355 722
14752791 240 1467 744
15555918 252 530 785
15718483 242 1989 793
15982001 242 646 806
16248100 254 1464 819
16753860 243 1927 844
16810776 242 490 847
16826915 250 252 848
16993155 245 1237 856
17727932 245 1337 892
17881991 251 728 900
18098056 255 561 911
18183544 248 1818 915
18395566 242 118 925
19141523 253 884 962
19768388 242 222 992
20721974 256 1694 1039
21139038 250 620 1061
21456598 244 1279 1076
22474842 251 1569 1126
22493864 255 172 1127
22750499 257 851 1140
22793597 255 7 1142
22826490 251 1101 1144
22848879 243 1958 1145
23030107 245 433 1154
23826387 251 1727 1192
23920562 253 1380 1197
24745173 253 1478 1237
24784182 248 1728 1239
24898575 256 565 1245
25080188 243 1302 1254
25100138 259 1246 1255
26746885 256 328 1337
26901161 257 163 1345
27260838 243 1142 1362
27279473 247 999 1363
27345513 246 642 1366
27665013 240 533 1382
27942336 253 485 1396
28920125 246 139 1445
29384561 259 476 1468
29569339 249 620 1477
30559123 242 1323 1524
30790505 258 1336 1536
30806081 247 768 1537
31126310 244 1505 1553
31719922 244 988 1582
31885292 252 172 1591
32596625 255 1731 1626
32800562 241 1210 1636
33137336 252 1509 1653
33195941 245 1833 1656
33557124 247 105 1674
33808393 241 185 1687
33992895 241 736 1697
34088671 247 1154 1702
34104960 242 202 1703
34234702 249 1393 1710
34723484 250 872 1734
35412248 242 1566 1769
35757901 246 347 1786
35915375 257 1095 1793
35981824 246 731 1796
36075047 256 624 1800
36132674 243 1529 1803
36318986 244 1171 1812
36397178 252 1900 1816
37028329 242 816 1846
37881207 257 346 1888
38363573 255 1411 1913
39365510 245 572 1963
39573232 253 1472 1973
39594612 246 1229 1974
39656226 245 176 1977
39729509 246 1704 1981
39825101 244 818 1986
39932877 249 1490 1991
40064488 252 283 1998
40304614 252 1104 2010
40469644 251 1618 2018
41497056 246 1560 2068
41628331 256 1191 2074
42169632 246 653 2101
42307863 256 841 2108
42374292 259 558 2112
42461596 251 314 2116
43449258 252 1646 2164
43622064 256 432 2172
43682854 251 700 2175
44428836 245 1606 2212
44605109 241 1736 2221
44907803 256 473 2237
44965472 246 1802 2240
45062394 253 931 2245
45202939 241 1646 2251
45414740 252 1069 2262
45596504 240 14 2271
45798209 245 1813 2281
45818781 248 1992 2282
45875547 258 1120 2285
46466774 249 677 2315
46801465 240 1171 2332
46985457 243 308 2341
47085397 256 1119 2346
47602244 252 532 2371
47801985 251 1143 2381
47984923 241 1046 2391
48391515 249 777 2412
48434501 251 1399 2414
49150332 257 1586 2451
49225982 240 1566 2455
49618895 241 1016 2474
50181055 240 1145 2503
50221055 257 1051 2505
50739035 257 1586 2531
50898109 255 1458 2539
51069706 258 267 2548
51132402 259 292 2551
51217946 254 1443 2555
51486680 254 1845 2568
51737155 253 890 2581
51963846 245 1017 2592
52373187 242 855 2612
52455123 245 232 2616
52844248 248 1255 2634
52913180 247 384 2637
53187867 241 857 2651
53304958 249 1909 2657
53323746 254 236 2658
54169163 250 1597 2701
54752072 249 1808 2731
55033995 246 1511 2745
55118650 251 482 2749
55210950 244 106 2754
55558873 253 707 2771
55843243 240 101 2785
55861325 259 1794 2786
56352210 253 1498 2811
56562200 244 947 2822
56851997 259 384 2836
57089479 248 1011 2849
57104880 245 913 2850
57122866 258 202 2851
57340747 250 1008 2863
57365701 256 1316 2864
57717614 251 1095 2882
57833030 258 530 2888
58038542 250 1583 2898
58263668 250 1201 2909
58400768 256 263 2916
58559802 241 305 2924
59075145 245 1637 2950
59317026 243 605 2961
59445159 258 861 2967
59467448 240 491 2968
59527772 242 1210 2971
59763950 249 576 2983
59815666 246 134 2986
60085113 247 994 2999
61009820 247 1740 3045
61508603 244 1511 3070
62023488 258 1820 3096
62089620 252 1528 3099
62204144 251 240 3105
62311730 244 318 3110
62352904 241 1446 3112
62762630 243 620 3132
62930336 244 818 3140
63628699 256 487 3175
63670173 256 718 3177
64451793 248 1563 3215
64591537 243 616 3222
64694267 251 1037 3227
64869690 251 310 3236
65251076 247 1007 3255
65796201 252 1041 3283
66914159 259 384 3339
67438676 259 181 3364
67514983 251 18 3368
67562962 253 1715 3370
68175800 242 130 3400
68473604 251 1383 3415
69099445 243 1757 3446
69766715 259 1009 3481
70195114 241 416 3503
70402285 250 470 3514
71118854 246 845 3550
73397181 241 602 3663
73555396 248 856 3671
73637070 251 448 3675
73757110 240 1061 3681
74038356 244 1666 3694
74414047 253 1731 3713
74924983 245 1035 3739
75351866 256 411 3761
75532840 254 401 3770
75553861 258 92 3771
75707431 244 1555 3779
75727833 242 1196 3780
76460922 253 1152 3817
77076133 255 880 3847
77097258 243 267 3848
77377323 250 208 3862
77728979 258 1230 3880
77851084 250 386 3886
78009553 249 29 3894
78082440 256 1933 3898
78808184 259 706 3933
79302274 244 1746 3957
79321248 240 415 3958
79608351 259 1721 3972
79679983 246 414 3975
79701607 242 176 3976
79786529 246 276 3980
79880937 250 247 3985
80216197 250 1379 4001
80410952 251 244 4011
80461760 243 669 4014
81185141 252 768 4050
82091177 249 1898 4098
83145256 246 1369 4151
83213775 253 1295 4154
83381734 251 1069 4162
83836534 253 128 4184
83938617 254 1039 4189
84089678 248 742 4197
84176074 248 375 4201
84320165 251 924 4208
85295113 249 1995 4257
85315681 241 1591 4258
85392620 251 485 4262
85926009 241 272 4288
86077510 251 778 4295
86659286 253 1217 4324
86780900 244 250 4330
87070957 257 1045 4345
87093304 249 226 4346
87137563 242 1974 4348
87833330 242 572 4382
87889513 257 343 4385
88334692 254 311 4408
88531498 254 573 4418
89252079 256 1962 4454
89273164 248 1692 4455
89328995 254 1469 4458
89458542 247 1068 4465
89692449 251 607 4477
89749576 255 630 4480
90824121 253 597 4534
90842863 250 1120 4535
91694781 253 781 4577
91854635 244 1008 4585
92166364 250 31 4600
92295701 243 1497 4606
92343719 250 308 4608
92728977 256 1352 4628
93051535 243 212 4644
93073541 254 291 4645
93837874 248 97 4683
94140316 254 82 4698
94570443 252 837 4719
94946893 255 607 4738
95039089 250 876 4743
95126286 247 156 4747
95419445 258 674 4761
95514155 244 223 4766
95570360 254 1421 4769
95734607 253 1943 4777
96102485 254 626 4795
96602157 255 699 4820
96775855 251 693 4828
96797065 241 759 4829
96847264 244 647 4832
96904566 247 1511 4835
96960553 253 235 4838
97380332 253 331 4859
97610466 248 1395 4871
97988192 259 894 4891
98173567 244 1500 4900
98233526 253 1936 4903
98288217 254 1687 4906
98841189 254 685 4934
98985773 256 1869 4941
99207788 244 932 4952
99481173 257 216 4966
99521005 249 267 4968
99662066 257 489 4975
99741409 243 26 4979
100137046 256 1438 4998
100454782 248 209 5014
100489215 242 1283 5016
100612433 254 1139 5022
100972769 247 798 5040
101270174 243 633 5055
101541531 255 1512 5069
101638488 245 1269 5074
101796626 242 555 5082
101938025 246 1896 5089
102543631 240 186 5119
102656426 255 1863 5125
102675736 259 1369 5126
102999771 245 1111 5142
103136435 253 36 5149
103155308 241 1499 5150
103870616 247 859 5185
104555790 240 46 5219
104882936 252 1082 5235
105114682 243 1490 5246
105324399 240 1996 5257
105376106 256 1861 5260
105757136 240 1334 5279
105872064 251 1931 5285
106025575 252 1351 5292
106676114 245 1533 5324
106735019 250 1945 5327
106872378 243 471 5334
107436388 245 1723 5363
107592697 251 167 5371
107950810 248 263 5389
108417313 243 1376 5412
108852763 258 437 5435
108976886 257 1997 5441
109192602 244 1446 5451
109337730 254 1032 5458
109607018 242 1509 5472
109862746 246 1542 5485
110315761 242 1388 5508
110951151 258 1603 5540
111180340 253 1732 5551
111286124 244 1676 5557
111859797 258 1000 5586
112326312 249 783 5609
112866167 254 503 5636
113103958 245 873 5648
113278394 249 543 5657
113486042 241 37 5667
113543001 250 78 5670
113913228 248 1226 5689
113979521 257 1845 5692
114100341 244 1854 5698
114398582 247 655 5714
114498869 259 310 5719
114659128 243 1967 5727
115103278 251 425 5749
115244320 253 1326 5756
115402256 251 57 5764
115737428 254 1143 5781
116447335 243 1558 5816
116650377 249 1505 5826
116868571 259 753 5837
116928040 244 564 5840
116985749 246 1888 5843
117550050 252 122 5871
117707805 243 1557 5879
117959408 253 1318 5892
118534787 241 1449 5921
118764313 253 347 5932
118878482 247 1368 5938
118915213 253 1018 5940
119356674 258 1414 5961
120157200 258 536 6000
120247226 243 691 6018
120404868 252 262 6050
120529214 251 1924 6076
120558422 246 970 6082
120623429 254 323 6096
120627554 257 787 6097
120913172 247 1759 6154
120918803 254 386 6155
120930012 254 776 6157
120951872 242 709 6161
121010899 253 1336 6173
121029595 255 17 6177
121037280 246 822 6179
121048968 257 1150 6182
121147666 247 84 6201
121185796 247 1815 6209
121263840 254 411 6223
121532223 252 1969 6276
121709138 247 1519 6314
121905939 240 1974 6354
121927606 259 1972 6359
121988337 259 340 6371
122027389 247 1350 6379
122068854 241 842 6388
122114951 252 936 6397
122136817 247 1174 6401
122179315 252 402 6409
122184440 258 1982 6410
122213467 242 1135 6416
122223177 258 627 6418
122248365 255 1544 6423
122273408 254 410 6428
122378013 251 1466 6450
122406882 241 675 6457
122436953 245 326 6463
122464360 247 682 6468
122469303 244 1917 6469
122526485 251 35 6480
122619789 243 1089 6498
122753124 241 1154 6525
122758487 246 1193 6526
122765948 256 806 6528
122774744 240 182 6530
122811283 250 1688 6538
122815896 241 220 6539
123027044 254 1736 6580
123041421 245 319 6583
123046616 257 282 6584
123102398 255 160 6596
123336084 242 744 6641
123340908 243 1474 6642
123365460 244 1442 6647
123377310 252 634 6650
123859480 257 1849 6747
124033884 252 1200 6781
124139656 255 1136 6801
124151966 257 883 6804
124420350 259 1946 6858
124497907 247 1542 6873
124509317 250 1117 6875
124527191 244 895 6879
124537433 248 786 6881
124600557 258 1173 6895
124668371 244 1181 6909
124680493 248 890 6912
124788817 255 812 6933
124857642 253 689 6947
124879018 257 1908 6952
124905123 253 1361 6957
124948265 243 946 6966
125134782 259 1091 7004
125215463 245 862 7020
125329985 246 139 7044
125374764 251 1804 7053
125399403 247 385 7058
125513887 254 496 7082
125713193 256 1560 7122
125797756 251 1 7139
125843180 252 27 7149
125888992 245 1062 7157
125903471 256 1632 7160
125938944 255 1288 7167
125990030 253 1995 7177
125994373 240 1942 7178
126070003 259 1085 7193
126171889 258 210 7213
126368964 250 998 7252
126428842 241 684 7263
126444451 254 1768 7266
126682772 243 253 7314
126788049 247 1524 7336
126802413 255 335 7339
126871936 240 815 7353
126972189 240 317 7373
127115608 253 1764 7400
127123463 256 1795 7402
127140413 247 1218 7406
127146913 246 477 7407
127169574 255 1097 7412
127225273 248 854 7424
127258590 242 1696 7430
127294312 247 1641 7437
127300064 246 514 7438
127342756 245 153 7447
127368857 243 1715 7452
127378473 247 207 7454
127449727 257 609 7468
127484075 251 424 7475
127511172 251 783 7480
127591996 243 617 7497
127638675 259 1440 7506
127650265 250 614 7508
127667617 256 759 7511
127759977 246 1619 7531
127801562 252 68 7539
127828437 250 1013 7544
127855633 254 144 7551
127859201 255 1231 7552
127892552 244 1636 7558
127900751 259 798 7560
128039817 248 817 7590
128091525 252 1271 7601
128095508 259 1966 7602
128279132 258 1415 7639
128291384 256 1587 7641
128322761 244 895 7647
128369147 247 86 7657
128408085 242 242 7665
128413116 252 1840 7666
128484771 245 1699 7682
128516183 257 1044 7688
128577645 250 525 7700
128746667 255 834 7734
128776586 251 1941 7740
128837977 241 1042 7752
128863393 249 1970 7757
128875078 255 1973 7760
128894616 251 1145 7764
128908332 249 1630 7767
128989971 255 1821 7784
129025632 240 732 7792
129144838 250 1046 7816
129170760 248 1998 7821
129252368 240 1597 7838
129258327 241 268 7839
129283388 241 1821 7844
129287863 244 502 7845
129345421 258 1773 7857
129439526 259 134 7875
129575840 249 1345 7902
129602555 254 1457 7907
129631840 243 1155 7913
129639187 252 1154 7915
129713047 255 1176 7931
129743060 254 1841 7937
129902137 256 179 7969
129962455 242 1057 7983
130005254 249 1022 7991
130089447 250 1073 8008
130174618 246 1993 8026
130213028 259 527 8033
130321046 259 312 8054
130464342 258 928 8083
130582088 243 605 8106
130588355 245 408 8107
130640636 244 1611 8117
130718560 244 1299 8132
130782900 242 1658 8144
130813521 242 1139 8150
130818166 253 1313 8151
130863111 244 339 8160
130867646 247 628 8161
130967152 259 146 8182
131076776 254 913 8205
131131743 255 1174 8216
131304872 246 832 8251
131375497 245 1710 8265
131457452 243 381 8281
131514258 242 513 8293
131546373 246 864 8299
131571897 249 463 8304
131623364 244 299 8315
131740023 257 1901 8339
131744201 250 178 8340
131925814 259 132 8377
132062760 248 633 8404
132102846 241 180 8412
132166154 244 1683 8424
132217939 253 1679 8434
132256621 255 1231 8442
132479865 253 742 8488
132531253 250 298 8499
132541251 242 1937 8501
132546723 246 838 8502
132653566 257 263 8524
132716714 242 504 8538
132732421 240 1131 8541
132781157 242 1179 8550
132846288 244 1705 8563
133220549 247 310 8636
133312773 259 48 8654
133338826 257 1775 8659
133347880 247 1021 8661
133364549 240 989 8664
133372439 242 549 8666
133452215 257 1270 8683
133462476 257 728 8685
133631023 244 700 8719
133655238 255 373 8724
133672326 240 1478 8727
133774920 241 298 8747
133790959 258 20 8750
133818883 246 1885 8756
133947722 248 1150 8782
133958472 253 1774 8784
134064268 247 808 8806
134189043 240 677 8831
134299687 257 1885 8853
134303468 243 793 8854
134307967 248 781 8855
134316817 255 191 8857
134384576 258 1511 8870
134707919 250 1263 8935
134993609 247 72 8990
135109308 241 1525 9014
135115808 255 1078 9015
135185463 258 229 9028
135249602 253 979 9040
135264644 246 689 9043
135273309 242 1245 9045
135287897 251 849 9048
135291629 257 787 9049
135336803 242 64 9058
135518325 249 945 9094
135529745 248 1261 9096
135652201 248 1646 9121
135790515 248 891 9150
135880722 243 738 9167
135906295 245 1685 9173
135930360 245 375 9177
135968990 253 794 9185
135982472 258 135 9188
135986708 254 1745 9189
136142559 241 1179 9219
136290913 252 207 9249
136304683 259 607 9252
136418096 249 499 9275
136447475 252 515 9280
136505790 259 489 9291
136638709 257 999 9319
136662378 257 1379 9324
136918321 240 736 9377
136938622 252 729 9381
136949307 241 307 9383
136962056 253 1851 9386
136966528 252 307 9387
137082007 247 951 9410
137121578 249 1492 9417
137128529 256 1073 9419
137170012 249 1640 9428
137190760 256 1209 9432
137260837 246 274 9446
137363182 246 159 9467
137625151 253 679 9519
137666454 242 520 9527
137708613 245 1839 9536
137867171 257 1765 9568
138003535 256 53 9595
138056649 252 346 9606
138223388 257 252 9638
138276927 250 310 9648
138291245 247 1603 9651
138346442 252 211 9662
138419021 240 542 9676
138425147 255 409 9677
138441744 255 739 9681
138616895 246 912 9716
138758329 247 1492 9745
138850389 255 690 9762
138872704 250 926 9767
139023122 248 1589 9796
139163798 249 1481 9826
139181804 257 477 9829
139252146 258 1008 9844
139328273 246 16 9858
139473334 243 1343 9887
139537812 243 1171 9900
139616545 245 202 9917
139669232 243 517 9928
139675184 258 650 9929
139806705 249 1018 9956
139900045 246 1948 9975
139938831 257 1691 9983
139974427 251 170 9990
139983535 251 684 9992
140227683 243 1035 10042
140244341 258 1732 10045
140378764 247 1456 10073
140392909 255 1764 10076
140426064 254 832 10082
140519846 258 1975 10101
140603322 257 66 10119
140623565 257 219 10123
140770794 248 876 10151
141110928 258 865 10220
141191503 255 13 10236
141454269 259 1282 10288
141474949 255 1810 10292
141485763 241 1202 10294
141521252 258 1976 10302
141654357 242 1359 10329
141694376 254 442 10337
141769300 258 805 10352
141834897 243 567 10365
141855805 259 33 10369
141883278 251 101 10374
141948797 252 1326 10389
142005311 253 1865 10400
142049067 244 1397 10409
142085069 256 502 10416
142284162 259 118 10454
142307521 256 802 10459
142380096 254 288 10473
142400305 245 6 10477
142418509 251 1764 10481
142431626 258 1296 10484
142445477 243 717 10487
142653253 248 1020 10529
142749189 252 1228 10549
142797502 245 913 10559
142803489 240 826 10560
143018813 257 1426 10603
143090233 248 710 10617
143163030 258 397 10631
143246014 256 771 10648
143267378 240 675 10652
143271241 257 1471 10653
143434949 244 1131 10687
143497148 248 1004 10700
143526346 248 557 10706
143614102 258 1797 10722
143623410 258 1997 10724
143789896 251 268 10757
143845590 254 643 10769
143857810 250 521 10772
143916878 249 247 10784
143950908 241 223 10790
143983435 249 526 10796
144049026 254 1917 10810
144078058 257 611 10816
144109919 258 1448 10822
144449892 240 328 10891
144465345 243 123 10894
144470893 245 931 10895
144511017 240 1781 10903
144597075 244 1768 10919
144625774 241 955 10925
144743672 256 1245 10949
144767825 241 1064 10954
144834815 254 1804 10967
144933790 243 1141 10987
144963320 242 1375 10993
145001931 244 1526 11001
145096830 251 593 11021
145331189 259 1390 11068
145501330 251 1497 11102
145569748 247 731 11115
145585946 258 158 11118
145647889 259 558 11132
145667049 254 1031 11136
145684583 253 1986 11140
145707877 253 183 11145
145788820 253 1357 11163
145794873 249 824 11164
145863849 242 1331 11178
145876408 256 700 11181
146065856 249 526 11218
146095549 242 1676 11225
146215406 258 1516 11248
146250570 242 1140 11254
146322261 254 1776 11270
146347244 242 1458 11275
146365597 249 709 11279
146425452 254 520 11291
146470710 244 118 11300
146515130 249 492 11309
146620771 252 1108 11330
146712861 257 201 11348
146783058 250 203 11362
146792339 241 1814 11364
146807769 259 929 11367
146862273 248 445 11378
146878165 243 1887 11381
146892998 254 1465 11384
146931840 243 1988 11392
147019436 250 1664 11411
147033849 255 579 11414
147131602 256 1979 11433
147137520 254 77 11434
147146179 250 24 11436
147155314 242 1742 11438
147201560 241 1453 11448
147253788 257 368 11458
147486606 258 513 11505
147697949 248 457 11546
147774025 246 526 11562
147848096 244 234 11577
147917040 247 1590 11590
147923733 254 1744 11592
147960704 250 529 11600
148024397 247 3 11614
148029294 251 206 11615
148086120 245 1777 11627
148172666 258 537 11645
148233045 241 1646 11656
148309940 248 746 11673
148361199 247 374 11683
148368473 241 1451 11685
148451210 242 1623 11702
148466674 257 181 11705
148473174 246 942 11706
148518544 248 1427 11715
148574863 253 1609 11727
148696361 242 630 11751
148858841 254 47 11783
148900799 253 120 11793
149161764 257 123 11846
149177583 241 357 11849
149209725 246 1620 11856
149262155 248 547 11866
149266912 259 1942 11867
149278752 254 115 11869
149513644 250 1749 11917
149683386 250 8 11951
149747416 240 1996 11964
149819967 259 674 11978
149839042 247 574 11982
149990672 245 148 12014
150007343 252 1608 12017
150028023 250 1068 12021
150087904 257 3 12033
150128271 241 109 12043
150146912 247 1881 12047
150212087 246 1759 12059
150378610 257 669 12092
150424192 240 122 12102
150493467 240 343 12117
150537886 253 321 12125
150572349 243 1294 12132
150615721 258 67 12141
150635630 251 1870 12145
150668278 245 1731 12151
150808805 244 1865 12180
150922327 243 389 12203
151022115 245 555 12223
151032512 242 728 12225
151161660 241 1325 12250
151166492 244 1787 12251
151198472 257 8 12258
151292592 247 671 12277
151326936 253 983 12284
151343192 249 1053 12287
151384037 247 239 12295
151670419 257 1460 12352
151701975 241 89 12358
151755803 250 455 12368
151802704 252 1074 12378
151874813 257 192 12392
151906477 256 1061 12398
151912550 258 774 12399
151965619 250 968 12410
152007075 247 1721 12418
152228376 252 1088 12462
152291310 241 921 12475
152294931 257 778 12476
152367134 240 1125 12491
152379129 245 1256 12493
152411490 251 1290 12500
152454471 247 277 12509
152473243 251 1460 12513
152477746 242 336 12514
152648001 245 919 12548
152705848 251 344 12560
152725599 246 882 12564
152755866 255 1651 12570
152821003 257 725 12582
152964782 240 890 12612
153069794 243 419 12634
153075274 247 786 12635
153143109 255 1450 12649
153173388 250 1729 12655
153237028 252 925 12668
153518414 258 1309 12725
153630587 244 191 12748
153695154 252 1462 12762
153716537 258 1631 12766
153852733 247 1897 12792
154037417 252 1226 12831
154043368 253 1978 12832
154188097 259 1593 12860
154236274 255 1724 12871
154522168 257 550 12934
154619576 254 1522 12953
154660311 259 1368 12962
154723095 242 486 12974
154741131 256 19 12978
154814084 245 18 12993
154901677 250 592 13011
155049819 255 718 13041
155077337 251 1975 13046
155256162 242 853 13081
155265431 240 1303 13083
155298945 251 1859 13090
155305445 250 337 13091
155333392 247 1535 13097
155370186 240 882 13105
155396653 247 986 13110
155415649 254 1300 13114
155430245 242 802 13117
155459912 257 1133 13123
155482663 259 610 13127
155530987 258 1875 13136
155656886 258 1956 13163
155724597 253 1712 13177
155856353 246 1407 13205
155974042 257 1515 13227
156117050 252 245 13254
156122503 247 1539 13255
156306104 259 1446 13291
156378985 257 958 13304
156431057 252 954 13315
156454799 255 1421 13320
156465016 248 180 13322
156514094 255 323 13332
156666245 256 851 13363
156760778 259 1060 13383
156764659 251 90 13384
156828958 249 406 13397
156905244 242 824 13414
157038164 242 419 13441
157166429 253 1415 13468
157236684 243 10 13482
157263749 247 1406 13487
157317379 247 810 13497
157350868 242 318 13504
157402849 245 747 13515
157486767 254 311 13532
157600165 242 55 13555
157690237 255 203 13574
157960765 244 581 13627
157982694 240 49 13631
157994505 242 442 13633
158002312 253 1533 13635
158061026 250 1034 13646
158187043 250 1824 13670
158214083 242 755 13676
158258252 253 1842 13685
158311522 256 1921 13696
158341436 250 1576 13702
158397504 246 672 13713
158415644 248 1831 13716
158474154 250 1019 13728
158487901 241 687 13731
158539613 257 1796 13743
158562745 247 1601 13748
158661649 256 1215 13768
158729503 249 1536 13780
158771117 254 958 13788
158857708 249 1471 13806
158925091 241 661 13820
158958765 250 1618 13827
158990232 250 459 13834
159048066 254 363 13846
159051652 255 556 13847
159230334 249 1116 13883
159276968 245 542 13892
159287907 254 27 13894
159394320 258 1092 13915
159439050 258 751 13924
159471453 246 1737 13930
159479819 244 270 13932
159507987 244 409 13938
159514471 259 1997 13939
159658639 249 885 13968
159690264 247 614 13974
159715878 253 1870 13979
159794429 242 1988 13996
159819646 242 1719 14001
159873538 250 345 14012
159943331 252 1098 14027
159963068 251 1086 14031
159987951 246 944 14036
160054108 255 1144 14050
160080398 247 693 14055
160091259 249 30 14057
160163388 256 624 14072
160173834 242 5 14074
160184175 240 272 14076
160259579 252 227 14091
160264846 246 1427 14092
160392224 246 1891 14120
160564034 256 321 14153
160596819 254 1575 14160
160746617 256 1571 14190
160778562 254 1515 14196
160830500 251 412 14207
160845226 246 1157 14210
160916906 254 451 14225
160968619 245 1534 14236
161136542 244 1850 14271
161146073 243 1187 14273
161451980 244 440 14333
161487799 251 1200 14341
161538555 240 135 14350
161650870 259 666 14374
161682556 259 326 14380
161702736 254 628 14384
161820271 259 843 14408
161926511 246 667 14430
162017419 250 185 14448
162132769 249 1588 14470
162253588 248 1706 14492
162262285 240 1103 14494
162289862 250 560 14499
162314705 258 407 14504
162395850 258 1187 14520
162440985 240 1874 14530
162461105 242 1286 14534
162482578 243 1957 14538
162696324 243 1321 14582
162729445 249 878 14589
162857950 246 740 14614
162942923 250 120 14630
163020783 242 1683 14645
163088668 250 1093 14658
163252169 249 188 14690
163336641 250 750 14706
163395973 249 32 14718
163642658 250 24 14767
163652518 241 855 14769
163774077 259 1031 14794
163805929 245 235 14801
163869548 242 15 14813
163893828 240 1730 14818
163899047 254 1052 14819
163916467 251 300 14823
163954428 245 1837 14831
164062525 246 1698 14853
164118443 259 1048 14864
164179431 246 959 14876
164193517 256 1734 14879
164315335 252 922 14903
164334066 259 76 14907
164784446 241 1294 15000
164974113 250 1594 15039
165030167 249 1883 15051
165193298 255 107 15085
165227815 247 1019 15091
165385034 253 1261 15120
165391941 259 397 15122
165413339 240 245 15126
165430738 259 667 15129
165564972 258 1369 15156
165634918 240 919 15170
165655142 251 45 15174
165688170 248 1564 15180
165760215 252 1755 15194
165787070 240 1119 15199
165790576 240 732 15200
165851486 241 1296 15213
165868440 248 1935 15216
165970867 242 1599 15236
166128002 240 1085 15266
166170339 252 1737 15275
166192293 258 621 15280
166254821 251 1384 15293
166282690 243 1745 15298
166319946 253 946 15305
166343142 242 1520 15309
166366059 259 1590 15314
166375513 254 1936 15316
166710539 255 362 15382
166818666 254 695 15404
166993028 253 1256 15437
166998094 240 945 15438
167003293 242 4 15439
167044370 259 1676 15447
167157366 248 385 15470
167260479 258 1083 15492
167290948 243 1408 15498
167523157 243 711 15547
167581902 247 1159 15559
167615755 254 1888 15566
168016425 243 440 15644
168077044 252 1560 15655
168212262 247 1486 15681
168218075 242 928 15682
168244271 247 61 15687
168477374 253 1176 15732
168658928 248 381 15768
168797394 247 1613 15796
168803012 255 297 15797
168849381 240 591 15806
168897272 243 390 15816
169013345 244 1428 15839
169047480 249 475 15846
169241712 259 1042 15886
169284331 243 989 15894
169292802 256 335 15896
169310904 257 1438 15900
169339450 255 1879 15906
169358511 243 61 15910
169396858 256 361 15918
169406893 257 1512 15920
169644220 257 673 15968
169688724 244 1266 15978
169698528 259 1202 15980
169732025 241 874 15987
169771401 241 841 15995
169792295 240 739 15999
169841909 253 1103 16009
169957226 253 686 16033
170024636 245 1662 16046
170108437 251 1458 16063
170165060 250 142 16074
170171560 250 396 16075
170467935 244 1484 16134
170491394 257 1444 16139
170570461 259 970 16155
170579940 245 1103 16157
170606669 248 993 16162
170644806 242 722 16169
170683097 244 993 16176
170856709 240 307 16212
170891542 252 686 16219
170927208 249 879 16226
170979697 242 1394 16236
171194220 250 790 16281
171199907 255 456 16282
171295100 248 926 16301
171370150 257 1291 16315
171403003 240 1934 16322
171419034 249 464 16326
171455290 241 1558 16333
171471747 259 1230 16337
171518080 248 1084 16346
171557660 246 1184 16354
171608996 253 1636 16365
171656612 242 1407 16374
171723543 240 1478 16387
171781126 253 564 16399
171786351 252 870 16400
171804553 246 398 16404
171810113 258 1200 16405
171815616 258 315 16406
171848083 256 375 16412
171868526 244 1149 16416
171900378 258 1752 16423
172048305 242 436 16453
172070381 255 105 16457
172075184 245 1347 16458
172216350 251 697 16486
172415730 245 1300 16528
172443652 240 998 16534
172454355 256 345 16536
172465002 253 13 16538
172554031 250 987 16556
172743965 247 1714 16595
172752969 246 1203 16597
173090223 259 1843 16665
173103774 240 1841 16668
173149785 254 378 16677
173163662 243 1799 16680
173197771 249 903 16687
173208761 246 1269 16689
173282728 253 3 16704
173429793 243 221 16732
173486638 259 234 16743
173492127 254 694 16744
173575013 256 55 16760
173600121 246 77 16765
173758040 240 1064 16797
173768824 248 1948 16799
173812771 255 94 16807
173827349 254 777 16810
173897083 257 394 16824
173926209 242 514 16829
174122437 255 1200 16869
174187002 243 1176 16882
174294103 259 206 16902
174311759 250 1086 16905
174367949 254 1940 16916
174659103 247 1271 16973
174668467 243 1115 16975
174713157 258 690 16984
174731208 255 1503 16988
174799426 247 917 17002
174890562 254 509 17020
174969062 245 1362 17036
175095322 251 27 17062
175170638 248 1072 17078
175370602 259 1865 17116
175389365 249 1227 17120
175494029 246 843 17141
175545782 252 687 17153
175571084 244 1217 17158
175658426 246 886 17176
175927919 240 470 17230
176050426 252 1611 17255
176107595 258 748 17267
176213615 256 580 17288
176246150 246 1568 17294
176297974 240 976 17304
176345168 247 1091 17313
176405133 257 66 17324
176431389 251 1475 17330
176739252 256 1238 17392
176917388 256 1203 17427
177015970 244 235 17446
177026561 248 1986 17448
177193178 259 712 17480
177228479 255 1543 17488
177265032 245 1038 17496
177270549 259 839 17497
177457770 253 1984 17533
177499063 257 804 17541
177718675 257 1935 17584
177786686 240 1685 17597
177916460 243 1518 17622
177921249 245 1251 17623
177987856 249 819 17637
178200529 249 1395 17681
178242019 242 934 17690
178299726 244 1390 17701
178648225 258 6 17771
178813897 249 395 17803
179045220 250 476 17849
179402374 255 264 17921
179469072 247 1034 17934
179484098 240 708 17937
179653926 243 447 17970
179669628 240 149 17973
179694524 256 756 17978
179721740 247 1092 17983
179732457 256 233 17985
179860569 259 1562 18012
180061888 252 1825 18053
180130498 248 407 18067
180271355 240 1502 18095
180376922 250 1783 18116
180423172 247 1755 18125
180483316 255 1627 18137
180533172 249 1391 18147
180552571 254 186 18151
180569001 241 539 18154
180585012 245 590 18157
180590586 245 1209 18158
180607981 243 153 18161
180682054 245 286 18176
180701865 248 479 18180
180729595 255 1902 18186
180853798 253 1593 18211
180863457 249 1539 18214
181111644 255 1768 18263
181132719 242 196 18267
181249993 257 895 18290
181326215 247 648 18304
181331892 244 27 18305
181520510 251 606 18343
181532724 259 316 18345
181696446 259 948 18377
181749258 253 439 18387
181812889 253 1269 18399
181982501 244 52 18432
182127606 247 853 18460
182152213 257 666 18465
182289630 241 1853 18494
182466997 257 1727 18530
182488774 241 209 18534
182507587 255 940 18538
182549968 257 1241 18547
182648394 252 875 18566
182775039 247 239 18591
182791254 246 582 18594
182876238 246 439 18611
182885510 254 1666 18613
182918972 253 1603 18620
183036063 249 309 18644
183213332 245 802 18679
183258129 246 59 18688
183323547 252 104 18702
183328186 242 1941 18703
183339294 246 650 18705
183345340 255 1825 18706
183448682 251 870 18727
183622856 243 176 18762
183649003 242 249 18767
183710807 251 1359 18780
183783758 247 881 18794
183919211 259 1203 18821
183965243 249 83 18830
184086231 240 792 18855
184115159 241 1713 18860
184204447 256 1645 18878
184290544 250 612 18896
184411542 247 1166 18920
184415901 241 340 18921
184439213 248 664 18926
184555611 253 189 18950
184585348 250 333 18956
184618632 259 857 18962
184830167 246 153 19004
184892656 251 1379 19017
184929768 245 899 19024
184975081 240 366 19033
185008524 241 884 19039
185055195 241 1500 19048
185073804 258 920 19052
185279589 245 1618 19093
185284441 252 918 19094
185456208 245 1236 19129
185527412 259 1326 19143
185587376 251 1367 19155
185614444 248 1737 19161
185667471 259 291 19172
185692451 251 368 19177
185799910 259 1202 19199
185827146 256 899 19204
185954548 245 1194 19230
185986801 258 1115 19237
186017754 259 1491 19243
186174951 245 1231 19276
186183595 245 69 19278
186194727 248 938 19280
186230294 241 1423 19287
186270495 249 1996 19295
186309124 244 966 19303
186314171 242 129 19304
186329715 251 1563 19307
186499566 241 1666 19344
186516143 241 936 19347
186542099 254 890 19352
186575384 249 1818 19359
186586124 252 47 19361
186793816 242 1320 19403
186804767 256 88 19405
186916507 243 1154 19428
186937689 244 424 19432
187043245 240 1512 19452
187093670 248 326 19462
187204085 254 1985 19484
187207256 247 1961 19485
187311116 243 1458 19506
187475146 256 679 19539
187489159 248 1871 19542
187710189 247 1893 19586
187716222 240 978 19587
187966302 242 1907 19637
188102919 254 1525 19664
188139938 254 1295 19671
188189534 254 1006 19681
188245970 254 1641 19692
188404871 257 1095 19725
188413074 250 976 19727
188449849 257 821 19735
188543949 242 989 19753
188568345 244 283 19758
188589557 255 1066 19762
188648223 255 140 19774
188738693 254 827 19793
188817544 250 424 19810
188860289 257 1304 19818
189019968 245 1020 19851
189036173 241 528 19854
189077373 253 958 19862
189099928 247 1145 19867
189115614 244 990 19870
189217092 249 1825 19891
189297388 246 835 19907
189302745 256 227 19908
189364954 254 1943 19921
189440969 255 1225 19935
189680729 240 1905 19984
189726481 249 1979 19993
189732386 243 1016 19994
189737676 253 247 19995
