236559 27 1776 10
710478 38 862 34
750428 21 1472 36
945565 31 948 46
1076208 31 834 53
1095731 27 1945 54
1357929 33 1061 67
1439384 29 674 71
2045291 33 199 101
2177911 31 1176 107
2582992 25 119 128
3354196 20 1611 167
3491343 22 1226 174
3537804 28 1249 176
3673750 32 132 183
4197845 31 441 209
4326143 32 447 216
4401655 27 1217 220
4564769 21 66 229
4916023 27 773 246
5152915 32 787 258
5608642 24 436 280
5983347 28 97 299
7317552 35 1201 368
7527789 21 1861 379
7799117 38 788 392
8049788 21 1576 405
8435864 20 487 424
8534980 39 846 429
8636132 34 762 434
8695276 23 1804 437
8759154 28 1371 440
8857137 31 1649 445
8995801 28 89 452
9269395 21 867 466
10101344 32 1726 509
10441155 36 669 527
10669189 20 1261 538
10811050 26 495 546
11265874 20 1232 567
11318302 28 1134 570
11397494 34 1237 574
12614040 35 188 636
13128683 24 506 662
13579217 30 1904 684
13634891 22 1158 687
13884984 36 1283 700
14070245 33 437 709
14480015 28 221 730
15141813 21 1376 764
15401708 39 1054 777
15456462 32 273 780
15937522 33 1534 804
16525306 20 1289 833
16849007 31 168 849
17192651 37 363 866
17389799 26 440 875
17766669 24 1014 894
17987624 21 1140 905
18045122 25 266 908
18569206 23 760 934
18612333 25 154 936
18631600 36 1798 937
18732592 34 1585 942
18954933 34 1628 953
19164055 28 1070 963
19603405 31 1163 984
19658415 20 1704 987
19967497 23 488 1002
20129634 28 1816 1010
20420768 25 1064 1024
20485281 24 850 1027
20580965 31 1755 1032
20660813 35 360 1036
20777862 30 142 1042
20880944 26 606 1047
20970506 38 1390 1052
21547792 22 507 1080
21745393 26 1034 1090
21764139 21 1313 1091
21845990 36 858 1095
21890839 35 1978 1097
22117823 27 96 1108
22243311 33 1305 1114
22550835 34 994 1130
22671382 25 303 1136
23136634 35 1315 1159
23995534 39 989 1201
24034003 35 570 1203
25325906 32 1644 1266
25482578 22 1199 1274
25503091 37 145 1275
25880130 35 1946 1294
26137365 23 714 1307
26780573 30 79 1339
27403199 24 765 1369
27642819 24 1763 1381
28080093 39 1278 1403
28711566 35 192 1434
29610597 26 85 1479
29980237 28 466 1496
30039210 28 1537 1499
30250045 25 451 1509
30289203 23 1863 1511
30430201 29 637 1518
30846632 26 297 1539
32079266 39 1535 1600
32476419 28 396 1620
32657663 24 1906 1629
33020917 31 994 1647
33122336 30 883 1652
33295027 35 66 1661
33355962 26 733 1664
33480500 29 73 1670
33520721 35 1865 1672
33879154 31 166 1691
34143797 25 833 1705
34215056 34 304 1709
34519883 28 200 1724
34559478 26 1997 1726
34948109 28 580 1746
34972693 29 1187 1747
35011098 39 1676 1749
35033181 27 1794 1750
35129623 21 1540 1755
35177196 23 194 1757
35351492 20 217 1766
35392169 25 571 1768
35558461 38 678 1776
35673365 36 1986 1782
35718738 30 919 1784
35960773 35 494 1795
36441504 22 1967 1818
36826600 29 406 1837
37123922 24 1114 1851
37159920 21 249 1853
37273943 23 239 1859
37920904 35 1241 1890
38129582 32 868 1901
38540414 37 1698 1922
38639164 37 1578 1927
39322701 28 1453 1961
39435802 38 1790 1966
39633220 27 927 1976
39895871 25 972 1989
40262362 28 617 2008
40385816 21 1782 2014
40541547 31 226 2021
40693779 20 671 2028
40813112 24 1662 2035
40835226 20 1629 2036
40998807 21 594 2044
41121083 28 1081 2050
41197112 31 1913 2054
41754104 33 174 2080
41793763 25 719 2082
42192688 31 19 2102
42414180 34 987 2114
42520727 35 1669 2119
42732347 25 1770 2129
42772347 30 753 2131
43098481 35 1519 2147
43279007 30 777 2156
43323765 27 1238 2158
44104168 20 35 2196
44337024 22 1910 2207
44507538 29 960 2216
45538642 34 178 2268
46011154 27 1479 2292
46104280 27 1812 2297
46369936 28 1512 2310
46412678 25 734 2312
47583278 29 1069 2370
47627244 21 132 2372
47935508 27 857 2388
48619828 32 1158 2423
48676760 27 593 2426
48901654 31 1121 2438
48937847 22 82 2440
48979659 35 1873 2442
49086702 37 959 2448
50161160 23 1752 2502
50329183 29 1633 2511
50455958 34 1575 2517
50532032 28 1353 2521
51780423 27 1407 2583
51820048 34 336 2585
51905352 29 1009 2589
52494518 36 326 2618
52756005 30 231 2630
53044850 21 187 2644
53086813 38 908 2646
53206335 37 1823 2652
53673299 34 1411 2675
53882124 29 1180 2686
54082482 25 492 2696
54790009 28 1933 2733
54827820 24 423 2735
54898560 29 850 2738
55015464 30 1513 2744
55072133 28 1792 2747
55464451 30 528 2766
56095108 31 52 2798
56924177 31 175 2840
56998547 37 756 2844
57032717 29 739 2846
59139531 27 1524 2953
59292748 21 9 2960
59834874 26 1744 2987
59917368 23 1768 2991
60748283 26 102 3032
60825542 36 655 3036
60909281 32 22 3040
61327072 34 1499 3061
61665773 30 1707 3078
61746430 32 272 3082
62331519 21 31 3111
63001811 27 1382 3144
63755825 32 705 3181
63965881 30 317 3191
64556141 35 1719 3220
64770879 23 1531 3231
64966621 31 1275 3241
65065291 28 1389 3246
65189389 31 1641 3252
66060460 29 534 3296
66292112 29 1472 3308
66439779 23 696 3315
66711636 35 748 3328
68571468 26 401 3420
69316019 25 736 3458
69806053 36 459 3483
69842113 29 68 3485
69951654 39 655 3491
70771826 34 922 3533
70851244 22 695 3537
71310467 39 1637 3559
71394587 34 1096 3563
71537999 32 1724 3570
71581326 31 851 3572
72076253 31 1149 3597
72162834 28 1437 3601
72688287 26 1123 3628
72741920 39 129 3631
73185106 25 1206 3652
73453716 32 6 3666
73615507 24 1675 3674
73655604 35 1543 3676
74232628 36 1075 3704
74438157 37 58 3714
74773545 36 991 3731
75241177 27 840 3755
75450254 37 551 3766
75497380 21 1672 3768
75514261 38 960 3769
76167348 32 1714 3802
76440340 36 672 3816
76765521 38 1046 3832
76826357 24 1734 3835
76908822 34 1895 3839
76940586 24 1794 3841
77146086 33 1482 3850
77297148 32 153 3858
77336446 28 492 3860
77933288 35 1842 3890
78224363 32 1666 3905
78282475 24 1098 3908
78872034 20 1848 3936
79277274 28 304 3956
79498893 34 1808 3967
79723748 32 1153 3977
79962089 34 590 3989
80092302 23 551 3995
80113765 32 1379 3996
80160534 22 538 3998
80178601 24 1230 3999
80563022 38 1425 4019
80703506 23 578 4026
80791227 36 1891 4030
80910133 25 880 4036
81145858 21 40 4048
81652537 22 1591 4075
81965753 28 1927 4091
81982114 25 1155 4092
82332377 35 1 4110
82547749 27 1827 4121
82565258 22 954 4122
82704624 38 474 4129
83361414 20 1520 4161
84134887 20 328 4199
84666795 25 1666 4226
84764731 29 45 4231
85073017 39 796 4246
85237002 39 1250 4254
85370090 29 623 4261
85576287 29 1001 4271
85729423 27 1318 4278
85754423 33 1943 4279
85792635 30 597 4281
85951009 39 389 4289
86034596 37 1914 4293
86241511 34 82 4304
86391479 25 819 4311
86837258 24 1563 4333
86918630 21 1026 4337
86940341 30 196 4338
87422564 35 1917 4362
87970513 27 562 4389
88291591 29 582 4406
88311714 33 389 4407
88421731 35 1926 4412
88911087 27 309 4436
89058934 28 1609 4444
89122217 22 843 4447
89566777 20 1124 4470
89882832 32 1890 4487
89997384 24 1139 4493
90115181 28 1684 4499
90352022 21 232 4510
90553792 24 825 4520
90782892 32 1794 4532
91021665 35 646 4544
91733784 21 1791 4579
92095558 20 1981 4597
93119537 38 336 4647
93691462 34 456 4676
93819039 38 1489 4682
94077931 35 1451 4695
95173858 25 754 4749
95238580 30 1494 4752
95757824 22 334 4778
96166492 25 1725 4798
96831728 39 142 4831
97186899 35 1323 4849
97534810 28 1436 4867
97592324 31 1468 4870
97664492 31 81 4874
97748286 21 1132 4878
97902920 27 468 4886
98324638 20 721 4908
98587571 37 1353 4921
98684221 27 1072 4926
98802136 37 371 4932
98926820 20 939 4938
99003243 34 1001 4942
99447803 21 175 4964
99846892 20 1824 4984
100261897 31 840 5004
100281746 23 1621 5005
100759921 36 1967 5029
101313410 33 1972 5057
101448512 28 1833 5064
101484072 20 1208 5066
102340175 35 1552 5109
102559026 37 252 5120
102822681 37 713 5133
103188346 24 1945 5152
103669174 25 677 5176
103772894 25 1609 5181
105133535 34 1052 5247
105150560 34 743 5248
105185033 21 293 5250
105541649 25 1259 5268
105981938 23 1131 5290
106582152 24 894 5319
107335538 25 3 5358
107356720 29 1560 5359
107372814 27 101 5360
107393223 28 1863 5361
107413915 31 748 5362
107730309 27 1208 5378
108508640 37 1334 5417
108657540 33 1768 5425
108774941 21 1795 5431
109883029 21 57 5486
109997288 27 611 5492
110170844 29 176 5501
110516950 33 192 5518
110687739 25 1208 5526
111094084 23 533 5547
111436930 31 1305 5565
111533288 22 893 5570
111767005 33 1228 5581
111943876 27 35 5590
112007467 35 1554 5593
112367651 31 178 5611
112619779 34 726 5624
112666920 29 660 5626
113013430 26 174 5643
113084698 34 984 5647
113521312 22 497 5669
113691619 22 484 5678
114246131 27 197 5706
114514560 31 1109 5720
114676157 36 1706 5728
114695898 30 278 5729
114897667 25 1613 5739
115171664 31 1592 5752
115679404 29 1926 5778
115816636 22 385 5785
116031314 28 1307 5796
116054668 30 1375 5797
116605806 26 1746 5824
116691819 20 369 5828
117107188 33 1259 5849
117369521 36 1406 5862
117430438 28 785 5865
117490101 36 647 5868
117666139 39 1004 5877
118183782 25 286 5903
118227975 26 1173 5905
118282230 28 582 5908
118376898 35 509 5913
119211749 23 1456 5954
119379705 30 1425 5962
119502356 38 1515 5968
119632793 37 1464 5974
119866547 29 1501 5985
119899598 34 527 5987
120262638 39 460 6022
120284096 33 1578 6026
120332715 21 1570 6036
120391716 29 641 6047
120422630 36 1402 6054
120514985 35 1672 6073
120603363 36 489 6091
120687429 24 14 6108
120701202 31 582 6111
120830056 36 846 6137
120946473 35 1803 6160
121104305 27 622 6193
121124430 26 1995 6197
121168204 29 1810 6205
121182402 26 920 6208
121274818 39 1762 6225
121323497 20 934 6235
121447271 31 999 6261
121464247 30 1229 6264
121563294 33 458 6282
121593349 27 828 6289
121612428 31 1944 6293
121637274 26 276 6298
121896191 28 794 6352
121961017 32 1068 6366
122147485 36 1634 6403
122254478 37 868 6424
122292071 26 19 6432
122344419 26 1217 6443
122392040 28 534 6453
122417813 36 739 6459
122588197 32 912 6492
122629938 20 1412 6500
122680720 32 806 6510
122705484 38 171 6515
122739851 28 785 6522
122836278 24 1584 6543
122904173 39 1656 6556
122936102 34 1280 6562
123072662 38 891 6589
123135137 23 1183 6602
123348849 20 1042 6644
123388605 35 702 6652
123401785 33 535 6655
123483436 31 1257 6672
123505232 30 615 6676
123530073 30 1849 6681
123631778 30 1350 6701
123732787 35 77 6721
123823747 24 1908 6740
123833058 36 122 6742
123844271 27 1481 6744
123942314 37 1317 6762
124024354 35 147 6779
124046764 39 104 6783
124112429 29 263 6796
124247406 36 819 6824
124252068 25 1017 6825
124438403 37 1373 6861
124484782 20 1247 6870
124596717 39 420 6894
124607057 26 1923 6896
124714856 27 257 6919
124834309 35 833 6943
124928969 26 436 6962
124986107 33 920 6973
125022784 26 936 6981
125125131 22 1669 7002
125159815 20 869 7009
125243463 23 132 7026
125288000 29 51 7035
125388549 33 1138 7056
125605632 29 339 7100
125647404 33 1234 7108
125883001 28 999 7156
125932444 30 883 7166
126024523 33 29 7184
126059731 22 1392 7191
126074814 25 1230 7194
126141018 37 1424 7207
126186417 24 777 7216
126194398 34 1650 7218
126227539 28 1506 7224
126233071 38 1640 7225
126256663 28 480 7230
126439293 38 889 7265
126598406 25 1949 7297
126688818 26 1277 7315
126771404 36 1849 7333
126796032 33 1249 7338
126893495 36 1357 7357
126954601 21 80 7369
127093605 39 1745 7396
127105634 30 672 7398
127177481 30 102 7414
127197015 35 485 7418
127220264 38 915 7423
127231460 39 1529 7425
127243366 29 977 7427
127249082 35 80 7428
127315397 35 123 7441
127321897 24 761 7442
127407995 35 1435 7460
127413651 21 1349 7461
127549770 22 471 7489
127562748 38 676 7492
127747278 24 1835 7528
127765053 34 345 7532
127982278 34 1518 7578
128113576 35 840 7606
128216965 33 388 7627
128263446 35 216 7636
128337261 25 924 7650
128579645 24 1208 7701
128585085 33 345 7702
128596085 24 1778 7704
128626328 39 207 7710
128757267 29 996 7736
128842897 22 82 7753
128868054 33 527 7758
129009851 27 164 7788
129031164 31 1641 7793
129101362 38 1850 7807
129107862 26 1770 7808
129120370 39 1639 7811
129139006 23 151 7815
129278128 30 198 7843
129334731 37 1658 7855
129450131 20 1799 7877
129465203 29 1649 7880
129517709 20 362 7891
129565012 28 1169 7900
129636117 22 1379 7914
129676548 33 327 7923
129690450 35 1400 7926
129842807 34 1190 7956
129871773 32 8 7963
130011097 38 260 7992
130151764 34 242 8021
130258612 22 1703 8042
130508642 36 1923 8091
130551146 34 416 8099
130611544 36 1515 8111
130908498 34 1373 8170
130984635 36 819 8185
131035533 34 1560 8196
131081236 34 1011 8206
131121519 22 255 8214
131212307 39 690 8232
131227546 29 550 8235
131412292 37 248 8272
131433520 34 1593 8276
131461592 32 598 8282
131542268 25 1685 8298
131634763 20 1135 8317
131647968 37 655 8320
131670907 30 1238 8325
131717159 22 1226 8334
131817490 39 978 8355
131904015 34 23 8373
131919960 22 453 8376
131971926 34 1432 8386
132025494 27 1043 8397
132200254 25 65 8431
132244878 32 1376 8440
132338566 25 142 8458
132399733 25 1027 8471
132458459 39 856 8484
132591234 39 182 8511
132705948 33 511 8536
132723214 31 1 8539
132748369 38 542 8544
132817345 28 1045 8557
132825690 35 319 8559
132869161 22 985 8567
132906130 20 83 8574
132931913 38 1912 8580
132968221 31 1539 8587
132987664 32 1703 8591
133029045 26 1100 8599
133180775 21 1900 8629
133282533 35 1518 8648
133286967 30 114 8649
133602051 28 1029 8713
133622981 22 193 8717
133626451 33 1009 8718
133769777 22 1882 8746
133825018 33 316 8757
133851050 38 1941 8762
134002680 34 1940 8793
134095403 23 131 8812
134115361 39 1493 8816
134157039 39 652 8825
134166023 39 124 8827
134192745 30 1754 8832
134225746 32 336 8839
134252177 32 47 8844
134267432 32 802 8847
134287105 33 237 8851
134338180 23 1232 8861
134361322 30 1905 8866
134474036 23 440 8889
134539064 21 59 8902
134562037 20 489 8906
134602168 31 898 8913
134630201 38 1229 8919
134734197 20 772 8940
134739398 29 548 8941
134911903 35 625 8974
135038045 22 418 9000
135069776 25 1399 9007
135104648 29 463 9013
135164441 39 557 9024
135398960 29 153 9070
135419613 31 8 9074
135580607 37 160 9107
135584489 33 1375 9108
135658179 28 1746 9122
135739584 33 1145 9139
135761034 31 1555 9144
135804379 22 1629 9153
135832284 33 1735 9158
136131992 22 1363 9217
136187297 33 1812 9228
136208593 36 880 9232
136260431 30 1235 9243
136270674 33 140 9245
136284900 36 1735 9248
136308499 37 250 9253
136316467 32 904 9255
136609652 24 697 9312
136656852 22 1840 9323
136848621 36 1768 9363
136971531 38 175 9388
136994776 36 56 9393
137049056 26 903 9404
137071133 23 326 9408
137104298 35 376 9414
137136737 35 849 9421
137330280 33 567 9461
137397260 35 352 9474
137441792 21 1456 9483
137478448 27 1334 9490
137490061 25 420 9492
137567452 34 879 9507
137769062 26 585 9548
137776504 34 941 9550
137942222 23 57 9583
138015625 30 881 9598
138142360 23 317 9622
138233785 39 177 9640
138285261 31 1735 9650
138318250 20 70 9656
138477260 35 1024 9688
138518087 27 71 9696
138538189 21 1182 9701
138602113 33 310 9713
138621401 37 475 9717
138625262 39 307 9718
138804830 39 1168 9753
138887013 21 174 9770
138913983 31 1517 9775
138939673 28 1964 9780
138944784 23 597 9781
139089419 26 1902 9810
139279306 26 1805 9849
139342323 21 128 9861
139442580 22 856 9881
139660625 23 91 9926
139681338 34 1550 9930
139796485 30 133 9954
139816537 30 1091 9958
139857883 22 1192 9966
139923563 37 352 9980
140149071 39 792 10026
140158047 31 980 10028
140233215 28 1629 10043
140398130 36 653 10077
140583486 20 1215 10115
140613725 33 659 10121
140634576 29 1060 10125
140640022 38 937 10126
140681579 33 1485 10134
140764343 33 358 10150
140812198 23 237 10160
140854643 36 1908 10168
140865095 28 1182 10170
140892687 28 1017 10176
141000998 32 120 10198
141062331 28 1045 10210
141214069 28 899 10241
141400004 20 1560 10278
141530033 29 1103 10304
141545146 27 1134 10307
141725437 31 470 10344
141760282 31 863 10350
141831498 30 54 10364
141892418 38 1692 10376
141932129 35 165 10385
142000378 36 160 10399
142095550 38 779 10418
142127953 31 1172 10424
142288101 36 1443 10455
142643453 33 653 10527
142647516 30 167 10528
142740406 30 1456 10547
142790374 22 358 10557
142808344 39 1910 10561
142890002 34 1527 10578
142975216 36 290 10595
143033213 31 576 10606
143314845 39 1497 10662
143335378 29 1695 10666
143440172 37 638 10688
143521216 37 629 10705
143575576 22 20 10715
143593294 36 803 10718
143661825 28 85 10732
143739487 39 1913 10747
143871037 25 1609 10775
143997299 29 757 10799
144024144 28 1426 10805
144084558 21 332 10817
144120644 29 1089 10824
144135427 34 338 10827
144267539 30 44 10854
144272023 29 171 10855
144348148 30 1032 10870
144351713 22 160 10871
144364598 37 334 10874
144734296 25 1702 10947
144823340 28 231 10965
145023353 34 161 11005
145101390 22 53 11022
145118825 27 828 11026
145233344 31 1074 11049
145380283 21 157 11078
145475500 27 1944 11096
145478597 30 1180 11097
145491449 22 1706 11100
145542827 20 298 11110
145697771 21 11 11143
145724326 31 1324 11149
146133996 24 1302 11232
146196730 39 513 11244
146206419 31 377 11246
146392810 39 1942 11285
146438976 39 1140 11294
146460215 27 1390 11298
146551492 22 1662 11316
146581041 22 1505 11322
146603624 20 826 11327
146682227 27 1598 11342
146747186 32 257 11354
146822641 26 1200 11370
147101741 27 897 11427
147117263 32 679 11430
147150589 38 1036 11437
147180859 21 1072 11444
147212740 33 929 11450
147216829 20 171 11451
147304986 28 274 11468
147324632 30 1567 11472
147356879 38 822 11479
147361959 36 409 11480
147390737 38 1088 11486
147491884 27 1889 11506
147549508 35 1060 11517
147579102 30 301 11524
147603148 32 1571 11528
147607552 30 454 11529
147628049 37 1118 11533
147718727 25 408 11550
147834173 33 192 11574
147844159 35 715 11576
148072266 21 1144 11624
148100994 38 1181 11630
148177334 39 1987 11646
148252638 29 1605 11661
148267448 21 1078 11664
148290052 21 661 11669
148364592 28 38 11684
148499943 33 476 11711
148571613 23 1097 11726
148673202 23 1725 11746
148739206 30 1823 11759
148780398 31 41 11767
148848334 25 1497 11781
148913200 34 854 11796
148983346 33 1202 11810
148987740 22 1334 11811
149061824 21 451 11825
149095026 35 1984 11832
149121419 22 144 11837
149233769 23 1238 11861
149240269 38 322 11862
149294979 25 107 11872
149333967 36 900 11880
149344144 38 225 11882
149403532 37 811 11895
149431419 20 1261 11901
149443059 26 993 11903
149753581 23 1309 11965
149775868 32 1347 11970
149872448 31 983 11989
149954431 30 1588 12006
150058013 33 1670 12027
150067653 30 444 12029
150081404 21 1732 12032
150107353 20 518 12038
150317364 23 1078 12080
150520028 22 1934 12122
150607216 24 1316 12139
150620039 34 828 12142
150646837 24 825 12147
150653337 39 248 12148
150694137 38 609 12157
150708366 34 313 12160
150755899 39 1706 12170
150908324 29 493 12200
150938651 28 830 12206
150943413 33 1488 12207
150977988 34 1182 12214
151059614 34 861 12230
151132089 32 684 12244
151146998 34 754 12247
151233628 38 345 12266
151245124 28 1806 12268
151275635 21 1853 12274
151338173 25 1399 12286
151379105 37 684 12294
151433762 29 1196 12305
151445186 30 1010 12307
151470255 29 1106 12312
151476755 39 1141 12313
151531686 37 135 12324
151600099 26 1528 12337
151620173 32 248 12341
151995103 23 914 12416
152001603 31 1208 12417
152056750 35 29 12428
152092935 38 210 12435
152152585 38 1377 12447
152389062 23 309 12495
152397393 31 1634 12497
152547544 32 1790 12528
152631159 35 173 12544
152679646 22 1331 12554
152714856 34 1898 12562
152794020 33 1949 12577
152810968 38 1492 12580
152829707 35 298 12584
152958805 29 308 12611
153161938 20 1741 12653
153197278 37 1166 12660
153226197 34 1657 12666
153258058 20 1851 12672
153370102 22 681 12695
153392966 33 1153 12699
153433452 31 750 12708
153490300 26 31 12719
153494507 31 501 12720
153527201 26 239 12727
153568620 23 922 12735
153609548 36 196 12744
153648609 27 1757 12752
153689044 30 461 12761
153742948 36 1369 12771
153844927 26 376 12790
153900690 35 1074 12802
153973246 24 1504 12818
154011244 36 408 12825
154069390 23 520 12837
154239465 23 250 12872
154459490 27 202 12921
154490781 39 701 12928
154557530 33 1083 12941
154682012 33 896 12966
154693094 26 242 12968
154802856 28 944 12991
154897610 38 304 13010
154914247 22 783 13013
154934496 23 1176 13017
154952568 26 1767 13021
155034524 28 1723 13038
155072491 26 1993 13045
155112857 32 292 13053
155181459 22 394 13067
155190772 37 1266 13069
155544763 20 777 13139
155549577 25 804 13140
155686909 33 702 13169
155808143 26 1737 13194
155826190 29 255 13198
155873556 26 1890 13208
155884071 25 1949 13210
155911082 30 981 13215
156025520 29 1411 13236
156197354 28 352 13270
156322721 31 888 13294
156422032 35 863 13313
156450391 37 1369 13319
156508882 27 1411 13331
156534312 20 1475 13336
156574965 30 251 13344
156640920 24 1202 13358
156659785 28 1928 13362
157042957 34 793 13442
157301619 32 916 13494
157371048 25 1905 13508
157387987 24 431 13512
157427060 38 635 13519
157503037 21 1876 13535
157514181 35 581 13538
157665703 38 400 13569
157700610 25 546 13576
157716589 23 837 13579
157720402 21 1283 13580
157724721 30 365 13581
157820722 32 592 13600
157933518 23 184 13622
158007005 30 1068 13636
158030612 20 785 13640
158346891 22 785 13703
158378232 23 445 13709
158421319 28 353 13717
158455439 23 1960 13724
158499981 34 795 13734
158503705 35 536 13735
158525738 36 641 13740
158529196 28 124 13741
158625859 36 241 13761
158650287 29 1234 13766
158701689 22 39 13775
159118250 24 16 13860
159205044 37 1112 13877
159217559 26 1805 13880
159239577 21 334 13885
159264224 26 1023 13890
159293324 29 1749 13895
159299995 25 13 13897
159311057 20 839 13899
159315681 28 1613 13900
159361539 26 1403 13909
159398328 30 558 13916
159432718 26 307 13923
159476205 28 1877 13931
159557015 36 1545 13947
159636626 39 1231 13963
159695299 34 901 13975
159731228 33 1755 13982
159882602 32 20 14014
159896970 34 747 14017
159925313 35 459 14023
160037859 31 189 14047
160096596 25 1250 14058
160137915 30 851 14067
160268610 35 496 14093
160299735 33 1487 14100
160514034 32 1982 14143
160618649 30 1668 14164
160715413 26 1119 14184
160738112 27 337 14188
160755349 20 601 14192
160767779 25 1910 14194
161201608 22 1486 14284
161377910 22 872 14318
161423651 31 373 14327
161576040 22 1248 14358
161587006 24 1595 14360
161642562 24 1833 14372
161814696 32 597 14407
161881272 29 749 14420
161913319 27 794 14427
161921845 33 238 14429
162076960 29 126 14459
162154819 29 1962 14474
162344415 29 314 14510
162372091 25 482 14515
162381890 38 245 14517
162407473 22 1820 14523
162451359 34 904 14532
162500603 39 871 14541
162545125 28 1370 14551
162564860 39 1905 14555
162570014 33 1509 14556
162596324 27 155 14562
162702048 20 524 14583
162772221 38 30 14597
162799538 32 737 14603
162878335 35 1763 14618
163157218 36 978 14672
163175733 24 454 14676
163232053 24 938 14686
163296459 39 1139 14698
163342554 27 595 14707
163707089 30 191 14779
163749352 20 1400 14788
163904445 28 1370 14820
164198538 25 197 14880
164236841 23 1207 14887
164539788 26 378 14951
164611453 28 1670 14965
164665104 27 1265 14976
164685851 39 330 14980
164808815 34 1049 15005
164838552 22 348 15011
165205364 26 732 15087
165217376 21 1511 15089
165223876 35 785 15090
165251744 22 797 15095
165418658 24 1156 15127
165445595 37 385 15132
165715262 22 1542 15185
165781238 38 196 15198
165815267 24 1185 15205
165930861 20 1431 15229
166094541 25 1902 15259
166175304 30 1549 15276
166217028 21 1985 15285
166270710 34 605 15296
166415070 32 1741 15324
166681906 34 1543 15377
166784822 26 599 15397
166846290 22 1506 15409
166976833 32 168 15434
167093884 29 275 15457
167184673 39 223 15476
167233048 23 1872 15486
167319431 31 73 15504
167397787 26 1313 15520
167497483 34 854 15542
167501247 20 1332 15543
167634989 28 296 15570
167651373 34 1554 15573
167927954 30 1267 15627
167971224 33 1414 15635
167978994 29 1011 15637
168125590 24 807 15664
168162184 23 1392 15671
168187536 20 1489 15676
168265698 39 1654 15691
168388873 25 556 15714
168393506 32 1893 15715
168403627 25 935 15717
168411809 31 1953 15719
168569753 27 80 15751
168598652 34 701 15757
168623639 24 103 15762
168641754 29 1929 15765
168740798 22 1260 15785
168778967 25 1300 15792
168783654 36 293 15793
168825318 28 1873 15801
168858563 27 1538 15808
168913271 32 1648 15819
169110173 39 1511 15858
169268380 24 1235 15891
169369027 26 148 15912
169387590 27 294 15916
169448031 34 1659 15928
169601803 30 968 15959
169753180 31 1749 15991
169787841 27 291 15998
169980125 32 1108 16037
169994255 26 1520 16040
170055511 20 407 16052
170136096 20 1958 16068
170141379 27 741 16069
170186557 35 740 16078
170256522 35 1916 16092
170426622 27 1105 16125
170478071 22 439 16136
170487076 31 1254 16138
170506838 24 1644 16142
170600644 39 180 16161
170649172 38 217 16170
170826379 32 504 16206
170852142 25 588 16211
170867173 32 152 16214
170895849 21 458 16220
171040540 35 1935 16248
171058717 23 1184 16252
171063192 21 129 16253
171115126 31 1660 16265
171157193 26 449 16273
171160806 21 1543 16274
171464570 37 1380 16335
171592723 37 1154 16362
171641270 34 654 16371
171666765 30 1904 16376
171727897 21 938 16388
171906437 23 1695 16424
172007600 23 197 16445
172053223 20 1569 16454
172176165 37 1829 16478
172197348 34 660 16482
172240640 21 652 16491
172378911 34 837 16520
172381986 20 419 16521
172496502 23 1547 16544
172530834 27 1146 16551
172647444 24 164 16575
172850205 37 862 16618
172871146 29 274 16622
173014459 24 1410 16651
173124299 36 1609 16672
173134044 22 646 16674
173238812 37 278 16695
173243739 37 1314 16696
173313539 29 1197 16710
173362800 25 560 16719
173532029 29 289 16752
173701450 24 997 16785
173730675 27 1776 16791
173902883 24 1205 16825
173972159 30 935 16839
173988276 29 1146 16842
174252928 39 1597 16894
174299514 20 947 16903
174486157 36 678 16939
174508981 21 812 16943
174557455 38 1762 16953
174697486 27 1082 16981
174717501 30 704 16985
174746276 39 662 16991
174767785 20 35 16995
174780237 34 430 16998
174803396 39 1153 17003
174852938 38 1273 17012
174894636 25 671 17021
174920312 37 1364 17026
174982688 34 1598 17039
175046358 25 92 17052
175099043 24 80 17063
175219239 26 522 17088
175307238 34 669 17104
175385250 25 1531 17119
175403988 29 474 17123
175427749 22 1719 17128
175518144 36 509 17147
175556791 31 149 17155
175687566 39 448 17182
175707636 24 1479 17186
175816906 33 299 17207
175879912 27 1573 17220
175890230 22 86 17222
175892751 34 497 17223
176010020 24 1530 17247
176036174 34 1435 17252
176086499 20 1018 17263
176223788 24 1932 17290
176499489 22 653 17344
176582630 38 1196 17361
176693949 28 1682 17383
176790489 37 1321 17402
176932172 27 1455 17430
176942820 22 1034 17432
177038137 29 1579 17450
177233350 23 1126 17489
177408740 36 1667 17524
177463632 28 1017 17534
177504403 33 1090 17542
177584786 24 1469 17558
177607507 20 1922 17562
177713598 20 590 17583
177769255 24 1844 17593
177805737 29 1954 17601
177841422 36 1734 17608
177863120 25 744 17612
177877810 21 526 17615
177888309 34 1679 17617
177899548 39 1650 17619
177927210 21 226 17624
177953930 36 1266 17630
177964852 31 1379 17632
177972575 36 1424 17634
177996916 23 698 17639
178045915 27 890 17649
178055010 36 485 17651
178093364 24 1736 17659
178139056 32 1804 17669
178185279 39 660 17678
178258431 24 901 17693
178424893 21 386 17728
178491617 34 1537 17742
178559845 28 633 17755
178564597 28 59 17756
178610691 23 1420 17764
178627519 27 1802 17767
178633916 24 1694 17768
178643731 32 453 17770
178725660 36 376 17786
178741918 28 971 17789
178847611 22 1175 17810
178912528 26 813 17823
178932264 21 1295 17827
178968992 33 970 17834
179002465 36 205 17841
179061194 24 133 17852
179065808 31 309 17853
179118058 29 1588 17863
179149812 21 674 17869
179271981 36 1198 17895
179354673 24 209 17912
179424033 39 522 17925
179434777 31 1082 17927
179465244 33 1068 17933
179478476 21 1119 17936
179559816 23 1315 17951
179621792 37 1177 17963
179851838 34 927 18010
179917843 36 1206 18025
179940636 38 1581 18030
180080356 27 760 18057
180094839 27 909 18060
180109446 29 947 18063
180218411 36 1868 18085
180230376 27 1729 18087
180246234 23 164 18090
180300994 36 1345 18101
180322131 26 550 18106
180326815 22 1795 18107
180365827 38 1853 18114
180392919 29 1206 18119
180596275 28 652 18159
180602775 22 405 18160
180655343 27 755 18171
180710526 32 24 18182
180739609 21 1049 18188
180771990 23 1196 18194
180840862 22 434 18208
180933427 21 1100 18228
181014802 33 826 18244
181075664 38 956 18256
181206230 32 419 18281
181246019 26 107 18289
181305499 20 1109 18300
181359047 33 1853 18311
181414734 22 959 18322
181419450 37 1297 18323
181435483 35 1154 18326
181466173 29 1333 18332
181651609 20 42 18368
181655834 25 975 18369
181734382 29 278 18384
181864645 33 878 18409
182035528 32 1755 18442
182046405 25 604 18444
182056792 27 135 18446
182197225 38 197 18474
182393673 31 1643 18515
182413309 39 751 18519
182437304 26 554 18524
182516096 38 1966 18540
182588042 28 1215 18555
182625237 32 324 18562
182707005 33 787 18577
182765119 33 1262 18589
182870869 32 1707 18610
182905335 27 201 18617
182983206 23 1272 18633
183078879 24 990 18653
183180045 21 1094 18673
183197428 23 1264 18676
183236896 31 1280 18684
183262554 31 516 18689
183292623 20 932 18695
183350387 20 1986 18707
183429111 25 1192 18723
183437769 37 1395 18725
183443397 29 1187 18726
183597257 21 1424 18757
183653933 25 254 18768
183658890 22 404 18769
183706788 30 1590 18779
183935284 29 1315 18824
183951085 25 1911 18827
183976349 25 489 18832
184158111 25 880 18869
184386446 37 1633 18915
184391974 22 701 18916
184472926 31 1412 18933
184729881 29 266 18984
184735792 30 1945 18985
184803013 24 1262 18999
184850132 21 1322 19008
184853638 37 1796 19009
184970800 23 1752 19032
185028757 20 1772 19043
185118005 39 350 19060
185164379 36 1962 19069
185200474 24 1140 19077
185253017 31 1518 19088
185337265 38 146 19105
185435684 28 1028 19125
185499354 27 105 19137
185512507 38 1042 19140
185521945 27 1432 19142
185554715 29 829 19148
185760677 38 389 19191
185793706 28 548 19197
186071305 33 847 19254
186136791 23 990 19268
186165987 31 1623 19274
186204140 21 1480 19282
186234123 24 225 19288
186260683 28 445 19293
186403982 22 1100 19325
186464486 27 1761 19337
186531895 24 960 19350
186547561 26 1880 19353
186601359 31 679 19364
186683057 24 961 19380
186714960 39 18 19387
186813619 20 1005 19407
186826734 38 355 19410
186893275 22 1821 19423
186954673 23 493 19435
186975553 20 1879 19439
187068864 20 151 19457
187144800 22 1264 19473
187237433 34 1946 19491
187262249 29 1555 19496
187293609 31 222 19503
187321968 32 1059 19508
187411860 25 1144 19526
187449634 24 677 19534
187484445 30 1454 19541
187570834 21 824 19558
187887201 26 1894 19621
187935347 21 1916 19631
187993366 36 1201 19643
188004567 36 1516 19645
188173361 30 428 19678
188230332 35 1262 19689
188241107 37 517 19691
188312703 26 360 19706
188338097 28 1094 19711
188348505 25 952 19713
188371467 39 401 19717
188460125 28 249 19737
188560270 29 1767 19756
188634985 23 1720 19771
188905015 36 1964 19827
188937543 21 1864 19833
188983923 37 1793 19843
188998705 32 447 19846
189007671 36 1228 19848
189081464 22 394 19863
189252138 39 505 19898
189317418 25 998 19911
189336211 28 1615 19915
189414649 32 1269 19930
189457210 38 1661 19939
189489985 21 213 19946
189516966 26 200 19951
189578648 39 153 19963
189584132 20 1136 19964
189603278 26 820 19968
189657220 39 1359 19979
