37796 247 13 1
220939 258 1348 10
569722 248 443 27
1432200 242 1706 69
2263411 256 267 111
2475149 255 1996 122
2491275 251 1124 123
2862173 255 1836 142
3803731 243 21 190
4117521 256 1090 205
4343663 259 1569 216
5004632 247 676 249
5266832 248 1530 263
5698864 244 192 285
5772287 240 1901 289
5831822 248 195 292
5929132 240 589 297
6026952 252 214 302
6134576 244 1438 307
6440038 240 481 323
6615827 248 1109 332
6650942 248 454 334
7103408 254 606 358
7739991 250 220 392
8253518 245 1969 418
8411119 255 1327 426
8472901 246 823 429
9292681 257 731 473
9775230 254 262 497
9799765 258 1079 498
10400233 256 460 528
10421085 257 494 529
10502984 248 1152 533
10574063 247 417 536
10657518 245 212 540
10721893 259 1099 543
11496056 245 390 582
11536587 258 1790 584
11655103 254 1209 590
11835227 241 1802 599
12330137 246 1586 624
12391652 249 1699 627
14011488 252 637 708
14070551 256 270 711
14129838 248 1989 714
14518169 253 343 734
14632189 247 1824 740
14819616 250 644 750
15103514 251 92 764
15226962 240 812 770
15300055 245 1485 774
15729221 256 1456 795
15769085 255 1505 797
15927205 246 1966 805
16079498 242 406 813
16098079 256 1933 814
16316088 245 301 825
16335547 240 1724 826
16356920 254 1390 827
16895197 251 859 855
17851320 250 1846 902
17983690 245 1000 909
18112057 244 1603 916
18505652 258 646 936
18607645 243 1426 941
19261037 242 1204 974
19351987 251 1142 979
19732673 257 324 999
20271118 243 891 1026
20791419 253 94 1052
20986680 251 1171 1061
21127283 259 750 1067
21470852 243 704 1085
21758605 242 110 1100
22079466 245 74 1116
22300588 240 28 1127
22360302 242 1766 1130
22809348 246 1897 1152
23018240 257 79 1162
23074379 252 1008 1165
23235349 241 212 1173
23256732 253 1308 1174
23343896 247 611 1178
23391477 244 283 1180
23736968 242 15 1198
23871122 259 1660 1205
24152587 251 1557 1219
24631230 246 431 1243
24797288 242 748 1252
24947988 246 144 1259
25608255 256 1805 1294
26123284 247 1125 1318
26501214 252 1767 1337
27765967 244 493 1401
28212099 245 1997 1423
28532495 255 270 1440
29124539 258 1615 1470
29160298 259 1273 1472
29204980 246 372 1474
30020447 241 1967 1514
30356927 258 216 1530
30400948 242 1374 1532
30539914 248 789 1539
30582043 258 1745 1541
30735241 244 991 1548
31046102 248 511 1564
31172530 254 1674 1570
31238635 254 161 1573
31815098 242 694 1602
31916863 244 563 1607
32228341 248 1528 1623
32759197 247 634 1650
32977889 243 1370 1660
33163273 256 907 1670
33482948 249 668 1686
33900446 242 705 1707
33994596 243 946 1712
34210903 253 1896 1723
34422294 247 20 1733
35653673 255 1572 1795
36331181 249 439 1828
36693650 247 1560 1846
36986217 258 354 1860
37071119 247 655 1865
37276676 256 1491 1875
37408357 251 74 1881
37638876 248 1152 1893
37758890 250 1686 1899
37838066 257 24 1903
38267930 243 763 1925
38459749 254 902 1934
38585009 259 211 1940
38783086 248 976 1950
38888258 247 1100 1955
39250045 254 1048 1973
39312452 241 856 1976
39426258 253 1358 1982
39865824 240 980 2005
40021540 250 973 2013
40524025 240 1807 2038
40770385 255 1198 2050
41042475 245 1126 2063
41313051 246 147 2076
41640417 249 609 2092
41854724 248 694 2103
42177703 248 559 2119
42471456 257 1625 2134
43750704 243 226 2199
43846556 256 1136 2204
43865982 248 1025 2205
44517159 242 1205 2237
44866363 248 1281 2254
44920254 258 1350 2257
44962485 254 520 2259
45146034 259 797 2268
45229443 259 1477 2272
46000149 257 249 2311
46368930 254 1465 2329
46465604 242 1162 2334
46548920 257 631 2338
46669039 244 1285 2344
46725760 241 16 2347
47946931 251 1225 2407
48429646 255 1284 2431
48563661 241 1596 2438
48606742 240 493 2440
48758842 256 1685 2448
49239317 259 1828 2472
49330462 242 1255 2477
49412132 254 1225 2481
49695798 257 1685 2495
49713161 256 1437 2496
50219308 258 704 2521
50766472 253 667 2548
50868243 246 249 2553
51275465 244 1464 2573
51519278 257 1805 2586
51749342 252 1017 2597
51886733 241 619 2604
52044438 241 1272 2612
52094438 244 496 2614
52597638 245 1996 2640
52967163 245 940 2657
53161529 255 624 2667
53550705 255 440 2687
53670094 254 1939 2693
53940280 250 1325 2706
54546485 257 236 2737
54592268 243 872 2739
54996434 250 238 2759
55201951 251 264 2769
55734980 257 1037 2796
55930503 254 1379 2806
55991602 248 1150 2809
56152558 258 268 2817
56334425 258 115 2826
57271974 243 961 2873
57566773 250 921 2887
58075073 259 1781 2913
58111943 248 1585 2915
58576506 249 1646 2938
58802786 243 789 2949
58928460 240 844 2955
59344930 242 292 2975
59558716 242 1785 2985
59940899 247 1347 3004
60595298 245 635 3036
60764997 247 98 3044
61250258 252 733 3069
61615977 246 458 3087
62006003 241 1270 3106
62267088 248 1034 3119
62385487 243 231 3125
62529551 242 1836 3132
62588192 257 99 3135
62611971 242 1430 3136
62648850 251 979 3138
62708104 242 1132 3141
63274027 252 1628 3169
63349638 250 1345 3173
63416308 258 1627 3176
63709274 258 1862 3190
63749184 251 395 3192
63966107 253 231 3203
64121151 249 1719 3211
64216983 252 620 3216
64602083 246 1844 3235
64664779 248 1099 3238
65215531 259 1707 3264
65260763 248 807 3266
65547297 257 162 3280
65790701 257 1782 3291
67133055 256 1055 3357
67175825 247 1514 3359
67341116 242 206 3367
67429287 255 113 3371
67447799 246 1680 3372
67472799 258 96 3373
67567502 245 1127 3377
67677004 249 277 3383
67985512 251 489 3398
68385751 243 534 3418
68786838 249 1624 3438
69429518 259 1150 3472
69550210 242 1350 3478
69792879 244 358 3490
69909171 243 51 3496
69929843 250 314 3497
71049362 244 1977 3552
71374589 247 1817 3568
71411245 254 323 3570
71919394 259 6 3596
72292473 243 1523 3614
73018646 243 168 3650
73079275 257 728 3653
73325417 245 739 3665
73511397 242 1574 3675
73799423 252 450 3689
73926911 254 1432 3695
75239611 241 567 3763
75413561 252 877 3772
75474261 249 1000 3775
75601096 240 1569 3781
75832180 247 1050 3793
75948803 250 1144 3799
76340817 259 64 3818
76748275 258 683 3839
76909404 252 1372 3847
77210918 257 1859 3863
77582342 250 941 3881
77607342 246 939 3882
77742735 249 1358 3890
77812162 243 1161 3893
77977272 251 1356 3901
78311249 244 867 3918
78609754 252 1712 3933
78922895 246 1930 3949
80069335 251 203 4004
80275178 240 1179 4014
80376548 252 1575 4019
81247067 255 1165 4063
81513437 254 107 4076
81549658 246 1940 4078
81744173 248 134 4088
81865949 248 1850 4094
81949952 258 1134 4098
82171343 245 270 4109
82366717 249 814 4119
83259534 243 1601 4163
83504640 251 776 4175
84486426 242 1692 4223
84742444 247 772 4236
85080467 244 735 4252
85468283 255 1394 4271
85555298 242 729 4275
85838894 259 127 4289
85971012 250 968 4295
86499560 245 1340 4321
86753632 249 1769 4333
87180034 256 1068 4353
87257348 241 1661 4357
87391275 253 1916 4364
87469978 243 350 4368
88229905 258 152 4406
88722142 248 551 4429
88765243 242 584 4431
88784716 244 49 4432
88942104 255 1189 4440
89324690 256 781 4458
89349283 258 1581 4459
89370370 243 1653 4460
89485185 241 328 4466
89566147 241 655 4470
89851466 257 1984 4485
89932223 244 1754 4489
89988545 254 652 4492
90609759 257 1003 4523
90955925 258 1853 4540
91090552 243 817 4547
91575972 255 1345 4571
92031011 247 1773 4593
92246188 253 1036 4603
92497492 245 688 4616
92682690 254 373 4626
92744230 256 636 4629
92835947 253 539 4634
93176732 253 277 4651
93252500 255 1889 4655
93656720 259 1795 4675
93720046 246 1729 4678
93951601 252 319 4690
94065357 241 1444 4696
94402556 248 1603 4712
94513909 251 1211 4718
94588932 258 1864 4722
94626167 244 137 4724
94865653 254 204 4736
95271970 254 1444 4757
95410842 252 211 4764
95429529 249 1024 4765
96124994 253 1242 4800
96426950 249 1387 4815
96519297 242 923 4820
96834384 255 1375 4836
96977958 250 582 4843
97056141 251 1023 4847
97089253 240 1080 4849
97491547 245 1908 4869
97543554 254 1410 4872
97563348 251 1811 4873
97606613 258 449 4875
97651241 243 1483 4877
98502116 242 743 4919
98772789 246 327 4933
99765433 253 1429 4982
99787331 259 1543 4983
99984144 254 666 4993
100217229 259 696 5005
100348533 253 1609 5011
100413353 255 407 5014
101204141 258 502 5053
101555479 250 955 5070
101862129 246 218 5085
101886889 240 404 5086
102175596 257 1579 5100
102218962 248 1578 5102
102335714 255 1336 5108
102500085 247 842 5116
102626332 246 296 5122
102998839 245 1140 5141
103998223 259 1668 5191
104446787 247 981 5213
104570039 250 100 5219
104640991 241 1385 5222
105120019 255 1895 5245
105355645 244 838 5257
105555677 247 1629 5267
105660613 244 880 5272
106068026 248 1195 5292
106466686 259 1720 5312
107509905 255 443 5364
107529039 240 1311 5365
107629356 241 861 5370
107927340 246 548 5385
108286203 254 1724 5402
108879305 247 615 5432
108903146 257 366 5433
109434702 242 1528 5459
109591038 251 1325 5467
109991531 253 1678 5487
110071163 241 587 5491
110889193 249 617 5533
111434520 245 735 5561
111576154 244 772 5568
112149701 249 1620 5596
112424145 243 849 5609
112721920 256 963 5624
112740216 242 672 5625
112761636 249 59 5626
112800237 250 1816 5628
113574844 252 633 5667
114385162 248 393 5706
114486661 241 555 5711
115136238 257 628 5743
115220718 241 1794 5747
115557826 254 1927 5764
115640576 257 758 5768
115678718 248 631 5770
115862933 256 299 5779
115969982 258 378 5784
116053285 245 1822 5788
116354632 259 364 5803
117039504 240 246 5837
117210793 255 262 5846
117253438 250 928 5848
117396431 251 1690 5855
117491315 254 1258 5860
117820092 257 1351 5877
117958091 256 811 5884
118036926 241 1492 5888
118514362 253 1415 5912
118533660 259 1113 5913
119453041 259 1453 5958
119575151 252 1523 5964
119648700 244 192 5968
120133891 253 1069 5992
120401001 242 1786 6005
120865424 246 699 6028
120947363 254 1672 6032
121039358 244 0 6037
121266023 251 1486 6049
121577701 249 1268 6065
121855148 245 838 6079
121970723 243 545 6085
122083799 244 1563 6090
122555185 249 521 6114
122826901 243 957 6128
123039871 249 739 6139
123111628 243 1927 6143
123427514 257 1186 6159
123619536 252 1754 6168
124042118 258 1391 6190
124324028 252 1445 6204
124344779 242 1898 6205
124692221 259 1635 6223
124904875 241 933 6234
125004033 255 1437 6239
125125977 258 878 6245
125186026 249 1460 6248
125359082 242 487 6257
125994229 249 650 6288
126770619 243 798 6328
127391979 256 262 6358
127988070 257 3 6387
128509842 255 117 6413
128774283 245 781 6426
129092559 248 1789 6442
129172559 249 1408 6446
130592835 250 146 6517
130655476 254 636 6520
130712327 255 664 6523
131160719 249 117 6546
131246737 249 479 6550
131542974 258 255 6564
131623059 257 1263 6568
131882608 244 1308 6581
132143954 240 1697 6595
132303466 240 1427 6603
132362150 246 301 6606
132493731 250 1738 6613
133220260 242 1978 6650
133687558 250 864 6674
133944772 259 1595 6687
134218041 240 1925 6700
134302481 254 817 6704
135424101 256 845 6760
136230124 258 6 6800
136276456 256 1972 6802
136419838 252 111 6809
136917299 250 1316 6834
137279898 240 1671 6851
137390295 243 869 6856
137487814 258 12 6862
137585611 254 1662 6867
137678736 257 1017 6871
137719177 256 97 6873
137799846 253 1338 6877
138357612 250 1515 6906
138642792 241 584 6920
138731399 252 122 6924
138889954 246 928 6932
138971244 248 523 6936
139246990 248 1687 6950
139763048 240 39 6977
140003834 240 1534 6989
140144117 240 1272 6996
140335459 253 399 7006
140352974 256 1341 7007
141461534 258 1637 7060
141628223 245 1507 7068
142446778 242 1536 7109
142908849 256 626 7132
142950460 240 900 7134
143417257 256 1732 7157
143784281 257 1228 7175
144153946 249 938 7194
144902545 257 974 7232
144985525 240 393 7236
145097357 245 1700 7242
145260240 252 514 7250
145493971 242 196 7261
145959669 240 1737 7285
146870469 254 1123 7332
146887967 249 508 7333
147009242 246 353 7339
147031636 244 323 7340
147146926 254 1816 7346
147282050 240 1879 7353
147325172 255 369 7355
147943858 243 1125 7387
148017315 242 823 7391
149427030 253 1175 7461
150726724 247 679 7526
150769663 256 1398 7528
150831375 246 1257 7531
152310586 254 224 7605
152446281 252 1543 7612
152596975 258 861 7620
152643169 245 734 7622
153202375 247 1874 7649
153476307 253 1227 7663
153494166 253 184 7664
153621911 258 1462 7671
153870896 256 255 7683
154262681 243 128 7703
154514718 245 1087 7715
155097604 258 1883 7743
155409114 258 1059 7759
156147374 244 999 7795
156480444 247 1927 7812
156758774 259 840 7826
156817437 250 1177 7829
157126956 254 689 7845
157468874 251 81 7863
157607776 250 17 7870
157662699 258 1585 7873
157750621 251 1871 7877
157921774 244 857 7886
158036163 249 1774 7892
158066763 242 948 7894
158854548 255 8 7933
159212479 245 1514 7951
159670820 259 755 7974
159786068 240 1926 7980
159894973 252 625 7985
160248204 250 1540 8002
161304805 244 1995 8055
161326490 250 1774 8056
161385797 244 1713 8059
161701359 240 776 8074
161744246 257 817 8076
161926452 240 409 8085
161941452 253 274 8086
162185675 252 1048 8099
162579706 250 1971 8119
162595091 249 1416 8120
162782893 255 120 8130
162977238 256 1710 8140
162997270 245 1299 8141
163274330 248 633 8155
163469598 244 1548 8165
164015829 241 1426 8193
164562202 247 631 8220
164582472 248 115 8221
164919474 255 1346 8238
164994857 259 1243 8242
165017091 256 821 8243
165426300 254 1622 8263
165719040 246 996 8277
166384745 255 82 8310
166542804 243 77 8318
166580702 252 992 8320
166846213 247 203 8335
167055793 251 1327 8346
167879513 247 1720 8387
168108341 255 919 8398
168311529 241 1976 8408
168391147 243 1458 8412
168594845 253 1851 8422
169058362 241 1045 8446
169564792 249 668 8471
169681250 247 1016 8477
170025995 240 1634 8495
170078611 247 1299 8498
170210874 254 1714 8505
170323398 244 832 8511
170724168 256 441 8531
170858123 255 115 8538
171614246 248 1994 8578
171694918 258 209 8582
172044176 256 390 8599
172859255 256 381 8640
172944504 240 706 8644
173192445 256 681 8656
173330533 240 486 8663
173375457 252 401 8665
173461456 256 1246 8669
173527879 251 53 8672
174061964 244 798 8699
175026953 249 702 8746
175537967 252 479 8771
175572889 257 1082 8773
177109334 242 1919 8849
177427641 242 1780 8865
177631715 248 347 8876
179361349 241 585 8961
179542912 242 1473 8970
180748693 256 934 9029
180855407 252 1867 9034
181029907 242 601 9043
181513618 248 1095 9067
181997784 253 581 9091
182511991 246 954 9116
182683387 246 903 9124
182878263 241 1639 9134
182938625 249 691 9137
183267868 251 449 9153
183502593 249 847 9164
183663622 253 280 9172
183806757 246 1589 9179
183852272 244 1356 9181
183869091 245 1589 9182
184527409 247 139 9215
184645354 242 124 9221
184826067 241 1661 9230
185150746 253 863 9246
185383567 251 551 9257
186112337 240 1291 9292
186155824 253 663 9294
186282064 254 1751 9301
186940214 244 267 9333
187186312 250 947 9346
188089628 257 1199 9391
188300967 252 1276 9401
188716003 243 1586 9422
189119488 248 1400 9442
189198052 258 1102 9446
189383582 249 1559 9455
189758571 248 420 9474
189781148 243 181 9475
190813254 250 307 9525
191219890 254 1024 9545
191342109 255 617 9551
191491661 257 1836 9559
191511741 252 1934 9560
191748766 256 1145 9572
191806544 242 567 9575
192186921 240 39 9593
192751342 243 177 9621
192776342 249 743 9622
192936850 253 1832 9630
193015061 252 1738 9634
193061625 259 700 9636
193570877 246 616 9661
193623813 249 600 9664
194026272 242 1603 9685
194398302 252 515 9704
195061578 245 1488 9738
195132146 245 1550 9741
195361677 244 860 9752
195611662 255 500 9764
195814661 256 388 9774
196003285 258 1050 9783
196097058 257 438 9788
196181732 251 1057 9792
196318667 255 74 9799
196970075 249 311 9831
197452789 257 459 9855
197496382 240 1599 9857
197618077 250 12 9863
197779665 247 242 9871
197824063 252 118 9873
197982905 248 1007 9881
198287314 256 833 9897
198479879 247 1489 9907
198690918 246 865 9917
199006053 256 1761 9934
199748390 256 1606 9971
199782475 249 519 9973
200016876 255 502 9985
201055019 259 1647 10037
201506592 255 646 10060
201659377 242 209 10068
201983836 242 505 10085
202019209 250 1955 10087
202040334 245 1745 10088
202275106 254 655 10099
202355580 245 841 10103
202725572 259 190 10121
202745790 253 1512 10122
203235316 240 1507 10146
203672614 252 733 10168
203952972 252 1387 10182
204185255 259 1620 10194
204849765 242 577 10227
204906142 250 1321 10230
205133986 257 1363 10241
205173023 247 607 10243
205232759 242 1758 10246
205274638 240 14 10248
205667596 242 346 10267
206257737 259 87 10297
206731713 249 1154 10320
207453549 246 1303 10357
207529059 244 1707 10361
207829237 253 1578 10376
207883699 255 554 10379
208040956 251 1183 10387
208339858 244 1382 10402
208396063 258 1297 10405
208521148 240 784 10411
209568431 250 1808 10462
209703759 258 1429 10469
209879094 248 1782 10478
210316901 253 28 10500
210659957 259 1010 10517
210756709 257 801 10522
210972196 240 1834 10532
210989947 251 1920 10533
211302432 251 9 10548
211342700 246 28 10550
211648286 253 390 10565
211977333 258 1492 10582
212823487 257 1185 10622
213106506 247 1286 10636
214004310 247 25 10682
214920421 243 182 10728
215020830 259 163 10733
215349267 240 528 10749
215625216 242 99 10763
216902432 253 1599 10828
217035112 249 1198 10835
217547661 252 602 10861
217633412 243 638 10865
217952060 241 823 10881
218167061 252 141 10892
218338044 254 1804 10901
218391294 243 1385 10904
218581482 259 1807 10913
219120866 244 385 10940
219311907 244 398 10949
219518214 245 1955 10959
219551914 242 1368 10961
219645776 253 317 10966
220002806 251 898 10984
220112877 248 1424 10990
220872644 257 1538 11027
221002684 245 251 11034
221124391 257 1769 11040
221324493 252 776 11050
221344302 250 1070 11051
222087517 247 1264 11088
222171556 254 237 11092
222434398 241 89 11105
222476569 254 1236 11107
222724132 247 47 11119
222781462 254 778 11122
222967495 248 733 11132
223205030 256 844 11144
223420053 250 1113 11155
223437691 245 1941 11156
224429142 247 490 11206
224568054 243 781 11213
224652083 255 1974 11217
225497312 256 425 11258
225570734 253 384 11262
226023842 252 51 11284
226041409 249 782 11285
226137232 242 1400 11290
226173551 255 622 11292
226602435 244 1939 11313
226820812 250 490 11323
226977903 244 749 11331
227059400 243 133 11335
227484787 255 178 11356
228413485 250 1321 11402
228430072 246 1945 11403
228645436 258 1003 11414
229478281 252 389 11454
229650010 240 220 11462
230871456 240 704 11522
231088381 253 1022 11533
231107715 253 573 11534
231227294 247 9 11540
231535322 255 327 11556
231891118 246 245 11574
232495211 250 590 11605
232831629 245 1384 11621
233220297 246 831 11640
233347459 256 765 11647
233741616 253 1382 11668
233963274 244 900 11679
234385258 253 1697 11702
234500549 248 1187 11708
235320577 251 998 11748
235494021 252 770 11757
235610755 251 1192 11763
235680984 247 557 11767
235804907 259 765 11773
236453780 256 581 11805
236740836 256 1980 11819
237168689 250 1822 11841
237480539 240 1479 11857
238125790 254 1488 11888
238785951 249 271 11921
239013900 249 1844 11933
240027865 254 780 11983
240069170 241 1891 11985
240250229 242 1189 11994
240311451 250 1660 11997
240448118 244 1749 12004
240488649 249 1759 12006
241657525 259 1010 12063
241777680 244 204 12069
242316566 241 649 12096
242429675 241 1155 12102
242532082 241 1368 12107
242946581 251 899 12127
243324671 244 491 12146
243645030 257 127 12162
243994640 255 730 12179
244163281 254 380 12187
244330997 244 1345 12195
244945902 247 503 12226
244965969 240 5 12227
245086330 245 1312 12233
245643067 245 55 12262
245786677 257 285 12269
245821093 252 1406 12271
246666452 256 1432 12314
246948527 257 1592 12328
247424281 245 432 12352
247499000 241 945 12356
247721645 240 948 12367
248158338 255 1045 12390
248276678 242 1854 12396
249090549 251 1581 12437
249110312 252 315 12438
249426844 247 762 12453
249469945 243 143 12455
250081343 246 1037 12485
250615553 240 907 12511
251044554 250 1714 12532
251172982 251 513 12539
251349755 249 1707 12548
251511710 255 1649 12556
251719660 250 910 12566
252050128 253 34 12583
252166668 240 1787 12589
252249818 249 759 12593
253051123 259 945 12632
253224258 251 356 12640
253434474 249 1900 12650
253589586 256 316 12658
253607949 257 1753 12659
253760318 253 1217 12667
254270885 250 1730 12693
254611906 257 561 12711
254900394 254 1230 12726
254940521 241 81 12728
255020760 245 125 12732
255100981 254 1602 12736
255964141 255 1440 12781
256131952 243 1943 12789
258259143 241 1139 12895
258320984 250 1593 12898
259110439 259 1312 12937
259151114 251 1601 12939
259783204 256 271 12972
259970637 254 1315 12982
260433342 259 26 13006
260475114 250 114 13008
260759015 252 125 13022
260779573 243 1876 13023
261084375 257 452 13039
261189727 257 1602 13044
261213459 250 447 13045
261373203 250 199 13053
261506839 241 828 13059
261955950 258 1837 13082
261973177 254 665 13083
262212097 241 180 13094
262550876 246 820 13110
263768810 250 811 13170
264056396 259 1678 13184
265296920 240 354 13247
265474696 243 955 13256
265541412 251 1763 13259
265793425 243 1959 13271
266048888 249 1312 13283
266069041 241 631 13284
266404727 254 1951 13301
266742949 253 1092 13317
266953943 244 227 13327
267650356 245 961 13363
267831576 248 1046 13372
267913118 257 423 13376
268563224 243 1057 13408
269023012 247 962 13432
269231340 250 1438 13443
269251676 245 16 13444
269772911 242 83 13469
270131698 257 1360 13486
270215940 249 546 13490
270532101 249 1386 13506
270572353 256 1165 13508
270608236 248 1688 13510
270796597 248 393 13520
270916531 241 1948 13527
271488531 248 1678 13556
271765020 247 194 13570
272033028 240 1763 13584
272272099 246 974 13596
272297099 250 985 13597
272575096 254 209 13611
272631372 250 1762 13614
273373546 257 870 13652
273519572 246 163 13659
273929024 259 1089 13679
274319405 253 1296 13699
274385617 256 74 13702
274512927 249 1490 13708
275401701 247 201 13753
275445444 258 411 13755
276548751 240 1424 13809
276933964 251 1515 13828
277531545 248 138 13856
277700759 245 1371 13865
278013760 259 1993 13880
278364989 243 1277 13897
278575527 241 547 13907
278915591 255 569 13924
278986769 248 74 13928
279271052 240 1122 13943
279794307 259 1089 13969
279857105 249 37 13972
280003792 253 1341 13980
280081219 249 606 13984
280348413 240 1754 13996
280369082 254 957 13997
280409398 257 133 13999
281049291 249 1739 14031
281236775 254 131 14040
281438414 245 1416 14050
281795096 244 1435 14069
282687903 258 1968 14114
282775169 257 1269 14118
283140482 242 542 14136
283497032 258 861 14154
284001922 259 1759 14179
284205487 252 1817 14189
284272393 248 144 14192
284695349 242 1317 14214
285294178 254 987 14245
285372908 255 1644 14249
286198945 241 1801 14291
286300237 255 665 14296
287509426 249 292 14356
288041559 256 1263 14382
288219491 254 1403 14391
288682379 248 1494 14413
288817000 256 1777 14420
289287958 246 945 14443
289491988 257 917 14453
290046860 244 2 14480
290505844 243 1133 14504
290580019 253 1872 14508
290832821 256 1563 14521
291060567 251 298 14532
291124430 244 1696 14535
291395585 249 1936 14548
291436107 259 1694 14550
291572675 248 464 14557
291902026 245 700 14574
292039131 259 1301 14581
292985559 253 1476 14628
293044735 250 9 14631
293884481 240 1611 14672
294081780 249 443 14682
294625489 255 515 14710
294657382 257 1434 14712
294718879 252 1806 14715
294779494 241 1517 14718
294837729 246 165 14721
294974436 255 90 14727
295392015 247 872 14747
295461485 244 1295 14751
295611119 248 1274 14759
295692243 255 290 14763
295823836 247 1528 14769
296073720 256 1519 14781
296110219 259 878 14783
296129898 258 1905 14784
296329017 251 983 14794
296679254 258 1223 14812
296742697 246 1012 14815
296907627 255 354 14823
297907862 255 1865 14874
298278118 241 852 14893
298374227 252 1555 14898
298681268 241 381 14914
298702711 249 1402 14915
298793574 259 1856 14920
299290276 242 1835 14944
299500219 246 1621 14954
299643593 241 1487 14961
299786669 246 904 14968
300013074 251 1974 14979
300033421 249 236 14980
300048421 248 988 14981
300725393 253 1968 15015
301029729 253 476 15030
301610752 251 1586 15059
302252713 251 1318 15091
302434805 253 462 15100
302566597 247 890 15107
302839783 246 1010 15120
303069740 249 1375 15131
303119935 247 651 15134
303156268 253 1951 15136
303453653 245 1293 15152
303576061 249 1106 15158
304059884 245 1754 15182
304631094 243 135 15211
304936965 259 1691 15227
304976981 258 434 15229
304996718 255 129 15230
305092807 240 1880 15235
305219791 258 672 15241
305380227 241 1357 15249
305598263 243 1203 15260
306109788 256 305 15286
306203812 257 1880 15291
306337843 250 1486 15298
306372847 255 979 15300
307087868 247 1828 15336
307233819 247 1797 15343
307293140 252 826 15346
307363289 248 1907 15350
307383048 251 968 15351
307663135 251 627 15365
307680818 240 693 15366
307804736 241 1939 15372
308375139 249 1851 15400
308780496 249 876 15420
308998371 259 1375 15431
309438114 240 1986 15453
309629476 252 720 15462
310228748 250 560 15493
310627302 258 1986 15513
311227521 243 829 15543
311287114 251 1685 15546
311730739 248 1867 15568
311940092 250 1045 15578
311999447 259 747 15581
312045214 256 1456 15583
312348465 245 1630 15597
312577643 256 1156 15609
313598741 254 980 15660
313847563 246 186 15672
313979086 256 1366 15678
314035319 242 708 15681
314219632 259 1320 15690
314330653 248 1089 15696
314407532 246 1009 15700
315625228 256 1369 15761
315983027 257 453 15779
316234431 251 503 15791
316379195 254 807 15799
316436046 252 1432 15802
316541870 255 528 15807
316576643 253 1141 15809
316740442 244 738 15817
316857755 253 1271 15823
316877929 246 1305 15824
317016541 258 300 15831
317920739 250 996 15876
317935739 258 951 15877
318672776 246 468 15913
318750735 240 1620 15917
319025868 245 1988 15931
319361073 242 391 15948
320063474 243 30 15985
320250692 253 24 15994
320701249 257 1554 16017
321036397 240 1515 16033
321115805 254 1948 16037
321155318 251 1800 16039
322150454 251 1418 16087
322428298 254 715 16101
322763097 248 1292 16117
322826347 257 1064 16120
323573358 242 1194 16157
323762980 259 1143 16167
323940983 254 628 16176
324019006 252 1046 16180
324200483 243 647 16189
324503540 243 1024 16205
325425411 240 830 16251
325758828 256 1578 16268
326179683 248 1461 16288
326501962 249 873 16303
326623942 249 71 16309
327069534 253 1063 16330
327170108 242 1742 16335
327551773 244 15 16353
327573660 259 110 16354
327649932 245 1393 16358
327718132 245 1019 16361
327780207 243 1671 16364
328140136 259 1948 16383
328258020 251 806 16389
328277440 254 935 16390
329314876 241 1231 16441
329596973 250 325 16455
329684604 246 786 16459
329726027 252 725 16461
330278579 242 181 16489
330554008 249 124 16502
330947808 253 464 16521
331002607 254 1274 16524
331423635 249 579 16545
332702037 244 297 16609
332875597 254 707 16618
332959734 248 900 16622
333306955 244 977 16639
333362783 240 1475 16642
333810952 247 1804 16664
333835952 250 225 16665
334534890 241 1793 16698
334667071 241 951 16704
334691159 253 1507 16705
334968466 246 1414 16719
335123527 240 722 16728
335378928 243 1506 16741
335662759 254 99 16755
336284705 251 403 16787
336358305 247 660 16791
336578496 245 1975 16802
336736696 259 1237 16810
336752905 256 1435 16811
336871646 254 563 16817
336919001 240 1801 16819
337488028 246 1753 16848
337533658 246 1242 16850
337748507 248 1691 16861
338338668 253 71 16891
338741461 257 320 16911
338760206 243 349 16912
338836215 259 295 16916
339649419 248 1851 16956
339763253 246 839 16962
340088442 259 293 16978
340471305 258 490 16996
341177790 241 1586 17031
341242059 244 1723 17034
341428376 259 745 17043
341607283 243 1971 17052
342173422 250 7 17081
343382470 251 1979 17140
343559713 241 208 17149
343630443 258 682 17153
343728898 252 384 17158
344408057 257 1400 17193
345094943 252 1535 17227
345630407 251 735 17254
345768743 250 1404 17261
345979620 249 1777 17271
346055575 241 1096 17275
346363512 245 271 17290
346751616 244 1882 17309
346842395 250 506 17313
347037461 257 1109 17323
347180666 250 935 17330
347262127 255 1936 17334
347743250 247 1640 17358
348100677 249 211 17375
348482666 257 377 17395
348808999 244 1547 17411
349372351 243 1035 17439
350391293 255 939 17490
350479968 247 6 17494
350936303 258 1772 17516
351221496 258 1458 17530
351318394 251 710 17535
351667572 256 172 17553
351768537 242 1265 17558
352377168 255 1742 17588
352602664 248 482 17599
352972001 245 349 17618
353296908 246 1973 17634
353417921 252 451 17640
353740908 258 251 17656
354128252 240 1669 17675
354216443 248 584 17679
354280664 251 403 17682
354324849 250 540 17684
355475367 246 873 17740
355889829 252 610 17761
356646391 246 886 17800
356669183 244 1659 17801
356890703 253 88 17812
358575600 246 1213 17896
359237942 246 384 17929
359439601 255 1611 17939
359901404 257 1665 17963
360751747 252 432 18007
360851540 256 1892 18012
361106290 241 1934 18025
361340120 249 894 18036
361455158 248 892 18042
361629038 252 1978 18051
362102693 259 85 18075
362258416 259 523 18083
362373752 254 141 18089
363188221 244 858 18129
363345688 251 1258 18137
363507526 259 1387 18145
363568274 253 617 18148
363666319 254 22 18153
364736684 247 1504 18206
365384982 255 198 18239
365823786 258 1855 18261
365878821 250 1045 18264
366485016 247 1864 18294
366757561 253 1300 18307
366899193 250 175 18314
367098873 255 832 18324
368155922 245 1173 18375
368523331 246 144 18393
368680098 251 325 18401
369249809 252 1203 18430
369290613 255 994 18432
369388774 256 457 18437
369527231 256 964 18444
370304559 255 635 18482
371528273 247 352 18543
372034163 255 1390 18568
372347409 241 924 18583
372548937 246 1451 18593
372655184 251 107 18598
372876033 259 671 18609
373019758 247 1813 18616
373260506 246 1954 18628
373423122 249 475 18636
373544400 245 555 18642
374264643 241 1419 18678
374537773 253 730 18692
374889505 256 1938 18710
374944449 242 1122 18713
375101847 240 1929 18720
375134346 241 1112 18722
375822946 253 1075 18756
376456559 247 1266 18787
376594401 257 1868 18794
376873068 242 1102 18808
377919762 256 1759 18859
378858601 247 573 18906
379127100 254 340 18919
379150064 253 259 18920
379336754 258 666 18929
379591489 242 1006 18942
380572489 249 641 18991
381010463 252 1929 19013
381102536 257 4 19018
381428255 248 1235 19035
381606692 248 636 19044
382109096 259 80 19068
382265971 242 1494 19076
382323952 247 937 19079
382703037 252 1355 19097
385086405 250 1279 19215
385129491 251 369 19217
385323108 254 512 19227
385481022 258 134 19235
385607525 259 248 19241
385723579 250 868 19247
385985137 249 1984 19260
386206283 240 1193 19271
386513738 257 405 19287
386532130 258 746 19288
386769185 252 1054 19300
387124446 240 530 19318
387673291 258 1746 19346
387772303 259 288 19351
388064310 241 1082 19366
388363872 240 1881 19381
388503697 256 1959 19388
388636696 254 267 19395
388743794 257 792 19400
388803747 255 1438 19403
388998648 259 381 19413
389630795 252 1235 19444
389649145 254 1260 19445
389824166 256 14 19453
389956288 255 1188 19459
390293967 249 1863 19475
390796773 256 1685 19500
391818760 253 1619 19550
392174998 258 1674 19567
392475588 244 1086 19581
392713647 257 240 19593
392734047 257 1216 19594
394284813 245 495 19670
394464099 245 1388 19679
395311800 250 1020 19722
395525145 249 790 19732
395819080 249 1406 19747
395862866 256 1 19749
396153250 257 30 19763
396675356 256 310 19789
396998529 247 534 19806
397809869 259 998 19847
397917513 250 1107 19853
397973289 247 657 19856
397995063 246 1183 19857
398470076 254 1791 19881
398492749 255 457 19882
399218330 245 1982 19918
399884660 246 108 19952
399940358 243 1864 19955
400447352 250 1797 19980
400655466 245 1940 19991
