83920 141 727 3
179692 143 199 8
472095 151 588 22
671714 141 641 32
754510 147 793 36
1034784 152 1153 50
1057569 154 1324 51
1375991 149 666 66
1537810 146 825 74
2046420 151 1778 100
2185737 152 1578 107
2280142 154 1697 112
2318310 142 154 114
2528970 148 1351 125
2886261 140 1629 143
3094007 150 517 154
3563645 157 207 178
3637421 145 1760 182
3722988 149 1272 186
4163319 149 1545 207
4491390 153 713 223
4508796 156 695 224
4546902 156 72 226
4628913 150 831 230
4965600 152 1319 247
5358601 157 57 268
5501551 155 679 275
5852103 143 987 293
6534084 156 16 328
6672799 148 1743 335
6968935 159 704 351
7024531 158 1490 354
7041765 155 1815 355
7410738 152 315 375
7705321 145 469 390
8135778 159 706 412
8268518 152 1922 419
8835272 156 1839 448
9066663 149 997 461
9405492 150 1414 479
9687615 152 12 493
10020528 149 900 509
10299065 151 1919 523
10338599 153 1174 525
10705158 158 927 542
10863045 147 1423 550
11362434 146 815 575
11572742 159 1674 586
11972991 145 765 606
12055798 156 268 610
12315137 147 1043 623
12725651 155 1671 643
13203573 151 1876 667
13288350 150 300 671
13803981 149 945 697
13934233 156 154 704
14147548 143 1523 715
14303946 142 528 723
14338764 141 739 725
14483216 150 301 732
14840663 155 1491 751
15203740 144 1157 769
15560495 148 1569 787
15599561 148 1347 789
15681544 148 1429 793
16618123 150 176 841
16656983 158 130 843
16761101 146 844 848
16823595 157 1626 851
16912758 152 1798 856
17256874 144 726 873
17297874 149 171 875
17464389 158 547 883
17866320 158 581 903
18154444 141 1375 918
18227303 145 792 922
18303020 159 1995 926
18918770 144 1433 957
19050433 149 1885 963
19276107 149 1500 975
19460362 143 582 985
19768209 140 1597 1001
20164729 141 1783 1021
20423938 153 675 1034
20665848 146 1295 1046
20966279 149 1196 1060
21418438 142 555 1082
21563634 158 1718 1090
22258925 155 1863 1125
22595082 148 746 1142
23299872 157 500 1176
23931806 148 626 1208
24109878 144 746 1217
24269524 159 859 1225
24444713 142 1151 1234
25888826 148 1122 1307
26046392 149 1468 1314
26222290 142 1165 1323
26428274 158 399 1333
27132486 142 1230 1369
27168808 140 1119 1371
27679586 140 417 1397
27846766 148 1195 1405
27993333 146 116 1412
28031381 158 146 1414
28189456 154 1522 1422
28456116 142 1421 1436
28571719 148 27 1442
28761084 145 1713 1451
29269026 153 735 1477
29640103 140 41 1495
29854433 148 1718 1506
30194125 155 1667 1522
30314215 142 513 1528
30377622 157 1155 1531
30774085 144 1525 1550
30840008 144 278 1553
31293919 148 1756 1576
31443476 151 135 1584
32390989 157 1133 1631
32468136 158 1692 1635
32602878 149 1883 1642
32621485 150 1532 1643
32911371 146 961 1657
32933329 148 1007 1658
33331025 152 9 1678
33827002 143 879 1703
34171784 144 807 1721
34950573 157 1795 1760
34989920 159 250 1762
35110163 158 1361 1768
35341176 143 1232 1780
35375966 154 1459 1782
35503782 156 1462 1788
35715516 157 1106 1798
35777749 158 950 1801
35955163 153 394 1809
35992688 153 15 1811
36043799 153 137 1814
36061031 150 1769 1815
36159268 155 155 1820
36267006 150 240 1825
36632722 152 1189 1843
36835382 142 1877 1853
37364961 149 883 1879
37503789 153 663 1886
38042908 140 1201 1914
38686756 149 1747 1945
38709575 141 110 1946
38823351 149 1559 1952
39133976 145 1933 1967
39441258 140 1134 1983
39492939 156 671 1986
39545308 148 369 1989
39721288 147 1246 1998
40231538 145 1016 2023
40674969 152 170 2045
40694191 153 965 2046
41062404 141 657 2064
41270389 150 1376 2074
41366879 152 801 2079
41410159 145 1454 2081
42193026 158 684 2120
42212690 158 1287 2121
42272386 145 1916 2124
42333802 149 163 2127
42867052 150 1045 2154
43009435 156 1216 2161
43114166 157 1030 2166
43151249 159 1741 2168
43622069 150 901 2192
43786988 156 1816 2201
44370342 159 434 2230
44493466 158 900 2236
44707945 150 1588 2246
44722945 158 1769 2247
44885248 147 1754 2255
45272355 155 504 2274
45646548 159 1189 2293
45814740 148 1404 2302
47149890 159 1839 2367
47191236 145 1914 2369
47208969 144 944 2370
47403181 159 1832 2380
47423241 152 1409 2381
47532978 141 1637 2386
48290484 142 899 2424
48624024 150 17 2441
48641603 159 137 2442
48776797 151 625 2449
49141462 159 44 2467
49313690 157 411 2476
49447021 148 870 2483
49487407 151 1884 2485
49596415 142 1977 2490
50069937 140 1816 2513
50105477 151 1679 2515
50257934 159 361 2523
52313104 141 1071 2625
52387677 156 219 2629
53294815 146 581 2674
53486022 147 406 2684
54176240 146 1500 2718
54279227 146 1386 2723
54317516 154 709 2725
55372483 150 1875 2778
55580556 159 969 2788
55952466 144 203 2807
56013451 148 1672 2810
56187051 152 1659 2819
56454886 157 87 2832
56537519 144 1969 2836
56555587 157 1670 2837
56639179 144 1661 2841
56796870 158 485 2849
56833078 159 673 2851
56849967 156 965 2852
57061974 156 324 2863
57138876 159 755 2867
57623062 156 56 2890
57742533 152 21 2896
57874228 155 1767 2902
57980709 157 162 2908
58402205 144 1640 2929
59160637 147 1473 2966
59846699 142 1353 2999
60071434 143 607 3010
60235649 155 648 3018
60615241 143 1639 3037
60739997 154 1069 3043
60849689 144 1116 3048
60991134 152 1575 3056
61695353 156 6 3091
62247513 143 52 3118
62405514 157 1642 3126
62807528 157 590 3146
62851930 141 269 3148
63038200 148 984 3157
63113662 152 834 3161
63195670 150 1865 3165
64097225 144 431 3210
64157904 150 1771 3213
64458333 145 1376 3228
64626949 154 1485 3236
64704516 152 1307 3240
65134875 140 1645 3260
65390301 149 412 3272
65990477 154 1671 3301
66111449 141 376 3307
66285865 151 128 3316
67243432 153 887 3362
67497799 146 96 3374
68291721 143 1546 3413
68506160 159 309 3424
68986712 156 907 3448
69155404 148 846 3457
69635477 154 819 3482
70098395 147 833 3505
70877357 143 1585 3543
71270251 149 127 3563
71429965 143 1906 3571
71641594 156 240 3582
71747851 144 781 3587
72083528 140 1575 3604
72310283 156 1084 3615
72329945 143 914 3616
73355417 153 897 3667
73531412 158 1334 3676
73572609 153 685 3678
73739334 148 1547 3686
73864951 142 1714 3692
74100886 156 1585 3704
74287336 142 542 3714
74324544 152 1072 3716
74729812 142 571 3736
74954135 148 140 3748
75072448 149 1105 3754
75967214 152 1839 3800
76490115 150 1212 3826
76576595 142 848 3830
76870087 151 187 3845
77040415 144 1107 3854
77062296 150 973 3855
77250090 158 1634 3865
77271967 151 230 3866
77622342 151 442 3883
79004151 140 856 3953
79557878 149 1682 3980
79739747 154 1456 3988
79928048 157 559 3997
79968633 152 227 3999
80772944 152 53 4039
80966221 144 647 4049
81000181 145 1830 4051
81784697 145 881 4090
81828022 146 998 4092
82009387 145 620 4101
82323674 140 1051 4117
82662771 158 1277 4134
82912360 150 1178 4146
82933585 145 1526 4147
82952715 150 492 4148
82969786 140 274 4149
83406868 141 1246 4170
83842351 148 1495 4191
84129324 146 625 4205
84223768 146 1985 4210
84508293 154 394 4224
84867911 153 1205 4242
85721742 150 1131 4283
85782465 141 349 4286
85821774 144 281 4288
86168627 154 1732 4305
86187473 140 322 4306
86459278 142 1200 4319
86524560 140 218 4322
87489846 148 26 4369
87575597 152 1487 4374
87640255 157 563 4377
87810167 143 853 4385
88379390 140 950 4413
88861099 144 686 4436
88925369 149 678 4439
89101552 153 206 4448
89254457 157 522 4455
89506546 152 954 4467
89754352 151 96 4480
89891888 158 1392 4487
90413419 152 1761 4513
90891289 153 1478 4537
91786514 159 451 4581
92055811 159 1346 4594
92137546 145 583 4598
92387849 146 316 4610
92797480 154 1832 4632
93234925 145 768 4654
93635810 147 501 4674
93800118 159 1488 4682
93818628 148 672 4683
93835525 147 1574 4684
93872352 142 238 4686
93895156 147 1480 4687
94212789 143 343 4703
94259805 149 238 4705
94641167 141 1186 4725
94944859 150 1666 4740
95976285 147 1825 4793
96300608 142 1855 4809
96537345 153 458 4821
96573537 152 338 4823
96627901 149 1198 4826
97016979 147 539 4845
97154349 140 1552 4852
97306192 150 967 4860
97626542 141 1210 4876
97741047 145 1665 4881
98426032 150 1671 4915
98696088 148 14 4929
99725287 159 174 4980
99824925 143 1516 4985
99911171 154 663 4989
101012523 147 1405 5043
101108866 147 802 5048
101621377 140 1129 5073
102198761 145 601 5101
102252926 149 885 5104
102938705 158 191 5138
102981294 150 260 5140
103173069 156 434 5149
103214219 140 1878 5151
103520723 150 1913 5167
103953201 153 1995 5189
104387739 141 1841 5210
105782760 150 57 5278
106206161 147 1879 5299
106424559 142 731 5310
106501306 153 1411 5314
106541140 151 1611 5316
106621001 146 1172 5320
106661754 157 388 5322
106825409 156 555 5330
107113188 148 971 5344
107298998 156 1919 5353
107565589 152 1344 5367
107685076 152 674 5373
107906459 151 604 5384
107967856 144 1120 5387
108960079 144 118 5436
109222531 142 1021 5449
109341340 156 672 5455
109696843 157 426 5472
109855568 140 1861 5480
110655063 158 1177 5521
111106776 158 1265 5544
111555812 147 1282 5567
111599196 142 445 5569
111708600 150 220 5574
112646843 151 696 5620
113307997 142 15 5653
113553050 154 895 5666
113593445 140 1096 5668
113748031 148 138 5676
113781675 147 1949 5678
113846868 145 231 5681
114094585 158 1375 5693
114776013 141 1715 5725
114835679 140 940 5728
114981447 144 689 5736
115990181 150 1429 5785
116236262 152 1652 5797
116538447 141 423 5813
116756546 149 1455 5824
117172969 154 1463 5844
117756407 158 72 5874
118328419 143 1653 5903
118368184 149 1053 5905
118577636 151 667 5915
119807091 149 76 5976
120789466 151 124 6024
121323721 152 13 6052
121368262 152 1441 6054
121443072 145 815 6058
121716586 146 493 6072
122062248 157 589 6089
122152279 151 35 6094
122288758 140 302 6101
122809405 143 922 6127
123020547 158 100 6138
123148308 155 1761 6145
123579538 158 1701 6166
123894946 144 178 6182
124060426 146 1113 6191
124205450 149 188 6198
124248072 140 774 6200
124441754 156 91 6210
124459917 148 844 6211
124580177 143 1082 6217
124655339 145 457 6221
124673803 154 1459 6222
125621476 156 673 6270
125639453 142 209 6271
125785527 150 1000 6278
126583596 142 1269 6318
127255698 158 504 6352
127883431 148 28 6382
128308875 147 1101 6403
129296301 143 1810 6452
129420694 141 852 6458
129905415 144 114 6481
130098459 141 1892 6492
130463778 143 1 6510
130810074 148 1266 6528
131482611 150 1619 6561
131604592 140 728 6567
131639471 155 648 6569
132013209 149 644 6588
133296891 153 391 6654
133412107 147 1928 6660
133434407 147 845 6661
133828910 141 102 6681
133924297 156 1412 6686
134010313 148 26 6690
135405228 141 1824 6759
135444645 158 1064 6761
135469645 153 1430 6762
135487847 142 875 6763
135725964 159 642 6775
135743282 142 178 6776
135885923 148 696 6783
136043882 145 355 6791
136291456 156 1393 6803
136542917 149 1833 6815
136675534 144 1938 6822
137062685 144 972 6841
137322754 157 384 6853
137406351 147 1935 6857
137952235 144 1607 6885
138378647 143 411 6907
138520123 147 339 6914
139440365 140 1234 6960
140298169 154 168 7004
140919589 145 920 7034
141031936 145 717 7039
141563641 157 901 7065
141709354 154 1369 7072
141826228 151 1106 7078
141970686 156 797 7085
142157226 148 674 7094
142385827 159 1152 7106
142625340 154 910 7118
142650150 142 703 7119
142987045 157 1228 7136
143121387 156 1593 7143
143318158 141 1812 7152
143500889 149 1596 7161
143664174 146 317 7169
144534329 149 940 7213
144578639 147 1924 7215
144681941 156 846 7221
145002461 153 580 7237
145178102 142 523 7246
145518971 156 736 7262
145598484 155 1252 7266
145785337 148 306 7276
146017483 159 1267 7288
146073531 140 1623 7291
146170153 156 1367 7296
146418127 149 685 7309
146851727 143 46 7331
146974355 141 1883 7337
147131926 149 1678 7345
147260128 145 505 7352
147485212 141 1638 7364
147589866 143 1461 7369
147818574 156 682 7381
147839465 155 852 7382
147923475 143 1755 7386
148147273 140 1744 7398
148165890 159 1428 7399
148186690 158 1453 7400
148384203 155 1392 7409
149541097 142 973 7467
149963171 147 89 7488
150163186 156 78 7498
150912890 148 1179 7535
151638451 144 1486 7572
152023250 153 148 7591
152681672 157 1550 7624
152796981 149 50 7629
152817424 140 1395 7630
152960632 144 878 7637
153143619 144 846 7646
153589281 155 722 7669
153678619 151 1457 7674
153995561 156 1118 7689
154191240 150 1191 7699
154534872 143 1308 7716
154596888 148 331 7719
154621407 140 553 7720
155076979 153 1395 7742
155355855 145 1787 7756
155706053 143 1937 7773
156081677 154 1475 7792
156660803 149 1775 7821
156896479 145 1771 7833
157001015 152 1730 7838
157207903 156 700 7849
157339997 156 399 7856
157647592 152 803 7872
157773954 143 1800 7878
157959938 150 1430 7888
158082520 143 108 7895
158495557 143 890 7915
158686775 140 1898 7925
159250220 149 1955 7953
159267536 144 1062 7954
159311658 146 594 7956
159806987 144 150 7981
161495128 142 1064 8064
161512913 155 1829 8065
161677501 143 552 8073
162727631 140 1142 8127
163175871 150 1072 8150
163311837 157 12 8157
163512789 141 284 8167
163657220 149 1432 8175
163845035 142 1852 8184
163958418 147 1741 8190
164313821 154 1811 8207
164357503 155 358 8209
164797429 144 1906 8232
164855451 142 1622 8235
164894817 149 977 8237
165054825 151 1535 8245
165739021 147 738 8278
165798181 146 490 8281
166731846 144 1934 8328
166782647 146 665 8331
166877414 157 1069 8337
166999728 144 326 8343
167265253 152 152 8356
167987788 152 175 8392
168730656 148 221 8429
169147481 143 1677 8450
170385969 155 180 8514
170546743 157 988 8522
171046946 151 1431 8548
171827368 155 210 8588
172224853 145 1482 8608
172362061 156 1898 8615
172383575 142 126 8616
172444954 157 329 8619
173351464 149 1993 8664
173741360 158 1435 8683
174330604 142 774 8712
174370266 145 195 8714
174392340 148 1512 8715
174532724 140 1112 8722
174705517 147 1838 8731
175236970 157 1278 8756
175384367 142 543 8763
175794026 150 633 8784
175833033 140 469 8786
176041962 158 102 8796
177169528 157 1660 8852
177188909 142 709 8853
177669212 141 506 8878
177764895 152 15 8883
177922563 153 1879 8890
178917021 142 1795 8939
179055684 141 632 8945
179266400 154 1641 8956
179558680 147 806 8971
179851457 142 289 8985
180288780 152 1293 9006
180384101 146 269 9011
180500045 151 71 9017
180769508 159 1211 9030
180891569 148 387 9036
180910407 158 1226 9037
180927880 156 1433 9038
181107784 142 84 9047
181229358 152 506 9053
181311990 144 1452 9057
181445956 147 1191 9064
182122818 151 799 9097
182302689 149 838 9106
182347718 142 98 9108
182406362 144 9 9111
182593797 155 1035 9120
183160946 149 1738 9148
183377353 156 52 9158
184014370 149 1916 9189
184155807 157 30 9196
184564122 145 138 9217
184808567 159 1046 9229
185235428 148 1746 9250
185768180 152 415 9276
185811705 155 1324 9278
185877406 154 1413 9281
186071195 144 272 9290
186261474 155 143 9300
186304387 145 1627 9302
186785839 141 816 9325
186864146 142 1666 9329
188050018 151 1372 9389
188070379 148 1663 9390
188414733 143 1622 9407
188578797 146 830 9415
188635133 154 51 9418
189584118 159 207 9465
189636721 153 1879 9468
189657127 158 1856 9469
189883633 151 530 9480
190892002 142 1405 9529
190912636 143 1798 9530
191202697 151 737 9544
191547882 149 1477 9562
191672229 158 1300 9568
192271585 141 1185 9597
192800521 145 1827 9623
192819233 148 1905 9624
193251921 141 1208 9645
193784084 152 1076 9672
194101733 140 8 9689
194503840 143 1977 9709
194610555 156 717 9714
194725649 144 450 9720
194951858 142 1574 9732
194970050 152 249 9733
195163705 147 917 9743
196025094 152 293 9784
196615642 158 797 9814
196777390 145 477 9822
197108643 140 481 9838
197389791 156 1285 9852
198074770 156 410 9886
198266221 140 289 9896
198602330 149 1432 9913
198815568 148 1009 9924
199025405 142 863 9935
199875790 140 345 9978
199992932 154 1403 9984
200136278 148 1348 9991
200160036 145 807 9992
200256814 140 1814 9997
200703511 151 1752 10019
200718855 156 1040 10020
200854079 144 1155 10027
200953807 159 614 10032
201222551 157 1091 10045
201396797 159 648 10054
201602734 159 1402 10065
201642143 143 1476 10067
201699377 140 642 10070
201891990 151 1076 10080
202192213 159 371 10095
202211499 156 1635 10096
202300106 155 1030 10100
202417966 144 1938 10106
202463437 142 1266 10108
202527323 156 229 10111
202600829 152 1730 10115
202809384 144 1949 10125
202824799 158 1881 10126
203936833 155 1005 10181
204215454 148 774 10196
204799765 143 1483 10225
204953667 143 1767 10232
205094482 159 1036 10239
205378055 142 1940 10253
205476559 143 435 10258
205617792 142 1022 10265
205752549 152 660 10272
205977171 146 466 10283
206021474 156 1111 10285
206082300 148 1875 10288
206103418 158 1629 10289
206488955 142 1738 10308
206838591 158 1800 10325
206932184 143 1547 10330
207161382 142 1242 10342
207255018 149 1935 10347
207378171 146 217 10353
207679495 140 922 10368
207793358 157 300 10374
208089707 140 1426 10389
208621388 143 1139 10416
208678831 142 99 10419
208761436 145 799 10423
209202112 158 569 10444
209747996 140 186 10471
210364214 156 1528 10502
210557645 147 1320 10512
210679574 156 96 10518
210775635 149 1529 10523
211823873 149 1555 10574
211922121 145 1900 10579
211940425 156 1394 10580
212118745 152 1232 10589
212480519 143 993 10606
212527181 159 1582 10608
212633251 142 937 10613
212721209 142 414 10617
212941559 153 505 10628
213242306 147 514 10643
213279582 151 1505 10645
213882860 158 742 10676
213943744 155 39 10679
215204761 141 1130 10742
215327868 141 72 10748
215815552 159 716 10772
216354806 141 1430 10800
216560839 159 549 10811
216659408 157 1021 10816
216722680 148 643 10819
217280229 158 151 10847
217455965 146 580 10856
217812725 145 239 10874
217937060 140 1328 10880
218883594 145 558 10928
218963552 147 1329 10932
219018604 155 1001 10935
219947681 148 1313 10981
220174569 145 1730 10993
220233064 149 1723 10996
220515754 159 495 11010
221181202 153 675 11043
222042718 148 222 11086
222759325 151 431 11121
222834814 154 742 11125
222909651 151 183 11129
222946568 155 780 11131
223580009 143 1677 11163
223994259 149 1438 11184
224267495 148 512 11198
224329844 149 1662 11201
224524318 143 1377 11211
224693072 146 1004 11219
224880536 159 625 11228
225007617 140 290 11234
225148876 145 92 11241
225828422 159 265 11274
225884432 157 1385 11277
226706566 143 1741 11318
226933145 149 1896 11329
227330251 140 931 11348
227523385 152 1611 11358
227736218 159 422 11368
227898219 159 1812 11376
228701993 146 1001 11417
228736338 156 941 11419
228892373 158 1671 11426
229086304 148 386 11435
229327890 152 1788 11447
229371872 148 1570 11449
229394096 141 1525 11450
229541879 142 728 11457
230029520 154 100 11481
230115632 151 1772 11485
230258196 158 1938 11492
230408863 159 1210 11499
230769651 155 1395 11517
230790545 149 1580 11518
230910637 152 1440 11524
230952984 150 1871 11526
231162826 157 47 11537
231203373 140 1244 11539
231556714 150 710 11557
231626473 145 1084 11561
231683760 151 1562 11564
231794532 158 1172 11569
232036432 154 1095 11581
232143251 152 1794 11587
232296723 152 360 11595
233332186 149 912 11646
233701201 152 1623 11666
233997365 156 1850 11681
234050535 155 978 11684
234138955 152 557 11689
234519153 153 43 11709
234746440 159 408 11720
235511012 146 522 11758
235966903 142 1515 11781
236182653 153 586 11792
236857554 156 1317 11825
237455539 159 172 11856
237939331 143 253 11879
238259014 152 523 11895
238277104 158 672 11896
238441679 148 452 11904
238579043 153 36 11911
238660565 143 1525 11915
239074371 144 1018 11936
239479033 146 1697 11956
239851316 143 611 11974
240879553 158 1449 12025
241151835 143 1659 12038
241261492 149 897 12044
241476835 159 1159 12054
241820031 144 1656 12071
241934146 145 1711 12077
243380427 158 1210 12149
243529748 150 1993 12156
243771767 140 1982 12168
244118002 145 440 12185
244756417 158 1194 12216
245065756 159 156 12232
245242767 153 1174 12241
245376522 153 306 12248
245806074 142 931 12270
246361593 155 821 12298
246404461 155 535 12300
246426471 143 1323 12301
246850830 149 254 12323
246871216 145 829 12324
247083679 154 719 12335
247621034 148 757 12362
248843639 149 1091 12425
249003823 149 1340 12433
249322790 144 1817 12448
249362040 159 1272 12450
249403985 156 1638 12452
249644972 145 1379 12464
249851916 158 240 12474
250431117 147 1612 12502
250733523 154 1472 12517
250778115 146 1076 12519
250936520 156 762 12527
251580730 158 753 12559
251793356 146 1191 12570
251936528 141 1267 12577
252129001 149 864 12587
252213220 151 1172 12591
252397858 148 1463 12600
252545765 156 169 12607
253033336 147 980 12631
253073732 152 667 12633
253260881 140 882 12642
253841319 144 296 12671
254651694 141 930 12713
255264159 152 1416 12744
255300954 154 293 12746
255354027 144 924 12749
255432269 158 1344 12753
255508215 157 801 12757
255728285 153 321 12768
255947256 155 451 12780
256440340 149 348 12804
256462590 146 1657 12805
257134939 157 967 12839
257239456 154 618 12844
257474566 147 169 12856
257515070 145 1770 12858
257530070 141 1016 12859
258032486 142 183 12884
258052541 141 1097 12885
258362455 142 1761 12900
258466928 146 1241 12905
258567417 141 1561 12910
258744987 152 1530 12919
258801278 159 1568 12922
258845059 148 1573 12924
258989135 152 1520 12931
259208501 145 1660 12942
259670328 149 226 12966
259875027 157 585 12977
259955637 158 33 12981
260187590 158 260 12993
260411387 146 894 13005
260703425 149 1792 13019
260794573 141 219 13024
260845915 146 1596 13027
260949648 145 1749 13032
261626981 152 1071 13065
261665334 142 93 13067
261707748 147 29 13069
262099103 142 594 13089
262410300 159 482 13103
263208885 156 1394 13142
264666809 142 807 13215
264919777 158 742 13228
265312606 145 1297 13248
266367007 159 1827 13299
267222313 142 110 13340
267543576 149 295 13357
267989532 141 1175 13380
268030618 152 828 13382
268408113 155 204 13400
268578224 141 941 13409
268686772 147 59 13415
268867307 142 1727 13424
269057841 143 598 13434
269354576 152 17 13449
269392716 142 1989 13451
270453360 144 90 13502
270862396 154 1960 13524
271006492 140 759 13532
271296524 150 93 13546
271318678 151 1560 13547
271472487 151 1997 13555
272048028 153 785 13585
272415464 150 647 13603
272954865 143 1092 13631
273236717 142 279 13645
273257430 146 834 13646
273466033 152 666 13656
273504572 150 1751 13658
273542893 152 1234 13660
273668142 159 1481 13666
273854005 144 1584 13675
273952362 154 1985 13680
273994653 149 441 13682
274056224 159 1467 13685
274233331 158 398 13694
274669769 155 416 13716
274771530 149 252 13721
274787841 153 1682 13722
274869750 152 580 13726
274912258 148 286 13728
275177330 143 442 13742
275585169 150 1068 13762
275842204 144 620 13775
276095034 151 1605 13787
276387446 144 1046 13801
276891029 159 1107 13826
277321866 150 1478 13846
277429538 145 269 13851
277488267 150 852 13854
277737103 159 312 13867
278343807 153 1491 13896
278462514 152 937 13902
278621603 146 1474 13909
278640508 145 1987 13910
279217748 155 663 13940
279386342 154 1152 13949
279656881 150 766 13962
280569747 153 1594 14007
280591267 143 533 14008
280745281 146 758 14016
280826886 152 1136 14020
281163826 158 106 14037
281739911 141 1937 14066
281909650 150 859 14075
282315775 155 1724 14095
282377672 152 1128 14098
282496123 144 1428 14104
282530992 156 1589 14106
283156396 155 759 14137
283179251 156 102 14138
283570605 141 392 14158
283917579 154 1822 14175
284348368 144 1358 14196
284601273 141 1895 14209
284680349 159 1524 14213
284764615 154 238 14218
285354856 152 724 14248
285519693 141 1031 14257
285605630 140 829 14261
285810984 149 1227 14272
285872009 152 1598 14275
286236478 153 840 14293
286339557 149 1327 14298
286683951 141 283 14315
286741247 149 627 14318
287201667 152 680 14341
287432672 154 102 14352
288368385 152 131 14398
288657379 156 991 14412
288741363 148 573 14416
289402276 141 1692 14449
289855560 141 232 14471
289920270 150 88 14474
290080358 159 693 14482
290218510 157 916 14489
290768664 151 1684 14518
290809727 154 413 14520
291373401 158 1255 14547
291643478 153 1594 14561
292590761 156 502 14609
293004990 145 506 14629
293159342 149 1598 14637
293666943 150 1188 14662
293690668 156 1981 14663
294140600 153 754 14685
294508061 159 1510 14704
294604325 146 1453 14709
295442001 146 1823 14750
295559033 141 1284 14756
296149597 141 1948 14785
296882627 152 1711 14822
297305691 153 594 14844
297840862 153 1045 14871
298419634 159 1823 14900
299604945 159 1875 14959
299747064 158 1005 14966
299811169 144 369 14969
299898104 148 28 14973
300222354 159 1309 14989
300356305 147 338 14996
300561022 141 1245 15007
300604553 152 1118 15009
300667939 140 1201 15012
300945155 149 28 15026
301071272 150 1855 15032
301711340 158 1751 15064
301791572 152 1869 15068
301931605 153 1775 15075
301970535 152 70 15077
302058138 143 1730 15081
302187722 145 1649 15088
302646386 147 200 15111
303006061 159 1311 15128
303274598 151 1765 15142
303471172 156 1329 15153
303493601 147 265 15154
303518601 159 1388 15155
304807975 151 368 15220
305074640 159 603 15234
305159402 142 1141 15238
305263731 153 811 15243
305420829 145 1913 15251
305437424 150 356 15252
305580068 141 1300 15259
305678648 141 612 15264
305790117 140 1596 15270
305850143 155 1163 15273
305906095 142 205 15276
306188812 145 457 15290
306429445 157 161 15303
306665773 155 941 15315
306922226 158 1912 15327
307130999 143 516 15338
307509455 149 233 15357
307768117 149 1022 15370
308177856 156 946 15390
309305338 147 1468 15446
309320983 149 455 15447
309803421 159 1563 15471
309846816 157 705 15473
309865705 153 691 15474
310447507 143 315 15504
310985215 155 1880 15531
311798719 142 1804 15571
312693198 146 1447 15615
312991327 159 679 15630
313075589 158 509 15634
313511024 159 641 15656
313697927 146 1593 15665
314349419 140 789 15697
314482491 151 1261 15704
314608414 152 668 15710
315323808 145 1207 15746
315341083 159 1573 15747
315381300 154 530 15749
316004992 150 1944 15780
316276461 142 1475 15793
316291465 147 372 15794
316524858 151 1829 15806
317174126 144 343 15839
317217611 156 1385 15841
317680565 144 1823 15864
317754607 156 317 15868
318061351 152 1363 15883
318178697 156 1160 15889
318371800 144 852 15898
318418367 140 665 15900
318478294 148 349 15903
318654898 158 161 15912
319991271 159 1704 15981
320026607 147 350 15983
320211817 147 1330 15992
320360930 149 1514 15999
320530932 157 119 16008
320842992 157 961 16024
320970852 142 223 16030
321261477 145 1733 16044
321745080 142 1952 16068
322032374 149 1197 16082
322413298 147 179 16100
322650022 140 519 16112
322783893 150 1723 16118
323375195 142 1346 16147
323399355 142 1817 16148
323475982 145 397 16152
323727455 141 1177 16165
323961188 144 1205 16177
324042160 157 689 16181
324123417 150 247 16185
324295727 143 892 16194
325010890 151 327 16230
325183810 158 1332 16239
325365355 144 1396 16248
325847147 145 953 16272
326027473 150 570 16281
326927929 158 1947 16323
327190822 144 565 16336
327236684 145 564 16338
327820784 146 1056 16366
328321242 157 518 16392
328428201 158 614 16397
328593123 141 840 16405
328647123 158 204 16408
328880984 158 1549 16419
329750296 158 1935 16462
329791274 151 764 16464
330178961 146 246 16484
330507661 159 1398 16500
330716234 158 1260 16510
331022149 143 423 16525
332202143 159 54 16584
332302164 159 1589 16589
332522036 141 558 16600
332581692 159 1134 16603
332763405 154 1824 16612
332799563 155 780 16614
333060327 146 36 16627
333653072 150 983 16656
333729156 141 1174 16660
335207796 153 745 16732
335295313 141 1834 16737
336032363 158 239 16774
336133972 158 1581 16779
336978936 149 761 16822
336995079 158 1623 16823
337110248 147 1292 16829
337248391 140 88 16836
337321988 146 894 16840
337837425 154 888 16866
338009673 159 1886 16875
338138225 154 577 16881
339110034 150 1451 16929
339206813 153 1271 16934
339305518 140 834 16939
339668216 147 865 16957
339874594 157 1529 16968
340151360 140 229 16981
340954982 142 870 17020
341366313 151 219 17040
341547719 141 1800 17049
341911822 144 1732 17067
342234729 157 1175 17084
342382088 159 92 17091
342928119 141 1464 17117
343030632 152 574 17122
343415876 143 1014 17142
343962641 141 1203 17170
344139679 144 520 17179
344179847 141 1053 17181
344280833 159 752 17186
344745964 158 563 17210
345652093 159 1407 17255
345874995 157 734 17266
346132378 150 687 17279
346192298 153 1063 17282
346346810 150 961 17289
346468430 149 1481 17295
346645995 152 1657 17304
347092849 149 1473 17326
348000988 148 6 17370
348042111 156 1666 17372
348342069 144 474 17388
348584113 157 1131 17400
348649758 158 1974 17403
348688049 154 67 17405
349465478 153 1790 17444
349869501 152 1686 17464
350811903 155 707 17510
350979266 144 794 17518
352756234 148 240 17607
353077339 158 361 17623
353930351 150 1508 17666
354772726 159 1439 17705
354839287 159 1757 17708
355032799 155 1046 17718
355343304 150 1667 17733
355554512 147 251 17744
355571034 156 1049 17745
355829535 147 1305 17758
355914646 157 592 17762
356583140 144 1671 17797
357180252 157 858 17826
357770457 158 1392 17855
357848350 153 574 17859
358339856 143 444 17884
358552690 159 1523 17895
358738307 142 720 17904
358795514 148 645 17907
358988596 149 390 17916
359024287 151 1227 17918
359205965 145 45 17927
359382285 148 1190 17936
359476871 144 962 17941
359499393 151 1127 17942
359611664 158 1871 17948
359842147 157 1024 17960
359968345 156 1395 17966
359986306 155 812 17967
360113473 148 1455 17974
360281908 145 1616 17983
360377961 152 1719 17988
360453511 153 743 17992
360674149 156 890 18003
360699149 146 1734 18004
361228929 145 1371 18031
361534562 156 1648 18046
362310336 157 525 18086
362615355 152 725 18101
363812271 148 710 18160
364410209 140 1856 18190
364658175 148 189 18202
364978965 158 818 18218
365031299 143 364 18221
365154334 158 499 18227
365251940 145 1648 18232
365763836 142 1417 18258
366280597 151 742 18284
367014366 148 21 18320
367244707 145 1130 18331
367292331 151 404 18333
367469258 154 322 18342
368014558 153 1068 18368
368174164 149 1596 18376
368273903 154 1766 18381
368870412 159 1952 18411
370112644 152 1795 18473
370440180 145 1075 18489
370962352 147 594 18515
371070836 159 782 18520
371145684 151 233 18524
371164796 158 257 18525
371209005 152 117 18527
371245959 144 1765 18529
372170891 150 1181 18575
372527799 146 1781 18592
373637746 156 1457 18647
374244836 140 441 18677
374517668 146 1772 18691
374812839 147 1821 18706
375081107 159 501 18719
375304555 140 664 18731
375401684 158 1363 18736
375615434 145 1039 18746
375718045 145 1742 18751
375758239 152 418 18753
375918515 142 318 18761
376001381 141 1155 18765
376130399 154 741 18771
376636413 150 1264 18796
376679536 152 813 18798
376853720 152 1216 18807
377080044 140 340 18818
377347605 155 614 18831
377843933 150 1061 18855
378197008 154 979 18873
378215687 149 24 18874
378457171 155 735 18886
378566715 143 1343 18891
378749692 158 172 18900
378837697 151 1237 18905
378998219 158 1849 18913
379295049 153 1015 18927
379315278 148 1650 18928
379655110 158 1302 18945
379918086 142 907 18958
380247222 157 370 18974
380304508 153 59 18977
380761855 144 149 19000
381356479 155 500 19031
381747472 148 1955 19051
381878155 146 550 19057
382039882 158 1277 19065
382182344 141 1337 19072
382308952 150 1985 19078
382365491 147 189 19081
382740377 145 1560 19099
382939546 151 154 19109
382960551 141 470 19110
383000495 145 499 19112
383038561 144 1762 19114
383456849 141 245 19135
384178475 159 1357 19170
384485878 147 419 19185
384585886 144 1581 19190
385805701 143 1185 19251
386353652 147 1122 19279
386864006 141 1742 19305
386924177 143 8 19308
387804836 153 1181 19353
388104396 143 30 19368
388483593 154 491 19387
388682333 151 1414 19397
388762387 143 475 19401
388822062 140 1730 19404
388898257 143 1313 19408
389016782 156 1620 19414
390099833 142 825 19466
390333180 153 1233 19477
390596372 153 1183 19490
390723368 156 945 19496
390744980 159 1945 19497
390759980 142 1186 19498
390923276 155 1088 19506
391555380 158 114 19537
392007775 151 1118 19559
392027705 141 1355 19560
392817003 140 990 19598
393064123 140 1771 19610
393599790 152 1957 19635
393640914 154 313 19637
393927859 149 295 19652
394106915 159 976 19661
394447669 146 309 19678
394987086 158 1946 19706
395332537 142 70 19723
395443514 140 699 19728
396051976 155 1589 19758
396088290 159 1712 19760
396373815 151 678 19774
396512907 150 473 19781
396639035 158 1039 19787
396660356 157 1913 19788
396711378 149 33 19791
397018815 142 272 19807
397409109 148 740 19826
397467284 159 1506 19829
397934520 142 120 19854
398121919 153 751 19863
398139529 156 185 19864
398272227 154 936 19871
398567774 145 1707 19886
398631259 159 1413 19889
398844438 159 1240 19899
399071021 150 1852 19910
399483130 156 861 19931
