141863 4 657 6
1269548 4 768 61
1395265 9 851 67
1966716 17 811 96
2451728 18 36 121
2941388 3 1028 146
2983145 17 1144 148
3241275 1 1971 161
3261033 10 75 162
3429153 10 1221 171
3545568 12 1342 177
3984782 15 1376 198
4002977 2 652 199
4074632 1 1109 203
4228277 6 764 210
4387795 3 1512 218
4743595 0 1381 236
4901506 13 651 244
4925986 7 608 245
5022244 0 1153 250
5157904 3 1752 257
5459558 19 898 273
6045184 5 1485 303
6087288 14 692 305
6109576 9 483 306
6312694 1 1743 316
6517753 3 34 327
6912559 13 1613 348
7081700 4 296 357
7273452 18 1254 367
7312440 8 103 369
7430336 6 1624 376
7490237 8 940 379
7624352 7 1783 386
7841785 7 1624 397
7866553 2 1072 398
8023124 5 827 406
8331535 9 610 422
8390913 14 1256 425
8506887 4 1116 431
9445679 12 1 481
11232730 0 1839 568
11436325 17 1038 579
11851094 16 502 600
11887827 10 1505 602
12115375 8 1109 613
12134460 5 231 614
12497578 1 1009 632
12817526 18 931 648
13432547 14 273 678
13973978 17 893 706
13991659 2 1356 707
14419097 7 354 729
14439697 2 512 730
14571736 11 1704 737
14610777 14 1114 739
14720008 8 726 745
15185017 7 1491 768
15662620 4 194 792
16202140 18 353 819
16699074 2 1761 845
16859806 18 1334 853
17884071 12 1690 904
18526365 16 516 937
18670966 12 905 944
18939773 6 412 958
19544526 3 1568 989
19613376 7 1726 993
19712703 0 1351 998
19847684 19 1070 1005
20311379 15 1222 1028
21143368 10 1918 1068
21861330 17 127 1105
22015936 17 353 1113
22158530 5 87 1120
22174725 1 26 1121
22500144 7 348 1137
22915194 11 1492 1157
23179367 0 1761 1170
23479690 6 1310 1185
23536596 11 889 1188
23811694 15 1035 1202
24067380 11 1764 1215
24502807 6 894 1237
24520639 16 166 1238
24648135 5 393 1244
24667268 12 113 1245
24905438 2 1177 1257
25283317 3 119 1276
25474091 4 771 1286
25655342 17 116 1296
25933320 11 1425 1309
26769374 10 1367 1351
27052151 7 1681 1365
27249858 18 968 1375
27717972 12 961 1399
27740967 17 1632 1400
28342062 15 1770 1430
28515460 7 348 1439
28823231 16 393 1454
28924488 17 1394 1459
29051908 16 1464 1466
29245180 10 384 1476
29443465 2 1313 1486
29510072 9 194 1489
29813842 10 845 1504
29913846 0 1832 1509
30274463 0 1751 1526
30624323 17 1865 1543
30754076 12 639 1549
30930247 16 1325 1558
31028169 10 1818 1563
31124962 0 154 1568
32033756 14 318 1613
32057862 4 733 1614
32270075 17 1155 1625
33225421 16 1166 1673
33505388 6 1124 1687
33539749 4 1186 1689
34134804 3 269 1719
34546622 17 22 1739
34641579 3 879 1744
34745918 11 1445 1749
34839585 2 1229 1754
35050494 0 1897 1765
35247701 6 780 1775
35435184 17 826 1785
35889993 3 157 1806
36008241 1 1053 1812
36080235 2 850 1816
36474677 16 281 1835
36511904 10 1265 1837
36793024 2 197 1851
37522715 10 90 1887
37544979 1 1092 1888
38158234 15 1614 1920
39030940 17 115 1962
40712937 16 1004 2047
40809404 3 1115 2052
40892778 0 421 2056
40994495 14 209 2061
41231878 17 827 2072
41332485 18 696 2077
41495805 19 823 2085
41533420 18 664 2087
41660896 8 361 2093
41991809 19 573 2110
42008780 12 780 2111
42033780 6 211 2112
42116891 5 248 2116
42256544 2 766 2123
42372924 0 484 2129
42412924 2 672 2131
42822232 19 1400 2152
42845641 8 1586 2153
43070016 0 1354 2164
44181842 6 1164 2221
44286305 14 714 2226
44743866 10 1444 2248
45494112 12 1898 2285
46082922 4 341 2315
46305387 16 795 2326
46573920 16 355 2339
46806701 13 1020 2351
47279372 1 684 2374
47790319 8 938 2399
47887880 14 352 2404
47909418 5 693 2405
48308630 11 68 2425
48352227 13 1249 2427
48389122 7 704 2429
48720452 7 121 2446
49967447 1 1973 2508
49990785 5 1341 2509
50428485 18 1157 2532
50949443 4 1925 2557
51195668 0 1461 2569
51216933 2 1790 2570
51325678 1 693 2576
51343279 17 1985 2577
51500770 17 1484 2585
51583613 15 1024 2589
51770640 0 922 2598
51792761 9 249 2599
51969692 5 754 2608
52547678 18 682 2637
52855271 15 25 2652
53010601 10 1528 2659
53081188 2 894 2663
54232761 17 722 2721
54446513 15 1369 2732
54786316 18 637 2749
55116990 13 1845 2765
55602324 12 1970 2789
55885513 6 935 2804
56248988 2 503 2822
56656000 19 287 2842
57810653 3 354 2899
57852781 11 1136 2901
58136943 8 1757 2916
58178318 18 87 2918
58422650 5 119 2930
58441093 3 1142 2931
58758571 6 1209 2947
59304014 1 730 2973
59321090 0 1671 2974
60376600 0 560 3025
60939880 8 1626 3053
61116315 4 1071 3062
61213366 16 1515 3067
62028496 14 1147 3107
62691645 8 694 3140
62771797 18 1021 3144
63652765 14 1749 3187
64578033 5 1263 3234
64855142 1 1592 3247
65021163 2 170 3255
65278003 14 588 3267
65465783 19 714 3276
66136449 6 479 3308
66247374 8 585 3314
67844090 9 1793 3391
68149942 17 117 3406
68351249 12 1477 3416
68429069 13 804 3420
68663980 6 237 3432
69081709 9 1997 3453
69231229 17 1782 3461
69335339 6 347 3467
70471646 12 374 3523
71072303 2 1808 3553
71093924 8 1659 3554
71821843 9 929 3591
72863946 9 1190 3642
73141560 0 916 3656
73635116 8 498 3681
73946857 15 1676 3696
74004691 16 1640 3699
74611094 3 1245 3730
74630355 19 890 3731
74855604 1 1844 3743
75143295 1 1040 3758
76091020 8 1206 3806
76222057 10 660 3812
76360269 0 293 3819
77132499 2 1074 3859
77155333 16 478 3860
77310578 3 14 3868
77335404 4 1527 3869
77373218 17 1152 3871
77889474 2 268 3897
77913851 11 1549 3898
77931421 9 761 3899
78216820 14 673 3913
78290791 16 1966 3917
78350383 1 1801 3920
78474280 11 1823 3926
78496528 18 436 3927
78844389 5 900 3945
79595399 12 923 3982
79670399 6 1536 3985
80192715 4 186 4010
80353862 2 945 4018
80609206 17 1743 4031
82385329 9 894 4120
82450597 4 512 4123
82602887 13 1145 4131
82768857 4 452 4139
82986814 1 1309 4150
83650896 3 91 4182
83774674 12 507 4188
83902475 3 910 4194
83967893 8 882 4197
83989168 9 1935 4198
84090939 11 1153 4203
84342005 10 1799 4216
84807641 12 1294 4239
85099732 9 1238 4253
85268888 11 941 4261
85330664 14 586 4264
85388594 6 734 4267
85451484 12 1011 4270
85925803 5 834 4293
87038266 9 1400 4346
87619084 11 1252 4376
88009320 14 1923 4395
88613529 11 526 4424
89078491 14 211 4447
89168621 18 476 4451
89729352 12 555 4479
89872105 17 203 4486
90088162 9 936 4497
90377193 14 1393 4511
90768384 15 647 4531
91073074 14 221 4546
91244644 1 1848 4555
91386459 6 1195 4562
91640619 1 1722 4574
91930736 1 1581 4588
91971320 0 1373 4590
92182508 2 1219 4600
92429315 11 170 4612
92450553 9 1083 4613
92466151 15 1842 4614
92513218 12 1329 4617
92893211 19 1406 4637
93695046 15 647 4677
93913109 15 214 4688
94005852 16 1832 4693
94169714 17 1359 4701
94294278 12 469 4707
94334421 9 350 4709
94782995 5 1971 4732
95107791 12 1475 4748
95128805 13 1777 4749
95197324 14 761 4753
96001285 6 758 4794
96038400 15 849 4796
96554179 9 124 4822
96775241 5 1261 4833
97073361 9 1945 4848
97346276 9 1526 4862
97387473 16 49 4864
97507218 7 1869 4870
97885494 1 1923 4888
98184826 9 1402 4903
98580934 18 566 4923
99131334 6 494 4951
99173672 2 1666 4953
99220638 5 867 4955
99458906 16 1111 4967
99559338 2 65 4972
99741499 6 920 4981
99804715 3 1207 4984
99999144 1 588 4994
100182020 6 1969 5003
100795803 0 238 5032
100832128 2 1580 5034
100894588 17 422 5037
100959698 19 1740 5040
101226736 5 347 5054
101484986 15 1759 5067
101642451 0 283 5074
101908260 3 1202 5087
101991797 4 1122 5091
102119449 13 1995 5097
102777644 8 1629 5130
103017173 7 1037 5142
103353570 17 210 5158
103502924 2 1735 5166
103578942 17 337 5170
103613963 13 919 5172
103654964 3 1813 5174
104427296 13 1079 5212
104738030 11 1592 5227
104919641 13 1460 5235
104958199 16 231 5237
105036971 6 386 5241
105318478 16 289 5255
105377734 2 877 5258
105456120 19 192 5262
105847490 9 1003 5281
105985904 5 1312 5288
106089291 12 1688 5293
106485978 7 91 5313
106887626 5 1199 5333
107260141 14 853 5351
107441027 18 879 5360
107744370 9 769 5376
107821330 18 1668 5380
108029142 16 853 5390
108242552 0 687 5400
108387852 8 1792 5407
108429445 1 1671 5409
108844722 16 40 5430
109282724 18 498 5452
109304754 18 1711 5453
109501184 4 1901 5462
109931714 13 337 5484
110129739 6 1025 5494
110494488 10 1641 5512
110854175 15 1480 5531
111768532 1 1184 5577
112361156 14 1839 5606
112466894 13 316 5611
113166502 15 1555 5646
113289387 13 426 5652
113328300 4 388 5654
113498766 4 111 5663
113695731 10 674 5673
114185614 1 1495 5697
114303313 14 1266 5702
114346017 7 574 5704
114531934 11 659 5713
114588023 4 1035 5716
114817619 8 365 5727
117095027 10 1738 5840
117417802 18 916 5856
117475168 17 1860 5859
117549198 14 1889 5863
117684924 8 157 5870
118699847 16 936 5921
119300963 15 1303 5950
119418339 9 192 5956
119681582 0 59 5970
119746606 4 127 5973
120177618 9 101 5994
120925381 6 442 6031
121003023 7 1440 6035
121125972 6 1014 6042
121482658 9 1483 6060
121504119 12 1147 6061
122311016 5 981 6102
122675065 6 1276 6120
123057785 7 471 6140
123273710 11 1475 6151
123358555 7 974 6155
123412114 7 74 6158
123445896 1 1758 6160
123495855 12 698 6162
123712738 13 647 6173
124426754 12 1577 6209
124870804 11 1457 6232
124970252 7 1747 6237
125103262 12 334 6244
125276892 2 1578 6253
125379361 5 547 6258
125526831 5 1235 6265
125746695 6 1873 6276
126124384 19 1538 6295
126642243 9 157 6321
126738412 2 868 6326
126858023 6 236 6333
128044445 7 269 6390
128068318 16 1613 6391
129074201 0 601 6441
129233725 19 1424 6449
129475237 5 682 6461
130033804 3 1115 6488
130577835 14 1209 6516
130695264 9 1380 6522
130730021 12 304 6524
131010282 10 1328 6538
131032031 11 889 6539
131226981 2 870 6549
131897913 3 399 6582
131938518 17 117 6584
132320648 18 1477 6604
133050770 4 1808 6642
133113679 5 373 6645
133520339 0 1522 6665
133617483 2 1074 6670
133725632 7 838 6676
133746296 9 536 6677
133808945 11 1424 6680
134285065 14 91 6703
134798535 0 300 6729
134875574 19 1071 6733
134896671 2 1750 6734
134920151 10 1077 6735
135280836 15 1328 6753
136396195 15 121 6808
136463648 16 357 6811
136563115 5 152 6816
136720365 4 1976 6824
136856551 6 1923 6831
137259990 13 863 6850
138217013 10 1730 6899
138294360 17 1761 6903
138398921 8 711 6908
138482053 2 1910 6912
138663132 14 1352 6921
138935801 1 1666 6934
139184939 1 1362 6947
139820469 8 1105 6980
139901350 3 239 6984
140376958 2 713 7008
140473768 11 1885 7013
140559861 1 667 7017
140786896 12 952 7028
140832564 2 1061 7030
141128881 0 1256 7044
141212095 17 175 7048
141229604 17 1589 7049
141789644 1 1704 7076
141806169 13 1336 7077
142562718 12 724 7115
142771006 7 1746 7125
142811149 11 1884 7127
143161252 17 1654 7145
143206617 5 1102 7147
143521816 15 1058 7162
143848331 6 667 7178
143996969 1 979 7186
144234937 0 137 7198
144940789 7 684 7234
145363128 13 1951 7255
145578966 3 619 7265
145657581 15 1031 7269
145730887 1 1591 7273
145920865 15 1059 7283
146032933 2 1264 7289
146051120 8 216 7290
146188834 3 1165 7297
146221328 14 1628 7299
146278760 7 462 7302
146476591 5 1072 7312
147070187 2 801 7342
147342907 11 1609 7356
147468650 11 1039 7363
148546439 11 763 7417
148856800 10 1648 7432
149051914 0 1241 7442
149986080 11 1535 7489
150359738 4 999 7507
150376557 18 1159 7508
150417933 9 1768 7510
151116886 0 1599 7546
152083440 8 177 7594
153217375 5 82 7650
153760273 0 148 7678
154453117 7 371 7712
155195167 15 1555 7748
155562203 17 348 7766
155725951 8 204 7774
156915791 14 855 7834
157108655 7 811 7844
157885425 1 1986 7884
157998533 3 400 7890
159709126 0 500 7976
159828349 16 134 7982
159872840 4 187 7984
160106324 18 1343 7995
160143971 11 304 7997
160350367 5 1130 8007
160825023 17 1553 8031
160905223 3 973 8035
161266934 19 586 8053
161368144 13 1447 8058
162056484 14 1108 8092
162307434 15 522 8105
162705858 1 1442 8126
163864546 17 227 8185
164075853 11 120 8196
164118095 18 505 8198
164939758 15 1842 8239
164955676 0 1974 8240
165155684 9 344 8250
165451300 19 735 8264
165551506 3 318 8269
166064399 2 1462 8294
166108670 9 561 8296
166169243 16 250 8299
166267520 2 1365 8304
167073493 1 435 8347
167597754 8 1904 8373
167821960 16 663 8384
167920801 15 657 8389
168413067 15 120 8413
168456756 15 808 8415
168478706 10 1444 8416
168829684 11 590 8434
169083362 14 1600 8447
169585145 3 104 8472
170137332 10 1740 8501
170247189 15 1357 8507
170287381 0 1270 8509
170340710 2 484 8512
170701294 14 1750 8530
170744350 14 1065 8532
171787244 5 1852 8586
171875629 5 86 8590
171955129 19 8 8594
173257075 6 443 8659
173393104 11 463 8666
173803247 0 1967 8686
173948548 5 314 8693
174126660 11 788 8702
174165471 7 340 8704
174752210 11 210 8733
174795161 7 1822 8735
174869313 14 1723 8739
174984906 14 690 8744
175468280 12 625 8767
177127856 11 299 8850
177207177 9 1029 8854
177222177 4 802 8855
177261042 0 1416 8857
177519649 0 1874 8870
177721808 11 870 8881
178020267 19 1285 8895
178062794 8 7 8897
178297474 1 411 8909
178398007 10 1604 8914
178722621 2 42 8929
179109241 4 62 8948
179145119 0 577 8950
179287277 2 1450 8957
179619276 11 1266 8974
179830345 13 823 8984
180369101 9 1266 9010
180648446 13 1509 9024
180834843 3 1654 9033
180970485 17 1576 9040
181534609 7 1260 9068
181861219 6 920 9084
181884591 6 950 9085
181942182 10 837 9088
182199879 15 1861 9101
183082618 4 1123 9144
183226634 1 100 9151
183353353 1 95 9157
185700249 0 511 9273
186389942 11 790 9306
187231917 10 227 9348
187268175 1 1013 9350
187307249 5 390 9352
187415519 16 1813 9357
187989760 8 1001 9386
188360931 7 1643 9404
188433130 13 1432 9408
188534601 2 1421 9413
188597711 6 610 9416
188859136 4 349 9429
189545569 12 1094 9463
189681536 6 127 9470
190169478 8 857 9494
190491128 1 810 9510
190725589 17 641 9521
190744902 12 1993 9522
191277895 4 1458 9548
191372641 16 1680 9553
191563719 2 359 9563
191926032 2 380 9581
191994125 17 81 9584
193039328 4 819 9635
193104528 4 1375 9638
193365377 0 1971 9651
193466034 11 111 9656
194700649 5 752 9719
194834162 10 219 9726
195043623 0 890 9737
195714294 4 1075 9769
195956067 15 1125 9781
196080189 3 319 9787
196241342 7 814 9795
196415518 3 1375 9804
196432204 11 816 9805
197266011 8 534 9846
197356664 16 1567 9850
197636720 15 1825 9864
197673401 13 1269 9866
197734389 3 889 9869
198093128 9 362 9887
198109883 2 705 9888
199089784 15 1148 9938
199197964 13 374 9943
199357327 5 530 9951
199411630 13 1358 9954
199537450 12 1486 9960
199582493 15 1678 9962
199653266 17 1069 9966
199856709 14 1646 9977
199916719 15 1902 9980
200271814 1 1903 9998
200605986 12 966 10014
200686342 5 570 10018
200734572 9 1467 10021
200793077 0 825 10024
200916465 14 1279 10030
201075548 7 994 10038
201337800 13 943 10051
201623803 17 256 10066
201777697 7 1197 10074
201907700 16 1823 10081
202064743 10 678 10089
203193920 5 738 10144
203832888 12 96 10176
204167917 12 1494 10193
204303845 6 1283 10200
204426693 10 1393 10206
204483292 18 687 10209
204678595 16 364 10219
204824765 18 1354 10226
205501049 5 820 10259
205577780 16 83 10263
205733515 1 1789 10271
206576064 17 517 10312
207080216 13 1864 10338
208455680 19 1098 10408
208640003 6 1948 10417
208845615 15 501 10427
209006166 0 1793 10435
209027334 11 256 10436
209243159 8 780 10446
209665447 11 195 10467
210022081 4 1813 10485
210460720 13 700 10507
210816361 9 577 10525
211110559 18 1265 10539
211171111 17 243 10542
211483221 7 1080 10557
212243045 8 283 10595
213799331 12 1614 10672
214223818 0 851 10693
214248818 2 1939 10694
215429841 13 1055 10753
216105436 10 792 10787
216377110 12 945 10801
216409689 4 1124 10803
216958530 9 1463 10831
217155914 12 626 10841
217376657 18 1329 10852
217475224 11 27 10857
217615218 8 503 10864
217920593 19 727 10879
218147121 19 1819 10891
218410894 4 154 10905
218766485 1 1600 10922
219354580 13 1032 10951
219436686 16 1978 10955
220040688 5 249 10986
220438489 19 1197 11006
220815922 6 512 11024
220890107 2 1818 11028
221410609 14 1781 11054
221455560 11 798 11056
221617094 7 274 11064
221730532 15 1819 11070
221965637 11 1317 11082
222027134 17 1368 11085
222132051 10 1051 11090
222196556 12 147 11093
223068769 19 713 11137
223278398 8 182 11148
223492439 13 645 11159
223857928 15 1642 11177
224445090 14 1663 11207
224547406 9 827 11212
225349040 2 1998 11251
225948507 14 276 11280
226153376 17 1849 11291
226997752 7 1306 11332
227128192 17 412 11338
227919508 10 1738 11377
228121902 17 1297 11387
228547591 5 1569 11409
228914939 14 843 11427
229005119 15 403 11431
229025460 2 1950 11432
229792071 13 1484 11469
230602377 4 940 11509
230930579 1 1047 11525
231485252 9 85 11553
231829314 2 1450 11571
232319121 6 1257 11596
232575855 9 845 11609
232621887 0 799 11611
232793295 11 1473 11619
233003618 19 250 11629
233678620 10 1325 11665
234070477 4 963 11685
234157562 8 320 11690
234195481 0 1859 11692
234894761 17 1731 11727
235210867 13 701 11743
235233153 14 700 11744
235397610 16 1949 11752
235847927 14 378 11775
237308946 1 830 11848
237524585 16 878 11859
237727865 19 338 11869
237767466 9 991 11871
238222981 2 301 11893
238928458 0 1080 11929
239098004 4 743 11937
239602861 19 215 11962
239693155 6 1698 11966
239884108 17 18 11976
240346416 7 1790 11999
240629195 12 945 12013
241185363 12 780 12040
241624973 2 1052 12061
242011128 7 929 12081
242174623 8 233 12089
242736101 14 101 12117
242778473 1 924 12119
242902276 8 9 12125
243048353 15 962 12132
243143321 8 1519 12137
243285865 8 1694 12144
243403227 8 276 12150
243788783 11 1065 12169
243971592 18 1677 12178
244039827 13 1076 12181
244061986 2 1300 12182
244083287 14 1177 12183
244504148 3 1849 12204
244542967 13 83 12206
244888774 12 971 12223
245127825 6 814 12235
245206689 14 193 12239
245258509 19 909 12242
245665019 16 974 12263
245936305 7 584 12277
246020395 13 1094 12281
246140862 18 18 12287
246178003 6 19 12289
246495560 3 1106 12305
246687703 15 1405 12315
246775547 6 1845 12319
247475513 17 158 12355
247909084 10 1834 12377
248032922 4 349 12384
248685323 7 327 12417
248723025 19 1004 12419
248943393 10 524 12430
249149884 18 11 12440
249276168 9 1708 12446
249447142 7 1732 12454
249955397 9 1434 12479
250265986 18 1134 12494
250695386 6 266 12515
251452053 7 1108 12553
251772127 3 1512 12569
251880916 16 285 12574
252016122 1 946 12581
252607059 16 287 12610
252835129 10 1828 12621
253328621 2 1060 12645
253370620 17 318 12647
253507297 7 180 12654
253964202 15 1430 12677
254087422 4 652 12683
254525495 17 1265 12706
254859437 19 1816 12724
255415705 19 290 12752
255651220 16 1158 12764
255833779 2 1582 12774
255924856 0 889 12779
256255398 2 887 12795
256820665 17 180 12823
256916885 0 312 12828
257707785 7 1348 12868
258449485 4 748 12904
258546408 0 1305 12909
258764585 5 81 12920
259366392 19 1647 12950
259459944 10 944 12955
259636397 14 1645 12964
259689728 15 1603 12967
260134866 2 1209 12990
260332423 8 1278 13001
260500114 15 1974 13009
260576788 16 923 13013
260618387 3 1097 13015
260828069 10 1609 13026
261121401 19 1721 13041
261143725 1 596 13042
261481839 3 259 13058
261546826 9 1094 13061
261899360 3 0 13079
262008828 1 1287 13085
262372530 8 1643 13101
263083157 18 528 13136
263312255 8 1809 13147
263330509 16 1872 13148
263448416 18 762 13154
263848905 11 1270 13174
264136839 14 1609 13188
264492093 8 1957 13206
264936254 19 738 13229
265276492 15 374 13246
265417553 5 1008 13253
265732084 15 661 13268
265989061 17 905 13280
266190644 8 104 13290
266290807 16 1069 13295
266471805 12 53 13304
266635588 19 748 13312
266698172 10 1960 13315
266790426 7 1950 13319
266971312 5 311 13328
267379128 17 374 13349
267576689 3 1221 13359
267690448 7 174 13365
267873580 5 1550 13374
267895588 4 1 13375
268087193 6 1551 13385
268278957 11 680 13394
268471564 6 1851 13403
268746372 3 617 13418
269041152 8 783 13433
269176355 2 1309 13440
269293595 5 1938 13446
269618901 4 950 13462
270190940 14 193 13489
270273486 13 1078 13493
270314072 11 182 13495
270336492 3 139 13496
270680432 8 462 13514
270892706 7 685 13526
271382350 2 1358 13550
271589382 16 873 13561
271634078 18 398 13563
271681831 7 1505 13566
271725857 13 724 13568
271903802 15 524 13577
272752605 7 1756 13621
272853366 14 398 13626
273179888 7 1482 13642
273441332 9 1881 13655
273565362 15 554 13661
273625882 11 218 13664
274078870 2 609 13686
274179954 18 1759 13691
274449051 16 1479 13705
274603428 7 265 13713
274934220 4 476 13729
275491342 7 271 13757
275528084 2 1214 13759
275568883 15 1976 13761
275944347 7 366 13780
276114355 10 418 13788
276590435 3 763 13811
276827368 0 638 13823
276980022 12 79 13830
277240206 7 831 13842
277722103 15 866 13866
277756169 13 1104 13868
278148096 8 1108 13887
278256763 11 1430 13892
278715375 12 499 13914
280236619 18 1194 13991
280650291 12 1802 14011
280846373 3 1608 14021
280888239 13 1667 14023
280962498 14 1255 14027
281008050 7 59 14029
281538418 17 513 14055
281777581 9 107 14068
282029541 16 1819 14081
282190366 8 10 14089
282334392 10 368 14096
282669183 1 751 14113
283063981 10 54 14132
283294900 1 1973 14144
283715390 19 440 14165
284530287 2 1849 14205
284895611 18 1376 14225
285312008 11 883 14246
285418913 6 1255 14252
285458913 17 1202 14254
285481818 19 288 14255
285541009 3 1213 14258
285719237 9 1329 14267
286093238 0 15 14286
286563463 16 1503 14309
287160318 18 386 14339
287363658 11 604 14349
287411668 10 1206 14351
288547001 16 692 14407
288883840 16 514 14423
288940928 1 1686 14426
289595399 2 755 14458
289640716 19 1433 14460
289724228 1 190 14464
289744948 0 1286 14465
289781750 15 1283 14467
289800415 9 972 14468
289837901 5 229 14470
290022151 4 1673 14479
290544577 17 1920 14506
290565019 6 25 14507
290595354 18 1125 14509
290973621 0 1025 14528
291015415 18 434 14530
291327638 4 872 14545
291535800 14 1379 14555
291867270 11 19 14572
291941937 10 177 14576
292340615 16 1063 14596
292671824 10 1059 14613
292695557 10 1152 14614
294005976 4 776 14678
294410692 5 1704 14699
295500605 11 1336 14753
295628269 16 1817 14760
295712811 4 258 14764
296051672 11 128 14780
296264930 11 1830 14791
296640160 14 1738 14810
296727697 19 1004 14814
296927441 4 257 14824
296944538 10 1311 14825
297583091 2 1383 14858
297642684 13 667 14861
298045883 0 1310 14881
298064213 19 572 14882
298238242 13 634 14891
298495825 15 746 14904
298645907 0 622 14912
298809915 13 647 14921
299212018 0 245 14940
299541696 5 157 14956
299667855 11 862 14962
299956562 3 1503 14976
300239120 7 1165 14990
300908085 14 1552 15024
300964955 16 536 15027
301434441 4 100 15050
301590021 8 1035 15058
301629654 8 271 15060
301729147 19 1632 15065
301886992 6 970 15073
302035194 3 719 15080
302231079 14 1811 15090
302288117 6 622 15093
302348638 3 1426 15096
302550356 8 658 15106
302817231 14 48 15119
303104935 12 970 15133
304023897 10 1271 15180
304673891 2 342 15213
305117807 11 1029 15236
305835143 2 448 15272
306129067 7 69 15287
306150540 19 1431 15288
306481525 17 346 15306
306865824 12 1552 15324
306885413 10 1434 15325
307173687 18 1748 15340
307607584 13 1956 15362
307624831 15 1730 15363
308257916 1 495 15394
308282916 8 1158 15395
308557194 7 7 15409
308624567 10 1734 15412
308917887 9 1665 15427
309040480 10 1157 15433
309650728 11 477 15463
309688153 3 1045 15465
309823000 12 1093 15472
310098606 11 806 15486
310270044 18 210 15495
310406079 16 1294 15502
310590776 9 489 15511
311371787 6 1816 15550
311531807 19 527 15558
312235100 0 1913 15592
313361333 14 1235 15648
313535208 19 965 15657
313577893 9 1357 15659
313738000 13 1045 15667
313825656 12 972 15671
314079727 10 1256 15683
314195497 14 4 15689
314390695 3 1281 15699
314427573 16 168 15701
315164886 17 72 15738
315881852 1 990 15774
316062033 12 1893 15783
316324841 10 1929 15796
316503261 13 1306 15805
316598073 14 947 15810
316771923 3 1062 15819
316954139 16 479 15828
317355413 9 1385 15848
317419106 3 1815 15851
318019575 8 1366 15881
318540051 2 1084 15906
318769801 11 77 15918
318867899 1 1748 15923
318935702 13 598 15927
318959716 0 526 15928
319105070 5 1724 15935
319144403 4 773 15937
319167842 3 98 15938
319756642 16 1415 15969
320080375 8 1957 15986
320399812 10 433 16001
320782947 1 1510 16021
320802264 12 1903 16022
321425492 5 1128 16052
321442171 19 1412 16053
321525755 14 1206 16057
322107262 19 1180 16085
322912861 13 1014 16124
323120818 6 940 16134
323629013 3 804 16160
324369589 12 1888 16198
325068008 8 1070 16233
325146667 18 1341 16237
325344223 8 1406 16247
325824037 16 1706 16271
326154829 19 1846 16287
326370730 4 417 16297
326393358 8 930 16298
326521187 11 7 16304
326907037 11 1627 16322
327025927 17 1276 16328
328033232 3 1583 16377
328155632 13 443 16384
328406302 12 359 16396
328865352 18 285 16418
329074389 4 117 16429
329218402 0 1635 16436
329334252 6 1649 16442
329544812 7 181 16452
329661254 4 1514 16458
329973356 19 511 16473
330303579 1 73 16490
330799361 7 1519 16514
331325993 7 1227 16540
332983172 19 995 16623
333040804 16 1297 16626
333123593 6 1232 16630
333163563 9 1727 16632
334045153 3 1570 16675
334170337 5 1301 16681
334232201 13 1722 16684
335108527 16 257 16727
335357185 5 965 16740
335416380 19 1694 16743
335683166 16 752 16756
335804214 17 245 16762
335896959 19 385 16767
336176097 4 466 16781
336244779 5 701 16785
336818024 10 355 16814
337168832 0 1683 16832
337210935 0 1958 16834
338217953 9 1369 16885
338620499 11 1042 16905
339150979 17 449 16931
339280518 0 1350 16938
339727663 9 1764 16960
339915398 12 1569 16970
340047840 9 1227 16976
340069149 4 1547 16977
341114814 13 1967 17028
341451269 18 1133 17044
341488759 13 1323 17046
341586487 4 1840 17051
342031870 8 1476 17073
342484129 13 624 17096
342847788 9 1621 17113
343005951 8 1671 17121
343249638 12 901 17133
343337970 4 1789 17138
343359736 18 1043 17139
343825726 7 109 17163
344155310 9 1478 17180
344569029 2 1781 17201
344866955 16 1542 17216
344954840 10 1221 17220
345119943 5 1981 17228
345202850 8 717 17232
345227049 10 1167 17233
345324072 13 1989 17238
345670401 16 922 17256
346630995 15 846 17303
347413777 1 283 17342
347539304 15 995 17348
347607661 19 1962 17351
348020075 19 97 17371
348362484 13 1834 17389
348382454 2 259 17390
349007227 12 1140 17421
349107289 0 1601 17426
349124879 5 1181 17427
349327876 0 535 17437
350115408 17 934 17476
350437109 11 1301 17492
350596386 8 152 17500
350659486 9 1199 17503
350745107 15 297 17507
350770107 4 1335 17508
351080903 16 662 17523
351851340 2 56 17562
352155838 5 1323 17577
352194394 2 1935 17579
352216785 2 510 17580
352736858 10 1023 17606
353434423 5 1762 17641
353497313 4 1820 17644
353973699 11 1975 17668
354541819 3 1286 17694
355203494 17 1516 17726
355227796 6 783 17727
355438689 3 353 17738
355514490 16 1617 17742
355529512 3 1962 17743
355651513 11 213 17749
355936291 8 1993 17763
356167007 0 223 17775
356928426 11 201 17814
357107705 6 1625 17822
357704117 8 994 17852
357948391 11 1590 17864
357990361 2 494 17866
358005361 7 380 17867
358676138 18 214 17901
358716973 0 836 17903
359060892 9 1802 17920
359184757 4 385 17926
359221913 3 1459 17928
359324446 18 1953 17933
359421363 15 1332 17938
360059043 4 1241 17971
360497712 2 1959 17994
360731713 18 1165 18006
360992163 7 1089 18019
361249951 19 1404 18032
361569420 17 67 18048
361752224 10 1916 18058
362475592 9 386 18094
362999186 14 1981 18120
363403274 11 82 18140
363829988 13 1327 18161
363847218 12 54 18162
364056726 15 1153 18172
364281846 1 1185 18183
364537831 8 886 18196
364776825 9 849 18208
364936089 13 1894 18216
365175201 10 910 18228
365366504 18 1359 18238
366500016 5 232 18295
366538409 13 1493 18297
366603923 10 1358 18300
366687748 16 1169 18304
366712748 6 206 18305
367814699 0 1580 18358
367834681 0 1498 18359
368134670 18 183 18374
368298903 11 1522 18382
368392428 15 1380 18387
368815523 0 1399 18408
368962822 12 400 18416
369053517 16 1464 18420
369230076 11 1793 18429
370070893 3 875 18471
370282156 8 1879 18481
370705988 13 802 18502
370833583 17 1893 18509
370854799 14 518 18510
371130633 9 1667 18523
371262193 1 1007 18530
371420010 12 489 18538
371564204 15 1645 18545
371888930 18 1978 18561
372013880 10 712 18567
372056230 14 37 18569
372487493 8 931 18590
372678252 1 63 18599
372857617 9 1017 18608
372973070 12 164 18614
372996577 10 1428 18615
373442164 14 1908 18637
373797982 11 1666 18655
373821311 18 1067 18656
373841318 8 744 18657
373922711 6 664 18661
374180224 13 826 18674
374224808 0 1634 18676
374306443 2 858 18680
374329089 8 1465 18681
374969449 16 1552 18714
375016471 17 1120 18716
375034630 14 437 18717
375630434 18 428 18747
375801678 14 509 18755
376152045 11 1423 18772
376221634 16 1810 18775
376422046 3 601 18785
376834071 7 1063 18806
377383795 17 102 18833
377427821 8 361 18835
377650463 9 170 18846
378163571 19 151 18871
378230687 14 975 18875
378584005 14 337 18892
378801243 7 1382 18903
378874717 4 913 18907
379352443 0 1897 18930
379512126 13 896 18938
379839878 12 1030 18954
379940352 0 410 18959
380103135 1 298 18967
380477932 1 1671 18986
380631656 10 200 18994
380740917 4 1491 18999
380860870 5 550 19005
381233445 11 1464 19025
381704107 5 463 19049
382513194 13 1797 19088
382642768 12 1286 19094
383497544 12 1394 19137
383753153 8 1963 19149
384927236 12 72 19207
385418092 13 1860 19232
385745968 11 1192 19248
385787485 13 941 19250
386551309 0 507 19289
386593915 16 1139 19291
387243520 14 830 19324
387400274 0 365 19332
387560971 6 624 19340
387936428 9 1676 19360
388043055 7 667 19365
388960381 0 1812 19411
389050469 14 378 19416
389480260 14 270 19437
389585624 3 46 19442
390311719 5 326 19476
391146728 6 1113 19517
391477462 14 1426 19533
391639151 1 20 19541
392300812 10 1205 19573
392598335 13 630 19587
393128519 18 951 19613
393268108 17 35 19620
393380839 13 971 19625
393617314 14 1556 19636
393662855 17 376 19638
394263105 6 370 19669
394559241 7 803 19684
394811178 18 1784 19697
395275346 5 718 19720
395668044 12 1239 19739
395730792 1 1058 19742
395963925 16 24 19754
396132637 3 312 19762
396208664 4 1698 19766
396902251 19 1075 19801
396962565 19 850 19804
397097937 11 226 19811
397163926 15 1357 19814
397425436 1 329 19827
397445885 0 1245 19828
397641053 2 902 19838
397829387 11 152 19848
398714885 6 864 19893
399184663 18 1886 19916
399712876 14 353 19943
399769143 16 1933 19946
400063716 17 1306 19961
400200357 17 927 19968
400386769 5 205 19977
400404509 0 1513 19978
400523195 12 1125 19984
400612511 1 745 19989
