841335 77 1957 40
918807 66 1303 44
941842 63 379 45
1616354 73 1666 78
2724473 73 1923 135
2764163 75 1745 137
3015346 66 1805 150
3036757 78 948 151
3376136 76 1302 168
3394505 68 1992 169
3706784 73 1047 185
4142521 72 708 206
4763364 75 1979 237
5192722 63 1082 259
5568659 64 748 278
5718447 72 46 286
5949235 68 560 298
6278508 67 1913 314
6708536 78 367 337
7219295 75 1716 364
7800968 71 494 395
8157616 70 1975 413
8724308 76 1898 442
8782513 65 951 445
9101527 64 1112 463
9194349 70 1858 468
9351381 60 953 476
9605841 79 1842 489
9942109 69 240 505
10231466 73 663 520
10458960 79 260 531
10788122 76 599 546
11456855 71 105 580
12030798 66 1282 609
12290483 65 429 622
12841197 69 699 649
13006489 79 532 657
13049756 73 1560 659
13393055 67 1179 676
13416567 61 440 677
13537344 64 803 684
13839554 64 238 699
13917688 61 1592 703
14395597 75 1436 728
14881921 66 100 753
14964115 61 1472 757
15478245 79 1866 783
15705083 68 71 794
15945442 62 399 806
16121516 68 749 815
16492715 63 1702 834
17090044 66 1950 865
18064073 63 15 913
18284360 69 611 925
18875092 63 883 955
19525294 77 1358 988
20066799 60 1569 1016
20459478 73 1523 1036
20770866 61 57 1051
21080290 79 1424 1065
21547796 60 941 1089
21635703 68 910 1094
21823667 77 1790 1103
21897768 66 554 1107
21999510 62 1214 1112
22037575 63 1976 1114
22211450 61 1075 1123
22340948 75 677 1129
22419085 64 1542 1133
22515827 70 607 1138
22725147 79 254 1148
23057418 62 400 1164
23887719 78 1787 1206
24048947 66 9 1214
24305944 66 899 1227
24342100 67 426 1229
24397831 76 255 1232
25090550 66 1760 1266
25248166 62 1208 1274
25543260 73 1285 1290
25561653 78 1372 1291
25576734 69 348 1292
25716372 63 428 1299
25977789 78 1425 1311
26100792 76 1245 1317
26408670 64 1027 1332
26537007 70 349 1339
26555803 72 726 1340
26575386 68 408 1341
26878698 60 856 1356
27538156 75 536 1390
28411887 79 295 1434
28738004 68 1345 1450
28901889 66 1052 1458
28963780 73 1786 1461
29938846 74 1563 1510
30818886 73 566 1552
30874966 71 723 1555
30899966 69 831 1556
30914966 72 1869 1557
30948258 77 1697 1559
31257248 68 1754 1574
31696427 78 636 1596
31715857 61 314 1597
32490692 78 1156 1636
32506385 60 428 1637
32643924 71 1984 1644
33098158 75 484 1666
33113158 66 943 1667
33448500 73 801 1684
34680299 75 1798 1746
35269532 79 1267 1776
35739723 72 983 1799
36101061 65 674 1817
36141029 72 949 1819
36182298 76 731 1821
36440566 79 840 1833
36551892 60 757 1839
36738330 76 953 1848
36897724 61 1454 1856
37038079 61 1352 1863
37462055 63 138 1884
37980692 69 103 1911
38763636 76 1071 1949
39388713 70 304 1980
39604030 78 1268 1992
39656780 70 159 1995
39764288 61 102 2000
39919142 74 383 2008
41019495 67 583 2062
41105496 69 299 2066
41292571 67 186 2075
41810478 74 987 2101
42548540 65 1756 2138
42688761 76 280 2145
42962113 71 1810 2159
43195814 74 1365 2170
43321620 77 1668 2177
43404410 65 1088 2181
43426473 71 876 2182
43445903 74 1618 2183
43928481 76 1610 2208
43960644 76 1216 2210
44161634 62 1788 2220
44223141 66 1973 2223
44602945 62 1545 2241
44760996 74 496 2249
45356419 78 1261 2278
45440874 61 1885 2282
45550055 77 1591 2288
45585695 77 1561 2290
45835071 77 1976 2303
46102714 73 90 2316
46352543 67 1761 2328
47133668 70 1426 2366
47601615 78 1965 2389
47712479 62 1099 2395
49292466 71 421 2475
49393155 76 1423 2480
49533646 63 132 2487
49734188 78 224 2497
50182204 75 90 2519
50659055 71 57 2543
50883243 73 1577 2554
52267611 76 169 2623
52425976 65 1238 2631
52579652 76 605 2639
52702662 77 696 2645
52942562 63 324 2656
53096188 62 743 2664
53836195 71 1522 2701
54570478 76 1303 2738
54890480 72 69 2754
54955985 69 938 2757
55393931 79 1564 2779
55561678 60 274 2787
57291011 74 1242 2874
57587412 61 357 2888
57643149 77 820 2891
58307695 65 473 2924
58515090 73 351 2935
58615381 62 1301 2940
58952778 73 1129 2956
59262770 72 1633 2971
59431872 63 1596 2979
59536648 68 1551 2984
59647284 64 167 2989
59806664 69 902 2997
60684606 67 1682 3040
61045339 64 1863 3059
61339853 69 1154 3074
61435694 62 1520 3079
61503278 63 351 3082
61838986 70 1462 3098
61961688 62 530 3104
62069131 66 1881 3109
62305406 63 605 3121
62668177 68 284 3139
62938014 72 1175 3152
62956221 69 1033 3153
63157950 66 3 3163
63250804 74 1605 3168
63372320 78 16 3174
63482181 79 1720 3179
63673186 75 1460 3188
63924813 76 902 3201
64136151 60 1850 3212
64535056 71 1681 3232
64685960 68 1994 3239
65410369 75 601 3273
65447457 69 627 3275
66012153 65 836 3302
66454366 74 1279 3324
67078184 65 1690 3354
67606022 61 1808 3379
67642949 62 126 3381
67660932 77 1777 3382
67747727 75 987 3386
67930959 76 472 3395
68009577 60 736 3399
68046250 77 762 3401
68070878 73 822 3402
68128746 71 441 3405
68866467 75 1486 3442
68945061 70 1713 3446
70020266 60 225 3501
70447348 62 327 3522
70599250 73 1434 3530
71132190 79 73 3556
71289352 62 369 3564
71525232 76 1344 3576
71664816 70 1423 3583
71700360 70 183 3585
71957163 73 471 3598
72148168 69 246 3607
72210148 63 1428 3610
72251583 73 1623 3612
72409008 61 1983 3620
72474794 60 795 3623
72544766 76 466 3626
72808928 61 1971 3639
73208630 67 1432 3659
73282169 71 289 3663
73376866 61 498 3668
73845531 68 682 3691
74056352 60 1720 3702
74229269 70 712 3711
75106876 73 251 3756
75219374 74 1997 3762
75305944 64 1349 3766
75393551 71 895 3771
75739178 63 1377 3788
76159086 67 502 3809
76240754 78 1474 3813
76431635 74 841 3823
76534172 76 918 3828
76671393 72 874 3835
76709666 79 1457 3837
76834694 75 185 3843
77101418 69 1500 3857
77430614 60 1413 3874
78767243 65 122 3941
78864071 77 1509 3946
78897895 67 1225 3948
79279076 70 1275 3966
79419728 78 1319 3973
79827332 76 514 3992
80256539 66 562 4013
80888951 77 1390 4045
80983621 60 658 4050
81107864 78 851 4056
81566504 60 1417 4079
81986659 67 1768 4100
82288185 71 1744 4115
82344134 70 1227 4118
82465597 62 1599 4124
82490597 65 1042 4125
82748762 64 675 4138
83192923 76 1444 4160
83299500 78 449 4165
83860067 69 558 4192
84260639 65 1976 4212
84552375 68 329 4226
84652795 71 1093 4231
84845838 64 1524 4241
84948943 61 1684 4246
85248451 68 939 4260
85657061 61 776 4280
85863894 62 979 4290
85883855 63 1302 4291
86009438 63 831 4297
86050345 69 1928 4299
86377261 68 1675 4315
86566801 61 615 4324
86649843 78 1430 4328
86817007 79 0 4336
87323157 68 631 4360
87504846 70 33 4370
87538791 65 537 4372
87682708 76 1971 4379
87725475 78 1855 4381
87748763 78 1882 4382
87791064 75 1906 4384
88087239 61 160 4399
88165441 61 475 4403
89189491 63 1736 4452
89303189 73 188 4457
89830125 73 205 4484
90512457 67 476 4518
90847026 76 1590 4535
91407894 66 530 4563
91532046 61 1441 4569
92998279 70 1473 4642
93218592 68 1876 4653
93390200 68 1764 4662
93738221 77 399 4679
94275624 76 1590 4706
94904269 64 998 4738
95857673 62 1640 4787
96100727 61 1115 4799
96165921 64 1072 4802
96204961 63 1195 4804
96220449 75 1539 4805
96321201 71 1342 4810
96694644 69 823 4829
96738243 63 1836 4831
96916887 71 1755 4840
97033696 74 747 4846
97216842 74 1781 4855
97675952 78 1891 4878
97827616 60 399 4885
98752279 64 1616 4932
99439588 63 667 4966
99600597 60 572 4974
99625597 78 1817 4975
100040021 73 1269 4996
100057570 62 1828 4997
100391336 74 740 5013
100626054 71 1593 5024
100771938 65 320 5031
101425693 66 428 5064
101701049 60 1151 5077
103719821 66 78 5177
103832098 63 1566 5183
103910153 62 1470 5187
104038837 77 127 5193
104148891 60 1606 5198
104171653 79 854 5199
104698805 75 1397 5225
105401758 64 714 5259
105825774 73 1263 5280
105887268 73 979 5283
105902268 69 227 5284
106245307 75 960 5301
106931900 72 725 5335
107338946 79 1385 5355
107586293 78 401 5368
107650739 72 470 5371
108157788 79 1058 5396
108330169 62 974 5404
108408355 60 27 5408
108578159 79 571 5417
108735296 62 828 5425
109120541 75 167 5444
110091020 65 763 5492
110313315 61 389 5503
110543741 71 1230 5515
110689020 63 1381 5523
110751933 73 980 5526
110795499 79 311 5528
111415729 62 298 5560
111533559 72 302 5566
111619647 60 1450 5570
111790552 66 1174 5578
112380930 63 1770 5607
112608455 65 211 5618
112950826 75 1787 5635
113209974 76 1056 5648
113404446 78 1134 5658
113423921 70 478 5659
113473766 77 1607 5662
113657873 75 725 5671
114035422 72 675 5690
114055146 76 1732 5691
114365897 64 190 5705
115005270 69 730 5737
115819855 75 596 5777
116115082 69 136 5791
116598204 67 1 5816
116661302 66 1126 5819
116736820 73 447 5823
116777393 66 94 5825
117193816 79 79 5845
117606053 61 1418 5866
117626065 66 466 5867
118296997 79 582 5901
118717968 70 1672 5922
118758618 69 1062 5924
118776970 61 143 5925
118832539 62 71 5928
119469722 72 1208 5959
119706582 66 221 5971
119847367 79 4 5978
119930008 66 1237 5982
121403136 65 386 6056
121559524 73 64 6064
121697033 64 394 6071
121873518 75 1205 6080
122213493 62 226 6097
122406839 73 330 6107
122865493 74 190 6130
122923545 77 1731 6133
123600495 75 1163 6167
123876553 72 157 6181
124499175 74 306 6213
125145780 63 948 6246
125255096 62 1322 6252
125563989 65 1487 6267
125952428 68 1496 6286
127082816 63 801 6344
127131532 74 882 6346
127215104 73 6 6350
127463533 71 1259 6362
127612430 70 102 6369
127652827 67 828 6371
127696654 69 243 6373
127799140 71 758 6378
128026189 73 1331 6389
128527866 77 788 6414
128753259 67 1207 6425
128848428 67 391 6430
128964441 62 1941 6436
129601047 63 1645 6467
130928378 71 1426 6534
131201981 69 504 6548
131368042 72 801 6556
131720705 78 710 6573
132048975 66 129 6590
132205470 70 793 6598
132400974 73 551 6608
132419687 61 227 6609
132713058 79 1880 6624
132728058 67 599 6625
132804528 64 1412 6629
132900062 78 1417 6634
133343570 66 1991 6656
133396631 70 46 6659
133563038 68 1007 6667
133964844 76 133 6688
134078689 79 1707 6693
134140408 61 464 6696
134540247 67 1705 6716
135562678 72 1838 6767
136021526 71 215 6790
136336280 74 924 6805
136442825 79 1702 6810
136759421 63 1671 6826
137634858 68 971 6869
137890704 77 1007 6882
137936909 64 1683 6884
137971357 77 314 6886
138026591 66 1370 6889
138233332 73 1704 6900
138537593 71 902 6915
139055076 60 1935 6940
140280435 77 108 7003
140579739 69 1567 7018
141172202 74 420 7046
141252955 62 992 7050
141271932 63 198 7051
141501084 68 1359 7062
142177124 65 1856 7095
142234603 71 341 7098
142275221 61 1106 7100
142711040 61 224 7122
142848362 69 575 7129
143002637 73 269 7137
143687970 78 1924 7170
143958000 73 1890 7184
144251274 68 1911 7199
144311805 66 1927 7202
144410960 78 1422 7207
144609005 73 1618 7217
145203102 73 1253 7247
145282350 60 215 7251
145347806 72 1608 7254
145457555 62 1919 7259
145862741 68 674 7280
146241277 67 1781 7300
146397313 63 1760 7308
146832562 78 1655 7330
146990353 69 652 7338
147307050 65 694 7354
147414921 64 696 7360
147697825 77 670 7375
148050573 71 1182 7393
148325058 77 118 7406
148424733 71 995 7411
148835746 64 739 7431
149015914 68 1706 7440
149393560 65 375 7459
149605449 62 166 7470
149711496 67 179 7475
149770009 64 841 7478
150434024 76 1229 7511
150550007 76 115 7517
150605872 63 1148 7520
150661306 75 928 7523
151654868 64 1903 7573
151725938 66 742 7577
151768368 71 330 7579
151961543 79 1279 7588
152854755 62 1943 7632
152897973 64 1950 7634
152922973 78 1886 7635
152945211 66 582 7636
153041971 62 1687 7641
153240966 60 323 7651
153284410 61 1876 7653
153352062 66 14 7656
153949567 79 1590 7687
154066290 66 194 7693
154247375 60 432 7702
154411934 67 433 7710
154571888 66 1867 7718
155038439 77 983 7740
155975698 79 1242 7787
157022260 71 476 7839
157290137 67 168 7853
157324997 77 1088 7855
157426356 60 93 7861
158174095 67 426 7900
158392353 68 1819 7910
159651519 72 1406 7973
159748336 74 680 7978
160126092 72 1121 7996
160436358 75 1261 8011
160473324 69 759 8013
160724937 63 1863 8026
160954001 75 1072 8037
161026327 72 504 8041
161141312 73 206 8047
161166228 70 38 8048
161409138 68 321 8060
161786589 64 1007 8078
162216798 65 248 8101
162799530 69 1844 8131
162918205 71 227 8137
163215817 73 1411 8152
163330191 66 1361 8158
163723186 79 462 8178
164055829 62 854 8195
164409141 70 1506 8212
164424141 79 426 8213
164545353 76 1081 8219
164740320 60 1403 8229
164761502 72 772 8230
165070293 79 1178 8246
165530431 68 1098 8268
165638042 71 989 8273
166019412 64 1688 8292
166307311 72 582 8306
166328487 73 561 8307
166345666 71 1673 8308
166426431 69 735 8312
166485389 61 1767 8315
166640319 71 331 8323
166895858 65 462 8338
167093513 62 1478 8348
167118513 71 1223 8349
167368175 62 758 8361
167431809 61 1827 8364
167744450 60 1954 8380
167857931 67 485 8386
168054119 69 229 8395
168232111 68 1880 8404
168373173 79 1992 8411
168767063 74 632 8431
169388088 73 1982 8462
169721217 70 588 8479
170952309 61 741 8543
171160238 76 978 8554
171347101 77 347 8564
171636980 60 1350 8579
172004297 78 1680 8597
172081259 65 390 8601
172405243 77 846 8617
172527414 67 1509 8623
172566807 75 113 8625
172602212 60 1224 8627
172843866 71 418 8639
173112915 67 1300 8652
173892387 79 1838 8690
173930080 73 932 8692
174086964 77 1542 8700
174492448 62 955 8720
174511067 67 1566 8721
174587457 74 223 8725
174915913 72 68 8741
175517401 79 1586 8770
175733008 60 804 8781
175972935 68 727 8793
176158872 64 827 8802
176406650 66 1482 8814
176471014 70 163 8817
176637975 64 421 8825
176774071 70 990 8832
176972654 63 1756 8842
177087907 75 1180 8848
177462443 75 1650 8867
178124962 68 1503 8900
178738125 61 1917 8930
178899743 70 1979 8938
179032856 68 1485 8944
179379478 60 1789 8962
179808396 71 1549 8983
180043985 70 856 8994
180120868 63 1950 8998
180604636 70 1209 9022
180815677 76 1770 9032
180988096 67 302 9041
181701534 76 1598 9076
182176892 71 260 9100
182424281 67 135 9112
182860083 66 712 9133
183978630 79 688 9187
183999370 65 56 9188
184299585 62 129 9203
184318333 74 295 9204
184583933 77 1864 9218
184601361 75 831 9219
185258607 71 127 9251
185495027 73 1593 9263
185604465 75 1997 9268
185641913 67 1799 9270
185725249 74 1542 9274
185966477 69 823 9285
188133091 73 1765 9393
188516463 71 459 9412
188618918 76 1383 9417
189137248 67 324 9443
189306060 70 1308 9451
189408428 69 691 9456
189507870 61 1239 9461
190046559 68 1985 9488
190398128 66 1736 9505
190415246 78 355 9506
191319474 76 34 9550
191690383 61 166 9569
191763810 73 789 9573
192441129 65 367 9605
192554157 63 1390 9611
193215222 79 1858 9643
193269961 71 1373 9646
194141787 63 924 9691
194483193 72 1230 9708
194872130 65 70 9728
194986840 70 1519 9734
195027582 77 706 9736
195148282 72 722 9742
195266357 76 1428 9748
196059750 62 358 9786
197166436 68 676 9841
197754665 61 39 9870
198344380 63 703 9900
198522658 65 815 9909
198584702 74 520 9912
198850764 67 1126 9926
199064784 67 1795 9937
199937947 62 1218 9981
200524422 70 1311 10010
200584082 61 1402 10013
201135219 74 1038 10041
201808128 68 795 10076
202370913 62 1365 10104
203054594 61 1434 10137
203157828 72 709 10142
203440194 65 1191 10156
203578778 69 406 10163
203852684 62 231 10177
203913814 79 366 10180
204240454 69 223 10197
204447966 62 759 10207
204971927 72 137 10233
205357658 65 1683 10252
205701343 63 883 10269
205916820 65 828 10280
206002171 60 398 10284
206141060 65 1131 10291
206195687 67 1224 10294
206345228 78 1521 10301
207024696 70 1670 10335
207042595 79 995 10336
207397074 77 1940 10354
208566078 77 369 10413
208864454 67 1217 10428
209369131 66 350 10452
209408932 79 1583 10454
209451268 76 1670 10456
209802442 74 10 10474
210240358 61 33 10496
210275890 65 1855 10498
210539935 74 1290 10511
211194254 79 1852 10543
211280095 71 1288 10547
211320972 61 1898 10549
211544363 69 613 10560
211765415 73 1785 10571
212372402 73 1376 10601
212589230 67 47 10611
212767531 71 1122 10619
213294582 79 1185 10646
214509471 60 333 10707
214706646 79 1297 10717
214905022 65 596 10727
214999539 78 950 10732
215098371 70 176 10737
215836378 72 853 10773
215973688 67 1297 10780
216233246 61 827 10794
216941323 79 72 10830
217295229 65 1778 10848
217792867 73 1661 10873
217833894 77 423 10875
217970743 67 261 10882
218375230 76 1817 10903
218479845 64 337 10908
218704816 77 178 10919
218846211 74 1195 10926
219664890 76 1750 10967
219763835 74 1163 10972
219837026 79 110 10976
219881293 75 135 10978
220416795 62 1761 11005
221048209 61 1251 11036
221158987 70 423 11042
221499684 77 1853 11058
221926055 60 1176 11080
222062940 66 34 11087
222303871 66 1054 11098
222346980 72 1145 11100
222678758 75 1701 11117
223130273 71 1613 11140
223145273 78 1945 11141
223242138 79 813 11146
223658839 72 12 11167
223839416 73 724 11176
223898791 63 1031 11179
224048670 73 151 11187
224150601 68 610 11192
224410805 65 636 11205
224461418 64 1013 11208
224608891 72 529 11215
224824526 76 1356 11225
225029727 72 597 11235
225068854 62 155 11237
225222427 67 1459 11245
225262813 77 837 11247
225284515 77 582 11248
225927699 70 1721 11279
226064320 69 654 11286
226322890 68 629 11300
226858148 61 254 11325
226894057 66 1996 11327
226952903 69 28 11330
227211925 73 87 11342
228195773 66 1638 11391
228265136 74 108 11395
228822965 67 621 11423
229349628 64 497 11448
229499514 74 1087 11455
229930840 68 1531 11476
230744710 74 17 11516
230851551 79 1501 11521
230970442 68 669 11527
231244872 61 878 11541
231407190 60 1709 11549
231646016 62 1068 11562
232109681 70 483 11585
232182461 69 971 11589
232336786 74 1871 11597
232557496 70 1159 11608
232753388 78 858 11617
232856629 71 1578 11622
232881219 67 1813 11623
233457682 73 962 11653
233639807 67 71 11663
233870642 61 1376 11675
235154446 69 1834 11740
235527269 68 416 11759
235699094 79 1651 11768
236414683 77 295 11803
236659682 74 1305 11815
237416059 71 665 11854
237687819 76 1457 11867
237811320 72 911 11873
238316434 63 1584 11898
239367906 60 725 11951
239406438 60 628 11953
239710893 75 599 11967
240105740 77 409 11987
240389622 69 1846 12001
240429143 78 981 12003
241389047 72 683 12050
241757293 64 549 12068
242350455 79 1687 12098
242557082 76 488 12108
242635119 63 181 12112
242757503 68 1569 12118
242984308 66 704 12129
243163667 78 1231 12138
243304445 70 346 12145
243932101 60 336 12176
244188281 70 446 12188
244246069 72 1613 12191
244689451 72 1877 12213
245148757 71 1713 12236
245361522 68 78 12247
245452202 65 1918 12252
245709489 72 1227 12265
245980291 71 1488 12279
246000009 76 1868 12280
246323779 70 19 12296
246478243 60 1188 12304
246514030 69 735 12306
246795275 71 1074 12320
247004749 79 1519 12331
247165644 71 458 12339
247559442 70 877 12359
248079544 77 1636 12386
248200705 77 888 12392
248604746 63 1432 12413
248640949 71 961 12415
248868560 62 1656 12426
248927430 60 1092 12429
249626406 66 977 12463
249682098 74 519 12466
250306760 63 1470 12496
250871962 61 420 12524
251230820 72 1628 12542
251293624 70 1015 12545
251308624 69 1436 12546
251412112 73 520 12551
251618962 67 1310 12561
251898933 70 954 12575
252031122 61 1774 12582
252730383 73 882 12616
252927986 72 716 12626
252951808 73 167 12627
253116510 76 1750 12635
253182511 78 832 12638
253450979 76 1489 12651
254046300 73 1666 12681
254963699 66 134 12729
255000431 65 1797 12731
255079424 68 5 12735
255851265 71 1891 12775
256106952 69 352 12788
256300373 75 1820 12797
256480523 69 373 12806
257074252 64 251 12836
257098658 78 867 12837
257175844 78 1422 12841
257441437 61 1347 12854
257756888 73 722 12870
257774764 74 252 12871
257884437 72 695 12877
257985194 60 707 12882
258070319 64 1336 12886
258531408 68 1206 12908
258586917 69 1228 12911
259341392 67 252 12949
259835480 71 382 12975
259993475 74 873 12983
261251898 61 1743 13047
261563123 77 873 13062
263161745 64 1179 13140
263362445 67 622 13150
263932752 74 348 13178
264171826 76 220 13190
264415547 70 406 13202
264509175 77 1237 13207
264624140 60 239 13213
264700340 79 1516 13217
264758240 79 996 13220
264882234 76 1001 13226
264899151 64 866 13227
265256851 74 1615 13245
265376586 63 753 13251
265670120 72 823 13265
265924284 69 1997 13277
266107782 68 413 13286
267276148 70 58 13343
267400454 68 820 13350
267518576 62 630 13356
268050165 72 346 13383
268172126 75 1660 13389
268254958 79 894 13393
268630515 69 835 13412
268671772 77 413 13414
268920690 65 1824 13427
269159326 79 1234 13439
269435300 69 1347 13453
269836329 69 1575 13472
269940462 73 1389 13477
270090885 60 1827 13484
270234016 77 1086 13491
270829656 67 1731 13522
271204531 73 1675 13542
272087164 61 693 13587
272228840 68 1460 13594
273039648 70 665 13635
273147319 66 1634 13640
273295702 60 945 13648
273600882 62 1115 13663
275742515 78 943 13770
275922534 74 635 13779
276243958 76 1667 13794
276431060 79 1980 13803
276525704 73 1150 13808
276615435 63 875 13812
276669630 73 371 13815
276845954 62 1249 13824
277153275 72 165 13838
277406169 74 719 13850
277510720 69 1814 13855
277570310 62 1500 13858
277644691 76 560 13862
277829029 60 1536 13872
278191630 66 622 13889
278445847 67 597 13901
278487514 63 1284 13903
278531532 73 198 13905
278598513 73 1223 13908
279024298 71 1380 13930
279311673 60 1817 13945
279345655 66 62 13947
280388525 69 1439 13998
281813645 65 1281 14070
282548681 79 371 14107
282650285 76 1039 14112
282750169 77 1866 14117
282966515 67 1250 14127
283813869 75 1925 14170
283980191 67 1636 14178
284087364 73 218 14183
284312667 77 1410 14194
284997690 65 1022 14230
285192884 77 61 14240
286382025 79 1847 14300
286438005 78 1710 14303
286880561 61 575 14325
287016782 73 1138 14332
287077067 61 1073 14335
287258420 67 1687 14344
287280989 75 1696 14345
287646192 67 1774 14363
287808360 75 814 14371
287920098 64 1790 14376
288300699 63 1485 14395
288593993 66 1430 14409
289186472 64 965 14438
289472652 66 514 14452
291480890 75 1858 14552
291607920 65 1328 14559
292215853 65 768 14590
292396633 65 1080 14599
292468844 65 1552 14603
292734201 76 205 14616
292882672 73 1616 14623
293081036 77 740 14633
293747945 72 1648 14666
294099694 66 712 14683
294905800 66 307 14724
295118362 65 1949 14734
295163000 67 837 14736
295184739 79 266 14737
295209739 65 902 14738
295650557 68 1662 14761
295800688 74 632 14768
296369226 61 1466 14796
296558174 71 1888 14806
296616811 68 788 14809
296779248 62 1929 14817
297716468 78 1254 14865
298197795 67 172 14889
298259578 74 415 14892
298586590 79 912 14909
299707715 79 1477 14964
302110486 78 1434 15084
302165014 75 1959 15087
302208822 73 1107 15089
302306517 64 1393 15094
302372696 65 1982 15097
302533330 62 826 15105
302710335 67 431 15114
302777994 60 1137 15117
303352174 65 1763 15146
303403533 60 1566 15149
303557313 62 280 15157
303595221 72 384 15159
303615346 76 1852 15160
304115923 64 1267 15185
304556270 65 378 15207
304571498 65 70 15208
305294815 60 1750 15245
305944008 65 633 15278
306357847 75 339 15299
306956880 73 1259 15329
307107852 69 786 15337
307150639 74 251 15339
307215502 70 763 15342
307948403 66 1198 15379
308158385 62 843 15389
308241578 70 830 15393
308338185 76 309 15398
308539791 71 223 15408
308839318 75 1016 15423
308880125 64 1753 15425
309209372 74 1579 15441
309590164 73 1099 15460
309914959 73 740 15477
310034925 78 1980 15483
310136463 74 1098 15488
310347568 70 767 15499
310384719 68 963 15501
310818931 64 1040 15523
310874432 65 86 15526
311168675 69 786 15540
311751345 69 901 15569
311894729 74 1076 15576
312150032 69 602 15588
312198693 79 546 15590
312285042 69 1296 15594
312628568 79 1949 15612
312932577 76 1533 15627
312947989 72 404 15628
313150175 76 1102 15638
313761831 73 1666 15668
313805076 72 1499 15670
313872550 78 3 15673
313941120 65 686 15676
314152037 76 641 15687
314505670 60 925 15705
315000891 62 1854 15730
315537474 67 388 15757
315732370 72 1905 15766
315828190 70 1250 15771
316702408 60 1836 15815
317256414 69 1206 15843
317602130 76 1344 15860
317663470 72 368 15863
317697731 73 556 15865
317851730 73 234 15873
318101765 70 1926 15885
318733144 63 1710 15916
319431387 73 445 15952
319603050 64 993 15961
319912903 71 1815 15977
319950002 67 1293 15979
319968406 75 377 15980
320592191 78 202 16011
320628880 63 967 16013
320909070 78 626 16027
320990111 60 738 16031
321506158 61 839 16056
321959035 61 1350 16079
322609636 77 1332 16110
322695821 79 727 16114
323420378 78 468 16149
323650592 72 1811 16161
323903343 76 1081 16174
324146687 66 1639 16186
324390178 75 718 16199
324525151 66 387 16206
325084429 69 1321 16234
325781729 63 1475 16269
326259983 72 883 16292
326692392 64 1762 16312
327214930 70 1592 16337
327261684 66 1970 16339
327861925 79 741 16368
327899368 64 1311 16370
328124269 75 1543 16382
328173607 72 748 16385
328488758 76 667 16400
328938912 69 1360 16422
328996332 71 995 16425
330324842 61 1334 16491
330650654 65 1944 16507
330926481 65 801 16520
331062521 75 240 16527
331233235 78 20 16535
331868172 73 1740 16567
331884278 79 571 16568
331907513 69 1850 16569
332121674 64 332 16580
332261176 74 1321 16587
332375209 73 1293 16593
332679241 78 1189 16608
332743337 70 999 16611
332820347 74 252 16615
332898241 74 1286 16619
333591859 62 145 16653
334270503 70 1817 16686
334488433 78 1798 16696
334622918 66 353 16702
334908526 77 61 16716
336054742 73 1522 16775
336212993 63 425 16783
336462825 64 1206 16796
336483093 72 26 16797
336719077 63 351 16809
336855597 76 1223 16816
336960158 64 1190 16821
337012434 70 420 16824
337621180 62 784 16855
338032939 65 325 16876
338118937 70 652 16880
338559159 71 1574 16902
338876319 68 1110 16918
339009512 77 1627 16924
339085034 60 1566 16928
339189596 61 488 16933
339363346 79 901 16942
339984879 76 1335 16973
340566139 61 1276 17001
340709897 76 1147 17008
340728637 70 685 17009
341071596 62 837 17026
341871240 70 1840 17065
341946452 74 1013 17069
342097990 78 1095 17077
342868574 68 521 17114
342964041 78 707 17119
344061012 68 1981 17175
344460988 70 1574 17196
344507767 72 396 17198
344914878 62 1478 17218
345060957 60 74 17225
345379306 66 1198 17241
345808672 77 675 17263
345827498 77 1271 17264
346284907 75 1009 17286
346326106 74 1564 17288
346590060 60 1691 17301
346690460 72 1525 17306
347017760 75 63 17322
347241881 61 1703 17333
347319725 77 1940 17337
348139339 75 384 17377
348267205 66 1186 17384
348788853 68 1745 17410
348892565 60 1278 17415
349164354 73 688 17429
349206436 73 824 17431
349429204 75 74 17442
349561566 67 1924 17449
350459933 73 147 17493
350519811 65 781 17496
350702547 67 625 17505
351165201 75 722 17527
351394024 66 401 17539
351572326 73 297 17548
352274838 60 1245 17583
352314649 68 1943 17585
352683005 64 756 17603
353620480 77 1068 17650
354300111 64 570 17683
354747726 72 1520 17704
355245892 66 1568 17728
356356610 73 48 17785
356752063 65 1824 17805
356973378 65 1316 17816
357042742 63 1326 17819
357062403 74 987 17820
357156437 77 544 17825
357399348 60 1719 17837
357442127 67 49 17839
357496563 72 116 17842
358125054 71 666 17873
358168184 60 662 17875
358235616 79 21 17879
358380501 74 1519 17886
358473524 78 1799 17891
358780514 79 1961 17906
358966956 76 503 17915
359080142 72 1329 17921
359785742 73 1311 17957
360022553 61 734 17969
360040602 64 1749 17970
360077177 73 1216 17972
360094879 77 142 17973
360208056 72 1405 17979
360518501 67 1317 17995
360650503 69 1965 18002
360913654 69 581 18015
360970774 64 196 18018
361010661 72 625 18020
361049472 67 154 18022
361588293 63 218 18049
361666096 66 1491 18053
361858189 75 733 18063
361941139 76 854 18067
361960064 71 185 18068
362534294 63 440 18097
364035636 78 948 18171
364718373 64 1327 18205
364954587 78 1460 18217
365053593 79 1975 18222
365662096 76 736 18253
365922461 71 1746 18266
365988563 66 1156 18269
366162285 68 267 18278
366434273 73 1035 18291
366734987 61 601 18306
366832988 69 787 18311
366960171 64 1007 18317
367706253 77 1160 18353
368626184 79 1699 18398
368645328 60 844 18399
368893769 79 936 18412
368943150 69 1072 18415
369032245 70 1116 18419
369330155 70 163 18434
369884729 63 1598 18461
370193342 71 28 18477
370213998 78 704 18478
371381857 66 824 18536
371607648 76 55 18547
371683831 69 41 18551
372391342 76 1429 18585
372952000 74 158 18613
373562827 64 464 18643
373963291 70 1784 18663
374103711 60 1392 18670
374367916 63 1380 18683
374926104 75 1292 18712
375119346 73 1340 18721
375462484 72 1884 18739
375571588 63 62 18744
375677530 68 1380 18749
376362806 68 636 18782
376577933 60 1276 18793
376751661 76 465 18802
376790245 75 1065 18804
376812890 69 1654 18805
377759366 77 685 18851
378004332 75 1879 18863
378126634 74 1839 18869
378314724 70 129 18879
378434736 67 1881 18885
378482171 63 1218 18887
378784696 64 721 18902
379272670 65 378 18926
379372723 65 1023 18931
380059345 72 1546 18965
380184185 79 1549 18971
380377806 74 1708 18981
380592038 60 1684 18992
380819249 66 1801 19003
381027847 77 1886 19014
381119229 69 1680 19019
381299942 61 1073 19028
381337802 74 656 19030
381784063 68 1481 19053
382579982 66 1958 19091
382684761 66 822 19096
383091901 64 1694 19117
383267945 74 1387 19126
383911926 67 1762 19156
384415326 62 1736 19181
384447437 78 1321 19183
384806829 60 156 19201
385019656 72 764 19212
385499595 67 1950 19236
385519840 77 892 19237
386005613 65 91 19261
386113379 66 1540 19266
386710940 69 1821 19297
387066190 79 221 19315
387183389 74 141 19321
387418096 74 1184 19333
387478312 62 1580 19336
387648291 74 1106 19345
387875014 70 1799 19357
387915535 72 81 19359
388202486 66 667 19373
388783746 62 860 19402
389067446 79 1715 19417
389110049 68 59 19419
389212064 75 145 19424
389799716 77 1286 19452
390124833 68 448 19467
390147082 72 267 19468
390618610 63 1987 19491
390777712 79 295 19499
391061569 77 1102 19513
391618896 73 616 19540
391796377 78 1526 19549
391838103 77 810 19551
391878702 66 1940 19553
392360696 62 1246 19576
392896220 73 294 19602
392957476 77 271 19605
393105004 72 1322 19612
393402671 70 352 19626
393794744 60 1302 19645
393858849 60 1373 19648
394072918 74 1584 19659
394156645 63 1083 19664
394344518 77 910 19673
395376214 64 422 19725
395922680 60 1326 19752
396007308 60 598 19756
396246768 79 826 19768
396270900 62 418 19769
396769556 70 150 19794
397078880 60 484 19810
397323426 78 1124 19822
397955856 62 485 19855
398674885 70 588 19891
398689885 65 713 19892
398739885 72 1320 19894
398801594 72 1046 19897
398923071 62 1627 19903
399145970 78 619 19914
399559659 70 242 19935
399576127 72 821 19936
399671838 73 605 19941
399788951 69 1952 19947
400022485 60 81 19959
400591476 72 1970 19988
400777346 67 923 19997
