626727 220 531 14
1293587 234 723 31
1694245 223 791 41
1973506 222 216 48
2490238 221 752 61
2667843 236 507 66
3393355 237 993 83
4135223 238 858 102
4182031 236 583 103
5826307 224 321 145
6037392 223 575 150
6295512 220 486 157
6590927 223 160 164
7728437 239 665 192
8565524 235 70 214
9009441 227 491 226
9209383 235 158 231
9288319 221 660 233
10270301 237 293 257
10517975 226 109 263
10599157 231 154 265
10641412 227 921 266
11082887 220 675 277
13024305 225 680 326
13228756 234 6 331
13879076 238 977 348
14061442 229 556 353
15134586 222 827 381
15267484 223 644 384
15312983 227 768 385
16379305 227 328 412
17033942 230 227 428
17792093 237 270 447
17871480 222 477 449
18761875 225 825 472
18971289 237 186 477
19056386 233 576 479
19838075 229 739 499
19873882 234 156 500
20280474 239 107 511
20480094 223 599 516
21417014 237 905 540
22836797 230 99 575
23915031 231 138 602
24033138 229 910 605
24070700 237 347 606
24561346 223 302 619
24757467 237 513 624
24833660 238 877 626
25420663 222 351 641
27807767 227 948 701
28767227 221 122 725
29121325 239 329 734
30365643 235 305 766
30439629 235 699 768
31160228 230 672 786
31806671 235 499 802
33904992 226 777 854
34080193 228 325 858
34114258 235 699 859
35103334 230 301 883
35192433 234 568 885
36130334 238 794 909
36276165 236 330 913
37590520 221 529 945
37661472 237 479 947
38498422 225 392 967
38919739 224 791 977
39171238 221 210 983
39808182 229 829 999
40711533 227 933 1021
41284072 227 542 1035
41359245 238 903 1037
41482960 228 714 1040
41597798 239 109 1043
42318303 229 90 1062
43162469 237 645 1082
43292399 236 543 1085
43738612 222 813 1096
43996525 231 71 1102
44444868 236 50 1113
44567440 220 201 1116
44613095 231 278 1117
44697686 227 386 1119
44916407 225 482 1125
45260290 233 809 1134
45778751 239 905 1147
46311942 235 37 1160
46443179 222 226 1163
46740902 231 808 1170
48180101 221 489 1206
48738632 231 886 1219
48772593 227 592 1220
50847675 237 785 1271
51446122 226 651 1286
51638412 236 598 1291
52237679 235 522 1306
52431570 232 489 1311
52512923 235 244 1313
52716165 238 600 1318
52924018 234 134 1323
53733131 220 605 1343
54014433 220 271 1350
57129836 230 653 1427
58241239 226 193 1455
58413670 227 263 1459
59879893 226 412 1494
60048485 221 119 1498
60330263 222 751 1505
60741536 222 19 1515
61077689 226 298 1523
61149377 223 756 1525
62047254 222 653 1548
62378271 233 563 1556
62773248 220 239 1566
63351664 233 111 1580
63587403 221 605 1586
64080097 233 803 1598
64505982 220 201 1609
64753081 229 354 1615
66076895 237 956 1648
66753388 228 188 1665
66796354 232 718 1666
67722042 222 863 1690
68751552 226 428 1717
69273419 230 461 1730
69364907 229 935 1732
69592831 239 751 1738
69779042 235 606 1743
71022341 222 213 1774
71153616 230 379 1777
72226625 237 375 1802
72377422 227 160 1806
74888724 224 260 1867
75013910 225 947 1870
75360836 235 375 1878
76575366 235 639 1909
76765901 239 142 1914
77369851 225 620 1929
77844703 235 146 1941
78329900 221 3 1953
78532579 238 542 1958
79067168 227 398 1971
79902140 224 259 1992
80298114 223 601 2002
80731746 227 954 2013
81775239 227 796 2039
83418178 224 242 2078
83907469 224 138 2090
84174556 231 404 2097
86313975 233 659 2150
86480833 221 110 2154
87071804 223 693 2168
87202473 230 736 2171
87879132 231 77 2188
88775328 235 112 2210
89167699 224 933 2220
89358622 223 595 2225
89509261 235 112 2229
89969501 226 545 2241
90168037 229 246 2246
90314048 222 570 2249
90906824 222 853 2264
92546179 226 342 2305
93092189 232 162 2319
93335580 225 173 2325
94470380 231 527 2353
94959200 226 1 2365
95520158 228 651 2379
95940939 237 649 2390
96292615 236 198 2399
97084727 223 996 2419
97277540 225 218 2424
97539581 223 175 2431
97609403 238 992 2433
97639403 224 466 2434
99206376 226 365 2473
99442412 227 802 2479
99519618 225 317 2481
99666949 220 161 2485
99795242 220 140 2488
99978369 239 605 2493
103314358 237 62 2577
103723557 224 317 2587
104126723 226 664 2597
104570030 222 133 2608
105950069 227 776 2640
107615627 227 447 2682
109187489 225 792 2723
110976890 235 529 2767
111881986 239 354 2790
112743441 236 817 2812
113094053 235 862 2821
113535250 232 72 2832
113935531 220 814 2842
115118658 223 866 2874
116158758 232 126 2900
116191670 233 652 2901
116406596 229 24 2906
117245178 226 63 2927
119490986 235 351 2982
119796553 231 836 2990
120221604 236 218 3000
120338811 226 306 3012
120458513 220 298 3024
120498418 229 54 3028
120529711 220 821 3031
120719986 224 304 3050
120807773 220 662 3059
121154313 223 928 3094
121298715 226 118 3108
121554600 233 244 3133
121643052 230 782 3142
122047832 226 467 3182
122059303 233 259 3183
122194040 236 41 3196
122204353 220 791 3197
122223676 223 6 3199
122266071 228 12 3204
122310264 236 358 3208
122373645 228 408 3214
122624810 234 652 3239
122701596 220 675 3247
122839451 231 898 3261
122912892 226 369 3268
123261209 221 737 3304
123973720 238 812 3374
124161166 233 494 3392
124233138 237 840 3399
124335185 237 20 3409
124739824 226 133 3450
124757458 224 408 3452
124828872 234 99 3460
124989797 233 88 3476
124995614 231 257 3477
125037964 233 580 3482
125125277 232 577 3492
125277242 230 220 3507
125392580 224 464 3519
125428407 237 976 3523
125582319 228 736 3539
125591854 234 75 3540
125967416 238 604 3576
126210258 227 361 3600
126269388 232 539 3606
126431307 232 761 3623
126455094 227 78 3626
126659258 238 292 3646
126715888 236 987 3651
127091446 221 77 3689
127178807 238 941 3697
127194972 239 659 3699
127380769 232 653 3717
127619067 223 653 3742
127631132 228 730 3743
127661509 223 243 3746
127731948 220 240 3754
127772893 230 890 3758
127838621 237 322 3765
127917825 224 514 3773
127939083 224 333 3775
128143462 234 519 3795
128214236 225 168 3803
128380251 225 301 3820
128819896 229 591 3863
128953333 238 391 3877
129147690 237 365 3897
129237478 220 335 3906
129393283 221 391 3921
129468688 239 899 3928
129713820 229 657 3951
129741809 225 462 3954
129949155 226 522 3974
130042035 225 282 3983
130522739 229 346 4031
130626145 226 486 4041
130752846 233 349 4055
130788881 226 79 4059
130805749 231 570 4061
130815881 234 830 4062
130843644 234 133 4065
130908294 239 898 4072
130957946 224 618 4077
131138893 239 478 4097
131168242 236 154 4100
131236744 222 867 4107
131398067 238 538 4124
131410320 233 553 4125
131459860 226 441 4130
131559272 231 798 4140
131737393 226 483 4157
131823655 229 948 4165
131906611 223 277 4173
131934869 239 169 4176
132039138 238 299 4186
132048576 228 710 4187
132528008 221 90 4236
132770567 227 901 4260
132851559 231 957 4268
132930158 239 902 4275
133126982 229 665 4294
133226806 238 912 4305
133299139 221 932 4312
133384557 236 621 4320
133498205 235 14 4331
133610880 238 306 4343
133777244 229 573 4359
133851342 220 967 4366
134705498 223 889 4453
134806108 235 347 4464
134850203 237 958 4468
134890472 227 978 4472
135379847 236 732 4522
135670973 235 699 4552
136035026 229 878 4587
136122486 224 982 4596
136297884 238 650 4612
136590101 235 706 4642
136690454 239 480 4652
136755544 236 119 4659
136785835 238 609 4662
136867167 234 5 4670
136907550 226 407 4674
136959746 226 666 4679
137216687 231 765 4705
137359625 221 479 4718
137387499 237 537 4721
137505857 230 533 4732
137512183 238 521 4733
137619911 232 441 4745
137690605 235 496 4751
137874778 221 992 4770
137921286 228 144 4774
138093285 222 834 4791
138110961 229 952 4793
138155145 220 674 4797
138319615 235 67 4814
138443752 234 114 4826
138577584 232 107 4840
138925300 221 574 4876
138997018 238 851 4883
139105632 235 919 4895
139477305 221 905 4933
139589241 223 927 4944
139815077 238 667 4967
139858949 227 658 4971
139968489 227 727 4982
140104439 224 332 4995
140230422 236 47 5007
140257666 230 842 5010
140337107 238 141 5019
140426819 235 4 5027
140501240 231 566 5035
140520922 237 613 5037
140657026 221 910 5051
140839511 223 712 5070
140967985 220 84 5083
141016397 223 200 5088
141039173 224 247 5090
141121974 222 942 5098
141148989 233 238 5101
141186702 226 240 5105
141319989 222 325 5118
141375760 225 754 5124
141450958 220 155 5131
141709736 233 565 5158
141790645 228 14 5166
142024450 235 844 5188
142054921 226 436 5191
142103461 237 309 5196
142190767 238 827 5204
142415280 233 242 5227
142480981 236 799 5233
142569021 223 928 5242
142783805 238 847 5264
142794346 233 539 5265
142905743 229 589 5276
142941803 223 354 5280
143012212 232 235 5287
143165840 226 174 5302
143285261 231 951 5313
143376269 230 337 5322
143511613 222 42 5336
143623892 221 152 5348
143960152 235 197 5383
144069846 222 255 5394
144390066 226 371 5428
144490850 233 342 5438
144807871 236 531 5468
144825316 238 851 5470
144947521 235 377 5483
145343379 224 250 5523
145654985 225 771 5555
145718897 235 574 5562
145766178 232 805 5567
145802702 236 994 5571
146090088 225 443 5600
146217858 223 362 5612
146325271 234 199 5623
146548246 221 997 5645
146800818 230 486 5671
147048459 227 431 5696
147106547 233 776 5702
147156353 236 980 5708
147414302 226 773 5734
147431788 225 691 5736
147483793 238 198 5741
147612655 238 848 5753
147630640 224 159 5755
147661342 221 35 5758
147770008 236 15 5770
147809699 239 597 5774
147891499 232 234 5782
148094158 223 109 5802
148265997 222 915 5819
148274813 229 905 5820
148327766 235 919 5825
148761621 237 79 5869
148884153 222 960 5881
148913194 221 787 5884
149353730 235 940 5929
149365579 232 326 5930
149746391 239 183 5967
149784059 229 467 5971
149831201 231 993 5975
149844201 238 38 5976
149879580 223 295 5979
149961311 236 575 5988
150070366 229 367 5999
150100117 235 431 6002
150115442 235 949 6004
150219012 230 251 6014
150407754 237 747 6034
150593354 220 268 6052
150726191 231 425 6066
151196620 237 406 6114
151740366 232 798 6168
151793943 236 589 6174
151882351 236 477 6184
151966182 234 50 6192
152161416 235 476 6211
152244963 231 168 6219
152471623 225 883 6241
152513716 226 820 6246
152741157 231 926 6268
152862633 234 93 6279
152945458 236 967 6288
153275314 229 996 6324
153439550 220 567 6341
153638996 229 492 6361
153701592 228 468 6367
153865491 237 65 6384
153911832 238 910 6389
154360988 230 513 6433
154399426 225 592 6437
154486092 234 280 6446
154660241 236 797 6465
154727257 222 649 6471
154797406 220 982 6478
155115169 228 965 6509
155327038 225 865 6531
155426303 223 894 6542
155880854 221 774 6586
155983655 233 967 6597
156102998 221 677 6609
156192239 226 288 6618
156279480 232 956 6626
156299108 235 548 6628
156475408 221 157 6645
156757348 224 189 6674
156797939 222 104 6678
156839950 237 736 6682
156954790 237 195 6694
157012873 228 608 6699
157129369 239 873 6711
157333626 221 860 6731
157475534 229 225 6746
157516821 230 148 6750
157679035 221 47 6765
158014247 226 595 6798
158329203 235 13 6830
158411272 233 333 6838
158461555 233 365 6843
158493567 235 636 6846
158581317 223 303 6855
158665410 222 595 6863
158848905 236 317 6882
158902349 230 191 6888
158918213 233 383 6890
159302551 236 994 6929
159308877 230 495 6930
159536463 223 984 6953
159832619 221 942 6983
160117877 238 554 7012
160244569 224 18 7025
160302852 222 464 7031
160885972 238 464 7091
161028084 236 752 7105
161078637 231 6 7110
161104452 226 938 7113
161114023 223 189 7114
161238276 227 429 7126
161497740 220 226 7153
161594637 229 165 7162
161801533 223 435 7182
162027531 226 330 7205
162040531 232 886 7206
162166475 220 296 7219
162308526 233 392 7233
163034323 224 137 7304
163121037 233 698 7313
163379390 223 655 7340
163731571 222 457 7375
163744571 231 665 7376
163934303 221 411 7394
164031187 233 776 7404
164275526 222 92 7429
164806324 222 398 7482
164840673 235 594 7486
164905684 228 206 7493
165037359 232 364 7505
165116767 221 115 7513
165154720 228 200 7517
165222249 238 703 7524
165270471 236 454 7529
165440345 238 866 7546
165602321 236 752 7564
165611118 235 395 7565
165716761 236 38 7576
165764262 239 489 7581
165807062 237 136 7586
165826208 235 920 7588
165978739 221 809 7604
166090502 231 115 7616
166154014 223 298 7622
166602516 220 505 7667
166692792 235 464 7677
167008699 221 166 7709
167089844 231 478 7717
167141765 225 769 7722
167240333 221 402 7732
167363801 233 618 7744
167695032 225 929 7778
168401969 236 754 7851
168420659 228 767 7853
168465848 224 535 7858
168512135 226 442 7862
168548211 224 610 7866
168834947 226 641 7894
168906115 236 704 7901
169101500 226 501 7921
169212629 239 832 7933
169344570 229 119 7946
169376761 227 38 7949
169400921 223 961 7951
169445090 228 543 7955
169549493 229 710 7967
169755765 225 245 7989
169885360 227 212 8002
170107063 233 926 8025
170295683 223 893 8043
170365815 224 722 8050
170390650 226 126 8052
170434603 221 875 8056
170916794 223 855 8104
171193246 236 180 8131
171237593 234 270 8135
171342826 239 124 8145
171481839 228 143 8159
171555354 232 546 8167
171763171 233 96 8188
171859872 226 463 8198
171884058 222 992 8201
171909634 220 862 8204
172231457 233 63 8236
172251062 235 556 8238
172581334 221 846 8271
172651668 226 840 8278
172882302 232 234 8301
172922480 237 786 8305
172969538 232 945 8310
173043869 234 87 8318
173220333 220 901 8336
173457837 229 387 8361
173852548 224 747 8400
174076712 227 849 8422
174381541 233 871 8452
174481448 223 101 8462
175222160 236 805 8540
175242163 238 783 8542
175312007 237 172 8548
175496283 235 571 8566
175622494 238 88 8579
175796205 237 385 8596
175832756 221 816 8600
175918089 225 673 8608
175975095 229 421 8613
176001253 223 715 8616
176111098 221 168 8627
176360608 221 973 8651
176562417 229 843 8672
176578008 228 389 8674
176591008 226 77 8675
176600387 238 882 8676
176613387 237 28 8677
176725237 238 738 8688
176807132 221 229 8696
176837256 227 807 8699
176982194 236 15 8714
177086430 229 168 8725
177905273 222 282 8807
178041259 238 161 8821
178091759 227 892 8826
178110454 235 485 8828
178193937 230 949 8837
178291044 230 647 8846
178423953 222 408 8859
178583470 226 704 8875
178627699 232 223 8880
178648011 229 41 8882
178747013 224 140 8892
178927375 232 722 8909
179613674 237 502 8976
179729489 238 151 8987
180467538 230 608 9060
180507707 230 179 9064
180537514 224 977 9067
180578029 229 62 9071
180597553 227 68 9073
180615977 233 299 9075
180640555 229 915 9077
180748639 235 288 9088
180954613 225 529 9110
180965155 231 965 9111
181095540 225 288 9123
181187521 224 601 9133
181332086 227 518 9148
181387588 237 824 9154
181485233 239 235 9163
181496462 232 407 9164
181534471 237 922 9168
181635927 239 495 9178
181819712 233 166 9197
181909675 238 129 9205
181994651 221 967 9213
182063222 235 150 9220
182233790 237 865 9237
182394385 226 806 9254
182650264 220 339 9279
182749953 225 26 9288
182870085 225 33 9300
182922632 236 368 9305
183020701 220 684 9316
183069367 228 337 9322
183195083 227 500 9335
183286270 238 492 9345
183349157 237 784 9351
183653702 238 342 9382
183726436 229 295 9390
183877620 224 981 9405
183919507 221 57 9409
184048383 238 820 9422
184129366 229 20 9430
184137389 235 885 9431
184270092 231 87 9444
184385363 220 306 9456
184391763 238 227 9457
184797124 228 72 9497
184912547 231 311 9508
184957878 236 533 9513
185059221 233 919 9523
185298155 223 794 9547
185370908 231 123 9555
185388902 231 481 9557
185509230 227 435 9569
185594926 236 128 9577
185697507 223 775 9587
185933665 223 645 9611
185993245 234 54 9617
186090430 225 146 9626
186130305 222 875 9630
186202187 232 755 9637
186271863 238 908 9643
186430980 229 373 9659
186572851 237 733 9673
186645047 235 837 9680
186683404 238 453 9684
186766856 236 55 9692
186829609 235 626 9699
186936798 231 338 9710
187057577 236 279 9722
187176222 230 474 9734
187206200 222 587 9737
187264087 232 29 9743
187331016 225 584 9749
187344016 229 845 9750
187638071 231 176 9779
187668287 224 922 9782
187727161 223 216 9788
188003114 221 165 9816
188026841 238 986 9819
188391769 225 476 9855
188510696 227 782 9867
188685255 220 714 9884
188696702 236 22 9885
188795387 227 228 9895
189039853 228 694 9921
189173406 236 942 9934
189221429 220 15 9939
189434684 238 258 9961
189597251 229 74 9978
189801249 236 899 9998
