45287 105 214 0
428133 112 518 9
662402 106 548 15
734726 105 989 17
1258264 110 767 30
1821907 107 506 44
4054087 106 71 100
4480389 116 767 110
4656624 100 734 115
4784558 112 47 118
5329519 117 626 132
5437064 117 870 135
5785004 102 273 144
6214976 114 895 155
6253650 114 44 156
6341971 118 321 158
6544979 101 885 163
6823212 114 363 170
7890341 102 302 196
8691582 105 400 217
8834516 115 674 221
9167815 113 965 230
10395843 110 3 260
10810417 117 630 270
11046101 118 264 276
11255203 109 400 281
11463236 117 707 286
11627591 106 765 290
12113444 110 288 303
13771677 107 36 345
14402665 106 250 362
17953085 109 76 451
19222528 105 237 483
19765376 103 879 497
20163883 111 735 508
20547320 102 310 518
20960380 103 965 529
21000867 106 460 530
22335590 118 960 562
23411642 111 354 590
23743576 101 303 598
23957096 103 807 603
24119116 115 494 607
24954516 100 386 629
25954657 106 161 654
26063810 118 216 657
26594910 104 257 670
27505321 108 652 693
28007045 110 8 706
28481363 101 785 718
29630019 113 772 747
31920253 103 810 805
32766107 103 120 826
33467966 119 517 843
35678453 104 729 898
36054860 116 650 907
37055159 102 909 932
37097207 115 709 933
38414258 100 857 965
40011668 116 398 1004
41403607 113 137 1038
42450038 116 813 1065
43566992 102 519 1092
43829899 105 323 1098
44326591 103 190 1110
44401074 113 957 1112
44517667 117 277 1115
45858174 104 684 1149
46529044 112 949 1165
46576665 119 515 1166
47613625 107 249 1191
48463251 117 240 1213
48512754 113 823 1214
49406302 102 285 1235
49688206 114 353 1242
51559822 110 87 1289
52067022 112 624 1302
52766093 113 963 1319
53223332 104 460 1330
53889705 118 20 1347
55133593 108 757 1377
55546461 102 315 1387
56755971 119 476 1418
57625098 101 735 1439
58210279 108 789 1454
58528564 107 114 1462
58652884 110 712 1465
59396979 114 220 1483
60785207 115 178 1516
61381445 105 91 1531
61458079 101 424 1533
61812008 119 863 1542
61886188 102 797 1544
61929098 118 700 1545
62085133 104 587 1549
62338700 105 56 1555
63317054 110 29 1579
64634249 101 557 1612
65163995 106 389 1625
66195686 116 414 1651
68033793 102 738 1698
69158271 105 335 1727
69242096 112 430 1729
69549720 116 894 1737
69817014 113 848 1744
71781568 106 494 1792
72930613 109 773 1819
74010314 101 329 1845
74136719 105 645 1848
74717633 114 230 1863
75268430 119 752 1876
75430540 100 486 1880
76693843 107 707 1912
77192507 112 357 1925
78828318 111 953 1965
79745318 106 171 1988
80816440 103 348 2015
81034017 117 840 2020
81453174 119 95 2030
81865461 101 365 2041
82037571 100 794 2045
82871383 100 645 2065
83084747 101 605 2070
83864422 113 402 2089
84299203 103 515 2100
84474565 103 818 2104
84648909 110 945 2109
85291400 116 220 2125
85580584 103 524 2132
86037162 106 993 2143
86238053 101 961 2148
87031120 118 901 2167
87162533 105 745 2170
87410039 106 83 2176
88120895 110 539 2194
88341172 118 284 2199
88386493 113 790 2200
88712929 113 434 2208
88811924 102 614 2211
89126849 118 678 2219
89284635 117 333 2223
90952012 118 842 2265
91267012 115 27 2273
91714975 104 350 2284
91993353 116 456 2291
92053353 118 801 2293
92099166 107 755 2294
92245072 112 443 2298
92285432 101 67 2299
93014297 118 830 2317
93259285 114 172 2323
94010938 100 666 2342
94254353 106 656 2348
94628733 119 834 2357
95295434 116 133 2373
96178149 116 971 2396
96223634 112 909 2397
96364225 114 688 2401
97046466 104 901 2418
97163051 104 334 2421
97429627 119 640 2428
98343278 108 587 2452
100948635 110 273 2518
101401605 108 20 2529
101710526 103 502 2537
101877839 112 305 2541
102094627 114 128 2547
102776148 116 773 2563
102888149 112 393 2566
104275270 108 737 2601
104784843 110 500 2613
104866046 116 153 2615
106725646 108 121 2660
106869920 108 531 2664
108096495 101 480 2694
110592939 114 262 2758
110639703 105 866 2759
111018746 105 340 2768
111079209 102 567 2770
111324648 105 316 2776
112041322 112 22 2794
112428334 106 284 2804
113064053 112 998 2820
113620376 116 250 2834
114855755 100 62 2867
115786625 103 719 2891
118846716 117 581 2966
119166774 113 289 2974
119366603 113 972 2979
119407827 110 693 2980
120355878 105 927 3014
120509771 106 367 3029
120691543 116 667 3047
120748486 100 162 3053
120954466 108 59 3074
121047102 104 463 3083
121057880 101 797 3084
121099373 115 369 3088
121136424 103 283 3092
121238918 106 839 3102
121362255 118 176 3114
121392513 109 823 3117
121416553 112 688 3119
121891896 104 518 3167
121901431 105 534 3168
122214002 117 541 3198
122256877 118 612 3203
122338937 116 390 3211
122651879 107 889 3242
122945922 101 332 3271
123421534 105 976 3319
123442301 119 482 3321
123473914 105 52 3324
123503348 101 456 3327
123805826 115 213 3358
123818826 118 975 3359
123829798 103 387 3360
123982933 118 646 3375
124285413 111 969 3404
124623596 114 364 3438
124779503 103 484 3455
124789395 108 630 3456
125081031 115 627 3487
125097238 102 449 3489
125217134 110 206 3501
125247601 104 714 3504
125756894 119 312 3556
126295756 114 113 3609
126585854 114 642 3638
126602508 111 473 3640
126684646 104 923 3648
126980401 108 512 3678
127020093 101 485 3682
127084148 117 808 3688
127303331 102 507 3710
127409405 107 496 3720
127426611 117 706 3722
127469141 103 734 3726
127598360 104 912 3740
127830819 102 939 3764
128068496 100 333 3788
128387240 104 584 3821
128852646 100 657 3867
128905532 112 186 3872
128971770 102 117 3879
129058163 112 632 3887
129104838 110 385 3892
129185434 118 815 3901
129292314 117 34 3911
129353750 109 146 3917
129831542 115 939 3963
129938067 110 574 3973
130265173 114 794 4005
130338655 104 380 4013
130441109 106 615 4023
130450054 119 411 4024
130502044 113 976 4029
130835940 106 160 4064
130858983 114 891 4067
130948337 116 816 4076
131027382 109 376 4085
131181205 118 318 4101
131247298 108 863 4108
131426221 108 612 4127
131549263 114 454 4139
131714753 117 837 4155
131979628 108 305 4180
131997038 111 260 4182
132207708 113 837 4203
132364990 107 924 4219
132811372 104 40 4264
132864559 103 198 4269
132986424 104 177 4280
133273320 105 369 4309
133390960 119 200 4321
133401035 107 994 4322
133504851 113 680 4332
133534675 115 513 4335
133594851 100 782 4341
133991978 111 847 4380
134020839 117 450 4383
134028689 116 587 4384
134062486 104 189 4387
134207985 111 753 4403
134283486 106 56 4410
134384471 118 937 4421
134429523 115 867 4425
134452559 113 175 4427
134495771 108 790 4431
135329534 111 516 4517
135683973 114 604 4553
135773591 108 679 4561
135844514 103 237 4569
135883546 106 110 4573
135989887 108 519 4583
136054375 113 953 4589
136715465 104 225 4655
137494771 106 374 4731
137606911 105 380 4744
138017706 104 916 4784
138346449 112 352 4817
138358788 111 286 4818
138410886 109 24 4823
138569221 115 356 4839
138612649 110 284 4843
138737853 110 15 4856
138849517 114 717 4868
139253137 114 772 4910
139261300 112 926 4911
139269798 112 475 4912
139426449 100 24 4928
139681736 116 801 4953
139903923 104 940 4976
139957455 111 68 4981
140347017 110 249 5020
140570466 117 814 5042
140819279 106 520 5068
140987793 115 515 5085
141248836 106 186 5111
141257119 109 446 5112
141349541 118 299 5121
141357247 107 960 5122
141489776 118 817 5135
141641976 109 497 5151
141660232 103 710 5153
141809654 107 621 5168
141817123 100 66 5169
141980143 102 426 5184
142067314 104 243 5192
142160608 102 228 5201
142170314 118 438 5202
142462369 105 373 5231
142558829 109 618 5241
142835119 100 726 5269
143087414 105 968 5294
143133052 113 270 5299
143154129 100 663 5301
143187864 100 718 5304
143222863 110 895 5307
143541794 111 937 5340
143613099 110 888 5347
143662359 111 146 5352
143694457 105 105 5356
143879473 108 599 5375
144031850 113 36 5390
144078518 105 402 5395
144265896 100 912 5414
144333625 102 611 5422
144443565 112 861 5433
144557085 108 550 5444
144940263 110 507 5482
145314331 109 487 5520
145879430 112 709 5578
145972890 113 941 5588
145984975 119 954 5589
146053136 115 728 5596
146062660 105 31 5597
146669496 118 140 5658
146746792 117 243 5665
146773751 107 848 5668
146857078 110 342 5677
146987707 119 507 5690
147030036 105 75 5694
147178199 102 950 5710
147312402 100 193 5724
147621672 108 314 5754
147701748 108 284 5762
147911067 115 72 5784
147978555 101 178 5791
148418440 103 336 5834
148597034 108 584 5852
148685627 102 380 5861
148994065 105 739 5893
149219051 100 815 5916
149307749 100 282 5925
149420502 111 150 5936
149868996 112 273 5978
150000020 111 97 5992
150180776 113 710 6010
150531654 118 331 6045
150645658 101 573 6058
150751715 112 257 6069
150784776 105 117 6072
150848096 109 731 6078
150986101 113 881 6093
151110616 116 486 6105
151186317 115 130 6113
151366459 109 20 6131
151393287 101 912 6134
151437790 116 614 6138
151761309 111 988 6170
151816221 106 167 6176
151956095 108 958 6191
152169196 106 849 6212
152444766 119 122 6238
152464241 106 800 6240
152557443 110 649 6251
152621596 101 713 6257
152705521 112 148 6265
152980586 106 18 6292
153129168 107 345 6308
153157748 116 861 6311
153354337 101 143 6332
153404541 103 398 6337
154016784 110 757 6399
154073451 105 810 6404
154106651 104 97 6407
154223169 119 713 6419
154284266 115 844 6425
154295623 113 760 6426
154433036 113 668 6441
154746625 108 559 6473
154765967 111 815 6475
154904502 101 37 6488
154924607 100 200 6490
154949701 119 824 6493
155075151 107 570 6505
155342538 112 447 6533
155371873 109 121 6536
155669099 119 814 6565
155754955 105 93 6574
155867854 111 678 6585
155890749 109 834 6587
156088919 119 489 6607
156151545 116 560 6614
156204324 111 143 6619
156333148 114 172 6631
156354708 113 490 6633
156396750 101 842 6637
156457947 108 174 6643
156649368 108 977 6663
156877216 106 239 6686
156897923 116 749 6688
157076017 104 702 6706
157159522 111 813 6714
157178075 112 247 6716
157587040 102 272 6756
157618900 111 205 6759
157661719 107 981 6763
157805981 116 204 6778
157899752 112 576 6787
157932946 101 526 6790
158117052 100 259 6809
158183585 119 242 6816
158239123 102 641 6822
158483036 109 635 6845
158620589 100 124 6859
158702751 107 403 6867
158950527 102 341 6893
159077813 108 8 6906
159263884 109 139 6925
159402310 115 407 6939
159447301 117 272 6944
159471952 104 352 6946
159857462 117 372 6986
159870462 104 989 6987
159879720 117 939 6988
160176977 109 920 7018
160350716 114 197 7036
160498037 106 313 7051
160804178 106 956 7083
160869624 117 782 7089
160926794 112 829 7095
161374689 100 23 7140
161707252 119 446 7173
161778946 115 918 7180
161809314 115 125 7183
161844372 110 470 7187
162263282 111 973 7228
162427127 101 383 7244
162480231 113 802 7250
162517113 110 917 7253
162540333 100 599 7255
162588390 106 995 7260
162752975 103 29 7276
162895268 115 627 7290
163195607 113 455 7321
163350727 117 57 7337
163399509 117 630 7342
163461082 115 172 7348
163481077 110 62 7350
163722222 106 39 7374
163987562 109 788 7399
164293833 107 990 7431
164344158 108 824 7436
164483152 112 294 7450
164646152 103 665 7466
164676640 100 460 7469
165091274 109 913 7510
165142757 100 603 7516
165276620 108 622 7530
165883623 109 162 7594
165933577 119 147 7599
166433342 101 366 7649
166460990 103 573 7652
166524226 108 791 7659
166817888 105 611 7690
166859149 111 675 7694
167061817 105 129 7714
167485542 105 149 7756
167543549 103 640 7763
167859527 118 488 7796
167884011 117 325 7798
167957261 117 157 7805
168251803 111 879 7836
168303921 114 937 7841
168384097 115 422 7849
168578772 111 699 7869
168815798 111 498 7892
168845450 105 497 7895
168927831 106 616 7903
168950958 115 785 7905
168987826 116 409 7909
169055111 107 12 7916
169261895 103 599 7938
169301575 101 174 7942
169387921 116 255 7950
169652755 105 661 7978
169672115 117 520 7980
169848598 114 192 7998
169877410 106 655 8001
170141573 101 423 8028
170215184 115 729 8035
170333082 110 552 8047
170485618 110 960 8061
170513919 117 798 8064
170545238 112 423 8068
170719939 107 898 8085
170762547 103 561 8089
170967102 109 857 8109
171110529 106 374 8123
171121115 113 480 8124
171225556 102 466 8134
171353124 106 377 8146
171602883 106 940 8172
172133451 110 427 8226
172296677 104 355 8243
172435016 101 456 8256
172701906 108 641 8283
172782007 119 126 8291
172791228 118 362 8292
173441533 105 405 8359
173498318 119 996 8365
173640759 107 352 8379
173695341 112 42 8384
173794797 110 408 8395
173992411 118 547 8414
174139780 113 26 8428
174226305 111 119 8436
174315879 111 123 8445
174761592 106 958 8491
174809778 110 318 8497
174928139 108 306 8509
174968990 114 768 8513
175045122 101 479 8521
175063951 101 975 8523
175391562 111 151 8556
175431658 109 926 8560
175536001 114 782 8570
175649673 101 28 8582
175714209 105 56 8588
175843903 102 917 8601
176009665 107 469 8617
176412267 106 44 8656
176733871 106 148 8689
176744818 114 99 8690
176945385 109 503 8710
177002538 101 357 8716
177041783 119 720 8720
177099430 119 968 8726
177118323 111 725 8728
177274436 117 521 8743
177339239 104 474 8749
177562173 110 662 8772
177884483 115 415 8805
178229921 103 235 8840
178260613 119 513 8843
178566568 109 192 8873
179053520 113 537 8921
179192633 113 260 8936
179256611 102 729 8942
179392903 117 494 8955
179466676 100 418 8963
179479676 110 33 8964
179881577 109 821 9004
179896391 116 324 9006
180147416 119 107 9029
180193473 105 77 9033
180519426 112 189 9065
180693431 100 249 9082
180737399 112 169 9087
180988526 117 638 9113
181616054 116 412 9176
181803833 119 662 9195
181962578 116 971 9210
181971944 111 220 9211
182003802 118 547 9214
182122801 118 462 9226
182944792 107 21 9307
182950419 100 860 9308
183007533 100 861 9314
183307169 102 610 9347
183326894 102 236 9349
183485349 107 740 9365
183575227 106 654 9374
183746792 116 724 9392
183855202 118 505 9403
184158461 103 584 9433
184200423 105 112 9437
184375732 112 694 9455
184573985 107 11 9475
185000423 102 439 9517
185196188 103 759 9537
185601688 119 666 9578
185718039 108 770 9589
185871618 109 777 9605
185891779 115 697 9607
186246668 114 747 9641
187097663 112 660 9726
187138128 118 893 9730
187368251 113 657 9752
187436144 114 741 9759
187625071 104 23 9778
187740161 102 729 9789
187793503 104 933 9794
187936355 114 285 9809
187956392 106 742 9811
187990506 109 895 9815
188086145 106 179 9825
188337032 109 971 9850
188573992 115 600 9873
188604389 107 967 9876
189149717 106 433 9932
189230335 110 441 9940
189348103 104 669 9952
189452215 116 719 9963
189580232 109 453 9976
