377966 76 106 9
457108 75 644 11
677903 76 277 16
976159 61 894 23
1499921 70 594 36
1999200 66 495 49
2085110 77 912 51
2250743 73 277 55
2294560 75 351 56
3967534 65 134 98
3997534 64 32 99
4284578 78 635 106
4522261 62 273 112
5138155 65 386 128
6756387 61 275 167
7032714 65 964 174
7364332 75 745 182
7703966 63 148 190
7833813 68 172 193
7873102 70 317 194
8588292 61 753 212
8632730 67 624 213
9099327 62 79 225
9973791 64 33 248
11235468 71 110 280
11891101 76 96 297
13175151 68 567 330
13602421 65 484 341
15166755 70 496 381
15374146 70 731 386
15695641 62 552 394
15960442 66 801 401
16662799 62 303 418
16885844 68 260 424
18891698 65 727 475
18982575 70 937 477
19115810 79 372 480
19335667 60 176 486
19595731 76 723 492
19716797 66 942 495
20002123 62 480 502
20437760 69 891 513
20606966 73 456 517
21402267 71 806 537
22926869 79 489 576
23650182 67 171 594
24579908 63 877 619
24890369 76 57 627
25048481 71 853 631
25923848 76 117 653
26653572 68 372 672
26724610 74 403 674
26803123 69 808 676
27056269 60 424 682
28097916 73 69 707
28173694 68 839 709
29338372 65 185 738
30409131 60 780 765
30776751 64 911 775
31906408 78 656 803
33849929 77 221 853
34173649 79 748 861
34357028 66 168 866
34399055 68 254 867
35077713 70 322 884
35284382 63 647 889
35364250 62 983 891
35761851 71 605 901
36410777 79 657 917
36575266 64 964 921
37191522 66 428 937
37361464 73 251 941
38040061 75 848 957
38227399 66 737 962
40293099 68 706 1014
40336197 62 676 1015
41746529 74 669 1049
42517705 64 461 1069
42887048 70 925 1078
43138001 69 654 1084
43782739 65 83 1100
43951536 65 432 1104
43992413 64 768 1105
44280959 68 718 1112
44679838 69 601 1122
44764504 74 31 1124
44923326 68 895 1128
45002561 60 75 1130
45620306 79 671 1146
45945731 67 350 1154
46022307 64 579 1156
46226534 67 884 1161
46271568 75 459 1162
46316286 63 600 1163
47037908 62 882 1181
47108687 62 257 1183
47791337 68 884 1200
48830236 78 658 1226
49291111 70 473 1238
49374486 60 757 1240
49621823 67 765 1246
50162039 67 487 1259
50505275 60 667 1268
52019699 70 69 1306
52056945 63 161 1307
52229970 75 877 1311
54920690 68 446 1377
55959006 64 981 1402
56535081 66 729 1416
56785131 77 222 1422
57076443 67 874 1429
57487283 71 26 1440
57848438 66 683 1449
58266190 77 327 1459
58457763 65 421 1464
58912007 79 403 1475
59111086 76 928 1480
59201217 70 938 1482
59357221 66 989 1486
59706355 69 392 1494
59831466 78 408 1497
59872330 73 239 1498
60067881 65 834 1503
61709511 72 463 1545
62086182 76 649 1555
63270013 61 396 1585
63617425 70 251 1594
63701620 65 405 1596
65373630 73 839 1638
65604642 72 905 1644
67990410 78 723 1704
69498046 60 253 1741
70406584 63 914 1764
70853228 60 181 1776
71801304 68 885 1800
72216606 60 378 1811
72701857 77 33 1823
73685929 64 950 1847
73730696 60 0 1848
73905955 79 682 1852
73953544 70 905 1853
74030942 62 336 1855
74105408 75 498 1857
74262700 72 508 1861
74753022 61 857 1873
75326995 62 887 1886
75414152 61 615 1888
75806866 70 896 1898
76382218 70 418 1913
76499137 70 68 1916
77609017 69 433 1943
78039272 71 545 1954
78834403 62 889 1974
78874272 62 898 1975
79540965 60 118 1991
80664729 64 351 2018
80788959 65 97 2021
81509936 65 13 2040
82217647 68 857 2058
82799756 61 38 2073
83327595 71 853 2086
86443755 61 374 2165
86804827 61 608 2175
87564350 72 47 2194
88129896 62 693 2208
90208525 76 125 2260
90405740 76 440 2265
92248849 78 679 2311
92287278 68 741 2312
93894285 79 696 2351
94449398 75 701 2365
94696461 65 635 2371
95779975 75 980 2398
95902408 65 813 2401
96621372 65 292 2419
96935018 70 126 2427
98546159 65 617 2467
99159151 70 791 2483
99604344 62 846 2493
99643900 65 462 2494
99881695 74 274 2500
100566201 64 793 2517
100976912 63 902 2527
102785381 79 646 2570
104426767 78 185 2613
104538696 61 692 2616
105301842 69 508 2635
106320105 79 312 2660
106643863 64 285 2668
106781905 67 909 2671
107113050 72 895 2679
107712649 72 812 2694
108928314 78 93 2724
109231187 70 992 2732
109691431 60 861 2743
110100505 79 567 2753
110130505 60 278 2754
110816754 71 245 2772
112806380 63 437 2823
113150453 73 625 2831
113369647 65 908 2836
113855291 76 911 2848
114055156 66 480 2853
114133663 63 117 2855
115592182 63 963 2891
117014930 76 740 2926
117313339 62 391 2934
118159873 74 963 2955
118754252 75 360 2969
118922857 74 594 2973
120716074 60 673 3016
120835065 72 718 3019
121412792 67 41 3034
122108001 60 705 3051
123474805 74 820 3084
123866853 61 833 3094
124036264 70 436 3098
124074421 62 718 3099
124760171 79 416 3116
125804512 65 635 3142
125957461 69 144 3146
126139782 76 353 3151
128324930 62 389 3207
129591705 61 280 3238
129626373 61 8 3239
129706180 68 35 3241
130307012 78 397 3256
130887990 70 72 3271
131015169 69 713 3274
131665751 66 212 3290
131787853 65 159 3293
132199531 70 238 3303
134100901 68 237 3352
135676042 60 577 3391
136110955 61 847 3401
136160955 65 89 3402
139083238 60 993 3474
139160652 74 828 3476
141475135 68 320 3533
141957679 79 711 3545
142744819 64 494 3566
144092026 73 853 3601
144298284 73 19 3606
145132169 77 582 3627
146489721 69 818 3661
147583516 76 188 3689
147890418 74 529 3696
148143681 75 749 3702
148679966 65 193 3715
148763126 67 790 3717
148876251 65 253 3720
148970973 78 708 3722
149829026 78 347 3744
150916323 76 917 3771
151613332 73 731 3789
152423765 67 831 3809
152456338 67 467 3810
152499628 76 966 3811
152652344 72 789 3815
153290506 68 472 3830
153726800 60 318 3841
154053501 75 666 3849
154419367 64 828 3858
155327368 74 981 3882
156069626 76 697 3901
156827864 67 236 3919
159820881 69 15 3996
160046558 68 917 4002
160354113 71 632 4009
160398206 67 996 4010
161431005 64 194 4035
162723538 78 110 4067
162757540 79 839 4068
163117732 61 250 4077
165888477 64 627 4146
167131273 67 451 4179
167459095 64 81 4187
167537788 64 403 4189
168656318 78 494 4216
169637404 65 187 4241
172963258 74 227 4325
173117318 78 485 4329
173466171 78 469 4338
173514200 73 312 4339
174522603 60 925 4364
175416194 74 73 4386
176022821 69 86 4401
176103328 68 536 4403
176255542 66 626 4407
176348639 71 720 4409
176387794 62 251 4410
176425056 66 166 4411
177009926 68 302 4426
177124827 69 484 4429
178464802 74 693 4463
178892396 67 482 4474
179038101 64 610 4478
179076002 76 507 4479
179367452 64 163 4486
179500041 78 100 4489
180065680 76 378 4503
181370008 74 534 4534
181445026 62 548 4536
181525093 73 586 4538
181966420 76 459 4549
182605247 64 129 4565
182678670 79 177 4567
183657660 69 943 4592
183847939 79 419 4597
184187038 68 902 4606
184226722 66 392 4607
184270704 74 139 4608
184558318 61 370 4615
185038942 75 845 4627
185919428 78 212 4649
186076951 60 181 4653
186466150 71 373 4663
187105887 79 381 4679
187140424 65 768 4680
187962922 66 80 4701
188555114 70 18 4716
189314534 60 922 4735
189847676 69 636 4748
190254435 75 922 4758
191888888 79 4 4798
192265565 75 559 4807
192351685 61 756 4809
192836767 66 629 4821
193322582 72 717 4833
193929864 69 443 4848
194650153 74 548 4865
195248476 70 752 4879
195327132 66 128 4881
196660582 74 268 4913
197242573 77 488 4928
197738185 62 338 4940
198542476 60 630 4960
198774889 62 682 4966
199296929 70 689 4980
199831694 77 907 4993
200856044 62 988 5018
201028878 70 685 5022
204324652 67 971 5105
204872764 72 57 5118
205040581 72 572 5122
206020204 70 776 5147
206768574 64 676 5166
206838040 62 303 5168
207211094 64 313 5177
207952699 63 571 5196
208280109 78 966 5204
209297078 64 670 5228
209942342 66 189 5244
210695535 71 481 5263
210812563 75 247 5266
213539840 70 42 5334
213796285 65 676 5340
214136589 62 985 5348
215159298 72 130 5374
215849652 61 892 5391
215994261 71 99 5395
216509571 78 371 5409
216866757 78 939 5419
216900962 74 302 5420
217114845 79 190 5425
217800395 66 330 5442
218188249 74 635 5452
218596731 72 197 5462
218791090 60 874 5467
218856583 70 867 5469
218973077 62 815 5472
219285791 75 123 5480
219363225 75 541 5482
219653704 76 637 5489
220053447 77 328 5499
220890575 62 684 5519
221500301 75 635 5534
224063094 63 6 5598
224197511 63 490 5602
224357169 67 132 5606
224490986 74 167 5609
225625241 66 46 5638
226494700 71 337 5659
226687900 78 629 5664
226758283 62 400 5666
227079343 65 388 5674
227884530 64 161 5693
227972751 69 845 5695
228387627 66 294 5706
229174869 77 375 5725
229947739 73 754 5744
231814996 61 956 5791
232451007 75 184 5807
232492318 68 468 5808
233500261 79 410 5834
233655609 67 846 5838
234506071 78 694 5859
235714910 63 284 5889
236046278 61 109 5898
236697765 60 24 5915
237133655 76 97 5926
237871061 79 22 5945
238784609 78 149 5969
239209799 74 186 5979
240514379 77 561 6012
241016764 73 886 6024
242075051 75 456 6050
242724901 72 985 6066
243635410 61 67 6089
245773320 64 747 6144
246390808 64 254 6160
247009359 70 225 6175
247628082 76 428 6190
247920894 77 490 6197
247992005 64 682 6199
248355299 63 593 6208
249682911 65 986 6241
249890149 61 600 6246
250561599 64 939 6262
250787520 71 885 6268
251666859 64 92 6290
252010091 73 287 6298
252125385 67 708 6301
252162380 61 78 6302
252323344 62 53 6306
252673628 69 624 6315
252924845 67 848 6321
253119453 79 261 6326
253369864 67 313 6332
253670931 61 708 6339
254003223 74 494 6347
255470142 74 782 6383
255827255 71 285 6392
256395405 60 946 6406
256760477 69 585 6415
256840913 74 73 6417
258146999 61 693 6451
258432336 64 559 6459
259250851 70 254 6480
259496059 70 328 6486
259618401 66 850 6489
260205079 62 493 6504
260487727 62 115 6511
261425973 67 424 6534
261494575 69 292 6536
262025959 64 276 6548
262148522 76 146 6551
262316970 71 136 6555
264695566 61 873 6616
265191493 64 441 6628
265295760 72 922 6631
265345760 79 917 6632
265494537 67 734 6636
265573268 64 745 6638
265616013 75 356 6639
265646013 71 950 6640
265810426 72 447 6644
266294659 60 405 6656
266328225 69 464 6657
267219373 76 92 6679
267292347 78 1 6681
267776324 66 861 6694
268140941 62 804 6703
268947492 72 462 6723
269070898 61 879 6726
269315946 61 336 6732
270672123 63 742 6766
271090598 78 163 6777
271181745 78 281 6779
272008624 72 650 6800
272487505 60 381 6812
272628371 74 992 6816
273444125 72 351 6836
275587125 71 961 6888
277395406 75 545 6932
277795942 70 185 6942
277947969 75 173 6946
278980872 65 819 6971
280065993 76 612 6998
280475718 78 397 7008
280672175 67 193 7013
280835070 74 960 7017
281217416 72 722 7027
282235957 61 571 7052
283136713 63 343 7074
284141434 63 849 7099
285201294 61 664 7125
286421981 77 273 7155
286917452 77 685 7167
287992279 67 184 7193
288031120 72 889 7194
288399058 65 502 7203
290295023 75 181 7251
290769646 75 553 7263
290971289 69 102 7268
291015341 65 116 7269
292303448 65 453 7301
292346874 71 919 7302
293845662 67 363 7340
294186246 73 220 7349
294814067 70 429 7365
295981131 61 307 7394
296863823 74 187 7416
297140016 79 232 7423
297181717 73 229 7424
298055417 72 9 7446
299019034 64 88 7469
299407087 63 246 7479
299480176 68 734 7481
299527594 69 699 7482
301714791 78 8 7537
301967121 61 502 7543
302099741 73 441 7546
302595533 60 356 7559
302707549 64 987 7562
303984653 72 801 7594
304435513 69 345 7605
305242407 73 79 7625
305321283 68 72 7627
305579392 74 966 7634
306316654 79 172 7652
306964202 69 546 7669
309223997 73 844 7724
309914920 69 512 7742
310073431 66 2 7746
310109446 69 795 7747
310645376 64 247 7760
311205203 79 376 7774
311394933 78 488 7779
311730293 67 943 7787
311889060 79 113 7791
312162756 75 477 7798
312391730 64 165 7804
312838263 63 517 7815
314206490 79 258 7849
314541123 76 598 7857
314658054 67 115 7860
315387229 61 486 7879
315474633 65 589 7881
315596308 63 114 7884
315941885 65 510 7893
316025090 70 681 7895
316235410 68 164 7900
316908367 60 761 7917
319395032 67 51 7981
319828105 67 103 7992
319938384 79 25 7995
320735003 70 910 8014
321629509 61 956 8036
322487212 60 959 8057
322614166 78 473 8060
322953394 71 985 8069
323212769 71 35 8076
324196642 69 784 8101
324378620 61 109 8105
324547415 72 195 8109
326000830 60 316 8145
326747171 61 241 8163
326948827 63 659 8168
328228281 69 72 8200
328757806 68 59 8213
329867955 62 86 8242
330874343 72 204 8267
330910473 63 176 8268
331180156 60 503 8275
331617867 76 537 8286
331728347 60 945 8289
332096938 67 875 8299
332343095 66 824 8305
333911546 60 9 8345
335983973 67 247 8396
336285884 61 680 8404
336815473 64 917 8417
337158806 67 937 8426
337510279 69 202 8436
338800636 60 458 8468
339136664 63 752 8476
339337337 66 52 8481
339738493 63 158 8491
339987680 79 659 8497
340341859 75 415 8506
340754971 70 602 8516
340872438 72 969 8519
341027223 60 61 8523
342013813 64 643 8549
342624276 69 454 8564
344014858 61 36 8598
345754879 62 428 8643
346207812 78 286 8654
346891617 79 421 8671
347033327 61 708 8675
348016327 79 272 8699
348555802 77 654 8713
348586911 76 456 8714
348780142 68 129 8719
351565498 76 138 8788
352585370 69 957 8813
352624771 66 536 8814
353127603 64 222 8827
354406506 70 253 8859
354607664 69 355 8864
354686113 76 94 8866
354749641 64 25 8868
356472873 71 134 8912
357121745 78 959 8928
357593770 62 489 8940
357987188 76 970 8950
358981074 60 356 8976
359535886 62 34 8989
360120232 70 582 9003
360310374 68 333 9008
360919535 64 581 9023
361060199 64 979 9027
362376741 71 969 9062
362870144 69 277 9075
362994374 65 658 9078
363079376 74 221 9080
364417766 66 266 9114
364807884 62 761 9123
365131893 69 256 9131
365634564 68 41 9144
365864108 63 348 9150
366163528 64 607 9158
367481138 66 55 9191
367813102 68 183 9199
368540633 64 815 9217
368616801 75 569 9219
369124836 60 213 9231
369193009 76 628 9233
369322729 72 623 9236
371784525 73 207 9297
371920239 67 281 9300
372210844 67 286 9307
372329885 72 579 9310
372819103 65 255 9322
374535684 68 243 9366
375471607 62 928 9389
375808362 69 993 9397
378692627 61 14 9467
378875292 74 121 9471
379045737 76 940 9475
379184397 70 682 9478
379216099 71 202 9479
379860691 75 174 9495
380245897 67 52 9504
380602059 75 905 9513
380645837 79 642 9514
381125168 77 629 9526
381333644 65 981 9531
381820283 63 327 9543
382055754 79 725 9548
382442266 72 708 9558
383618335 75 84 9588
383748764 73 629 9591
384512191 63 398 9609
384551055 61 671 9610
384752594 74 5 9615
384786593 62 472 9616
385336789 68 443 9630
387013908 69 46 9672
387258571 72 938 9678
387434203 76 777 9682
388398849 66 871 9706
388829741 73 994 9717
389789045 69 963 9741
390349800 69 868 9756
390391226 71 914 9757
390749681 72 608 9766
391060677 61 925 9773
392397815 61 73 9806
393025304 63 24 9821
393063360 74 81 9822
394450522 62 821 9857
395099272 77 926 9874
395328648 66 962 9880
397947588 73 301 9945
398093627 68 368 9949
