337076 169 737 8
637165 161 773 15
1017759 166 629 24
1124311 176 167 27
1318370 176 245 32
3264264 174 692 81
3752991 177 988 93
3795738 173 694 94
4032263 171 55 100
4143198 176 789 103
4553472 167 955 113
4958215 165 735 123
5176787 173 769 129
6045097 179 874 150
7153378 174 187 177
7447999 178 931 184
8073935 163 67 199
10177767 167 260 253
10461990 165 891 260
10728182 175 63 267
11372423 164 683 284
12211236 164 247 305
12867619 163 187 322
14581143 171 365 366
14655911 160 530 368
14742360 171 468 370
15880534 169 686 399
15922370 164 269 400
16129218 168 451 405
17811806 178 490 447
18089014 163 409 454
18531499 166 583 466
18613133 167 354 468
18768257 164 804 472
18813944 171 675 473
20315465 162 500 510
20355924 175 754 511
20766486 162 267 521
20929000 171 547 525
22049380 179 593 554
22416384 173 908 563
23916414 160 151 601
24054496 172 20 605
24534576 172 149 618
24811565 164 990 625
25192110 165 643 635
25552728 179 726 644
25596647 175 444 645
25961299 172 559 654
26350243 177 477 664
26975212 166 591 680
27261558 179 488 687
27686417 170 114 697
28295830 164 355 712
29662164 160 102 746
31550042 163 549 794
32286060 169 147 813
32742192 171 862 825
33128229 173 27 834
35675523 172 620 899
36002098 170 573 907
36605728 170 826 922
37120815 160 290 935
37958954 165 250 955
38269704 164 885 963
38558851 171 266 970
38951178 173 156 981
39038741 176 644 983
40710881 175 775 1024
40749907 176 496 1025
41012290 163 889 1031
41825816 166 531 1051
41868059 160 373 1052
42240907 166 469 1061
42717172 175 759 1074
43469632 177 39 1092
44474821 167 623 1117
44547793 176 18 1119
45305099 171 556 1138
46068042 165 599 1157
46351280 164 448 1164
46785482 176 384 1175
46918722 163 395 1178
47464619 160 886 1192
47547493 168 718 1194
48042072 161 819 1207
48361471 175 101 1215
50672906 175 352 1272
50831428 174 816 1276
51065071 174 712 1282
51498940 164 193 1293
51528940 168 92 1294
52804868 164 933 1325
53612604 179 811 1344
54387638 168 674 1364
54554059 172 985 1368
54597578 171 169 1369
55521689 175 242 1392
55661172 169 428 1395
56265569 162 167 1409
56302235 160 491 1410
56341447 164 42 1411
56742107 163 964 1421
57451534 171 730 1439
58982152 178 913 1477
60962474 161 901 1526
61566609 164 783 1541
62290146 173 503 1560
63313152 172 85 1586
63946940 162 688 1602
64245544 174 436 1609
65187715 178 837 1633
66639939 167 187 1670
67116107 177 96 1682
67258365 175 630 1686
67382300 170 281 1689
67762299 160 666 1698
67918917 178 819 1702
68023784 174 549 1705
69334139 163 836 1737
71524774 176 902 1793
71574774 172 600 1794
71721606 171 37 1798
72495240 169 210 1818
72783458 168 931 1825
73215821 177 863 1835
73298140 174 758 1837
73815578 173 636 1850
75689412 171 702 1895
75957496 173 37 1902
76144746 178 236 1907
77364328 160 680 1937
77569015 172 504 1942
77952103 171 161 1952
78430087 172 410 1964
78923250 179 142 1976
79379839 161 553 1987
79965205 177 665 2001
80114490 179 657 2005
81666309 165 54 2044
81983614 178 350 2052
82031921 172 158 2053
82673290 175 639 2070
83721205 164 785 2096
83755882 172 493 2097
83827175 178 805 2099
84775560 173 614 2123
84893134 171 978 2126
85267993 166 196 2135
85747948 175 479 2147
86042818 170 603 2155
87004227 177 629 2180
87614350 172 475 2195
88085992 179 981 2207
88162988 169 670 2209
88442897 175 114 2216
90908946 175 194 2277
90947975 174 893 2278
91123300 178 254 2283
92201082 160 552 2310
92616646 163 492 2320
93483908 163 349 2341
94061981 172 403 2355
94857533 162 415 2375
96212630 167 252 2409
96336240 166 914 2412
96489602 171 965 2416
96535119 167 429 2417
97474053 164 168 2441
97872708 162 850 2450
97945717 171 92 2452
98754155 162 268 2472
99005297 176 917 2479
99555031 177 741 2492
99961597 161 622 2502
100003667 178 372 2503
100395818 172 259 2513
100935688 175 510 2526
101414776 172 414 2537
102601166 164 500 2566
103804277 160 885 2597
103838111 164 463 2598
103958711 173 794 2601
104025132 174 835 2603
104261772 170 725 2609
104508458 176 977 2615
104816987 179 389 2623
105253403 162 47 2634
105469845 169 316 2639
106143065 163 43 2656
106521857 164 889 2665
107848166 164 517 2697
108800758 175 189 2721
108971098 168 938 2725
110422231 176 12 2762
111330888 176 730 2785
111566338 162 263 2791
112474008 162 876 2814
112504008 167 376 2815
112767341 176 200 2822
113275407 179 738 2834
113578678 174 899 2841
113733426 165 481 2845
115720400 169 236 2894
116476562 166 292 2913
116766372 175 362 2920
117912514 164 332 2949
117986747 161 95 2951
118886388 174 646 2972
119374159 172 838 2984
119468291 171 120 2986
119774521 178 795 2993
120469408 167 506 3010
123189928 176 873 3077
123833805 174 776 3093
124846085 160 611 3118
125228921 161 168 3128
125683626 170 497 3139
126036463 177 865 3148
126261439 164 414 3154
127171884 175 792 3177
128250185 176 630 3205
128619781 178 810 3214
129477194 175 700 3235
132864426 163 994 3320
132977119 166 910 3323
134647950 166 682 3366
134738619 170 253 3368
135028796 174 929 3375
135892722 177 548 3396
136513477 162 476 3411
136626174 161 503 3414
137360586 162 689 3432
138429527 168 518 3459
138474705 171 255 3460
139483526 166 93 3484
140638955 177 853 3513
140821781 165 775 3517
142206467 175 191 3551
142347612 174 142 3555
143085182 166 342 3575
144840311 177 597 3620
146606840 179 451 3664
147930451 171 334 3697
148471701 178 943 3710
148725917 160 989 3716
149049290 173 694 3724
150443464 171 438 3759
151251197 168 397 3779
151540197 169 791 3787
151937780 161 515 3797
152576609 174 430 3813
154544375 170 578 3861
154984082 168 405 3873
155360326 163 139 3883
155434756 160 794 3885
155985643 170 933 3899
157173017 167 889 3929
157259557 174 135 3931
157408692 177 319 3935
157521091 175 101 3938
158032794 169 102 3950
158855847 167 209 3972
159077498 179 48 3978
159169357 161 706 3980
159728399 175 390 3994
160306787 175 779 4008
160484955 167 324 4012
160766891 163 833 4019
160850423 168 407 4021
161312049 174 719 4032
161557882 170 164 4038
161600004 168 103 4039
162017946 169 343 4050
163409055 176 713 4084
163910769 168 774 4097
163950185 169 806 4098
164477950 165 858 4110
165130898 173 419 4126
165568283 163 68 4137
168237938 161 590 4206
168447068 169 974 4211
168979316 173 873 4224
169050570 160 6 4226
169176265 178 888 4229
169710039 164 725 4243
169888129 167 418 4248
169932669 173 536 4249
171074886 167 685 4277
171152528 179 435 4279
172144399 167 367 4304
174241921 179 622 4357
174695133 164 547 4368
175094974 165 494 4378
177488136 168 481 4438
177602430 168 651 4441
179199103 165 347 4482
179585333 168 854 4491
180295900 176 995 4509
182756977 164 197 4569
184644496 160 599 4617
184758837 172 67 4620
185121745 163 867 4629
185330668 173 866 4634
185805880 177 389 4646
186278405 170 725 4658
186389489 173 887 4661
186579243 175 770 4666
187216290 169 503 4682
188320400 163 495 4710
188737701 163 217 4721
188776598 177 335 4722
188900795 176 294 4725
189229984 176 220 4733
189523829 171 968 4740
190319320 172 94 4760
191138576 179 249 4780
191597633 176 64 4791
191969648 170 0 4800
192644916 160 555 4816
192759279 165 695 4819
192881032 179 988 4822
193191801 178 968 4830
193879864 171 34 4847
194862152 175 833 4870
195708069 168 60 4890
196244860 166 712 4903
197172440 173 504 4926
200154723 165 593 5001
200334882 179 738 5005
200509727 175 861 5009
200583820 162 95 5011
200978878 176 403 5021
201418105 176 481 5032
202132922 161 953 5051
202791936 167 891 5067
203125441 178 630 5075
203326113 162 455 5080
205070581 167 952 5123
205345247 170 957 5130
205791313 176 397 5141
205985305 174 393 5146
206064980 161 649 5148
206723429 168 716 5165
207099632 168 926 5174
208072199 178 947 5199
208575591 162 237 5211
208664396 160 859 5213
208950634 166 353 5220
209678058 166 196 5237
210577511 176 406 5260
211445317 164 619 5282
212151058 162 502 5300
214048503 174 841 5346
215112611 162 486 5373
216146687 164 743 5399
216431154 170 812 5407
216470445 176 913 5408
216583177 177 54 5411
216620697 171 975 5412
216661332 170 267 5413
216833021 170 866 5418
217303862 170 875 5430
217518525 168 739 5435
217554588 172 978 5436
217753043 179 180 5441
218355280 169 354 5456
219093187 165 464 5475
219405177 178 622 5483
220198302 177 457 5502
220348195 164 60 5506
220843220 162 7 5518
222309441 161 231 5554
222962967 179 262 5571
224097408 170 745 5599
226539535 177 145 5660
228281191 161 302 5703
229007728 172 931 5721
229045609 160 326 5722
229858584 161 243 5742
230160650 176 760 5749
230200564 174 987 5750
230249700 172 561 5751
230651903 173 929 5761
230837491 172 694 5766
232009332 175 99 5796
232078624 176 145 5798
232366779 165 427 5805
233009555 179 262 5822
234465486 173 478 5858
235072656 172 899 5873
235548997 162 987 5885
236447093 179 642 5908
236935405 171 488 5921
236973203 170 29 5922
237093024 172 490 5925
237721203 174 450 5941
238072360 176 984 5950
238191907 177 819 5953
238407885 170 13 5959
238679741 166 700 5966
238749038 177 120 5968
238876273 178 212 5971
239464178 173 762 5986
240008041 166 783 6000
240058041 167 778 6001
241342295 172 689 6032
241492523 163 213 6036
242610483 169 34 6063
243494625 173 129 6085
243790670 162 389 6093
243964146 164 308 6097
244077932 161 98 6100
245186968 165 697 6128
245404811 177 226 6134
246351666 168 151 6159
246767029 171 672 6169
247344589 166 267 6183
248067924 169 717 6201
248477359 167 395 6211
248678837 162 771 6216
248726209 178 125 6217
249403888 165 70 6234
250750537 175 797 6267
250971308 168 156 6273
251083028 176 296 6276
251293726 169 519 6281
252997771 169 906 6323
253042025 163 834 6324
253627722 163 361 6338
254129415 162 960 6350
254449170 163 232 6358
254605330 167 562 6362
255560002 162 717 6385
255646432 178 771 6387
255680463 167 417 6388
255984365 172 929 6396
256024042 179 940 6397
256513476 179 526 6409
257055803 160 619 6423
257349299 163 736 6430
259142156 171 637 6477
259889670 175 128 6496
260158773 171 856 6503
261075152 171 794 6525
261318379 176 203 6531
261353766 175 588 6532
261796277 161 588 6543
262753825 176 577 6566
262793708 164 360 6567
263185432 175 384 6577
264825433 160 718 6619
265379506 165 925 6633
265898521 173 591 6646
266560259 161 286 6663
266867155 179 652 6671
267042696 168 819 6675
267534062 160 4 6688
268376597 162 690 6709
268670825 176 983 6716
269105093 169 946 6727
269664299 178 622 6741
269764631 164 470 6744
270430684 162 176 6760
270587213 178 872 6764
270907565 170 589 6772
272126202 161 953 6803
272333787 164 127 6808
273285579 166 741 6832
274036149 176 169 6850
274835401 162 507 6869
275212857 160 552 6878
275258217 171 349 6879
276194581 168 38 6903
277060664 167 104 6924
280390603 167 396 7006
283656755 170 937 7087
283854585 160 266 7092
284266881 177 874 7102
286389398 166 385 7154
287161320 167 710 7173
287344659 162 749 7178
288111120 174 126 7196
288199756 163 410 7198
288312960 171 177 7201
289324498 162 423 7227
289771446 172 786 7238
290005399 166 527 7244
291612384 179 678 7284
291729132 173 245 7287
293405958 172 47 7329
295574703 174 415 7384
295739416 165 210 7388
296131764 176 131 7398
297224581 172 962 7425
297496463 177 22 7432
298932596 169 230 7467
299620253 178 400 7484
299733666 166 629 7487
301850882 162 72 7540
302833643 167 147 7565
303203119 166 238 7574
303619420 170 185 7585
304277112 174 588 7601
304711319 174 335 7612
305111713 161 625 7622
305365422 178 519 7628
305609392 169 573 7635
306125677 179 177 7647
306499966 179 908 7657
306572603 161 38 7659
307420891 178 498 7680
307454362 175 537 7681
307727563 164 335 7688
307893491 167 114 7692
308448558 179 799 7705
308497094 164 477 7706
309501968 175 506 7731
310815811 173 562 7764
311481757 172 536 7781
312005439 169 53 7794
312083761 172 829 7796
312227790 167 611 7800
312795997 167 334 7814
313147829 168 221 7823
313439811 176 253 7830
314081027 164 123 7846
314850864 172 355 7865
315425807 167 548 7880
315674589 161 240 7886
316681171 164 406 7911
317387473 178 166 7930
318208633 167 900 7952
318583271 160 224 7961
319347638 170 132 7980
319475892 176 400 7983
319567211 178 816 7985
319756694 169 549 7990
320442330 179 932 8007
320524242 171 521 8009
322356933 160 265 8054
322725853 164 377 8063
323534530 166 396 8084
323576112 165 312 8085
323720547 177 593 8089
323763022 162 84 8090
323963974 178 327 8095
324466408 167 465 8107
324722996 178 147 8114
326273788 168 613 8152
326489357 176 62 8157
326794194 179 251 8164
327546126 165 995 8183
328261658 179 510 8201
328391637 179 253 8204
328678524 161 233 8211
329537918 175 598 8233
330586024 170 73 8260
330784323 163 706 8265
331035642 170 271 8271
331647867 170 322 8287
332536759 170 632 8310
332802151 177 500 8317
333162096 163 120 8326
333306626 170 4 8330
334230545 177 496 8353
334733174 162 322 8365
335017279 160 151 8372
335085332 163 83 8374
336562802 166 759 8411
336731000 160 84 8415
336961173 165 532 8421
337588652 176 62 8438
337836367 170 608 8444
338392868 179 451 8458
339788493 160 184 8492
341634631 171 28 8539
341676919 172 831 8540
341983813 168 892 8548
342123029 161 81 8552
342167509 178 283 8553
343261458 179 468 8579
343362991 171 552 8582
344254573 160 221 8604
344688102 172 275 8615
345302491 172 211 8631
346698891 165 843 8666
347274156 171 477 8681
348627683 177 874 8715
349742427 165 152 8743
349785592 173 531 8744
349898434 160 268 8747
350312165 167 851 8757
351005862 178 358 8774
352030132 172 51 8800
352270620 172 819 8806
352497555 160 109 8811
355421694 170 307 8886
355494754 177 278 8888
355744531 174 427 8894
355908979 174 881 8898
356963036 175 266 8924
356996949 167 346 8925
357034939 179 376 8926
357389527 165 723 8935
359065863 170 305 8978
359872602 165 242 8997
359922602 162 983 8998
360642306 165 60 9016
360842813 177 212 9021
361768492 161 540 9046
361892132 162 824 9049
362142868 171 330 9056
362297623 170 987 9060
362519882 179 154 9066
363357462 161 177 9087
363387462 161 712 9088
363437462 174 16 9089
363505152 175 520 9091
363744778 174 5 9097
365820024 167 248 9149
366498765 175 460 9166
366615983 178 324 9169
366738621 178 4 9172
367919313 177 251 9202
368040838 163 684 9205
368166618 171 23 9208
369233617 173 137 9234
369727551 161 931 9246
369774427 174 789 9247
370496000 176 106 9266
371124339 171 511 9281
371276825 166 257 9285
372287656 162 300 9309
372445134 173 320 9313
372599623 160 207 9317
372966407 172 335 9326
374168122 168 96 9357
374852583 175 267 9374
375027926 170 741 9378
376305046 164 652 9409
376344039 177 969 9410
377751934 175 337 9444
379628754 165 519 9489
379782572 178 346 9493
380415796 175 74 9508
381417635 178 49 9533
381459530 163 61 9534
383518335 172 640 9586
384674807 161 106 9613
386854911 170 546 9668
386939847 168 726 9670
387525289 178 176 9684
388239232 179 619 9702
389153759 173 166 9725
389934117 174 205 9745
390091510 179 474 9749
390920686 162 586 9770
392439074 165 638 9807
392554747 179 110 9810
392801330 170 92 9816
393494260 163 605 9833
395034037 169 326 9872
395406483 163 925 9882
395655813 179 102 9888
396270152 168 269 9904
396509457 171 458 9910
396699513 176 563 9915
396749513 174 573 9916
396786965 177 346 9917
397715797 170 264 9939
399056688 173 346 9972
399146759 171 906 9974
399989629 163 580 9995
