177407 298 555 8
369694 282 1240 18
908799 296 597 44
1153944 281 1195 56
1388063 297 1513 68
1842164 298 159 91
2020363 283 575 100
2296230 293 574 114
2688996 297 829 133
3089070 288 1331 152
3423085 298 1079 168
3630688 296 135 178
3963913 283 227 195
4060422 289 257 200
4276395 283 505 211
4311177 297 1115 213
4430766 295 1668 219
4488691 284 1488 222
4532029 295 1510 224
4547635 280 610 225
4694620 294 295 233
4838136 289 1030 240
5489581 297 697 272
5582267 293 598 277
5668736 285 1031 281
6859925 280 220 342
7171635 293 755 358
7299824 283 1840 365
9470088 281 1857 471
9511945 295 1042 473
9959074 298 1378 496
10049143 289 1646 501
10414704 290 1096 519
10523191 286 446 525
10603606 290 85 529
10850933 293 252 541
10965665 295 531 547
12361659 284 814 617
12494636 289 19 623
12942371 290 1526 645
13531730 294 847 675
13644072 280 1119 680
13806095 291 181 688
14235716 280 855 710
14655940 297 1994 730
14820097 296 795 738
15057133 289 796 750
15200063 295 1394 757
15408920 298 1876 767
15786676 292 1039 785
16140762 284 1353 802
16611858 297 423 826
16707040 288 861 831
17315990 288 834 861
17399491 282 1369 865
17746733 281 240 882
17873609 288 1978 888
18141122 291 454 901
18378011 296 1191 913
18479874 286 478 918
18831610 286 1550 935
19242903 280 1407 955
19306840 283 1769 958
19440084 287 1447 965
19751904 298 1426 981
19961042 293 1311 991
19983526 285 1869 992
20430371 282 737 1014
20984960 282 1448 1042
21159350 286 1571 1051
21430011 293 1057 1065
21451143 284 1562 1066
21509781 283 714 1069
23100289 282 532 1147
23656290 284 1806 1174
23755174 296 180 1179
23987632 282 1149 1191
24068313 292 323 1195
24527679 298 250 1219
24718317 292 537 1229
24775869 283 792 1232
24844969 288 1013 1236
25106103 297 677 1249
25581670 296 1921 1273
26097133 286 1392 1298
26283612 291 1773 1307
26413233 298 1463 1314
26695072 285 670 1328
27672957 292 1911 1376
28212419 294 1777 1404
28647392 281 1163 1426
29265161 294 1972 1458
29478297 290 41 1468
29573748 289 694 1473
29647094 288 1233 1477
30160040 298 1305 1502
30438671 291 1313 1517
30808814 281 585 1535
31493931 280 74 1568
31574602 291 1187 1572
31792951 290 1689 1583
32410421 297 715 1615
32536538 280 531 1622
33006605 284 1436 1646
33021605 297 146 1647
33276191 281 1763 1660
33314654 284 36 1662
33414534 289 217 1667
34143190 292 497 1705
34422768 288 39 1719
34617427 290 577 1729
35432019 288 1975 1770
35718350 288 1061 1785
35812926 284 1042 1790
35957609 293 845 1797
36107646 292 1181 1805
36350022 293 731 1817
36404758 298 1011 1820
36538360 282 87 1827
36868362 284 1285 1843
36986523 288 148 1849
37250794 284 1845 1862
37310585 298 1036 1865
37335585 285 69 1866
37642333 286 225 1882
37976378 290 424 1899
38116729 281 457 1906
38294254 280 860 1915
38524226 290 1752 1926
38698457 284 956 1935
38906016 296 1212 1945
38927941 281 587 1946
39578312 295 991 1979
39917750 290 646 1996
40019831 287 811 2001
40770617 289 42 2039
41222574 284 1071 2061
42745150 298 118 2137
43140694 281 470 2156
43253205 290 187 2162
43297190 286 1154 2164
43358153 295 1166 2167
43641850 281 237 2181
43730103 289 965 2185
44019816 297 1690 2200
44236981 298 971 2211
44940388 284 75 2248
45433133 293 197 2273
45822208 282 1440 2293
46419875 282 1309 2323
46525293 281 1646 2328
47350709 291 14 2370
48209472 282 1838 2413
48659814 285 1561 2435
48702677 282 551 2437
48905002 294 1519 2447
49198176 287 1354 2462
49598978 285 1892 2481
50482285 286 111 2525
50659383 283 539 2534
50790819 293 1392 2540
50984184 292 712 2550
51599669 285 1000 2582
51684343 290 372 2586
51859061 287 1539 2596
51905174 287 261 2598
51970951 288 1359 2601
52369096 288 1539 2621
53244929 291 703 2665
53687516 285 1023 2686
53819962 292 1465 2693
53836742 291 40 2694
54400714 296 209 2722
54709473 288 886 2737
55264550 294 939 2763
55814597 283 804 2791
57297087 287 731 2865
57482441 292 852 2874
57704926 295 1019 2886
58057694 292 1957 2904
58279871 287 78 2915
59719750 295 142 2987
59941958 298 1406 2998
60173114 283 1160 3009
60257601 282 1588 3013
60789649 297 1511 3040
60950595 292 1861 3048
61288690 293 720 3065
61364411 298 71 3069
61561567 289 537 3079
61724036 282 1524 3087
61786901 298 1241 3090
62923753 287 22 3147
63317392 281 552 3167
64498717 287 768 3226
64613144 289 360 3232
65306251 280 1479 3267
65731566 283 1422 3289
65917015 282 737 3298
66111180 285 1229 3308
66394424 284 682 3322
66432659 286 1658 3324
66629616 282 386 3334
66732494 290 1175 3339
66794570 282 882 3342
66857650 284 26 3345
66957645 286 842 3350
68189274 291 1234 3409
68315872 280 803 3415
68649576 292 977 3432
68862716 285 1664 3442
68942070 287 1927 3446
68998686 296 522 3449
69305388 298 1026 3464
69393372 293 606 3469
70043215 298 1529 3501
70368679 286 1706 3518
70863587 296 1389 3542
71068627 296 1599 3552
71491106 282 1348 3572
71675509 292 1876 3581
71862573 295 1550 3591
72476097 293 1357 3622
72846680 282 1959 3641
72910526 297 1947 3644
73016521 283 143 3649
74412872 289 248 3718
74743343 286 1927 3735
74977148 295 325 3747
75082134 286 549 3752
75497538 297 1814 3773
75664773 289 1858 3782
75808385 291 597 3789
75850569 294 55 3791
75909208 281 1948 3794
75929324 298 1454 3795
75970739 297 1798 3797
76147588 288 905 3806
76165464 295 1013 3807
77176567 285 585 3857
77293038 280 330 3863
78571255 290 1411 3927
79168927 290 521 3956
79296287 284 1602 3962
79418100 292 903 3968
79934265 295 1624 3993
80078656 291 1181 4000
80232792 281 239 4008
80568904 294 1696 4025
80723905 286 533 4033
80828526 297 320 4038
81100993 288 877 4052
81308094 289 1880 4062
81952823 284 1009 4095
82810414 288 1275 4138
83364420 286 896 4166
83545044 284 861 4175
83589959 292 1948 4177
83609492 281 1167 4178
83664794 297 1971 4181
83759868 284 1184 4186
83872814 288 378 4192
83896790 281 942 4193
84199219 285 1173 4208
84466992 298 1111 4222
84632247 297 12 4230
84899106 295 398 4243
85009344 280 1544 4249
85028522 281 1021 4250
85224231 293 168 4259
85872914 288 1462 4291
86146488 282 1566 4305
86166786 291 1002 4306
87849274 283 1748 4391
87872695 295 571 4392
88387678 298 575 4417
88599776 297 784 4428
89128621 285 291 4454
89625908 295 1472 4479
89997610 287 1010 4498
90509276 282 109 4523
90780647 282 1160 4536
90802499 293 481 4537
91953887 280 1421 4596
92089410 286 1778 4603
92940200 285 278 4646
92957253 283 205 4647
93338661 286 843 4667
93378330 297 894 4669
93516208 284 1057 4676
93801392 289 1735 4690
93884306 285 1855 4694
94317342 298 18 4716
94401158 290 565 4720
94584813 294 1663 4729
94757275 297 1023 4737
94884489 288 1164 4744
94997686 291 646 4750
95454478 298 896 4772
95514364 284 1725 4775
95916003 285 45 4795
96787067 292 1946 4838
96984106 283 1120 4848
97041947 283 1342 4851
97408740 288 637 4869
97935015 288 1631 4895
97953473 282 1525 4896
98015526 292 97 4899
98127453 291 702 4905
98459361 290 682 4921
99041134 281 1947 4951
99369755 285 1564 4968
100083320 297 238 5004
100100415 284 301 5005
100484140 287 331 5024
100650749 286 1092 5032
100950404 286 269 5047
101086079 295 664 5054
101106985 293 1566 5055
101439980 283 970 5072
101549772 282 883 5078
102003193 287 806 5101
102190333 280 1460 5110
102918741 297 586 5145
102963743 289 1010 5147
103034379 295 494 5151
103189684 280 154 5158
103272339 286 1808 5162
103921280 280 1738 5194
104144989 283 1387 5205
104444546 292 1198 5220
104643024 296 1471 5230
104704501 283 1092 5233
105221137 283 1752 5259
105649856 286 604 5280
105829000 292 136 5289
105917593 284 1608 5294
106060912 285 1040 5301
106517175 286 1376 5324
106751980 298 259 5336
106871322 294 1494 5342
106966858 284 1800 5347
107132308 297 1069 5355
107613148 286 307 5379
107798187 287 326 5388
108171829 298 1453 5406
108842909 288 697 5439
108878448 294 1334 5441
108937360 288 1179 5444
109254753 288 357 5460
110544512 298 244 5524
111862521 292 149 5589
112858801 298 355 5638
112893773 287 1794 5640
113080575 297 414 5649
113104747 291 828 5650
113182910 282 1641 5654
113359572 296 938 5663
113454233 291 1506 5668
113522416 289 916 5671
113904937 298 1394 5691
113969050 292 1876 5694
114072508 281 500 5699
114215719 288 1919 5706
114422253 292 1494 5716
114515391 284 1457 5721
114555373 288 1997 5723
114809597 296 159 5735
114826373 282 288 5736
115266712 298 790 5758
115548753 297 1329 5772
115765955 286 786 5783
115845213 282 1379 5787
115928600 292 1679 5791
116166656 282 1776 5803
116454393 294 903 5817
116631766 294 175 5826
116695723 281 1750 5829
116736190 290 1183 5831
117237596 282 1711 5855
117348755 290 1199 5860
119408539 289 1780 5965
119527718 285 176 5971
119652067 281 1459 5977
120012332 296 1786 5995
120419295 285 511 6062
120448541 289 989 6068
120514187 286 861 6080
120652188 298 1789 6107
120664547 290 951 6110
120687356 296 1162 6115
120887132 284 1120 6156
120897522 292 403 6158
120922953 287 1868 6163
121039005 290 453 6187
121044225 290 1656 6188
121055667 292 1966 6190
121109835 286 1613 6201
121181014 290 249 6215
121233056 298 377 6225
121241749 290 686 6227
121247483 281 1782 6228
121464625 280 977 6272
121928501 289 1980 6362
122008759 292 1779 6377
122112070 297 658 6397
122132073 293 825 6401
122251297 296 1564 6425
122268969 290 1385 6429
122457093 297 664 6468
122570716 288 1998 6490
122613563 287 1647 6499
122640192 289 1917 6505
122706584 297 994 6519
122858519 298 1055 6549
122869257 281 985 6551
123067944 297 1670 6591
123073541 288 958 6592
123125955 292 504 6603
123254856 291 1739 6629
123322712 280 681 6642
123392470 298 1048 6656
123468141 297 834 6670
123487209 292 1392 6674
123584880 292 1286 6694
123621240 287 750 6702
123631256 281 404 6704
123649995 292 488 6708
123740393 284 364 6727
123767318 295 1155 6732
123958099 285 1922 6771
123967454 289 1221 6773
123986777 285 626 6777
124330397 289 1511 6846
124368029 284 740 6853
124371153 289 815 6854
124540607 298 1037 6888
124556718 290 1069 6891
124590085 292 827 6898
124785675 290 1740 6939
124913377 281 1117 6965
124947116 296 538 6971
124953269 293 528 6972
125009850 289 1948 6984
125016078 298 495 6985
125032050 298 153 6988
125075695 288 1642 6996
125108912 290 1992 7003
125128387 288 920 7007
125152439 291 1561 7012
125370283 297 430 7055
125505698 288 55 7082
125527118 281 11 7086
125541910 291 252 7089
125652731 293 610 7111
125726904 280 1763 7126
125807495 283 158 7143
125851324 282 474 7152
125887413 280 1357 7158
125910385 288 1679 7162
125948507 292 1569 7170
125985409 283 522 7177
126100972 298 326 7200
126167294 283 355 7213
126370284 290 303 7254
126432043 280 847 7265
126494953 285 413 7279
126506376 295 1734 7281
126648883 285 867 7311
126693674 290 221 7320
126758627 287 488 7332
126943662 282 1869 7368
127092955 289 1795 7399
127137662 296 1800 7407
127154179 297 1637 7410
127194084 298 66 7417
127369016 297 805 7452
127374304 292 250 7453
127378764 290 1060 7454
127430009 288 974 7464
127515349 294 1197 7479
127582179 288 1602 7493
127592145 287 816 7495
127989400 286 204 7575
128075382 287 949 7592
128427377 283 1877 7664
128447040 296 1267 7668
128516342 286 82 7682
128800755 281 76 7740
128890830 291 1970 7757
128894116 292 1197 7758
128963814 285 1161 7771
129020148 294 1915 7784
129054545 292 1262 7791
129060257 297 1592 7792
129136925 280 1530 7807
129223577 282 1517 7824
129256014 294 438 7831
129318474 283 1586 7843
129338665 293 1289 7847
129391913 291 1155 7858
129422334 292 35 7864
129456668 280 767 7872
129566309 282 1190 7894
129679073 298 724 7916
129788436 288 718 7938
130051231 285 1921 7990
130084156 283 141 7996
130123112 283 242 8004
130131282 294 1371 8006
130151935 296 1177 8010
130244378 292 1725 8030
130297194 286 1135 8041
130329887 285 0 8048
130355928 290 868 8053
130385873 291 1844 8059
130409352 298 430 8064
130487211 290 1669 8080
130492651 284 355 8081
130578503 291 1243 8099
130810759 288 1562 8145
130862932 280 610 8156
130940197 289 1799 8172
131062057 297 318 8197
131121755 288 1972 8209
131178009 298 554 8220
131194858 293 502 8224
131232254 282 59 8231
131448748 298 1251 8275
131612312 297 251 8307
131625105 288 55 8310
131671870 280 1432 8320
131701827 292 1071 8326
131867174 284 992 8359
131896199 280 551 8366
131961540 285 1911 8379
132139121 290 759 8414
132165182 298 183 8420
132184571 292 1730 8424
132210864 289 1257 8429
132229510 290 1010 8433
132261719 290 1829 8439
132266281 296 1572 8440
132333438 293 1233 8453
132366519 291 468 8460
132434696 281 1160 8474
132713196 287 1455 8530
132826621 282 884 8552
133005187 290 502 8589
133010547 280 1415 8590
133133356 296 325 8615
133155402 296 858 8619
133198618 294 207 8628
133252791 286 561 8638
133303585 286 19 8648
133319972 286 1427 8652
133349975 286 1077 8659
133353553 286 1622 8660
133375746 281 1520 8665
133391652 280 14 8668
133514966 281 1157 8692
133524243 281 288 8694
133561728 282 665 8702
133708795 284 1087 8733
133724240 298 1253 8736
133777613 293 767 8747
133847631 295 683 8760
133855541 298 1756 8762
134110970 285 86 8813
134407487 285 801 8872
134568966 291 1139 8904
134821560 295 499 8954
134952975 282 479 8981
135034166 286 89 8999
135082738 286 299 9009
135154378 296 1188 9024
135200363 295 114 9033
135227002 282 1833 9039
135262769 287 550 9046
135366273 281 967 9066
135559997 295 1581 9105
135619907 281 1996 9117
135629103 295 1770 9119
135665920 294 1126 9126
135877510 282 1340 9169
135920425 294 1945 9178
135939817 291 598 9182
135950340 294 687 9184
136052626 286 108 9205
136203590 287 796 9234
136346502 290 1139 9262
136465301 287 1451 9285
136496087 281 844 9291
136515374 298 423 9295
136521781 284 1631 9296
136684643 290 1333 9329
136707931 295 1045 9334
136768716 292 1198 9346
136824468 295 450 9358
136896294 293 1786 9372
136936510 290 812 9380
136943865 282 944 9382
136961998 285 497 9385
137005449 287 1374 9393
137089962 289 480 9410
137357727 285 1341 9463
137799758 284 344 9551
138021173 293 27 9594
138063275 298 1362 9602
138110237 286 30 9611
138144879 294 1735 9618
138286113 289 1397 9646
138329319 296 1557 9655
138354181 284 1165 9660
138383817 280 1482 9666
138407440 295 18 9670
138435684 293 272 9675
138467769 282 673 9681
138588934 295 261 9705
138610363 289 953 9709
138686276 285 849 9725
138737331 294 731 9736
138777048 281 1547 9744
138897240 283 1861 9769
138901539 281 1007 9770
138974174 296 332 9784
139052567 284 395 9800
139191348 283 1738 9828
139233439 287 407 9836
139373890 285 741 9863
139409926 292 229 9870
139445852 287 740 9877
139508318 287 629 9890
139549174 280 1751 9898
139562385 295 749 9901
139673343 288 1253 9923
139737149 296 465 9935
139913281 290 1306 9971
140010498 289 1457 9991
140153746 280 1089 10021
140169881 289 1708 10025
140289729 294 1407 10051
140416849 288 1276 10076
140515424 296 1582 10097
140740000 280 1107 10143
140931088 292 1527 10182
141052397 294 1127 10206
141116221 291 1754 10218
141325219 281 529 10260
141344972 283 746 10264
141463284 285 492 10288
141498924 297 1908 10295
141514065 280 1677 10298
141520025 293 1556 10299
141581927 295 296 10312
141662961 293 1502 10328
141798899 295 1472 10355
142055768 294 1120 10408
142108162 291 1337 10419
142217165 280 895 10441
142223713 288 790 10443
142298095 287 1442 10458
142379995 284 1539 10474
142462739 293 954 10490
142467720 292 1509 10491
142650830 282 1434 10529
142655295 298 1675 10530
142707599 288 1051 10540
142761783 290 259 10550
142828092 297 1752 10564
143013443 286 416 10601
143038435 293 765 10606
143112326 287 704 10620
143342856 292 1042 10667
143381630 296 1566 10675
143471018 297 1906 10692
143523078 297 1758 10703
143557389 284 69 10709
143603842 282 1320 10718
143624656 288 910 10722
143781721 296 1060 10753
143804030 298 746 10757
143875752 281 1108 10771
143954373 294 1389 10787
143957698 282 420 10788
143999204 290 1712 10797
144065886 283 1565 10811
144097210 291 656 10817
144106567 280 935 10819
144350862 288 1788 10869
144428225 281 3 10884
144545262 292 1452 10908
144568840 297 1932 10913
144601304 298 677 10919
144637236 287 1438 10926
144688930 290 823 10938
144692257 285 1751 10939
144712356 284 746 10943
144951981 298 424 10992
145001067 293 1816 11002
145019019 298 1503 11006
145041337 290 793 11011
145085142 293 1591 11020
145198647 287 861 11042
145290681 280 1342 11059
145536988 296 1479 11108
145595524 294 1759 11120
145604239 286 944 11122
145782958 297 1055 11157
145800839 281 509 11161
145849138 292 1591 11171
145909927 298 300 11183
145971622 280 1938 11195
145982915 284 1290 11197
145992748 297 306 11199
146014609 288 112 11204
146350493 289 927 11270
146364187 292 231 11273
146391714 291 1449 11278
146526007 284 569 11305
146545802 284 1604 11309
146575647 286 1310 11315
146702090 296 59 11341
146720232 297 1355 11345
146729623 286 455 11347
146768685 285 1875 11356
146787966 295 232 11360
146934875 293 1636 11390
147121680 288 1915 11427
147198520 288 1761 11443
147204471 282 1201 11444
147377307 284 99 11478
147548460 287 543 11513
147561260 281 1192 11516
147612048 289 232 11527
147634877 292 1015 11532
147680450 295 195 11541
147711784 290 1581 11548
147793014 282 1934 11565
147871074 292 1950 11580
147882113 291 535 11582
147981261 298 1647 11602
147994093 290 1467 11605
148007385 295 1450 11608
148028702 287 1409 11612
148161975 285 1593 11641
148171086 281 175 11643
148182564 296 1488 11645
148344772 295 1587 11677
148379586 280 1671 11684
148409285 281 35 11690
148445193 296 33 11698
148533171 296 1280 11717
148553172 283 1647 11721
148790887 287 1777 11768
148836404 296 666 11777
149141331 283 366 11839
149384978 294 381 11891
149920863 294 171 11998
150105024 294 953 12036
150173574 284 1541 12049
150235137 286 1049 12062
150282716 286 1164 12071
150361826 281 190 12088
150393854 295 423 12095
150411996 290 58 12099
150427661 282 86 12102
150466385 284 282 12110
150495315 281 506 12116
150501441 292 38 12117
150516041 298 1434 12120
150562711 280 1571 12129
150625600 290 925 12141
150646006 296 986 12145
150658308 294 1961 12147
150669600 281 1674 12149
150711210 290 100 12158
150716809 283 254 12159
150779285 293 200 12171
150807536 281 549 12176
150967976 295 111 12208
151174280 286 1090 12249
151322093 280 1382 12278
151395130 286 362 12293
151410121 283 941 12296
151542107 284 1584 12322
151557060 287 6 12325
151588388 281 1311 12331
151703573 281 1598 12354
151722904 298 780 12358
151948065 294 912 12406
151962916 296 838 12409
152061519 293 1634 12429
152118315 284 877 12440
152242791 283 452 12465
152258027 291 1310 12468
152328354 286 1476 12482
152376842 289 1170 12492
152428329 291 192 12503
152463718 290 1292 12510
152475397 283 614 12512
152628291 293 51 12544
152666873 289 141 12552
152798867 297 626 12579
152842657 286 655 12587
153020809 291 1573 12623
153120952 291 1842 12642
153168535 286 1188 12652
153219699 287 971 12662
153257452 285 1110 12669
153304962 283 1973 12679
153348969 282 1935 12688
153386243 292 903 12696
153505668 298 726 12720
153522402 289 565 12724
153561787 286 1090 12732
153784415 295 348 12778
153804042 291 1054 12782
153987183 297 1760 12818
154143826 286 714 12852
154172098 294 49 12859
154203208 286 1030 12866
154386705 286 1444 12903
154476500 292 1286 12920
154596884 295 334 12945
154744240 285 1951 12976
154837293 295 1398 12994
154854828 288 1728 12998
154903221 283 1138 13007
154957067 281 832 13018
154978058 286 1845 13022
155026729 285 226 13032
155074944 292 611 13042
155081054 281 1438 13043
155115142 295 1939 13050
155166762 297 310 13059
155294436 294 1408 13083
155369404 295 1713 13098
155402330 287 1434 13105
155406000 286 823 13106
155428248 289 14 13110
155501566 281 1926 13123
155813138 282 1291 13183
155859848 288 1242 13192
155874124 293 188 13195
155914204 287 589 13203
155942494 296 1717 13209
155952829 288 1218 13211
155986706 290 1842 13218
156028262 294 172 13226
156141362 288 1950 13250
156275489 282 1135 13277
156474711 294 419 13316
156577740 282 1581 13338
156637510 295 329 13350
156702131 290 1713 13363
156713961 294 817 13365
156735835 290 1384 13369
156941169 287 185 13411
157009939 297 855 13424
157026135 280 1394 13427
157342804 294 1599 13492
157356215 296 114 13495
157428913 284 1218 13509
157435413 282 177 13510
157440124 282 1095 13511
157445664 292 343 13512
157486256 295 1093 13521
157539765 297 455 13532
157561219 298 1454 13536
157662704 295 39 13557
157693219 290 352 13563
157842455 291 1986 13593
157880664 296 986 13601
158033841 291 1689 13633
158089939 292 1119 13644
158259582 281 569 13681
158282212 294 1132 13686
158311197 289 156 13692
158315790 290 1880 13693
158330436 297 28 13696
158339321 294 339 13698
158359521 283 1379 13702
158378851 297 966 13706
158454882 292 1226 13723
158464570 282 610 13725
158547240 293 870 13742
158630934 294 643 13759
158774790 292 579 13787
158897954 289 159 13812
159019655 288 1542 13839
159111353 292 1623 13858
159340962 291 1003 13903
159373918 287 488 13910
159408884 290 271 13916
159564046 287 1274 13949
159586699 284 1272 13954
159672548 294 1803 13971
159705157 281 861 13978
159727812 288 1620 13982
159791794 295 1431 13994
159809323 290 1951 13997
159906748 283 1437 14016
159918724 280 21 14019
160010171 294 75 14037
160071670 296 1615 14050
160200859 295 1171 14075
160256788 290 1224 14086
160265108 285 1183 14088
160327129 282 768 14101
160345832 291 1553 14105
160428265 289 781 14121
160483921 285 1915 14132
160573797 289 977 14151
160642168 295 1188 14166
160688558 294 1762 14175
160736773 280 606 14185
160826650 298 1958 14202
160847318 287 1496 14206
160889254 283 1800 14214
160892622 297 1451 14215
160926495 283 1981 14221
160968277 284 558 14229
161049108 293 1806 14245
161116147 298 666 14258
161174280 289 1740 14269
161275364 295 1035 14289
161389794 295 330 14312
161481559 282 550 14331
161502854 280 6 14335
161654370 282 1689 14365
161705301 283 805 14375
161712309 288 654 14377
161846601 283 1943 14404
161854474 283 287 14406
161870144 298 106 14409
161948581 296 400 14425
162109699 282 1426 14457
162163867 286 1046 14467
162240116 290 1985 14483
162281562 296 1850 14491
162349705 297 1758 14505
162613129 282 179 14560
162627121 286 1084 14563
162699300 282 675 14578
162784366 282 1019 14595
162881457 295 1765 14614
162891463 285 1719 14616
162901162 294 1446 14618
162905109 293 823 14619
162923044 287 1151 14623
162932150 295 1621 14625
163025119 294 802 14643
163087180 286 328 14657
163135085 289 684 14667
163154694 297 259 14671
163159247 288 542 14672
163201536 282 31 14681
163295175 288 1802 14700
163416857 290 129 14725
163441833 280 1860 14730
163461495 296 1984 14734
163574179 295 1687 14756
163614592 298 916 14763
163633744 284 1418 14767
163814017 293 1616 14803
163822875 293 1969 14805
164009347 281 739 14842
164042967 282 1017 14849
164071966 293 311 14854
164231858 280 113 14885
164417140 292 1978 14923
164747359 291 991 14988
164790357 283 764 14998
164892016 287 714 15019
164930102 295 1252 15027
164953686 287 1377 15032
164970902 285 1077 15035
165037241 297 970 15048
165074032 298 421 15055
165097336 286 892 15060
165175708 294 1530 15076
165191625 289 1628 15079
165254738 293 1166 15092
165279661 291 1003 15097
165284442 294 832 15098
165311482 295 1847 15103
165400903 281 362 15121
165476425 294 383 15137
165783975 295 1541 15197
165910447 290 1912 15221
166032217 280 1901 15247
166106654 281 550 15262
166245217 295 1471 15289
166249348 292 666 15290
166266148 293 1837 15293
166324914 296 29 15304
166435889 290 1613 15327
166475234 297 832 15335
166660366 281 1491 15372
166888815 286 1818 15418
166899593 291 1485 15420
166908368 283 1659 15422
166953855 283 78 15432
166991301 288 1780 15439
167030505 283 497 15446
167033338 291 1592 15447
167080486 285 1968 15456
167144076 298 1529 15468
167266302 287 1590 15493
167297756 285 33 15499
167463700 292 117 15533
167550145 291 901 15551
167561203 286 212 15553
167582469 288 902 15557
167602991 292 49 15561
167721264 287 1577 15584
167770167 296 1429 15594
167781913 298 77 15597
167876290 296 1001 15616
167884332 285 1208 15618
168039521 296 709 15649
168066962 292 1590 15655
168143661 293 1182 15671
168159384 290 922 15674
168162092 288 98 15675
168236591 281 1691 15689
168333025 289 445 15709
168470755 287 1409 15737
168596430 292 1200 15764
168644386 280 470 15774
168650297 293 946 15775
168654700 286 1961 15776
168689491 291 525 15782
168871149 297 1264 15820
168943794 285 444 15834
169309346 297 1584 15908
169371727 290 1705 15920
169377001 294 1302 15921
169379721 290 1795 15922
169394370 289 1095 15925
169448103 287 1186 15936
169574108 297 368 15961
169602438 295 958 15967
169633853 296 1162 15973
169703501 290 826 15985
169714939 282 1126 15987
169723447 288 259 15989
169728624 295 582 15990
169819769 296 1648 16007
169900811 288 1058 16023
169951613 297 1119 16033
170142471 291 1220 16072
170233107 291 1681 16091
170351060 292 187 16115
170361273 284 193 16117
170448569 293 1640 16135
170489657 280 1803 16143
170716156 281 1127 16190
170745100 285 239 16196
170787639 285 555 16204
171051581 286 54 16258
171101918 289 1033 16268
171117893 291 901 16271
171177808 283 471 16284
171185276 291 301 16286
171254628 298 42 16300
171284036 281 695 16306
171426772 280 200 16336
171482130 286 396 16347
171486517 288 310 16348
171641000 287 298 16379
171709335 280 1960 16392
171758451 297 870 16402
171835217 295 1143 16417
172019616 290 854 16453
172102895 283 154 16469
172182121 283 1197 16487
172185595 295 933 16488
172233540 292 62 16498
172367530 290 1048 16527
172418526 291 370 16537
172473957 293 1659 16549
172521079 298 1541 16559
172894348 288 1900 16635
172977143 291 1897 16651
173286889 281 1824 16713
173325333 280 1587 16721
173420496 282 155 16741
173423791 297 1157 16742
173434561 298 1822 16744
173445810 281 712 16746
173504245 287 856 16760
173522163 283 1366 16763
173528026 287 1505 16764
173664660 282 1226 16789
173699961 294 468 16797
173886364 285 1928 16832
173942494 288 976 16845
173988812 288 774 16854
174024587 293 891 16861
174079177 295 1807 16872
174210489 285 263 16897
174381533 288 150 16931
174593520 291 848 16974
174722693 280 1683 16999
174785563 285 1815 17012
174795346 291 1530 17014
174837803 284 1335 17022
174876438 292 1206 17029
174894293 287 1784 17033
175032344 288 464 17060
175054116 298 899 17064
175086455 285 719 17071
175114600 280 1595 17077
175183124 292 400 17091
175279615 295 448 17111
175403674 298 642 17135
175461164 294 593 17146
175681817 283 865 17190
175696769 292 1261 17193
175710659 288 1820 17196
175763623 288 1181 17207
175779726 293 548 17210
175790372 290 1695 17212
175832353 292 223 17220
175978812 292 906 17250
175985312 283 538 17251
176057928 293 173 17265
176184255 293 1525 17291
176293458 298 1108 17312
176337942 291 979 17321
176343900 283 1512 17322
176349591 290 114 17323
176446628 281 1670 17342
176480838 294 421 17348
176601684 287 755 17374
176718872 290 1959 17398
176813128 284 484 17417
176865810 288 1650 17427
176914746 287 1351 17437
176931253 284 1284 17440
176984938 281 1742 17450
177111389 286 1790 17475
177158395 286 1035 17485
177164175 287 1245 17486
177230764 291 1088 17499
177267188 286 270 17506
177478846 282 598 17548
177578485 287 1232 17568
177587789 281 585 17570
177705238 296 899 17595
177721533 284 650 17598
177790652 282 791 17611
177827964 281 1919 17620
177912636 283 239 17637
178169884 289 1559 17690
178214044 289 1173 17699
178219478 290 944 17700
178241120 294 1647 17704
178279765 297 392 17712
178287327 297 1767 17714
178371174 290 636 17732
178420846 288 239 17742
178430146 295 1780 17744
178630291 282 1882 17783
178727380 284 891 17802
178939873 281 1721 17846
179201078 280 24 17899
179232998 288 430 17905
179264726 297 219 17912
179341577 295 998 17926
179375024 296 1348 17933
179455276 280 441 17950
179543930 288 109 17968
179620352 290 1085 17982
179723059 294 71 18002
179942965 297 182 18046
179964199 291 202 18050
179979458 284 1674 18053
180046663 295 1898 18067
180093657 284 1872 18076
180115078 297 1563 18080
180119141 285 1051 18081
180142713 289 1313 18086
180224531 298 1943 18102
180307746 294 1584 18119
180479194 293 884 18153
180548794 284 1648 18166
180622953 297 1684 18181
180718257 293 15 18201
180732278 298 1989 18204
180774443 280 1619 18212
180782930 286 395 18214
180809271 283 1846 18219
180881872 292 330 18234
181014928 283 1513 18259
181028880 289 458 18262
181058599 284 1781 18268
181241782 286 1323 18306
181312389 286 530 18320
181316457 290 617 18321
181693837 280 1821 18395
181704857 285 1502 18397
181721835 298 1991 18401
181950335 297 783 18447
181958599 286 463 18449
181974194 293 1955 18452
181989696 291 464 18455
182104781 286 1205 18478
182147569 294 479 18486
182165444 288 19 18489
182183869 287 1637 18493
182258943 298 1360 18508
182268151 297 369 18510
182359580 281 1160 18528
182767243 289 1947 18609
182837997 296 1753 18624
182847332 284 553 18626
182972263 291 340 18649
183088127 292 1415 18672
183161218 284 1724 18686
183212976 296 1968 18696
183238110 286 1488 18701
183328657 280 559 18720
183341314 297 1059 18723
183488954 288 1319 18752
183516999 296 488 18759
183553246 298 1471 18766
183800862 296 323 18814
183844554 291 1348 18822
183981627 283 1927 18849
184079709 295 1195 18870
184106786 294 39 18876
184242307 290 258 18903
184268567 287 653 18908
184366620 289 100 18928
184402013 298 1006 18935
184522450 282 1563 18960
184533369 285 1001 18962
184689178 285 282 18991
184745894 291 485 19003
184759805 292 1360 19006
184884550 280 775 19032
184937927 280 285 19043
185078897 284 627 19071
185098972 298 878 19075
185152692 295 1426 19087
185278370 298 1559 19111
185337159 281 1118 19123
185375342 285 171 19130
185398310 290 240 19135
185531994 295 545 19163
185692715 280 1424 19195
185737018 292 1741 19203
185812731 297 1489 19218
185945443 288 791 19244
185955163 281 1703 19246
185989944 288 950 19253
186203534 297 1370 19295
186247140 280 1113 19303
186251288 286 859 19304
186276807 282 393 19309
186286860 281 1785 19311
186340564 284 106 19324
186346255 283 1577 19325
186400866 289 521 19336
186517445 291 1553 19359
186548761 280 532 19365
186637131 283 1651 19383
186653227 289 1075 19386
186837801 289 1747 19426
186952466 286 1513 19450
187010897 293 1581 19462
187031516 298 438 19466
187078790 284 490 19476
187104604 281 1016 19481
187191707 282 1510 19498
187289879 296 1681 19518
187587139 281 567 19577
187672804 284 234 19596
187684571 286 99 19598
187766254 285 375 19613
187793000 280 1678 19618
188007514 281 364 19661
188149965 294 1690 19689
188213713 291 1568 19703
188266273 294 1248 19714
188324854 298 869 19725
188411153 291 891 19743
188417653 289 1078 19744
188486422 290 1851 19758
188521348 286 1730 19765
188591454 282 304 19779
188656934 282 599 19793
188795174 293 386 19821
188964982 289 519 19855
189008214 295 537 19864
189034204 281 1957 19869
189043048 285 374 19871
189101012 290 463 19883
189138378 294 159 19892
189143698 292 1690 19893
189344835 293 1570 19933
189358484 298 1916 19936
189378672 285 1952 19940
189391958 295 1849 19943
189422552 284 344 19949
189504403 297 1712 19966
189591290 291 1988 19984
189610282 291 404 19988
