717174 165 814 35
947871 172 491 46
1703270 178 1928 84
1766319 160 314 87
1916196 174 702 95
2503858 177 751 124
2649232 179 398 131
2669839 164 1339 132
3567899 170 1027 175
4140921 162 1687 204
4863136 167 390 241
4982405 168 1839 247
5212432 167 75 258
5626004 165 1274 279
5889750 173 430 293
6265189 171 956 312
6307319 164 1947 314
6734127 173 1432 336
7186635 177 402 359
7465668 169 96 373
7654120 164 1208 382
7719739 161 131 385
7776526 164 1679 388
8320798 168 29 414
8499512 164 1949 423
9034916 172 1000 450
9115803 169 791 454
9182417 167 1752 457
9224026 167 970 459
9328963 168 409 464
9451444 168 406 470
9981460 173 674 497
10278268 164 1894 512
10293268 174 201 513
10309971 175 1312 514
10504179 177 1042 524
11009957 167 875 549
11071939 179 1189 552
11327760 163 440 565
11678658 172 1742 583
11866090 171 1209 592
12324691 177 694 615
12695442 176 1706 633
12844282 179 1448 640
12978169 168 274 647
13060600 164 1624 651
13095371 168 953 653
13577726 177 686 677
13983345 169 1809 697
14035297 178 590 700
14118528 168 460 704
14481642 179 1264 722
14610276 175 1651 728
15362103 174 1043 765
15663138 179 732 779
16085919 175 1799 799
16273349 169 1421 809
16826189 160 610 837
17194447 175 1083 855
17380036 160 270 864
17662499 162 1238 878
17708445 179 1031 880
19718324 174 1804 979
19789515 166 428 983
20922607 178 1174 1039
21106339 175 1954 1048
21195098 162 1636 1053
21635636 172 1195 1075
22206761 165 1270 1104
22328814 173 627 1110
22830879 165 389 1134
23304106 162 1928 1157
23431835 172 431 1163
23452341 170 1863 1164
23555896 166 42 1169
23828088 178 558 1183
23861716 167 897 1185
24987432 177 893 1243
25524412 169 571 1270
26054243 171 932 1296
26670470 172 1405 1327
26907946 171 1369 1338
27068313 172 1598 1346
27168961 172 132 1351
27430526 176 1790 1364
27799939 160 981 1383
27897697 162 1596 1388
28108475 170 449 1399
28233281 168 259 1405
28352132 175 1454 1411
28624856 167 1984 1425
29835654 177 1499 1486
30106563 178 863 1499
30273427 168 1391 1508
32006815 160 1021 1594
32636429 160 678 1627
32697035 160 291 1630
32716950 175 1404 1631
32776391 171 625 1634
32837291 164 1931 1637
33474626 166 563 1670
34073459 163 778 1701
34442828 170 430 1720
34539032 168 752 1725
34691595 163 632 1733
35466612 160 459 1772
36012400 174 458 1800
36130740 174 1492 1806
36246331 167 1721 1812
37376990 166 1566 1868
37872202 163 209 1894
38454455 163 1476 1923
38475867 179 854 1924
38718125 175 334 1936
38796164 177 602 1940
38950853 179 1930 1947
39106924 169 394 1955
39772295 169 197 1989
40080625 167 1412 2004
40151061 179 1983 2007
40447098 162 947 2022
41136153 166 475 2057
42319734 168 434 2115
42407219 171 866 2120
42499208 175 1592 2125
42782828 168 1548 2139
42925135 162 970 2146
42943429 173 517 2147
43902150 178 412 2194
44000638 177 1907 2199
44261574 173 1839 2212
44412187 179 1301 2220
44829933 173 1916 2242
45233827 166 1224 2263
45252237 178 1563 2264
45746953 177 1551 2289
46194666 175 1515 2312
46258326 172 1901 2315
46337773 161 224 2319
46703690 173 1528 2337
47392987 175 995 2372
47412219 162 1329 2373
47777567 161 24 2390
47914555 167 1681 2397
48847493 163 961 2444
49180263 170 1303 2461
50210963 164 71 2511
50304501 170 682 2516
50423274 167 1428 2522
50440226 176 1846 2523
51989641 165 1573 2602
52835329 177 13 2645
53220899 161 1657 2664
53597165 164 0 2682
53853207 174 528 2695
54139603 176 1003 2709
54366651 162 1718 2720
54564625 164 74 2730
54773697 172 700 2740
55540457 160 1994 2777
56654108 167 1472 2834
57217585 173 24 2861
57903918 167 729 2896
59361144 165 1343 2969
59442917 176 729 2973
59458638 161 758 2974
59600098 163 1493 2981
61033968 176 1113 3052
61048968 168 112 3053
61214727 166 622 3061
61269447 172 963 3064
61426322 173 1003 3072
62474189 176 458 3125
62964882 169 715 3149
63007582 179 11 3151
63215352 179 1621 3162
63614069 167 596 3182
63838366 173 1311 3193
63893706 163 707 3196
64251913 171 690 3214
64632006 163 1032 3233
64977294 179 844 3250
65054109 174 555 3254
65111566 166 1456 3257
65253138 167 99 3264
65269995 171 641 3265
65576994 171 54 3280
66677538 164 1715 3336
66699274 162 1641 3337
67214645 166 1318 3362
67237804 170 550 3363
67366690 177 223 3369
67577892 166 1665 3379
67907550 176 114 3395
68030112 163 1426 3401
68236855 177 18 3411
68275249 169 962 3413
68493473 176 1522 3424
68548848 171 234 3427
68819784 173 1849 3440
68920906 174 1446 3445
69040861 178 131 3451
69242089 170 727 3461
69802589 176 342 3489
70182184 178 318 3509
71046813 166 70 3551
71378353 167 861 3567
71712896 177 978 3583
72011767 164 147 3598
72387342 172 195 3618
72638441 162 1356 3630
74027540 169 246 3699
74268230 177 1495 3711
74288068 164 1029 3712
74397872 161 414 3717
74550202 178 1612 3725
75437685 169 343 3770
75829218 164 1642 3790
76011683 161 1496 3799
76036683 179 1862 3800
76053267 175 1500 3801
76132286 161 1262 3805
76241372 167 1694 3811
76699895 176 966 3834
76840046 162 1701 3841
76858209 168 388 3842
77435528 166 975 3870
77475787 161 618 3872
77743097 178 1746 3886
77878493 167 1181 3893
78261055 175 1284 3912
78551772 173 1152 3926
79057358 177 795 3951
79193927 169 833 3957
79696555 161 354 3981
80101663 170 562 4001
80157249 162 75 4004
80216214 161 1779 4007
80298271 179 1092 4011
80399265 176 115 4016
80462326 161 1158 4019
80887722 163 144 4041
80946941 174 699 4044
81021021 173 992 4048
81590895 169 660 4077
81699580 175 795 4082
82043493 165 96 4100
82829325 169 1736 4139
83020886 163 1967 4148
83180689 177 1136 4156
83416881 166 1997 4169
83485416 164 1068 4172
83526858 178 818 4174
83628467 174 1854 4179
84058754 171 1793 4201
84394885 166 1640 4218
84650090 171 801 4231
84763043 167 1104 4237
85380140 164 1225 4267
85559510 168 1679 4276
86266839 179 103 4311
86285059 179 866 4312
86407821 171 824 4318
86510632 171 522 4323
86676186 179 1701 4332
86730270 167 654 4335
86854042 175 946 4341
87293718 170 83 4363
87337367 163 1669 4365
88075292 179 1711 4402
88291175 165 281 4412
88447406 165 895 4420
89105780 170 1490 4453
89746918 170 305 4485
89766648 164 636 4486
90018213 178 1857 4499
90080600 167 1312 4502
90156609 163 429 4506
90342923 173 1213 4515
90365074 177 653 4516
90465270 165 1014 4521
90721282 168 1145 4533
90741626 175 1787 4534
91262339 165 1449 4560
91607917 164 1893 4577
91785574 178 1187 4587
91899743 163 812 4593
91936526 165 83 4595
92478167 175 670 4623
92600493 168 1171 4629
92880140 170 724 4643
92991696 173 1700 4649
93319334 179 888 4666
93539554 171 1640 4677
94149569 167 1520 4708
94359654 171 730 4718
95036902 164 1685 4752
95203186 160 806 4760
95731066 169 1185 4786
95970414 176 768 4798
95989100 178 1519 4799
96184165 171 237 4809
96205115 176 847 4810
96681959 166 1768 4833
96949126 165 1093 4846
97326982 172 1455 4865
97367176 164 1173 4867
97882575 174 1995 4892
98189500 168 429 4908
98393753 177 1389 4918
98418753 176 930 4919
98440445 165 261 4920
98499939 177 1219 4923
98540978 173 451 4925
99073085 174 1598 4953
99695455 179 699 4985
100041431 162 747 5002
100142603 168 1781 5007
100213020 170 1285 5011
100377040 168 222 5019
100688674 162 90 5034
101064182 167 1686 5053
101149528 166 766 5057
101713949 173 1907 5086
101735454 167 1685 5087
102432861 163 605 5122
102766519 173 1968 5138
102897371 176 212 5144
103019379 169 229 5150
103225843 161 155 5160
103249767 167 1929 5161
103591012 179 548 5178
103779526 170 452 5187
104054260 162 1906 5201
104077996 166 178 5202
104167366 168 1270 5206
104204478 177 1622 5208
104498715 179 1685 5223
104889490 173 1062 5243
104927424 167 748 5245
104966043 168 588 5247
105008156 168 1154 5249
105309352 173 536 5264
105528528 165 1944 5274
105667581 168 1586 5281
105882198 173 1615 5292
106273898 164 623 5312
106770243 169 947 5337
106785243 161 1251 5338
107155412 160 480 5356
107272458 165 148 5362
107448583 161 1476 5371
107821845 174 1493 5389
108300909 178 757 5412
108618302 179 1372 5428
109039390 179 780 5449
109147376 171 1917 5454
109165922 160 1544 5455
109185290 179 520 5456
109272671 165 1192 5461
109475496 172 77 5471
110076286 179 1966 5500
110176482 169 1451 5505
110293574 166 239 5511
111531957 165 1860 5572
112948602 173 279 5643
113261238 167 315 5658
113343436 177 718 5662
113735486 176 1792 5682
116147344 161 1717 5802
116433114 168 1411 5816
116514077 176 1400 5820
116826111 164 1088 5835
117140777 171 1634 5850
117325425 160 1441 5859
117662787 163 1959 5876
117781949 172 1675 5882
118059961 173 696 5896
118196517 173 665 5903
118369359 162 351 5912
118737220 166 86 5930
118833910 176 131 5935
118996412 167 1784 5943
119014034 165 204 5944
119049687 165 1921 5946
119127750 163 102 5950
119850778 177 1379 5987
120153326 168 870 6008
120219720 171 1149 6021
120251001 175 228 6027
120289756 172 388 6034
120362042 165 732 6050
120498938 162 93 6077
120504263 175 649 6078
120575921 168 416 6092
120598207 172 460 6096
120669881 167 1419 6111
120675257 172 1765 6112
120683039 174 1152 6114
120781633 170 704 6134
121021837 163 1460 6183
121114778 173 831 6202
121125441 166 1137 6204
121185727 173 840 6216
121419763 163 1857 6263
121504864 169 160 6280
121636005 171 1925 6306
121653389 166 1524 6309
121694535 174 468 6317
121721645 166 883 6322
121836082 162 1397 6344
121861322 174 844 6349
121866552 164 1684 6350
121969405 170 66 6369
122097003 169 219 6394
122217070 171 1273 6418
122411446 173 924 6458
122696475 160 1113 6517
122754611 175 427 6529
122778035 161 1895 6534
122798766 171 371 6538
122881052 161 1265 6553
123120291 178 296 6602
123146553 167 1171 6607
123219486 177 944 6622
123272411 177 914 6632
123372559 169 1179 6652
123540038 161 337 6685
123549825 161 1240 6687
123634634 170 601 6705
123685453 166 815 6715
123731501 174 1596 6725
123867369 173 316 6753
124069189 177 716 6793
124210126 164 205 6822
124264478 163 887 6833
124275229 168 1196 6835
124280982 169 1277 6836
124310630 177 380 6842
124319863 175 1562 6844
124356207 177 878 6851
124436973 164 1773 6867
124522670 164 38 6884
124571211 161 290 6894
124628630 174 784 6906
124658733 164 1702 6912
124696690 162 871 6921
124844902 174 544 6951
125025550 173 484 6987
125049049 160 1726 6991
125301870 179 1277 7041
125390940 161 291 7059
125458311 167 1344 7072
125561565 174 809 7093
125625286 169 1532 7105
125678827 167 1933 7116
125716960 172 1976 7124
125751283 162 80 7131
125801716 171 622 7142
125834925 171 1473 7149
125841175 165 502 7150
126002672 172 1586 7180
126012224 169 1679 7182
126250503 174 727 7230
126324615 179 238 7245
126329600 163 1093 7246
126455758 177 2 7270
126500718 178 1659 7280
126754569 166 520 7331
126764170 170 114 7333
126898050 163 323 7359
126916179 178 181 7363
126931799 179 1261 7366
127081208 170 1391 7396
127089542 161 1411 7398
127149505 171 880 7409
127182503 168 155 7415
127214543 164 1394 7422
127224629 176 1211 7424
127559304 162 876 7488
127645483 174 1470 7505
127655315 173 1895 7507
127663607 161 1566 7509
127682398 167 7 7513
127813988 179 1129 7539
127828104 167 2 7542
127843546 171 1168 7545
127862051 169 1342 7549
127950560 170 569 7567
128016917 179 1514 7580
128045410 166 443 7586
128059130 161 772 7589
128111834 176 1436 7599
128277387 166 55 7633
128288241 178 1674 7635
128316691 172 1987 7641
128338733 178 158 7646
128353910 160 414 7649
128422019 161 473 7663
128475428 160 242 7674
128485671 166 694 7676
128525327 177 769 7684
128544977 177 1624 7688
128680485 175 1089 7716
128715461 176 1000 7723
128731137 176 1153 7726
128932182 174 1471 7765
128937716 165 1134 7766
128948807 167 1227 7768
129045711 167 1301 7789
129312871 174 1831 7842
129716924 168 1388 7924
129735765 173 191 7928
129758854 166 877 7932
129769680 160 20 7934
129842547 173 1424 7948
129890501 172 1195 7958
129981071 165 1267 7976
130026410 173 1824 7985
130067931 179 752 7993
130079192 173 353 7995
130171693 169 1285 8014
130218098 164 1764 8024
130339169 177 1639 8050
130390811 168 766 8060
130439127 166 1166 8070
130450958 171 1852 8073
130515858 173 31 8086
130604050 172 559 8104
130776548 160 1280 8138
130824937 165 710 8148
130923971 162 1553 8169
130979876 179 1904 8180
131024586 176 1360 8189
131051233 176 1060 8195
131073466 166 189 8199
131153224 160 1497 8215
131158242 173 82 8216
131217612 177 654 8228
131291891 163 1802 8243
131412938 169 17 8268
131652324 164 1762 8316
131683300 172 661 8322
131696915 175 468 8325
131746978 174 1690 8336
131827818 178 1709 8351
132045962 171 1668 8395
132081338 169 1183 8402
132091431 177 1579 8404
132157277 172 796 8418
132288560 163 251 8444
132293044 166 929 8445
132461964 177 428 8480
132638270 169 1754 8516
132665617 173 752 8521
132671096 163 421 8522
132677527 179 461 8523
132814428 177 1825 8550
132974233 161 777 8582
133050590 176 1237 8600
133081541 173 482 8606
133181738 166 1120 8625
133193561 178 212 8627
133203448 177 106 8629
133256859 168 1724 8639
133459604 174 1550 8681
133490963 169 1721 8687
133504849 177 398 8690
133534149 167 1289 8696
133572411 171 799 8704
133576650 171 1099 8705
133666232 174 1189 8723
133699678 168 1454 8731
133852531 170 68 8761
133952040 168 762 8781
134183408 166 1474 8827
134192482 174 786 8829
134208542 170 982 8832
134374782 179 1551 8865
134429613 177 26 8876
134454446 166 178 8882
134513178 176 432 8893
134548971 160 199 8900
134654927 175 636 8921
134660097 164 494 8922
134751479 164 1802 8940
134762974 160 1635 8942
134808202 174 1334 8951
134894177 165 944 8969
134964035 163 502 8983
134973377 178 951 8985
135213746 166 1456 9036
135221906 169 1517 9038
135337613 176 1416 9061
135422008 174 544 9077
135448345 161 1939 9082
135462692 167 791 9085
135468505 169 886 9086
135715208 161 1591 9136
135798575 172 1610 9152
135847782 171 1386 9163
135983121 176 544 9191
136131142 162 1297 9221
136248885 172 1371 9243
136255385 173 1821 9244
136290436 160 1062 9251
136398937 173 779 9272
136417507 177 264 9276
136434205 172 537 9279
136439947 163 1049 9280
136456187 171 151 9283
136534797 178 1641 9299
136606172 170 1432 9313
136808500 172 786 9355
137039427 160 406 9400
137287249 177 714 9448
137315923 168 795 9454
137363520 178 231 9464
137592445 165 1253 9510
137606509 179 1695 9513
137726579 170 360 9536
137790316 176 697 9549
137805146 168 77 9552
137968821 175 784 9584
138010498 171 938 9592
138203910 166 1264 9629
138240840 160 1375 9637
138305337 168 620 9650
138373937 171 524 9664
138440620 161 1602 9676
138598309 160 1034 9707
138633942 163 951 9714
138856434 176 281 9760
138880376 179 185 9765
138951923 170 1905 9780
139083894 172 1689 9806
139093880 166 738 9808
139128104 161 29 9815
139163500 160 160 9823
139224319 162 1624 9834
139249051 172 916 9839
139348660 179 389 9858
139354533 179 87 9859
139573104 177 1795 9903
139589232 176 381 9906
139594325 170 1299 9907
139696689 170 215 9927
139743619 164 489 9936
139765876 178 1086 9941
139806519 160 1542 9949
139945326 168 334 9978
139974023 162 1689 9984
140027181 176 1041 9994
140134284 174 955 10017
140161412 173 618 10023
140185908 163 1452 10028
140199946 169 433 10031
140279135 178 692 10049
140355515 165 1522 10064
140440689 160 329 10081
140647762 174 870 10124
140701953 164 1511 10135
140705049 167 740 10136
140719220 161 170 10139
140735965 171 1666 10142
140785575 161 1771 10152
140829460 163 440 10161
140837806 161 35 10163
140966873 166 1902 10189
141015013 176 404 10198
141018667 160 729 10199
141062476 173 18 10208
141197163 168 1113 10233
141261897 166 928 10246
141284698 171 1616 10251
141414503 161 851 10278
141558882 174 789 10307
141587358 168 997 10313
141638482 165 526 10323
141690172 179 1632 10333
141815464 174 380 10358
141868297 166 1849 10369
141901413 165 1244 10376
142228843 163 961 10444
142302319 173 1571 10459
142312378 169 618 10461
142364228 177 296 10471
142702792 170 956 10539
142741543 171 1372 10546
142795763 176 1501 10557
142889029 178 1364 10577
143043592 173 129 10607
143175402 173 690 10634
143225772 165 1003 10644
143233028 162 1084 10646
143279520 176 184 10656
143331373 164 1601 10665
143373224 169 69 10673
143402527 176 915 10679
143445041 176 557 10687
143562847 167 958 10710
143572326 171 1258 10712
143619485 166 158 10721
143657101 174 134 10728
143667714 168 1241 10730
143742379 175 1904 10745
143765180 160 1650 10750
143834047 160 532 10763
143838828 171 258 10764
143866656 175 1212 10769
143939140 166 741 10784
143949739 176 1086 10786
144126448 176 1053 10823
144149261 177 247 10827
144153664 168 55 10828
144197770 179 1697 10837
144307833 166 1298 10860
144474612 171 790 10894
144788323 176 41 10958
144889766 172 82 10980
145024914 177 180 11007
145028948 162 1604 11008
145032777 163 1322 11009
145094853 162 17 11022
145152932 161 496 11033
145185787 178 539 11039
145341370 179 1939 11069
145689442 166 673 11138
145796239 165 22 11160
145830432 177 1053 11167
145904161 170 322 11182
146056035 167 1558 11212
146252530 172 317 11251
146256620 162 527 11252
146291746 178 1597 11259
146416358 173 1794 11283
146551139 169 1243 11310
146636779 174 103 11327
146688559 169 1542 11337
146844572 164 486 11371
146876853 164 139 11377
146968494 172 697 11397
147077876 172 895 11419
147088370 166 1700 11421
147213532 165 535 11446
147266016 169 622 11456
147280375 160 670 11459
147318592 166 753 11466
147344096 164 611 11471
147354922 169 137 11473
147423550 166 546 11487
147501746 161 1633 11503
147556569 161 1224 11515
147569177 172 1163 11518
147605719 169 426 11526
147666096 165 1040 11538
148231412 167 1631 11655
148274910 174 1747 11663
148289662 167 1026 11666
148339585 170 354 11676
148417569 171 1510 11692
148439732 179 1063 11697
148450385 179 435 11699
148491573 169 284 11707
148498056 174 789 11709
148587140 174 747 11728
148622126 173 575 11735
148743730 173 295 11759
148768787 166 60 11764
148842643 176 479 11778
148898964 172 717 11789
148908603 177 1030 11791
148926490 167 1400 11795
148990184 175 422 11808
149035483 160 1495 11817
149040986 167 1893 11818
149102498 162 1721 11831
149154611 175 478 11842
149208701 163 695 11854
149223794 174 1784 11857
149292952 170 772 11871
149339510 177 221 11881
149362856 169 1818 11886
149368183 161 779 11887
149456347 162 1816 11906
149516945 170 756 11917
149655967 164 365 11945
149677468 164 1378 11949
149752078 177 1905 11963
149798858 168 1848 11973
149805038 165 1849 11974
149944935 167 1538 12003
149993780 176 1926 12012
150007881 171 1240 12015
150178501 176 1994 12050
150292742 173 1375 12073
150422226 163 1815 12101
150437523 168 577 12104
150610063 166 1544 12138
150663586 172 1109 12148
150736309 165 790 12162
150764459 168 1231 12168
150921417 178 1734 12199
151144616 175 1870 12243
151164395 162 1524 12247
151169282 169 291 12248
151237709 165 422 12262
151304693 167 145 12275
151419074 161 949 12298
151464900 174 168 12307
151492359 176 1950 12313
151573269 173 625 12328
151675580 179 334 12349
151765013 173 115 12367
151808951 170 613 12376
151932820 179 1395 12403
151976101 177 860 12412
151979425 167 1080 12413
152056477 167 1939 12428
152237630 165 128 12464
152253532 165 1053 12467
152312790 171 341 12479
152347857 169 608 12486
152532606 174 1145 12524
152611441 169 1068 12541
152817134 163 552 12582
152896067 170 733 12597
152926999 169 1368 12603
152967138 166 1226 12612
152999118 169 1402 12618
153035843 169 1639 12626
153069690 174 421 12633
153076190 167 620 12634
153094075 174 351 12637
153175035 164 904 12653
153183964 179 1710 12655
153224551 173 380 12663
153281861 161 68 12674
153444730 167 1600 12708
153476508 175 847 12714
153495790 162 1168 12718
153509084 170 383 12721
153571193 173 710 12734
153628548 165 1441 12746
153653798 174 1354 12751
153664271 171 1814 12753
153750193 176 188 12771
153881948 174 66 12797
154018606 171 139 12825
154024925 165 1323 12826
154149355 163 1048 12853
154266741 178 1201 12879
154397216 178 1793 12905
154491855 174 1904 12923
154624635 162 158 12951
154634221 178 1508 12953
154662511 166 1503 12959
154700701 167 1704 12967
154729289 171 379 12973
154864842 178 1377 13000
155000487 168 2 13027
155223880 161 405 13070
155307190 162 1477 13086
155326395 163 1950 13090
155338146 175 264 13092
155386532 170 577 13102
155443556 168 1768 13113
155534572 172 284 13129
155556575 166 497 13133
155634545 178 1746 13148
156037492 160 768 13228
156453272 178 1436 13312
156527512 162 1731 13327
156550585 174 246 13332
156601766 171 193 13343
156660141 176 1025 13355
156691716 173 1252 13361
156934669 176 1366 13410
156975406 163 178 13417
157060869 161 1557 13434
157126509 162 803 13448
157261673 162 690 13476
157406915 168 1792 13504
157422619 166 812 13508
157472428 175 1921 13518
157497200 172 301 13523
157517051 171 1263 13527
157614600 163 194 13548
157696880 174 1781 13564
157960398 177 362 13617
157992331 173 489 13624
158002128 169 1406 13626
158042845 178 184 13635
158321934 179 1633 13694
158478971 166 1609 13728
158511659 166 576 13735
158708074 160 73 13774
158799041 167 106 13792
158837594 177 264 13799
158900920 166 1508 13813
159000360 167 627 13835
159031236 179 1686 13842
159106807 175 1268 13857
159180722 179 1172 13872
159504544 171 670 13936
159532196 179 111 13942
159536189 162 551 13943
159580529 165 1233 13953
159597343 178 1491 13956
159640970 161 351 13965
159647317 160 1427 13966
159689164 175 166 13975
159850208 176 343 14006
159948772 172 717 14025
160099511 172 984 14055
160173007 178 15 14070
160220060 170 69 14079
160332275 164 1510 14102
160402726 175 687 14116
160525810 169 568 14141
160638574 165 785 14165
160771283 174 1367 14192
160814469 168 1602 14200
161019362 164 475 14239
161033908 179 966 14242
161054008 177 311 14246
161079564 174 175 14251
161231333 177 1536 14280
161265891 165 1645 14287
161498043 175 559 14334
161600876 176 1061 14354
161683585 170 1735 14371
161689119 174 1902 14372
161741025 176 889 14383
161746328 178 1522 14384
161788251 174 1148 14392
161906560 171 538 14416
161937007 165 1456 14422
161986103 165 480 14432
162044930 177 89 14443
162126415 179 1724 14460
162210512 170 1330 14477
162441874 170 1718 14524
162570756 165 1005 14550
162588582 171 397 14554
162591660 171 752 14555
162594023 176 1206 14556
162728814 178 1828 14583
162799037 172 1355 14598
162825197 169 1731 14603
163013292 177 302 14640
163054748 165 28 14649
163191309 170 1538 14679
163226194 170 75 14686
163304801 164 796 14702
163322022 172 1563 14706
163335680 174 397 14709
163509573 160 75 14743
163602950 167 1771 14761
163643245 167 408 14769
163701881 169 1508 14781
163840880 165 1208 14808
164185949 179 1607 14875
164337440 160 659 14906
164386087 178 542 14917
164401504 165 1420 14920
164547039 173 1040 14948
164597332 175 104 14958
164666422 177 1574 14972
164759532 171 1772 14991
164780369 166 1631 14996
165140523 161 744 15069
165151646 170 1727 15071
165207504 166 1385 15082
165228557 168 1998 15087
165250069 171 889 15091
165295005 175 812 15100
165325040 169 1055 15106
165429069 166 963 15127
165486365 178 329 15139
165497917 173 839 15141
165517764 171 137 15145
165541100 170 1877 15150
165658480 173 17 15173
165720917 160 673 15185
165915192 170 1227 15222
165976145 166 1108 15235
166040382 163 1566 15249
166123805 172 1803 15265
166137233 179 1517 15268
166187178 170 1144 15278
166259648 161 992 15292
166328819 166 842 15305
166405307 160 779 15321
166465752 168 1199 15333
166497205 171 1641 15339
166513545 163 1240 15342
166615029 164 473 15362
166691406 175 1873 15378
166731135 167 308 15386
166747702 178 936 15389
166751327 169 1074 15390
166779344 161 1445 15395
166808934 160 657 15401
166831835 172 986 15406
167043768 172 1371 15449
167049186 169 446 15450
167069036 163 1710 15454
167177923 169 268 15475
167244003 175 1732 15489
167256618 167 783 15491
167278714 160 1649 15495
167294032 176 802 15498
167319415 176 960 15504
167365170 175 1753 15513
167413779 171 773 15522
167576910 179 1658 15556
167598601 168 1914 15560
167677642 170 57 15575
167774501 161 1686 15595
167822563 166 1580 15606
167995207 169 537 15640
168026054 171 152 15646
168079765 173 675 15658
168122277 169 63 15667
168174222 171 1041 15677
168230091 177 301 15688
168251850 160 1483 15692
168305412 172 372 15703
168399632 166 511 15722
168466494 160 1840 15736
168532694 166 1734 15750
168638633 168 1983 15773
168857142 170 1647 15817
168964870 178 57 15838
169046533 170 239 15854
169052878 167 577 15856
169256972 168 1908 15897
169591993 177 1307 15965
169606370 166 1634 15968
169611314 167 117 15969
169661560 162 791 15978
169979547 166 1223 16039
169984644 175 326 16040
170033268 172 874 16049
170050620 166 752 16053
170056044 175 1447 16054
170216381 169 1217 16087
170327938 168 1553 16110
170393206 174 1273 16124
170468795 178 1530 16139
170700656 176 1918 16187
170706249 161 845 16188
170820176 165 1887 16210
170842955 174 1924 16214
170888044 179 27 16223
170913147 169 1017 16228
170920801 173 667 16230
170925346 172 1072 16231
170931289 162 1340 16232
171010503 174 1859 16249
171108126 172 166 16269
171315564 164 768 16312
171435871 170 484 16338
171454324 160 1670 16342
171527783 173 511 16356
171652049 173 1979 16381
171686278 179 1591 16388
171690788 170 606 16389
171703552 170 1215 16391
171713640 170 1639 16393
171923646 176 1861 16434
172099181 168 1532 16468
172124300 164 100 16474
172137216 178 832 16477
172149348 160 1415 16480
172203709 170 772 16492
172347905 161 594 16523
172452447 173 739 16545
172493463 171 329 16553
172611132 175 1379 16578
172641623 171 1841 16585
172669337 177 898 16591
172756782 162 1542 16608
172803477 179 844 16617
172829732 160 1732 16623
172954051 176 830 16646
172967654 168 1118 16649
173197274 163 996 16695
173290485 166 1315 16714
173348562 160 185 16726
173411061 163 1818 16739
173480243 167 938 16754
173491412 164 685 16757
173669556 162 1553 16790
173771821 172 971 16810
173842409 178 869 16824
173924163 168 239 16841
173932496 165 758 16843
174009160 164 965 16858
174130064 160 285 16882
174152847 176 29 16886
174166251 163 1309 16889
174181662 168 144 16892
174273554 169 603 16909
174415162 166 759 16938
174434860 170 1202 16942
174439909 167 1719 16943
174480972 163 1490 16951
174589101 163 715 16973
174599420 177 1607 16975
174672026 161 1022 16989
174687736 174 1546 16992
174700962 174 1578 16995
174753145 172 440 17005
174763450 160 372 17007
174929404 170 1124 17040
174938275 170 267 17042
175022526 174 853 17058
175096148 164 1570 17073
175216260 179 1762 17098
175274502 177 275 17110
175286072 165 755 17112
175323278 163 1154 17119
175380326 174 1259 17130
175450593 165 1111 17144
175466773 179 1355 17147
175504422 173 605 17154
175640545 171 491 17182
175644655 171 452 17183
175817509 176 514 17217
175842692 173 1029 17222
175862168 164 1073 17225
175899469 175 938 17233
176000394 179 1812 17254
176012655 171 246 17256
176028871 163 18 17259
176228902 161 1432 17300
176354827 164 401 17324
176543556 169 322 17360
176567272 170 1548 17366
176627107 167 935 17379
176704637 172 1316 17395
176751101 171 26 17405
176772500 169 443 17409
176776497 179 1621 17410
176782512 163 1764 17411
176842368 174 140 17422
177046213 175 1796 17463
177063569 173 1677 17466
177105923 176 965 17474
177262819 176 1573 17505
177280125 162 1124 17509
177333243 179 550 17520
177504208 171 125 17553
177508386 161 1343 17554
177612190 177 947 17575
177696002 174 1700 17593
177750024 179 1342 17604
177761210 162 116 17606
177833230 164 957 17621
178089281 177 1460 17674
178100240 178 914 17676
178235280 179 1423 17703
178254163 164 626 17707
178299961 162 1696 17717
178326202 160 1168 17722
178337060 166 1524 17725
178440659 174 38 17746
178820252 167 878 17820
178906072 173 346 17839
179110809 175 1549 17880
179149879 175 329 17888
179192102 170 703 17897
179242123 176 174 17907
179250128 168 723 17909
179259953 172 1083 17911
179347471 177 1878 17927
179363582 171 785 17930
179392159 171 562 17936
179521248 163 1287 17963
179734332 165 1777 18004
179746329 170 489 18007
179868858 168 212 18032
179916206 171 1423 18041
180022316 162 1803 18062
180100157 172 779 18077
180159667 163 1207 18090
180170749 163 1948 18092
180250306 161 1901 18107
180301839 162 1978 18118
180317029 161 100 18121
180383162 176 643 18134
180461495 162 1203 18149
180484225 169 468 18154
180506334 172 838 18158
180603727 161 574 18177
180701055 179 508 18197
180823037 175 1764 18222
180845018 170 1493 18226
180992003 173 1949 18255
181053915 177 1744 18267
181134314 171 342 18283
181182981 167 1569 18293
181215176 176 1770 18300
181286078 168 1879 18315
181458244 168 861 18349
181789118 166 404 18414
181890163 173 543 18436
182023753 170 465 18462
182042448 172 1440 18466
182071790 162 1942 18472
182255380 179 1549 18507
182386455 162 779 18533
182416816 174 1730 18539
182474118 160 307 18551
182507751 164 1970 18558
182524072 172 978 18561
182529408 170 1893 18562
182562758 166 1706 18569
182575746 161 78 18572
182596550 160 834 18576
182602785 167 547 18577
182747484 166 108 18605
182778669 163 1693 18611
182886263 176 279 18633
183027214 171 505 18660
183104103 169 1601 18675
183271810 176 1320 18708
183361511 173 452 18727
183424701 172 1404 18739
183582651 177 388 18772
183602116 176 1521 18776
183615111 165 896 18779
183643686 168 1047 18784
183661718 174 1904 18788
184000931 178 386 18853
184007328 168 621 18854
184121389 176 287 18879
184130516 172 1296 18881
184139992 163 308 18883
184299115 175 1931 18914
184308344 176 1268 18916
184313887 163 1483 18917
184427866 161 1749 18941
184583031 178 1334 18971
184626635 168 1497 18979
184777018 168 1309 19010
184943397 165 1164 19044
184948506 166 873 19045
185035358 169 1353 19062
185072397 163 388 19070
185140898 178 1555 19084
185173584 172 1660 19091
185203937 177 558 19097
185263724 161 1356 19108
185388156 173 813 19133
185609068 168 1764 19178
185629243 160 71 19182
185655398 169 646 19187
185698581 165 1414 19196
185824935 160 744 19221
185885988 165 456 19233
185896200 179 1047 19235
185927083 161 1591 19240
185931621 165 1221 19241
186006060 170 1968 19256
186108636 176 1917 19276
186141022 173 110 19282
186199131 178 185 19294
186236982 172 789 19301
186397281 179 490 19335
186406649 177 351 19337
186412128 178 542 19338
186438630 178 101 19343
186523945 168 1093 19360
186671030 163 288 19390
186675623 179 910 19391
186735684 166 1048 19404
186792115 169 546 19416
186978681 169 1560 19455
187099560 171 59 19480
187144396 169 1177 19489
187222122 179 1405 19504
187236198 176 518 19507
187278645 161 766 19516
187361016 164 504 19532
187445567 179 1896 19548
187473259 167 1316 19554
187514961 178 552 19562
187570529 172 1278 19573
187703262 175 1911 19602
187819457 168 592 19623
187937261 161 1669 19647
188053536 170 600 19670
188087225 173 1008 19677
188165570 172 265 19692
188207769 168 1730 19701
188334320 177 262 19727
188527552 167 729 19766
188643961 178 393 19790
188681626 164 517 19799
188688126 172 1671 19800
188773729 169 883 19817
188829657 178 475 19828
188846782 173 499 19831
188864012 167 1449 19834
188893686 161 459 19840
188995431 164 510 19861
189108553 175 1810 19885
189225551 166 159 19908
189616782 166 1401 19989
