110739 253 1845 5
602894 246 909 29
862075 251 1043 42
926906 256 1782 45
2950421 251 673 145
3048162 241 1214 150
3119204 249 609 154
3672817 245 578 180
4104177 241 1889 202
4155921 243 916 205
4564744 250 1970 226
4759763 247 1853 236
4781122 254 1689 237
5148439 243 1916 255
6162822 259 1460 307
6240814 259 1848 311
6490117 243 1498 324
6793702 255 1659 339
7281718 247 1813 364
7384515 252 849 369
7639120 252 115 381
7738638 253 1097 386
8189628 255 273 408
8542713 249 1033 425
8562350 248 1806 426
8662755 255 450 431
8682594 246 1210 432
10017396 242 1892 499
10137076 250 1672 505
10257293 246 617 511
10908328 252 1594 544
10945820 246 1587 546
11286047 246 33 563
11778506 240 872 588
11947485 253 1182 596
12384926 249 592 618
12540690 242 1286 625
12589027 248 1958 628
12716187 248 1877 634
13264218 240 1881 662
13552726 255 396 676
13949959 249 795 695
14343073 242 396 715
14678789 258 866 731
14700464 256 1072 732
15001450 255 665 747
15077346 247 1263 751
15179791 248 1391 756
15616786 256 393 777
15770992 249 750 784
15846557 253 1819 788
16312571 247 421 811
16376001 249 1740 814
16687609 254 333 830
16726645 246 1373 832
17276395 246 1664 859
17461906 257 227 868
17479148 243 437 869
17622687 243 853 876
17729337 248 1603 881
17813628 247 294 885
18018970 257 1870 895
18562326 248 302 922
18751434 255 628 931
19262875 248 1397 956
19340411 254 33 960
20449269 242 1006 1015
20838259 250 1725 1035
21300517 243 656 1058
21356617 252 721 1061
21930657 249 72 1090
22023094 257 968 1095
22086385 244 1523 1098
22403095 247 1346 1114
22709581 250 921 1128
22729693 240 868 1129
23412875 249 1650 1162
23494830 254 1184 1166
23693794 259 1233 1176
24200653 255 1095 1202
25329633 257 273 1261
25601921 245 1009 1274
25644520 256 1868 1276
25850190 247 1165 1286
25932768 254 1177 1290
26865677 242 1310 1336
27269096 240 1222 1356
27311415 254 1267 1358
27349562 253 1842 1360
27497642 249 429 1367
27513163 245 1205 1368
27764561 251 1862 1381
27998163 253 457 1393
28127569 244 418 1400
28849224 249 1834 1437
28970760 251 428 1443
29192338 255 73 1454
29224428 259 1126 1456
29413488 251 841 1465
29666039 258 1775 1478
29749917 249 703 1482
30308173 245 269 1510
30659338 252 110 1528
30847519 251 1406 1537
30979462 253 932 1543
31287634 259 360 1558
31618266 240 1634 1574
31851168 251 1188 1586
32063427 257 637 1597
32793943 259 190 1635
33237205 257 1383 1658
33589017 256 28 1676
33625984 257 1590 1678
34319812 243 332 1714
34365870 241 1180 1716
34671718 256 1496 1732
34789136 256 435 1738
34939752 242 1020 1746
35046608 246 742 1751
35313286 242 1551 1764
35416938 246 1387 1769
35528434 252 1396 1775
35754336 247 99 1787
35833789 255 902 1791
36458703 253 725 1823
36704043 254 987 1835
36888101 248 187 1844
37052470 246 725 1852
38972446 240 1888 1948
39147118 241 564 1957
39385478 258 238 1969
39732113 245 1243 1987
40273893 245 1018 2013
40516688 249 441 2026
40575087 243 759 2029
41177136 253 345 2059
41537824 250 1187 2077
41815881 259 1622 2090
41988476 244 284 2099
42600375 240 1390 2130
42907483 247 297 2145
43016722 248 1312 2150
43600293 255 1672 2179
44657307 255 1091 2233
44919526 258 1321 2247
45314374 249 1355 2267
45633607 245 328 2283
46021335 257 1992 2303
46059851 241 1321 2305
46612672 240 475 2332
46672002 246 1124 2335
46687002 247 1474 2336
47587485 257 1369 2381
47604993 257 168 2382
47756938 251 1026 2389
47993597 256 1260 2401
48391323 256 1978 2422
49002990 256 1437 2452
49345183 250 443 2469
49446032 252 1971 2474
50172864 244 1358 2509
50329126 244 401 2517
51348821 248 610 2569
51559222 245 1928 2580
51929153 257 1332 2599
52812282 242 470 2644
52871141 253 1918 2647
53091385 244 240 2657
53365061 257 975 2671
54030858 258 11 2704
54069952 255 1909 2706
54115514 244 726 2708
54246925 259 1689 2714
54331798 240 1159 2718
54441506 249 1308 2724
54620968 241 1994 2733
54855733 254 892 2744
54878355 248 370 2745
54919959 255 324 2747
54989049 259 951 2750
55011565 245 1766 2751
55482211 252 548 2774
55501953 255 1551 2775
55617925 252 1400 2781
55952434 250 1313 2798
56365873 247 930 2819
56539546 255 1016 2828
56861182 250 1334 2844
56915042 243 1468 2847
56999311 259 1111 2851
57024311 251 1922 2852
57277922 242 1265 2864
58100212 243 1994 2906
58196483 242 100 2911
58259151 240 261 2914
59483638 255 1563 2975
59855811 243 1902 2994
60828475 245 797 3042
60869591 242 757 3044
61327475 240 1887 3067
61958744 255 517 3099
62311883 258 462 3117
62352823 244 625 3119
62489864 257 1373 3126
62634808 256 1549 3133
62744810 256 997 3138
63092604 251 1572 3156
63425340 243 1543 3173
63510478 247 154 3177
63954998 245 1146 3199
64130164 247 813 3208
64520590 244 355 3227
64597610 242 1365 3231
65402105 257 121 3272
65650220 245 1342 3284
65753096 257 1913 3290
65775308 241 1212 3291
65810533 255 1471 3293
66095140 259 1618 3307
66153079 249 1882 3310
66466813 244 111 3326
66509528 257 1016 3328
66534528 252 190 3329
66832909 244 719 3344
66938775 244 789 3349
67040573 248 712 3354
67634219 241 1405 3382
68295801 250 1909 3414
68358267 248 950 3417
70164570 240 1476 3508
70675320 242 1846 3533
70902220 244 888 3544
71138199 251 1485 3555
71174242 246 1306 3557
71535354 256 1323 3574
72085593 244 1294 3602
72150740 248 1519 3605
72288657 248 1029 3613
72453125 246 355 3621
72561930 243 1836 3626
72996056 246 57 3648
73075619 253 33 3652
73400024 259 1992 3669
73648329 253 184 3681
73710426 245 444 3684
74229730 245 1108 3709
74491606 245 1258 3722
75180153 259 1770 3757
75630502 246 1223 3780
77012037 256 354 3849
77046960 240 163 3851
77725674 241 1061 3885
77899882 250 21 3894
78228279 243 1955 3910
78865955 253 494 3941
78922805 248 1464 3944
79149212 240 1043 3955
79254513 246 64 3960
79714928 251 1 3982
80669042 254 1910 4030
81658418 250 1097 4080
81877576 240 528 4091
82313827 255 353 4114
82532872 242 838 4125
82555071 257 224 4126
82915583 256 1837 4143
83794375 249 1761 4188
84034533 248 1108 4200
84289688 242 392 4213
84586621 247 1386 4228
85122286 259 719 4254
85420264 241 394 4269
85439671 253 1247 4270
85479801 251 792 4272
85606582 243 718 4278
86432821 247 1260 4319
86991212 244 406 4348
87391723 250 1600 4368
87694411 240 3 4383
88422406 251 569 4419
89420934 258 1892 4469
89579772 243 843 4477
89706931 249 1632 4483
89940835 253 122 4495
90450270 255 1318 4520
90901079 248 1131 4542
90923585 243 1087 4543
91041039 246 73 4549
91212762 256 1121 4557
91243123 258 400 4559
91402055 252 1221 4567
91705663 249 1756 4583
92145380 259 869 4606
92377224 250 1170 4618
92760104 248 855 4637
93063204 254 1503 4653
93435669 245 590 4672
94171280 256 1960 4709
94445085 253 530 4722
95594846 246 1027 4779
96092246 248 876 4804
96147831 255 1388 4807
96395748 249 1296 4819
96474888 258 69 4823
97101991 252 1944 4854
97467940 243 1379 4872
97901239 252 188 4893
98254761 255 1696 4911
98620072 244 1685 4929
98758223 247 373 4936
99329050 251 972 4966
99421088 259 380 4971
99452694 241 184 4973
99737737 240 832 4987
99805775 243 1792 4990
99951142 246 422 4997
100021602 249 627 5001
100445296 244 1570 5022
100764315 241 1397 5038
101337316 259 1687 5067
101498125 257 1105 5075
102208196 244 1788 5111
102536126 241 229 5127
102557987 245 1893 5128
102574070 247 279 5129
102979940 252 794 5148
103209191 256 622 5159
103651571 258 1231 5181
103735090 250 1494 5185
104543603 243 1477 5225
104665946 243 261 5231
105051530 240 653 5251
105108061 243 453 5254
105609342 248 993 5278
106455810 250 893 5321
106623784 240 1155 5329
107367910 248 664 5367
107915757 241 67 5394
108452910 243 1476 5420
109236070 256 1926 5459
109439555 251 838 5469
109493894 252 518 5472
109895632 242 1681 5491
110152442 242 1575 5504
110521938 254 567 5523
110739717 256 1483 5533
110861848 256 554 5539
111047787 258 1079 5548
111087787 245 354 5550
111245136 253 1278 5558
111669927 252 30 5579
112249212 251 1782 5608
112296952 243 96 5611
112422791 249 60 5617
112530801 244 526 5622
113037716 258 271 5647
113641218 254 430 5677
114033306 245 364 5697
114235308 256 43 5707
114497366 243 237 5720
114725949 257 383 5731
114925269 256 1009 5741
115119407 247 685 5751
115432375 249 206 5766
116014111 258 367 5795
116756912 256 782 5832
116847283 249 489 5836
117120987 253 1494 5849
117275499 256 674 5857
117369681 255 522 5861
117484501 250 1667 5867
117824646 248 1343 5884
118077067 253 20 5897
118257217 247 548 5906
118913483 248 1622 5939
118975805 257 1233 5942
119255840 249 1911 5957
119295207 247 428 5959
119446788 246 173 5967
119767646 246 1158 5983
119831987 241 1014 5986
120095555 258 949 5999
120355171 254 129 6048
120444109 257 1039 6067
120552702 243 470 6087
120646912 248 58 6106
120656970 242 1158 6108
120838326 240 1815 6146
120848338 254 194 6148
120950880 256 926 6168
120971618 245 668 6172
120975012 244 1794 6173
120988939 252 778 6176
121085650 242 1844 6196
121343201 248 250 6247
121423685 246 1564 6264
121440074 257 1791 6267
121484509 244 1612 6276
121614331 257 715 6302
121766500 251 630 6330
121802548 250 626 6337
121830612 246 1777 6343
121876230 242 1923 6352
121900382 256 377 6356
122035341 251 1868 6382
122057140 241 893 6386
122074028 256 217 6389
122179084 244 1807 6410
122192854 249 1948 6413
122328180 249 16 6441
122344960 250 1233 6444
122369427 245 191 6449
122378181 241 1867 6451
122387450 253 367 6453
122420931 241 1281 6460
122433866 247 770 6463
122560551 253 324 6488
122628018 245 1960 6502
122819952 256 73 6542
122911748 258 1812 6559
122935517 246 1516 6564
123062931 256 1027 6590
123099356 246 1994 6597
123140862 252 1965 6606
123156005 248 1906 6609
123201581 246 891 6618
123510155 243 1756 6679
123515018 243 710 6680
123655648 246 144 6709
123703549 248 1200 6719
123723137 251 1731 6723
123735085 248 849 6726
123773818 247 954 6733
123844249 250 130 6748
124007306 243 269 6781
124022454 247 203 6784
124105671 244 366 6800
124131297 257 913 6805
124162381 247 1696 6812
124452433 240 275 6870
124545491 241 529 6889
124623203 242 463 6905
124684937 255 127 6918
124690163 243 1817 6919
124705725 244 155 6923
124780565 243 763 6938
124821401 253 84 6946
124832586 253 735 6948
125183690 246 1133 7018
125255758 241 1899 7033
125341307 257 1618 7049
125414527 242 383 7064
125427042 249 30 7066
125500925 255 991 7081
125740136 258 1673 7129
125754589 251 672 7132
125914768 254 1941 7163
125930472 247 1071 7166
126006282 250 1284 7181
126015423 240 1457 7183
126075273 251 1443 7195
126155954 256 105 7211
126172315 257 160 7214
126177264 259 1071 7215
126217764 251 1414 7223
126305139 243 865 7241
126315782 256 447 7243
126541351 246 589 7289
126575523 253 1113 7296
126669989 251 1783 7315
126768964 255 1868 7334
126804511 249 874 7341
126830159 258 1280 7346
126961824 258 256 7372
127004217 255 151 7381
127230313 241 1451 7425
127244797 246 1993 7428
127335632 247 1519 7445
127354710 242 855 7449
127723231 258 1799 7522
127740746 254 1239 7525
127853075 244 436 7547
127891260 256 1083 7555
127928974 243 474 7563
127994608 241 180 7576
128026684 255 1725 7582
128139271 254 589 7605
128148412 240 532 7607
128168205 248 261 7611
128188266 252 241 7615
128215937 256 566 7621
128248329 250 1940 7627
128349218 247 165 7648
128367193 246 1396 7652
128410844 249 465 7660
128414486 252 785 7661
128460846 252 80 7671
128492933 243 1253 7678
128541619 250 1788 7687
128587915 245 733 7697
128766081 246 1044 7733
128796113 248 1059 7739
129095120 258 1084 7799
129166883 249 918 7813
129264859 244 411 7833
129295387 248 1421 7839
129301887 254 1920 7840
129672592 258 163 7915
129836047 246 1088 7947
129881473 258 1779 7956
130061563 253 399 7992
130094453 246 634 7998
130198713 242 1502 8019
130223914 246 1584 8025
130269390 246 1917 8035
130273585 246 207 8036
130319647 244 45 8046
130404716 257 1479 8063
130466757 252 1081 8076
130473257 242 27 8077
130496571 245 68 8082
130535577 248 979 8090
130547019 252 1971 8092
130695108 256 236 8121
130801475 251 948 8143
130821689 254 16 8147
130831216 250 1007 8149
130910435 255 592 8166
130915154 249 752 8167
131076724 257 467 8200
131137168 246 731 8212
131277964 245 1391 8240
131343115 257 536 8254
131352472 252 700 8256
131462769 241 1996 8278
131482816 257 472 8282
131489140 253 820 8283
131729055 248 1116 8332
131773154 241 1440 8341
131806106 257 1819 8347
131848330 250 203 8355
131870992 241 465 8360
131922337 254 1055 8371
131936618 259 38 8374
132039466 246 1601 8394
132148476 243 1632 8416
132152745 255 930 8417
132161310 242 1158 8419
132234831 256 1069 8434
132250476 257 1662 8437
132276706 240 572 8442
132317836 257 502 8450
132351161 256 847 8457
132381769 241 1310 8463
132394404 243 1469 8466
132468435 246 361 8482
132487702 259 696 8486
132516143 241 1495 8491
132536525 247 255 8495
132629700 252 1642 8514
132643838 241 368 8517
132650338 243 1921 8518
132708483 248 1503 8529
132752132 255 1346 8538
132786708 249 1233 8545
132857299 253 425 8558
132868830 246 445 8560
132896053 255 1023 8566
132911435 240 74 8569
132964761 240 1127 8580
133032563 245 1707 8595
133144344 244 1412 8617
133220384 244 526 8632
133247793 259 982 8637
133498349 243 324 8689
133528830 252 720 8695
133671645 246 1074 8724
133685701 248 51 8727
133713584 247 949 8734
133743301 247 1931 8740
133859626 252 8 8763
133872177 247 1310 8765
133891136 249 1675 8769
133998854 253 1016 8791
134036389 253 1140 8798
134204455 245 1254 8831
134316590 247 452 8853
134355423 241 1217 8861
134391772 256 405 8869
134479240 245 1162 8887
134594456 249 501 8909
134711385 256 1010 8932
134860319 243 1230 8962
134864623 255 350 8963
134968373 257 1817 8984
135045693 248 202 9001
135181097 252 661 9029
135191473 250 1587 9031
135205359 243 1677 9034
135437257 257 1749 9080
135492110 241 679 9091
135511249 254 1379 9095
135644414 248 1548 9122
135650032 247 426 9123
135808666 252 1875 9154
135891298 248 801 9172
135991557 247 1648 9193
136191624 247 658 9232
136326841 258 216 9258
136362784 251 1818 9265
136371435 258 1779 9267
136450940 255 537 9282
136469768 247 935 9286
136644071 256 845 9321
136729658 250 1657 9338
136990561 257 1919 9390
137070666 244 1060 9406
137142853 256 1476 9420
137186563 247 1731 9429
137282702 252 864 9447
137292933 250 102 9449
137561139 242 1932 9504
137575108 250 1102 9507
137585945 247 1436 9509
137602920 258 502 9512
137685325 257 993 9528
137745788 251 1555 9540
137761818 243 159 9543
137865115 257 1856 9564
138016502 247 643 9593
138042237 243 566 9598
138165865 252 435 9622
138175485 242 1141 9624
138290393 250 1119 9647
138338843 251 1243 9657
138348050 242 1631 9659
138835776 257 1866 9756
138876827 240 1286 9764
138956585 242 828 9781
139156527 251 1111 9821
139175955 253 1305 9825
139277182 240 1407 9844
139302283 247 804 9849
139314657 250 765 9852
139425933 252 1144 9873
139440112 240 1914 9876
139518343 259 387 9892
139639531 254 1498 9916
139849428 243 1013 9959
139855217 256 499 9960
139999310 251 1240 9989
140004127 240 1515 9990
140047258 243 1012 9998
140083713 251 371 10005
140096644 247 576 10008
140113599 255 1334 10012
140258315 259 341 10044
140331156 247 1851 10060
140421817 257 1169 10077
140692526 255 651 10133
140803923 241 1808 10156
140807456 245 1599 10157
140862636 249 1233 10168
140867218 246 876 10169
140903676 244 298 10176
141037760 251 1257 10203
141111151 249 1202 10217
141143172 247 771 10223
141178293 255 17 10229
141292591 247 574 10253
141713397 248 1088 10338
141738547 245 415 10343
141746572 240 255 10345
141768229 251 645 10349
141836488 243 74 10362
141841284 246 1744 10363
141886140 251 1167 10373
141942718 259 792 10384
141952794 244 117 10386
142254438 250 817 10449
142260346 247 598 10450
142285672 254 719 10455
142334663 241 739 10465
142345098 247 1470 10467
142369153 241 1334 10472
142534948 243 1016 10506
142640806 249 1238 10527
142782468 256 654 10554
142824406 249 1204 10563
142872487 251 1360 10573
143210960 247 1555 10641
143260551 243 27 10652
143308862 250 1397 10661
143327145 242 217 10664
143434774 257 670 10685
143529210 247 926 10704
143534399 242 1598 10705
143592208 253 1923 10716
143672636 259 209 10731
143686818 243 1585 10734
143814408 247 341 10759
143845328 259 1705 10765
143851291 258 764 10766
143871067 257 1573 10770
143890736 256 339 10774
143894083 259 1921 10775
144003627 258 1438 10798
144214178 252 132 10840
144440744 257 356 10887
144551762 259 1573 10909
144622809 259 1333 10923
144820374 240 1982 10966
145049526 258 1304 11013
145285441 254 246 11058
145408308 250 323 11082
145416943 252 454 11084
145442815 244 655 11089
145471281 256 1258 11094
145480535 243 1481 11096
145498469 242 1719 11100
145772800 240 843 11155
145806092 251 469 11162
145883899 257 192 11178
145960538 249 143 11193
146158166 256 120 11232
146194564 241 1046 11239
146267046 249 1498 11254
146315623 243 1229 11264
146334195 249 725 11267
146445479 246 590 11289
146580568 259 264 11316
146610826 253 1434 11322
146631779 240 1040 11326
146643095 246 813 11328
146834962 243 120 11369
146920618 252 1488 11387
147001786 244 903 11404
147047332 248 1738 11413
147068396 253 1660 11417
147164494 242 1883 11436
147230582 245 1987 11449
147301494 255 1719 11463
147369380 240 107 11476
147475514 258 1720 11498
147482014 241 1651 11499
147588010 249 1627 11522
147669876 254 23 11539
147692995 256 1971 11544
147834374 242 326 11573
147900529 248 851 11586
147942704 259 208 11595
147972564 245 1456 11600
147984555 248 1610 11603
148058014 241 1444 11619
148086547 251 288 11625
148236225 258 1570 11656
148241446 249 235 11657
148307205 244 685 11670
148313686 247 1459 11671
148335258 256 1400 11675
148348343 243 564 11678
148369312 251 1517 11682
148571533 256 1138 11725
148730359 243 1357 11756
148740941 250 494 11758
148748402 241 1258 11760
148795123 253 1177 11769
148894577 245 712 11788
149064661 258 210 11823
149136880 242 1371 11838
149170267 257 707 11845
149412888 256 295 11897
149427172 256 862 11900
149651660 248 1227 11944
149725056 250 1705 11958
149746522 242 1839 11962
149779946 248 1809 11969
149785576 257 233 11970
149795227 252 642 11972
149809549 259 1163 11975
149927363 243 626 11999
149931794 251 119 12000
149966675 246 1565 12007
149987912 257 1884 12011
150244118 243 1863 12064
150307045 251 439 12076
150376498 246 1610 12091
150506546 257 1716 12118
150535214 246 834 12124
150573909 259 640 12131
150630910 259 1128 12142
150651808 258 1062 12146
150688391 248 1535 12153
150746931 251 203 12164
150784356 256 1444 12172
150801160 257 1572 12175
151000140 245 1570 12214
151055819 249 1203 12226
151092859 245 1554 12233
151105140 249 356 12235
151196178 248 1389 12253
151253572 243 1978 12265
151359494 245 1736 12285
151436176 250 326 12301
151454822 259 562 12305
151957691 246 234 12408
152034513 253 160 12424
152184930 254 858 12454
152283380 243 67 12473
152293063 247 786 12475
152361191 249 599 12489
152469436 258 1068 12511
152496971 249 1882 12517
152550470 255 130 12528
152583939 242 1437 12535
152597331 252 924 12538
152606558 255 488 12540
152658285 241 373 12550
152728213 249 151 12565
152891540 259 882 12596
153246764 254 1954 12667
153366549 245 726 12692
153470804 250 773 12713
153516706 240 37 12723
153753948 252 65 12772
153810506 246 980 12783
154072486 244 1033 12836
154088201 250 158 12839
154118649 248 525 12845
154156962 253 159 12855
154232081 256 252 12872
154258418 255 106 12877
154293450 245 784 12884
154314775 241 882 12889
154430648 241 1850 12911
154536891 249 434 12932
154582673 250 1530 12942
154787171 255 1523 12984
154921250 242 844 13011
154940938 244 936 13015
154945593 254 1213 13016
154983110 248 697 13023
155035748 255 1130 13034
155045279 240 927 13036
155206847 240 773 13066
155311111 255 1126 13087
155391288 259 311 13103
155395830 254 1297 13104
155484023 252 1072 13120
155592573 258 991 13140
155623760 248 1692 13146
155681894 245 946 13158
155709616 240 1415 13163
155759651 253 1396 13173
155794718 243 1929 13180
155823231 249 1149 13185
155891400 241 1249 13199
156100750 243 447 13242
156105707 250 397 13243
156160194 255 1538 13253
156290331 257 1933 13280
156327657 242 434 13287
156370660 251 116 13295
156446959 256 1440 13311
156519777 257 1077 13325
156581304 245 317 13339
156616571 244 1176 13346
156719538 255 629 13366
156830963 254 500 13388
156931207 240 979 13409
156964577 256 1834 13415
156993400 243 1903 13421
157162077 255 1001 13456
157302070 256 520 13484
157713488 243 344 13567
157728172 253 237 13570
157777342 257 1798 13580
157913080 246 1661 13607
157983312 256 907 13622
158145116 245 1647 13656
158370553 257 1717 13704
158403769 247 438 13712
158417948 247 318 13715
158482480 253 1760 13729
158492511 254 1591 13731
158502838 259 1475 13733
158517006 243 95 13736
158523506 252 1282 13737
158571568 240 1010 13747
158596115 252 1696 13752
158609782 242 1529 13755
158645380 252 19 13762
158683924 241 1084 13769
158758453 242 543 13784
158845081 253 663 13801
158985340 244 1134 13832
159091863 249 892 13854
159454708 243 1578 13925
159459280 250 1353 13926
159468452 249 550 13928
159510834 247 1649 13937
159694558 243 773 13976
159798294 249 64 13995
159845188 258 695 14005
159914392 246 1514 14018
159925184 251 276 14020
159959300 252 1776 14027
159985110 254 995 14032
160041976 246 483 14044
160055772 240 632 14047
160137141 245 1532 14062
160167975 257 1798 14069
160280853 241 1169 14092
160306121 242 212 14097
160561747 248 452 14148
160701341 251 1331 14178
160746527 257 779 14187
160760856 249 712 14190
160765682 249 932 14191
160809909 257 866 14199
160832347 256 1092 14203
160886408 242 394 14213
160978287 258 186 14231
161002794 256 1787 14236
161294581 247 925 14293
161316954 246 1415 14297
161379500 259 1069 14310
161393973 249 1320 14313
161433196 259 1111 14321
161486772 249 1148 14332
161513423 252 475 14337
161565426 246 325 14347
161576103 255 1141 14349
161597188 250 1883 14353
161641395 256 556 14362
161716963 253 1223 14378
161721366 259 753 14379
161819489 259 890 14398
162028353 240 1507 14440
162191640 256 1883 14473
162204814 253 1973 14476
162226167 243 1104 14480
162259542 241 959 14487
162312062 243 1189 14498
162471086 243 500 14530
162608658 259 66 14559
162678990 247 298 14574
162735314 250 1233 14584
162809130 240 1979 14600
162819869 253 785 14602
162937300 249 205 14626
163001651 251 872 14638
163033882 245 1617 14645
163254865 250 1604 14692
163311429 256 369 14704
163492560 254 1695 14740
163525230 252 1899 14746
163555132 253 1576 14752
163925058 244 1971 14825
163950297 258 881 14830
164019777 256 1467 14844
164123679 248 873 14864
164226946 255 479 14884
164255615 256 1836 14890
164321785 246 885 14903
164348336 246 775 14908
164491466 245 901 14937
164512568 248 168 14941
164565174 242 631 14952
164580843 252 503 14955
164657394 244 581 14970
164754976 240 386 14990
164767266 248 1907 14993
164944402 255 518 15030
164986893 248 1063 15038
165128399 256 678 15067
165234642 242 1461 15088
165386627 242 1392 15118
165469651 241 496 15135
165563433 249 529 15155
165679764 247 1690 15177
165689749 243 742 15179
165844804 251 24 15208
165858990 242 760 15211
165880768 248 1049 15215
165930082 240 400 15225
166128572 250 790 15266
166254234 245 445 15291
166281109 250 1847 15296
166333799 245 757 15306
166395303 251 1816 15319
166398807 253 996 15320
166481734 250 77 15336
166502346 258 1702 15340
166558469 257 1052 15351
166571250 259 430 15353
166622649 249 215 15364
166665921 256 1972 15373
166699891 244 931 15380
166706391 246 62 15381
166918473 253 1213 15424
167154819 253 140 15470
167371670 251 1517 15514
167423460 259 1334 15524
167428067 253 1703 15525
167469729 249 1892 15534
167534516 244 1824 15548
167640730 242 1515 15568
167671445 252 1523 15574
167744984 251 1522 15589
167866528 247 1568 15614
167908390 256 405 15623
167929093 250 688 15627
167980145 255 122 15637
168029255 254 48 15647
168215352 245 1714 15685
168220352 248 829 15686
168260932 247 1275 15694
168741920 240 1144 15793
168844948 249 1846 15815
168879359 250 20 15822
168989240 253 174 15842
169001856 242 1117 15845
169070564 252 1295 15859
169225363 246 1479 15891
169361582 249 507 15918
169458397 249 1929 15938
169496698 249 837 15945
169545199 249 421 15955
169684709 248 1022 15982
169802376 255 401 16004
169930511 249 904 16029
169945726 256 1113 16032
170006717 256 257 16044
170037211 240 727 16050
170090062 255 1160 16061
170100103 257 1812 16063
170332312 250 1216 16111
170365081 250 1287 16118
170386389 256 1195 16122
170433706 251 1725 16132
170518845 256 1530 16149
170531185 253 687 16152
170730916 241 551 16193
170774278 240 1758 16201
170794139 241 498 16205
170812133 249 490 16208
170852652 247 585 16216
170869237 250 477 16220
170977229 250 616 16242
170981221 243 1011 16243
171336706 246 1560 16317
171356358 244 1847 16321
171365233 255 737 16323
171634500 257 1153 16378
171677072 257 785 16386
171681508 254 1280 16387
171780001 255 1183 16407
171896559 259 352 16429
172014349 259 1627 16452
172164282 244 704 16483
172169672 258 370 16484
172241391 248 1120 16500
172298538 246 691 16512
172329083 242 177 16519
172363762 243 293 16526
172375326 258 4 16529
172543978 256 827 16564
172675837 245 703 16592
172900018 250 1417 16636
172983135 258 74 16652
173030142 240 1301 16661
173059039 255 1952 16667
173071712 243 1107 16670
173111315 254 104 16678
173189068 252 1048 16693
173203224 259 1163 16696
173212465 254 1854 16698
173296177 259 1053 16715
173386230 244 840 16734
173396279 246 1231 16736
173448784 240 964 16747
173587735 241 134 16775
173596662 244 1148 16777
173676991 242 359 16792
173685276 248 1644 16794
173704228 257 1507 16798
173793942 247 603 16814
173901321 248 1664 16836
173912329 253 1110 16838
173974991 255 1112 16851
173979839 248 637 16852
173994721 249 221 16855
174065184 255 1461 16869
174113509 240 1894 16879
174140616 246 975 16884
174409635 253 1089 16937
174604269 247 1182 16976
174613035 245 605 16978
174633163 248 463 16982
174639493 241 1570 16983
174645140 255 159 16984
174655824 243 1857 16986
174683934 242 1549 16991
174864969 244 944 17027
174948593 244 1110 17044
174959811 252 182 17046
175078665 253 1214 17069
175199330 247 1826 17094
175236959 251 469 17102
175256532 244 17 17107
175262357 257 634 17108
175307468 240 887 17116
175351344 243 423 17125
175437846 250 1462 17141
175599425 243 1185 17173
175690472 254 1494 17192
175768549 244 258 17208
175884855 243 845 17230
175902234 250 135 17234
175911734 254 931 17236
176039522 246 234 17261
176093681 242 1420 17272
176135772 258 640 17281
176171453 258 1086 17288
176243315 256 671 17303
176399988 259 20 17333
176438032 242 1287 17340
176474338 245 628 17347
176492855 249 1208 17350
176501453 251 1959 17352
176507438 248 240 17353
176562759 258 1743 17365
176580713 247 1237 17369
176686962 255 1845 17391
176801444 256 1884 17415
176848497 248 1455 17423
177129993 249 1880 17479
177191752 259 1906 17492
177373922 245 454 17528
177384479 259 256 17530
177435292 255 886 17540
177495462 242 1502 17551
177540298 250 1231 17560
177593106 246 445 17571
177617189 259 353 17576
177635553 244 685 17580
177676109 259 995 17589
177731770 248 1648 17600
177807025 248 162 17615
177856214 254 1913 17626
178002945 256 1252 17656
178083094 258 1963 17673
178250041 259 294 17706
178357608 251 1146 17729
178367139 250 1681 17731
178474455 252 1320 17753
178530959 249 749 17764
178651954 254 85 17787
178661596 259 596 17789
178755402 244 1719 17807
178809715 257 434 17818
178848039 254 1686 17826
178866516 240 766 17830
178884964 248 568 17834
178960342 255 1535 17850
179038287 250 216 17865
179125101 255 1950 17883
179130372 251 1923 17884
179297681 252 461 17918
179353971 256 1033 17928
179369530 259 6 17932
179480992 250 1476 17955
179601062 255 1194 17978
179671916 250 485 17992
179729559 259 1799 18003
179742157 251 305 18006
179812335 246 738 18021
179857502 251 1836 18030
179881288 254 1629 18034
180187876 246 146 18095
180234501 243 1714 18104
180444988 251 1444 18146
180454995 240 1972 18148
180579442 257 787 18172
180607591 253 620 18178
180631116 258 284 18183
180759515 250 331 18209
180813229 258 1147 18220
180868726 246 68 18231
181010747 254 4 18258
181082111 248 535 18273
181206761 258 790 18298
181272516 242 1948 18312
181447347 258 1739 18347
181475444 248 1596 18352
181480876 250 1981 18353
181512049 255 1158 18359
181633510 251 155 18383
181732960 252 67 18403
181783953 256 182 18413
181861007 242 1025 18430
181884948 255 1883 18435
181908002 248 1551 18440
181945861 257 1840 18446
182135100 252 1669 18484
182158944 247 1602 18488
182190223 247 690 18494
182309321 254 622 18518
182348997 250 841 18526
182406634 240 1591 18537
182439480 250 1018 18544
182467618 253 1588 18550
182488605 242 1553 18554
182513633 258 1248 18559
182580501 240 428 18573
182617813 246 645 18580
182622078 258 637 18581
182670889 249 191 18590
182824137 240 1533 18621
182843287 249 718 18625
182917676 250 928 18639
182929697 257 641 18641
182934765 259 111 18642
182984091 257 1278 18652
183217690 241 829 18697
183280498 250 196 18710
183408680 258 25 18736
183414209 240 294 18737
183620258 243 835 18780
183666540 253 347 18789
183774824 251 1908 18809
183778486 243 27 18810
183832177 254 1658 18820
183895471 256 123 18832
183941542 246 1144 18842
183969378 255 1442 18847
184050575 244 1804 18863
184189990 252 426 18893
184288084 253 1238 18912
184304058 258 198 18915
184324806 248 899 18919
184448211 253 195 18945
184452253 257 786 18946
184485571 249 1549 18952
184495023 255 1757 18954
184577363 259 1773 18970
184615509 259 1730 18977
184672403 254 442 18988
184736583 252 1329 19001
184795879 252 936 19014
184830975 242 59 19022
185016664 259 376 19058
185038417 259 1810 19063
185115130 254 333 19079
185123764 251 283 19081
185168051 249 840 19090
185185707 241 588 19093
185198860 255 1967 19096
185247893 255 732 19105
185273420 243 792 19110
185393008 242 1726 19134
185430072 258 545 19142
185450825 249 667 19146
185459466 240 76 19148
185549209 251 560 19166
185582989 251 452 19173
185593136 253 369 19175
185730696 243 800 19202
185778874 242 20 19211
185785374 254 1896 19212
185921696 240 973 19239
185949632 240 414 19245
186063714 258 1293 19268
186083353 250 1341 19272
186134782 244 1703 19281
186214449 250 390 19297
186320693 247 1331 19319
186417657 253 255 19339
186482111 254 458 19352
186599940 240 257 19376
186643198 259 1327 19384
186745228 241 976 19406
186749128 249 615 19407
186834843 249 1459 19425
186906840 255 565 19440
186927724 241 617 19445
186962943 253 1150 19452
186998731 252 935 19459
187157065 258 1392 19491
187186979 241 422 19497
187250605 246 1794 19510
187268672 258 1076 19514
187389333 255 964 19537
187463899 257 1713 19552
187560841 243 1187 19571
187593052 240 1829 19578
187619325 250 165 19584
187665251 250 1830 19594
187762117 242 815 19612
187776822 255 474 19615
187846033 247 358 19628
187851429 247 302 19629
187876531 259 685 19635
188021604 257 647 19664
188047136 259 1569 19669
188109321 244 914 19681
188135502 256 51 19686
188140531 241 224 19687
188179254 255 1287 19695
188271853 241 1187 19715
188384080 251 125 19737
188388412 258 320 19738
188393135 255 592 19739
188396548 253 952 19740
188422879 249 67 19745
188548971 245 1103 19770
188577587 256 1266 19776
188595912 243 1616 19780
188660285 257 973 19794
188852547 252 1649 19832
188986296 249 1565 19859
188990473 255 248 19860
189028075 244 857 19868
189070920 250 1824 19877
189260594 240 1682 19915
189302043 251 642 19924
189310604 243 442 19926
189331082 258 1560 19930
189336128 249 503 19931
189388014 251 601 19942
189526599 258 795 19970
