90568 199 439 4
264728 196 930 13
567127 193 281 27
1272390 190 175 62
1602448 196 960 79
2107241 180 1906 104
2381025 184 1142 118
2912243 185 386 143
3163375 180 398 156
3236102 199 460 159
4257506 185 1647 210
4736728 186 451 235
4796791 189 1161 238
4883730 191 735 242
5337007 190 1566 264
5601411 194 799 278
6672886 195 567 333
6812221 186 1967 340
7825161 191 1105 390
7846360 180 342 391
7893072 197 1110 393
7992515 191 13 398
8050184 185 664 401
8233600 182 212 410
8700275 190 1690 433
8852653 187 1555 441
9271695 195 1824 461
9780195 199 765 487
9795282 186 330 488
10154540 185 1598 506
10237395 184 234 510
10333379 189 1528 515
10352924 188 773 516
10647324 188 715 531
11189957 189 1209 558
11819205 195 860 590
11928596 192 383 595
12472548 196 720 622
12519636 190 809 624
12638025 185 1765 630
12959734 191 261 646
13129790 186 1121 655
13349480 197 1525 666
13371237 191 67 667
13597082 188 1859 678
13824110 189 663 689
14002523 182 203 698
14099276 185 1652 703
14152319 189 977 706
14363448 189 691 716
14765811 190 439 735
14938795 191 1586 744
14983085 183 581 746
15321884 188 48 763
16333150 194 1218 812
16589469 193 432 825
16850316 191 647 838
17172937 186 1724 854
18038246 185 814 896
18642035 188 1582 926
18728575 191 1681 930
18966465 190 769 942
19655042 199 106 976
19832132 185 1776 985
20106146 182 196 998
20220577 184 157 1004
21089538 198 1039 1047
21217739 180 389 1054
21334197 199 809 1060
21375060 188 208 1062
21651791 193 1142 1076
21852366 199 1141 1086
22311870 198 1105 1109
23175488 182 570 1151
23365673 199 1804 1160
23469830 193 1745 1165
23713829 192 1118 1177
23883630 189 107 1186
24008798 199 870 1192
24147536 192 272 1199
24235677 193 299 1204
24487110 190 562 1217
24967659 189 692 1242
25396707 184 705 1264
25462767 186 17 1267
25726992 196 353 1280
26652272 192 1676 1326
27101561 180 1992 1348
27474035 180 1333 1366
27981918 196 8 1392
28509258 190 514 1419
28547968 191 946 1421
28909430 183 1006 1440
29131795 183 217 1451
29459375 196 1469 1467
29816338 188 1319 1485
29875418 190 1327 1488
29978902 198 1217 1493
30021900 184 1727 1495
30083717 189 578 1498
30254903 192 1560 1507
30378656 181 1479 1514
30399521 193 231 1515
30502817 185 1185 1520
30574126 197 650 1524
30831372 188 347 1536
30887713 194 1827 1539
30932147 186 1832 1541
31149367 193 997 1551
31679085 195 1058 1577
31712573 184 380 1579
31729287 183 568 1580
32183660 187 25 1603
32259600 192 1540 1607
32389211 191 162 1614
32812982 199 1295 1636
33258820 189 715 1659
33513449 193 1796 1672
33552330 195 411 1674
33661394 191 332 1680
33961053 187 1403 1695
34092818 188 207 1702
34340870 183 812 1715
34558404 188 1346 1726
34711429 196 895 1734
34962332 186 57 1747
34985262 180 1724 1748
35026811 186 1026 1750
35131960 181 1235 1755
35215232 181 324 1759
35682834 182 1491 1783
36765121 181 1366 1838
37269170 193 448 1863
37415684 182 1623 1870
37827815 199 1898 1892
37852815 189 726 1893
38272297 191 859 1914
38360277 197 154 1918
38642583 187 1237 1932
38659811 184 492 1933
38737607 184 72 1937
39069386 187 234 1953
39365900 187 893 1968
39835306 187 954 1992
40036369 197 1311 2002
40169857 182 1676 2008
40189085 191 1592 2009
40848417 192 4 2043
41111153 186 511 2056
41326117 182 458 2066
41377788 181 1193 2069
41417485 188 1876 2071
41693314 183 442 2084
41895914 180 731 2094
41968766 192 183 2098
42192572 190 1602 2109
43061832 184 1201 2152
43339575 195 1808 2166
43402978 193 1408 2169
43769814 198 1196 2187
44040726 186 1291 2201
44077822 189 17 2203
44102822 182 459 2204
44118782 185 822 2205
44317607 186 1069 2215
44578204 197 944 2229
44787083 180 1378 2240
44861872 186 341 2244
45045415 183 431 2253
45087268 192 837 2255
45594683 187 1779 2281
45780975 183 703 2291
46298582 185 1381 2317
46382071 181 261 2321
46439559 189 151 2324
46726795 199 162 2338
47254726 193 1964 2365
47274856 198 1755 2366
47370845 189 1506 2371
47497098 192 784 2377
47797200 187 1988 2391
47895300 188 380 2396
48135334 180 1878 2409
48151716 195 277 2410
48168008 184 1109 2411
48328149 188 514 2419
48435239 182 759 2424
48454635 197 328 2425
48476868 197 451 2426
48804492 186 1425 2442
49280291 184 793 2466
49386523 192 703 2471
49578523 196 1405 2480
49804481 196 391 2491
50846643 186 782 2543
51329833 191 1297 2568
51444704 187 1843 2574
51501922 183 336 2577
52229993 183 976 2614
52349080 182 437 2620
52450207 194 1679 2625
52487738 193 180 2627
52651889 188 559 2636
52771716 183 1596 2642
52910725 185 1679 2649
53069333 180 603 2656
53559457 187 1792 2680
53782814 182 499 2691
54093807 187 731 2707
54486088 192 648 2726
54731116 195 1217 2738
55333353 181 701 2766
55426599 194 1654 2771
55713215 197 1742 2786
56444621 185 1336 2823
56520851 198 619 2827
57398020 182 331 2870
57728354 198 406 2887
57842384 193 358 2893
58018378 182 455 2902
58320279 187 1608 2917
58406278 192 542 2921
58468815 197 1206 2924
59147253 195 1350 2959
59658501 190 1530 2984
59744750 182 656 2988
60194532 197 750 3010
60710583 198 1446 3036
60748363 193 460 3038
60889871 181 1172 3045
61462032 195 917 3074
61708337 187 1384 3086
61888512 182 1826 3095
62078432 191 1590 3105
62138205 192 133 3108
62720813 189 106 3137
63132109 191 468 3158
63550556 188 552 3179
63593906 180 743 3181
63675172 185 466 3185
64270803 186 651 3215
64473949 197 962 3225
64710397 183 665 3237
64912778 184 713 3247
64960958 184 1430 3249
65070243 187 572 3255
65128725 195 838 3258
65145452 184 1011 3259
66073941 186 838 3306
66451813 188 1480 3325
66879708 190 1985 3346
66894708 188 16 3347
67865269 184 1517 3393
68104165 181 560 3405
68212270 183 1377 3410
69327199 197 755 3465
69560475 197 847 3477
69679400 180 951 3483
69946396 196 1873 3496
69964755 188 131 3497
69985074 182 1023 3498
70309747 190 383 3515
70392003 183 511 3519
70618499 190 1158 3530
70718410 198 1938 3535
70823820 184 634 3540
70958998 189 1562 3547
70981657 184 983 3548
71006657 184 1894 3549
71093627 192 200 3553
71353578 198 8 3566
71403353 194 1510 3568
71827034 183 1011 3589
72167601 190 1218 3606
72434957 186 217 3620
72622475 191 1861 3629
72680572 198 879 3632
73055806 192 1296 3651
73096009 193 1321 3653
73501442 182 207 3674
73523394 190 149 3675
73544632 185 558 3676
74082422 187 643 3702
74330705 189 526 3714
75259561 180 1594 3761
75299382 181 1351 3763
76110425 189 1284 3804
76368293 187 55 3817
76570584 184 1671 3827
77372318 190 1429 3867
77631868 181 1289 3880
78191001 180 735 3908
78376030 182 314 3917
78980975 181 655 3947
79005303 187 56 3948
79558463 192 1134 3974
79656574 192 87 3979
80477326 191 1772 4020
80904829 194 1339 4042
80928070 183 1781 4043
81225704 188 472 4058
81291310 181 101 4061
81398696 198 75 4067
81781404 183 304 4086
81989415 185 756 4097
82353706 186 719 4116
83065064 181 1344 4150
83970366 198 949 4197
84853793 189 367 4241
84992318 187 1626 4248
85647386 195 1290 4280
86061306 181 63 4301
86748943 186 1630 4336
86831132 182 427 4340
87374093 196 1956 4367
87595209 183 458 4378
87634911 182 1246 4380
87918838 189 1941 4394
88057880 197 959 4401
88366503 190 421 4416
88883438 193 261 4442
89019083 195 500 4449
89151469 198 799 4455
89248115 189 382 4460
89381679 188 1861 4467
89440422 188 1575 4470
89885352 189 24 4492
90179278 188 923 4507
91001999 199 529 4547
91022110 199 1921 4548
91228123 187 1453 4558
91299795 190 1636 4562
92242504 190 174 4611
93300195 195 344 4665
93417675 198 1413 4671
94421179 183 173 4721
94521147 191 1943 4726
94834171 199 1924 4741
96165545 197 996 4808
96264638 187 1484 4813
96329354 199 1463 4816
96928886 198 977 4845
97307238 191 1775 4864
97449247 193 1273 4871
97652675 184 905 4881
97974952 186 1481 4897
97997943 181 551 4898
98167348 197 1471 4907
98377354 182 1467 4917
98579693 193 343 4927
98868812 187 1682 4942
98948939 191 1718 4946
99003379 189 1591 4949
99090630 184 1198 4954
99231927 183 461 4961
99526815 193 800 4977
99656515 189 37 4983
99781459 184 1603 4989
100159684 183 238 5008
100420495 196 270 5021
100584066 196 727 5029
101396466 187 468 5070
101416508 199 1694 5071
101693267 185 469 5085
102247574 187 961 5113
102517534 187 1887 5126
102723117 190 644 5136
102941973 192 1802 5146
103798781 192 818 5188
104345279 188 462 5215
104583814 197 1964 5227
104619224 188 273 5229
104758308 181 1051 5236
104779493 183 1964 5237
104827969 190 223 5240
105550324 199 691 5275
105573159 187 630 5276
106332802 191 325 5315
106402065 198 1679 5318
106477128 194 1137 5322
106695085 184 1910 5333
106716094 196 1693 5334
107010745 189 1389 5349
107669789 187 157 5382
107839334 184 1985 5390
107937073 191 1348 5395
108110132 184 766 5403
108396497 194 517 5417
108533025 191 1275 5424
108688068 195 1498 5431
108722562 199 1008 5433
108860203 184 329 5440
109202554 189 52 5457
109953788 183 605 5494
109995636 187 977 5496
110232107 195 28 5508
110482912 186 1146 5521
110800036 187 450 5536
111062787 191 1598 5549
111351960 181 940 5563
111391086 184 270 5565
111493979 193 593 5570
111769829 195 699 5584
111847230 198 345 5588
112020011 184 1934 5597
112044292 184 1201 5598
112265076 197 1169 5609
112317106 198 1068 5612
112737365 194 173 5632
112780903 191 1822 5634
113012716 194 1041 5646
113198807 192 1095 5655
114638817 194 1970 5727
114750914 189 707 5732
115141579 185 49 5752
115388667 184 367 5764
115488739 193 657 5769
115658088 189 1986 5778
115720757 190 1985 5781
115825229 189 251 5786
116084088 180 1121 5799
116127839 194 1608 5801
116781912 183 1867 5833
116926396 198 276 5840
117011402 192 950 5844
117444184 190 587 5865
117542775 197 1979 5870
117867551 182 691 5886
118098392 196 181 5898
118240471 188 699 5905
118758167 185 906 5931
118816896 193 872 5934
118933348 198 1976 5940
118952132 194 1444 5941
119351712 196 866 5962
119576500 184 934 5973
119807958 184 1328 5985
119995891 180 1186 5994
120128980 190 1977 6003
120179036 192 1779 6013
120224318 187 841 6022
120529622 193 969 6083
120535025 193 707 6084
120755899 186 173 6129
120874704 196 1230 6153
120907342 181 1752 6160
121169804 182 1484 6213
121211231 187 994 6220
121298071 181 947 6238
121308771 188 229 6240
121324328 193 736 6243
121444430 181 1531 6268
121538537 190 1445 6287
121619689 193 832 6303
121625329 185 1560 6304
121673548 190 166 6313
121738580 190 140 6325
121761627 183 1402 6329
121825796 195 1294 6342
122046680 199 748 6384
122174750 199 546 6409
122213940 192 425 6417
122226987 193 1019 6420
122240464 199 883 6423
122254880 197 180 6426
122300982 198 1000 6436
122317913 182 1987 6439
122339690 189 1966 6443
122358303 198 1495 6447
122520358 198 1412 6480
122557179 188 439 6487
122632329 182 355 6503
122653175 193 941 6508
122793894 182 1601 6537
122808161 190 127 6540
123023490 187 98 6582
123033832 197 1920 6584
123078193 190 694 6593
123229139 188 142 6624
123281232 180 698 6634
123284672 198 294 6635
123307498 183 1181 6639
123348228 198 243 6647
123368573 187 1094 6651
123483699 184 1389 6673
123664957 180 742 6711
123681251 193 1362 6714
123712032 191 759 6721
123857854 187 1028 6751
123880739 192 1927 6756
123911369 194 1866 6762
123917626 195 1443 6763
124036490 181 436 6787
124110672 181 1716 6801
124175089 193 279 6815
124199866 182 1654 6820
124234424 186 427 6827
124375169 181 809 6855
124402937 192 1744 6860
124507508 191 430 6881
124598741 188 741 6900
124652556 182 1405 6911
124741140 181 1565 6930
124746612 182 1821 6931
124897871 185 238 6962
124909180 183 258 6964
124996376 199 993 6981
125148194 187 98 7011
125345324 199 912 7050
125385486 186 432 7058
125696714 186 1997 7120
125722442 190 1696 7125
125775508 197 594 7136
125812733 194 347 7144
126093130 180 26 7198
126107213 186 1697 7201
126195481 180 39 7218
126230837 196 1372 7226
126278658 180 1440 7236
126396520 199 172 7259
126450020 193 1 7269
126560725 181 598 7293
126628396 186 1393 7307
126699267 190 1928 7321
126780268 193 1126 7336
126920434 192 646 7364
126988427 187 748 7378
127076049 197 467 7395
127172793 187 1383 7413
127206401 198 1774 7420
127283802 181 1777 7435
127308748 191 1396 7440
127364833 190 260 7451
127397952 192 631 7458
127493589 191 154 7475
127528604 191 1832 7482
127553174 183 815 7487
127676550 198 1804 7512
127760908 185 534 7529
127819333 181 267 7540
128081506 180 717 7593
128134696 192 1562 7604
128384581 193 1480 7655
128390503 191 211 7656
128406915 181 1 7659
128455483 197 1835 7670
128595704 180 1285 7699
128834517 189 1044 7746
128995624 195 643 7778
129121170 190 1682 7804
129132573 189 615 7806
129359996 182 916 7851
129364455 191 1329 7852
129440200 183 462 7869
129465436 184 1137 7874
129525738 184 1395 7886
129584065 185 1400 7898
129747650 181 723 7930
129774359 189 1754 7935
129846172 181 387 7949
129984999 180 1401 7977
129990182 186 143 7978
129999950 197 1603 7980
130020659 195 1923 7984
130135691 193 55 8007
130140721 194 1598 8008
130249169 194 1265 8031
130263756 196 910 8034
130369562 189 677 8056
130374801 198 114 8057
130510613 198 1093 8085
130588861 193 1079 8101
130616148 183 817 8106
130685893 199 1373 8119
130949841 199 239 8174
131131520 196 205 8211
131213138 189 870 8227
131236485 181 37 8232
131399790 192 1987 8265
131534978 192 1134 8292
131545046 197 966 8294
131570508 194 401 8299
131783325 195 718 8343
131811080 191 598 8348
131949122 193 563 8377
132016775 181 666 8390
132096253 182 541 8405
132132888 199 698 8413
132224083 186 67 8432
132245211 181 316 8436
132324167 192 438 8451
132633141 189 695 8515
132703556 187 1167 8528
132807928 194 1373 8549
133022866 192 509 8593
133127433 188 1617 8614
133315471 181 1854 8651
133331110 180 375 8655
133385670 193 1920 8667
133538093 196 1360 8697
133605169 198 255 8711
133661712 180 1569 8722
133694876 186 260 8729
133787213 192 1366 8749
133811682 190 216 8754
133970200 195 884 8785
134330831 183 1317 8856
134335708 197 36 8857
134485740 191 1158 8888
134490807 194 1625 8889
134501290 186 715 8891
134523312 183 795 8895
134528766 198 1350 8896
134830149 196 1494 8956
135012561 189 329 8994
135021878 185 719 8996
135054440 198 1269 9003
135096711 196 985 9012
135105912 193 1341 9014
135165486 187 327 9026
135306460 194 1793 9055
135410588 186 1120 9075
135611309 191 1396 9115
135639136 196 46 9121
135670529 180 332 9127
135766930 180 49 9146
135804054 187 1237 9153
135880418 191 1824 9170
135885312 183 1234 9171
136063492 188 1778 9207
136077326 190 813 9210
136118104 195 206 9218
136342593 187 1183 9261
136351513 183 390 9263
136387914 197 385 9270
136428073 199 1852 9278
136483916 183 248 9289
136614896 199 1514 9315
136675648 199 517 9327
136724624 188 334 9337
136790002 184 1008 9351
136838508 199 253 9361
137095415 198 543 9411
137182301 180 216 9428
137221579 197 1920 9436
137407044 189 1804 9473
137411332 181 497 9474
137433780 194 1247 9479
137487122 193 1631 9490
137513318 195 1776 9495
137629134 193 1907 9517
137654208 194 304 9522
137659365 192 724 9523
137742341 192 1322 9539
137752009 182 1109 9541
137894893 194 1100 9569
137920737 181 186 9574
137958317 192 1759 9582
137985827 186 1872 9587
138057889 197 1491 9601
138094576 188 717 9608
138140810 187 1321 9617
138198424 199 1268 9628
138390317 187 1696 9667
138416473 181 1399 9672
138446307 187 60 9677
138653175 186 695 9718
138661713 190 548 9720
138752035 190 919 9739
138819205 196 116 9753
138830553 195 856 9755
138922517 185 1267 9774
139008451 198 1536 9791
139069667 190 1027 9803
139074762 184 141 9804
139117656 198 232 9813
139133725 197 1069 9816
139270682 188 500 9843
139306341 184 104 9850
139337006 194 339 9856
139388643 193 186 9866
139430525 182 1661 9874
139489353 189 1749 9886
139513113 183 1368 9891
139567480 180 628 9902
139577990 181 826 9904
139583752 193 1987 9905
139677939 182 1852 9924
139921497 190 1528 9973
140073985 196 447 10003
140092856 184 751 10007
140149513 181 149 10020
140209509 198 903 10033
140218161 186 1962 10035
140255432 199 738 10043
140553072 195 1474 10105
140714763 188 1265 10138
140770053 193 871 10149
140776266 190 303 10150
140790786 182 1353 10153
140856136 185 1445 10167
140873386 184 267 10170
141024591 188 1271 10200
141028086 189 152 10201
141068578 187 1200 10209
141084441 180 1808 10212
141188596 197 1103 10231
141424334 180 1099 10280
141524473 192 1297 10300
141616230 182 1898 10319
141703868 187 70 10336
141751854 180 190 10346
141933906 195 57 10382
141948666 187 918 10385
142076940 185 1026 10413
142124121 194 1254 10422
142166068 180 766 10431
142219860 191 1630 10442
142244620 194 611 10447
142442960 184 1356 10486
142489643 186 1079 10496
142515543 182 683 10502
142544914 183 295 10508
142561442 192 169 10511
142693081 187 813 10537
142712632 183 820 10541
142730070 180 1003 10544
142861989 189 1854 10571
142876564 180 706 10574
142894704 181 1749 10578
142900998 180 1555 10579
142987636 192 1268 10596
143079399 194 1627 10614
143348876 189 578 10668
143377201 186 357 10674
143424333 192 463 10683
143514751 198 214 10701
143577833 189 643 10713
143817581 199 171 10760
143879920 189 1137 10772
143904337 182 1117 10777
143933584 193 245 10783
144277321 199 428 10854
144372610 182 902 10873
144396899 183 55 10878
144418803 183 1178 10882
144458258 191 1367 10891
144667782 197 1329 10933
144837445 192 373 10969
144972240 187 1060 10996
144977465 190 1629 10997
145039277 193 1922 11010
145100716 196 856 11023
145121617 190 1488 11027
145169260 182 408 11036
145296164 186 720 11060
145317809 189 738 11064
145368559 188 976 11074
145399497 199 960 11080
145433409 184 1740 11087
145438848 182 1868 11088
145488671 182 208 11098
145507587 180 1544 11102
145678556 183 1166 11136
145702466 198 346 11141
145727339 191 567 11146
146005326 183 1171 11202
146040230 195 1059 11209
146247238 190 1670 11250
146353670 199 632 11271
146375154 199 90 11275
146380314 188 1832 11276
146458618 183 521 11292
146677840 182 596 11335
146813791 185 1775 11365
146828462 180 1851 11368
146858889 189 618 11374
146912528 195 955 11385
147033801 199 269 11410
147042322 186 54 11412
147137223 194 263 11430
147140879 194 283 11431
147179454 191 127 11439
147208497 189 719 11445
147219146 198 1431 11447
147291324 185 164 11461
147529027 196 1447 11509
147532357 183 1737 11510
147727155 186 1404 11551
147797700 193 1621 11566
147805681 184 362 11568
147894847 198 509 11585
147928727 185 659 11592
148075366 196 977 11623
148280574 180 784 11664
148528979 198 1173 11716
148544866 185 1381 11719
148574699 189 927 11726
148627883 194 1215 11736
148867001 195 1920 11783
148877658 192 1828 11785
148978119 181 211 11805
149145604 192 1017 11840
149217935 186 1658 11856
149236934 184 1564 11860
149252012 190 690 11863
149298718 183 399 11872
149320838 198 288 11877
149347480 180 879 11883
149352160 190 159 11884
149485636 191 566 11911
149702818 186 1617 11954
149848513 191 1989 11983
149868976 181 1998 11987
149901597 185 770 11994
149960182 194 276 12006
150020841 196 1671 12018
150193242 180 571 12053
150227618 188 1730 12060
150380812 182 408 12092
150751190 188 932 12165
150754706 198 129 12166
150860694 184 394 12187
150925177 187 1952 12200
151010647 196 351 12216
151034326 181 367 12221
151071808 182 1667 12229
151185364 192 1435 12251
151213871 194 265 12257
151220371 189 1968 12258
151249158 191 1114 12264
151503566 182 1432 12315
151509293 194 1036 12316
151536335 195 1180 12321
151610241 190 1575 12336
151712807 194 88 12356
151794391 183 1587 12373
151853390 190 1712 12385
151884458 186 1607 12393
151919274 199 1818 12400
151927426 182 1414 12402
152045670 197 132 12426
152051041 188 752 12427
152204153 183 434 12458
152226155 188 955 12462
152317761 186 965 12480
152404345 195 1973 12498
152506195 194 1335 12519
152580988 196 1415 12534
152589299 184 1484 12536
152593668 198 1733 12537
152718085 199 995 12563
152836443 186 1434 12586
152944142 197 1054 12607
152988148 181 1768 12616
153137851 199 997 12645
153310278 191 1075 12680
153323699 187 547 12683
153409413 180 1460 12701
153605279 198 1080 12741
153623308 190 1750 12745
153714808 199 721 12764
153719974 197 1432 12765
153764186 180 1876 12774
153821180 196 1278 12785
153827394 188 1469 12786
153894070 187 1241 12799
154049781 184 1310 12831
154126575 196 892 12847
154242718 184 1248 12874
154319922 197 425 12890
154324043 183 669 12891
154461165 185 614 12917
154471906 180 1039 12919
154522671 185 569 12929
154532940 189 1700 12931
154611963 189 117 12948
154753559 180 839 12978
154859883 199 1638 12999
154887012 185 408 13004
155005678 190 1849 13028
155015614 198 1137 13030
155121642 180 723 13051
155235150 188 1502 13072
155262559 180 831 13077
155321302 199 698 13089
155364040 184 265 13097
155455525 182 574 13115
155522646 193 173 13127
155583064 181 221 13138
155619081 192 640 13145
155733147 181 1337 13168
155755300 180 1049 13172
155883768 194 357 13197
156013153 191 1687 13223
156136112 191 1260 13249
156185321 188 1964 13258
156361848 182 647 13293
156413787 180 1520 13304
156632613 197 5 13349
156669756 185 500 13357
156880296 199 853 13398
156913206 198 788 13405
156953467 192 579 13413
156985237 186 946 13419
157100948 198 447 13443
157148291 190 1196 13453
157193716 182 1642 13462
157223373 190 822 13468
157233309 189 891 13470
157253155 194 519 13474
157270324 182 1955 13478
157312548 196 1708 13486
157389027 197 142 13501
157570507 199 1592 13538
157623210 192 1659 13550
157628371 192 1951 13551
157650093 182 786 13555
157716093 199 1846 13568
157761020 197 522 13577
158006593 184 207 13627
158013093 185 490 13628
158017100 199 174 13629
158095293 183 1600 13645
158123121 185 821 13651
158127003 198 1298 13652
158140718 183 1844 13655
158158721 199 1025 13659
158215982 196 1078 13671
158243943 198 1978 13677
158395524 194 668 13710
158451628 180 337 13722
158487568 188 673 13730
158820130 184 100 13796
158885433 186 551 13809
158973928 189 62 13829
159057791 187 1865 13847
159074903 187 1618 13851
159079466 198 194 13852
159119997 191 1127 13860
159190110 190 584 13874
159286150 184 427 13892
159355834 194 69 13906
159380305 192 288 13911
159524317 189 1173 13940
159590843 197 1532 13955
159651861 195 1595 13967
159873467 185 657 14010
160033546 190 292 14042
160110831 182 1605 14057
160131530 184 543 14061
160164239 180 127 14068
160185044 186 1908 14072
160226167 184 1371 14080
160437137 191 808 14123
160520904 194 800 14140
160622284 198 455 14161
160691004 192 499 14176
160776689 194 248 14193
160851848 186 1445 14207
160962879 192 668 14228
161146597 192 1374 14264
161305686 195 843 14295
161311085 198 1854 14296
161365103 195 81 14307
161385672 187 1603 14311
161529279 190 873 14340
161544401 196 423 14343
161570219 180 446 14348
161695089 196 1401 14373
161752828 192 860 14385
161758041 185 1506 14386
161827997 182 1775 14400
161836590 181 24 14402
161874635 180 416 14410
161959951 191 870 14427
162034787 182 805 14441
162157990 188 56 14466
162316932 183 514 14499
162368570 192 1418 14509
162436405 193 1535 14523
162652981 185 1335 14568
162665059 197 989 14571
162951035 185 1149 14629
162962014 196 1695 14631
162990620 196 1489 14636
163130896 187 1335 14666
163286902 196 331 14698
163378256 190 201 14717
163456291 194 1938 14733
163586895 183 886 14758
163628740 187 986 14766
163787928 198 300 14798
163844219 190 424 14809
163879477 196 1259 14816
163965380 189 226 14833
164003088 183 1315 14841
164015847 189 1444 14843
164148256 189 1160 14868
164154198 187 253 14869
164199395 188 1370 14878
164262014 195 1722 14891
164298015 198 1922 14898
164317367 192 674 14902
164445653 199 1494 14929
164458452 191 1196 14931
164468555 185 771 14933
164479206 188 1138 14935
164652654 181 1182 14969
164669806 189 840 14973
164687654 184 1487 14976
164799224 180 1874 15000
164817729 192 1472 15004
164897465 182 930 15020
165017311 185 1708 15044
165032056 184 1488 15047
165060647 182 274 15052
165241137 193 1306 15089
165305480 183 1836 15102
165405905 184 1161 15122
165418511 190 1147 15125
165464302 186 1114 15134
165884908 189 1428 15216
165955289 181 1041 15231
165997581 192 972 15239
166005546 180 1739 15241
166028641 185 1677 15246
166067658 194 1173 15254
166209081 196 446 15282
166215383 185 819 15283
166270763 197 1836 15294
166411807 199 709 15322
166446758 194 554 15329
166592174 199 44 15357
166605398 184 327 15360
166711048 183 1563 15382
166869921 183 1980 15414
166874089 187 1143 15415
166973063 192 329 15436
167052983 196 1329 15451
167209542 194 1891 15482
167220467 181 1835 15484
167330317 190 1446 15506
167339147 192 607 15508
167485079 184 682 15537
167519616 184 972 15545
167570410 192 212 15555
167818463 190 414 15605
167905516 188 600 15622
168097543 194 476 15662
168224776 189 1827 15687
168241087 184 1490 15690
168257407 191 929 15693
168277162 181 421 15697
168297412 193 1681 15701
168383248 194 455 15718
168390190 188 948 15720
168423018 187 1463 15727
168494826 191 1459 15742
168606646 193 365 15766
168620032 190 275 15769
168785021 191 178 15802
168895011 197 368 15825
168982917 183 768 15841
169042241 193 450 15853
169077064 195 243 15860
169189871 190 1966 15884
169205483 180 671 15887
169251004 187 525 15896
169355878 185 1838 15917
169429283 196 1256 15932
169441603 180 1444 15935
169468396 188 1045 15940
169473952 192 787 15941
169655684 198 1354 15977
169718524 183 1636 15988
169785347 186 242 16001
169912201 180 1683 16025
169939879 192 117 16031
170046039 194 155 16052
170138129 191 1408 16071
170152369 193 314 16074
170201402 185 1598 16084
170226389 184 1438 16089
170256905 186 1126 16096
170270549 184 240 16099
170318419 198 1334 16108
170381603 198 1532 16121
170406564 187 212 16127
170454958 188 779 16136
170494458 192 1924 16144
170606667 196 1503 16168
170751474 193 1927 16197
170948318 180 450 16236
171035953 192 1792 16254
171048123 190 1466 16257
171191461 192 1461 16287
171244980 195 1116 16298
171392478 193 857 16329
171417805 185 222 16334
171431553 190 1045 16337
171446178 196 1409 16340
171471578 199 990 16345
171581594 198 1535 16367
171820143 191 735 16414
171865864 182 1436 16423
171999258 184 807 16449
172009243 181 106 16451
172073774 192 434 16463
172095429 193 1232 16467
172140439 187 1925 16478
172174485 187 1549 16485
172191166 183 524 16489
172357262 182 1450 16525
172488925 194 233 16552
172539498 184 694 16563
172624890 194 1102 16581
172660194 195 170 16589
172711668 192 5 16599
172868154 181 985 16630
172958447 193 763 16647
173012619 185 1436 16658
173453108 191 5 16748
173608623 199 349 16779
173719210 197 1109 16801
173984099 196 1581 16853
174004648 182 692 16857
174015660 180 746 16859
174125867 186 1490 16881
174197489 183 209 16895
174222737 190 1451 16899
174420541 197 408 16939
174446409 184 791 16944
174692935 187 1760 16993
174790390 188 1391 17013
174994104 181 462 17052
175008674 186 1122 17055
175069639 184 1314 17067
175072381 184 298 17068
175135316 192 226 17081
175176834 193 147 17090
175244006 186 1718 17104
175362265 183 134 17127
175414768 185 1204 17137
175431346 195 1923 17140
175455854 194 684 17145
175471131 198 1543 17148
175482615 191 1541 17150
175493537 185 1650 17152
175625378 186 1496 17179
175715075 193 88 17197
175718999 189 153 17198
175722119 184 1256 17199
175889790 192 1943 17231
175947529 198 1169 17243
176073186 192 44 17268
176125707 197 1089 17279
176141560 181 824 17282
176179870 188 1300 17290
176287369 183 546 17311
176321091 188 1877 17318
176390102 193 1073 17331
176555467 181 941 17363
176648392 199 327 17384
176671108 184 1140 17388
176734270 184 351 17401
176853341 182 72 17424
176941386 198 1067 17442
176947886 197 1285 17443
177188291 193 4 17491
177290019 192 1509 17511
177484899 193 1458 17549
177525185 192 1081 17557
177545268 199 1710 17561
177740407 180 965 17602
177744850 185 1181 17603
177871982 196 1043 17629
177880982 184 1606 17631
177902144 197 1673 17635
177955847 198 1308 17646
178030863 193 1800 17662
178204948 197 1727 17697
178209281 191 724 17698
178305190 197 602 17718
178490380 194 1800 17756
178495235 192 1976 17757
178525854 182 31 17763
178545918 187 1426 17767
178803215 184 1888 17817
178826035 184 1963 17821
178858714 190 947 17828
178880088 196 1362 17833
179009656 185 428 17859
179074922 193 1151 17873
179094601 199 1592 17877
179186675 192 706 17896
179271226 185 1325 17913
179320395 198 70 17922
179325455 195 1299 17923
179424453 194 1910 17944
179439859 181 1842 17947
179466167 188 481 17952
179471499 195 1449 17953
179583293 191 1269 17975
179615544 186 433 17981
179657659 190 1458 17989
179662058 186 1893 17990
179667522 186 1929 17991
179874788 187 1621 18033
179949465 188 871 18047
179955729 194 47 18048
180001297 183 1744 18058
180240524 182 832 18105
180282680 187 656 18114
180346789 182 1629 18127
180398866 184 1049 18137
180405177 191 616 18138
180420218 199 1509 18141
180470448 198 1514 18151
180517204 190 805 18160
180523704 197 1875 18161
180529417 194 1086 18162
180659926 196 207 18189
180849836 197 1377 18227
180872065 199 254 18232
180986934 191 27 18254
181004247 193 750 18257
181019469 184 1650 18260
181152985 181 810 18287
181166927 185 570 18290
181171137 184 1776 18291
181197416 181 729 18296
181220214 196 167 18301
181365333 181 1587 18331
181374574 188 578 18333
181527155 180 578 18362
181547330 183 580 18366
181565522 192 1348 18370
181568915 191 624 18371
181586489 185 1775 18374
181590603 183 227 18375
181699222 197 4 18396
181999811 187 894 18457
182298901 197 785 18516
182332991 185 1677 18523
182344247 199 977 18525
182391640 185 1944 18534
182422008 196 164 18540
182484440 185 1476 18553
182498854 198 633 18556
182567668 190 1864 18570
182694059 189 1390 18594
182720617 183 260 18600
182736806 187 866 18603
182751731 187 717 18606
182788998 183 1635 18613
182796449 195 1955 18615
182816103 191 345 18619
182912797 195 489 18638
183007294 188 1943 18656
183032939 182 1091 18661
183037791 184 758 18662
183136059 192 365 18681
183182446 192 1149 18690
183186999 182 1436 18691
183318101 198 564 18718
183366929 180 1178 18728
183444761 190 1665 18743
183449698 197 92 18744
183464336 188 639 18747
183605316 190 551 18777
183626758 187 1821 18781
183677933 185 1457 18791
183693753 196 1294 18794
183714637 190 968 18798
183794713 181 409 18813
183848244 189 690 18823
183871006 195 1265 18827
183938561 188 1348 18841
183991587 196 674 18851
184011377 186 1716 18855
184150120 182 609 18885
184155613 192 1788 18886
184186079 197 33 18892
184339299 190 1140 18922
184345383 184 268 18923
184361639 198 319 18927
184413391 184 583 18937
184594810 192 928 18973
184642501 196 716 18982
184704338 180 356 18994
184801031 185 1155 19015
184927545 193 1686 19041
184963684 186 761 19048
185085314 191 642 19072
185102365 195 341 19076
185106040 188 937 19077
185119032 190 753 19080
185287441 191 57 19113
185316101 180 345 19119
185348518 186 358 19125
185425613 183 1585 19141
185440970 187 406 19144
185623993 196 831 19181
185668411 193 1529 19190
185673133 181 192 19191
185799164 182 1278 19215
185936187 183 1509 19242
186166558 180 726 19287
186296469 198 1093 19313
186311462 197 342 19317
186428646 180 1818 19341
186461355 180 1367 19348
186466263 185 409 19349
186680219 190 1511 19392
186715369 181 1360 19400
186753936 183 183 19408
186896604 180 1101 19438
187162886 189 1133 19492
187230251 180 765 19506
187284286 193 1347 19517
187400131 180 374 19539
187439822 195 1465 19547
187479275 192 1582 19555
187493914 185 1132 19558
187519827 194 286 19563
187536178 180 1297 19566
187579040 181 185 19575
187582513 184 736 19576
187678856 181 1919 19597
187688975 182 1237 19599
187919295 196 1711 19644
187974850 196 1380 19654
188062627 183 1312 19672
188097855 193 1189 19679
188197596 199 1688 19699
188240530 194 745 19709
188346232 184 1422 19729
188350130 182 1678 19730
188354340 180 1195 19731
188363850 191 110 19733
188437921 188 657 19748
188515806 181 1450 19764
188605698 187 294 19782
188629690 196 1970 19787
188783666 187 1903 19819
188841338 186 1533 19830
188857748 193 1598 19833
188866862 191 1572 19835
188903620 188 1556 19842
189022825 193 1548 19867
189058576 185 1166 19874
189196306 182 796 19903
189515177 195 45 19968
189521677 181 572 19969
189667654 187 1469 19999
