209775 26 61 10
479154 34 725 23
791779 37 751 39
1330782 36 1948 65
1529874 35 341 75
2264018 28 1750 112
2315890 37 811 115
2781893 29 1778 137
2891712 39 1477 142
3443263 32 315 169
3464603 24 1495 170
3730016 20 732 183
3790882 36 191 186
3809986 25 98 187
3830504 27 1747 188
4594744 22 288 228
4922251 32 697 244
5190849 39 1202 257
5373369 39 1601 266
5565760 27 1887 276
5708191 36 848 283
5947482 29 1560 296
6064637 21 1774 302
6180183 25 1030 308
6586588 27 280 329
7072963 24 961 353
7401661 20 1582 370
7423565 21 449 371
7575231 35 1108 378
7952515 22 1828 396
8601984 36 773 428
8715536 23 1464 434
9051981 36 817 451
9161884 37 1056 456
9249026 28 362 460
9290604 23 1275 462
9310672 22 1533 463
9433857 37 1608 469
9545681 33 1567 475
10032848 34 113 500
10213937 33 1254 509
10469117 27 651 522
10892857 39 6 543
10990665 34 637 548
11229039 33 735 560
11264611 28 598 562
11345836 23 756 566
11515816 30 384 575
11698771 37 454 584
11716522 32 1832 585
12163073 38 1649 607
12220019 24 1135 610
12241336 28 1801 611
12573021 21 305 627
13039722 22 1514 650
13327516 22 466 665
13468309 21 370 672
14057436 34 1662 701
14562571 39 1250 726
15163872 33 494 755
15337315 36 13 764
15639857 32 1660 778
16235546 29 1689 807
16397934 22 1572 815
17442884 37 674 867
17790072 26 1332 884
17936922 34 737 891
17975218 37 1241 893
19159905 32 600 951
19554308 20 1022 971
20086865 21 705 997
20761725 30 705 1031
21491361 29 1689 1068
22420811 36 1138 1115
22486201 20 204 1118
23580896 30 1974 1170
23967484 39 1083 1190
24218237 28 750 1203
24306959 30 872 1208
24467408 25 422 1216
24606388 26 341 1223
24863607 38 368 1237
24879887 37 279 1238
25138207 36 942 1251
25170232 39 667 1253
25541026 28 1332 1271
26433250 29 1590 1315
26456617 24 1650 1316
26793602 28 1986 1333
26924518 26 1389 1339
27246570 28 153 1355
27331806 21 718 1359
27454332 36 176 1365
27530682 28 1961 1369
27707480 30 1513 1378
27920965 20 1329 1389
28406998 27 1605 1414
28739474 35 718 1431
28776394 39 1701 1433
28812988 23 161 1435
28887154 23 562 1439
29028493 30 1627 1446
30327310 39 1217 1511
30771385 38 1381 1533
31108201 34 861 1549
31696427 26 1724 1578
31771256 27 649 1582
32161015 34 840 1602
32500182 37 39 1620
32929458 36 3 1642
32988611 30 1551 1645
33701181 32 726 1682
33824912 24 609 1688
34015865 24 264 1698
34505666 35 386 1723
34638757 26 927 1730
35771751 23 377 1788
35894921 34 531 1794
35939039 32 1274 1796
35972609 31 655 1798
36267666 22 602 1813
36366779 39 1013 1818
36725427 25 1749 1836
36827943 29 1417 1841
36848320 31 16 1842
37093812 36 590 1854
37148419 21 1629 1857
37511856 35 781 1875
37626167 20 1361 1881
37768517 38 708 1889
37893045 38 454 1895
37930957 22 290 1897
38545352 34 277 1927
38564711 24 1963 1928
38884478 32 1975 1944
38994350 28 552 1949
39035043 32 3 1951
39163593 38 501 1958
39305404 30 1774 1965
39672550 39 907 1984
40651363 21 202 2033
40808238 23 1038 2041
41032517 29 186 2052
41282940 25 1733 2064
41457600 22 565 2073
42441359 32 1614 2122
42638419 25 443 2132
43545367 34 375 2176
43750082 25 802 2186
44635078 34 609 2232
45068549 38 687 2254
45449161 25 836 2274
46178960 26 1920 2311
46320198 24 793 2318
46571591 23 1450 2330
46745311 28 499 2339
46974148 22 1374 2351
47292598 24 1344 2367
47835422 24 415 2393
47856377 37 401 2394
47952845 21 785 2399
48763220 27 1463 2440
49866859 34 1592 2494
50765819 23 344 2539
51639718 32 234 2584
51842016 28 1481 2595
52086512 38 1666 2607
52214047 30 256 2613
52249077 22 657 2615
52325742 35 1091 2619
52411725 22 903 2623
52503213 30 1226 2628
52934021 25 704 2650
53525139 20 93 2678
53975360 29 984 2701
54050451 25 1768 2705
55350372 21 1776 2767
56001567 36 1330 2801
56021199 38 694 2802
56344376 36 13 2818
56386380 20 1820 2820
56956305 32 222 2849
57572752 36 1804 2879
57670655 25 875 2884
58116840 36 1387 2907
58601969 37 1221 2931
58700159 30 1566 2936
58763248 27 1806 2939
58837700 26 655 2943
59132253 36 1283 2958
59212806 31 1923 2962
59797539 30 1484 2991
60510518 23 352 3026
61497660 33 991 3076
61769020 23 1311 3089
61811901 25 1187 3091
62003566 36 110 3101
62057690 38 1879 3104
62195110 35 1111 3111
62335788 34 503 3118
62568509 23 1921 3130
62946064 36 1385 3148
63389072 32 395 3171
63855937 30 478 3194
64729418 26 1178 3238
64766749 22 529 3240
65162400 30 817 3260
65230547 33 638 3263
65554923 28 1888 3279
65611610 39 1218 3282
65682917 28 619 3286
65700228 20 1789 3287
65958290 28 990 3300
65978970 37 1639 3301
66331543 28 52 3319
67197243 30 1808 3361
67321595 22 161 3367
67534044 26 1271 3377
67783218 21 728 3389
68164274 37 1309 3408
68431058 37 897 3421
68531341 32 23 3426
68696694 30 1084 3434
68733640 25 1118 3436
69105327 35 1662 3454
69436020 22 746 3471
69458869 28 974 3472
69479883 22 701 3473
70002792 35 270 3499
70097061 31 485 3504
70206793 22 1630 3510
70249341 36 1763 3512
70478032 32 137 3523
70598463 29 534 3529
71514267 38 1673 3573
71754932 25 48 3585
71986767 34 487 3597
72794967 39 766 3638
73274499 34 1029 3662
73308323 39 147 3664
73348120 36 1373 3666
73419278 25 24 3670
73479122 36 1813 3673
74761931 35 1247 3736
75340863 32 502 3765
75384926 26 801 3767
75399926 20 280 3768
75419212 32 1604 3769
75590002 27 266 3778
75890556 34 1827 3793
75989915 37 1613 3798
76072846 36 1496 3802
76188797 35 1528 3808
76261745 28 1746 3812
76879432 20 821 3843
77031960 28 962 3850
77454665 38 1252 3871
77917488 30 1053 3895
78328050 29 484 3915
78616975 23 449 3929
78641507 38 291 3930
78702366 30 230 3933
79373384 25 769 3966
79511377 24 437 3972
79679542 25 34 3980
79956685 35 1285 3994
80965707 35 226 4045
81141852 31 496 4054
81760783 24 399 4085
81835358 37 1871 4089
82165705 26 901 4106
82375866 33 636 4117
82749927 27 1417 4135
82940583 22 1717 4144
82976533 26 116 4146
82996928 30 1479 4147
83102830 24 38 4152
83144746 30 316 4154
83329866 33 643 4164
83643904 34 820 4180
83699103 26 966 4183
83813452 29 938 4189
84012276 21 1778 4199
84077031 21 1936 4202
84178280 25 829 4207
84214219 23 1297 4209
84372847 23 696 4217
84566282 28 1944 4227
84830150 32 597 4240
85050194 37 356 4251
85307525 31 370 4263
85964031 32 1008 4296
86339985 22 1246 4315
86659045 22 231 4331
87025988 25 376 4350
87131580 23 175 4355
87456687 31 1239 4371
87729665 38 534 4385
87763937 33 784 4387
88528946 33 1451 4424
88794949 26 1357 4438
88982020 21 1951 4447
89320859 33 760 4464
89400686 21 1737 4468
89785301 35 203 4487
90219999 22 1958 4509
90236705 34 605 4510
91169753 37 904 4555
91524261 34 1900 4573
91639049 22 1351 4579
91654976 37 1702 4580
91805241 26 309 4588
92162263 39 1228 4607
92417897 25 1715 4620
92620870 30 1929 4630
93160172 29 822 4658
93255073 38 767 4663
93481184 24 1441 4674
93821139 29 1994 4691
93926171 30 1446 4696
94053916 23 1453 4703
94131901 22 655 4707
94294274 34 493 4715
94378419 26 303 4719
94698500 26 1334 4734
94819171 22 1478 4740
94979028 20 1628 4749
95014563 23 506 4751
95827889 21 592 4791
95953162 27 688 4797
96243729 34 1358 4812
96286439 20 425 4814
96578541 21 1715 4828
96805072 38 1597 4839
97916489 22 935 4894
98269761 30 680 4912
98562213 32 1060 4926
98636550 35 1634 4930
98657260 35 1538 4931
98777590 26 1909 4937
99175797 21 1360 4958
99276006 24 557 4963
99311671 34 676 4965
99611368 27 1588 4981
100192455 32 1296 5010
100230968 37 1383 5012
100934637 36 648 5046
101906678 34 145 5096
102311472 28 1119 5116
102613550 32 1059 5131
102700435 29 561 5135
103373428 38 1092 5167
103881345 32 700 5192
103964116 23 59 5196
104520363 24 119 5224
104719501 32 1109 5234
105153347 37 164 5256
105357421 36 1565 5266
105401441 37 684 5268
105466191 36 463 5271
106929557 21 467 5345
107067275 29 265 5352
107090472 39 1171 5353
107431495 21 1650 5370
107633884 27 1177 5380
107712755 26 439 5384
107961375 35 601 5396
108277108 29 1504 5411
108338235 32 177 5414
108511782 28 1866 5423
109083625 22 688 5451
109356701 39 1925 5465
109833673 29 535 5488
110052907 25 1206 5499
110092314 34 723 5501
110273415 21 1443 5510
110429674 21 1488 5518
111009536 38 82 5546
111192933 28 1061 5555
111315688 20 1350 5561
111429580 23 1363 5567
111647621 38 1943 5578
112489544 20 369 5620
112549752 32 159 5623
112573358 33 1815 5624
112913313 32 1697 5641
112991758 20 363 5645
114319319 36 1961 5711
114360866 24 1101 5713
114909523 30 881 5740
115245196 29 279 5757
115326726 28 1165 5761
115509338 34 516 5770
116031287 22 922 5796
116273143 31 1048 5808
116350501 28 781 5812
116387017 36 1058 5814
116533692 35 1464 5821
116802276 21 656 5834
116967457 33 1940 5842
117029686 35 1609 5845
117096478 25 1070 5848
117179707 30 1346 5852
117843671 27 828 5885
117936872 21 1013 5890
117961586 28 310 5891
118314859 30 1510 5909
118634591 38 1508 5925
118673594 27 96 5927
118854881 34 1214 5936
118894983 38 724 5938
119598078 28 1678 5974
119615882 25 775 5975
119748051 35 1669 5982
119977775 36 1717 5993
120031648 31 1258 5996
120073324 22 1446 5998
120262415 34 384 6029
120314386 37 759 6039
120322512 38 714 6041
120330729 39 1643 6043
120643147 32 1682 6105
120853352 25 1839 6149
120955241 33 1961 6169
121049648 27 635 6189
121291571 31 1457 6237
121333817 28 400 6245
121360288 34 1025 6251
121469438 34 1127 6273
121474006 31 501 6274
121527621 21 487 6285
121577163 20 555 6295
121583027 36 599 6296
121631340 36 1074 6305
121716611 26 1230 6321
122001834 25 581 6375
122312284 28 25 6438
122497937 37 1722 6476
122609669 20 1235 6498
122636176 38 1668 6504
122684163 31 1860 6515
122727440 38 1256 6523
122760240 24 653 6530
122783424 28 1050 6535
122925207 26 1952 6562
122929407 34 1840 6563
123005143 24 996 6578
123492646 29 238 6675
123579530 39 1018 6693
123595465 28 829 6697
123661358 30 1347 6710
123699251 23 967 6718
123717170 30 1181 6722
123791585 32 1589 6736
123947049 35 1807 6769
123972703 33 1245 6774
123993277 32 808 6778
124093711 20 1329 6798
124254671 34 14 6831
124391548 26 1837 6858
124418485 33 508 6863
124456333 37 49 6871
124469468 28 848 6874
124480206 27 1620 6876
124496120 25 497 6879
124580484 32 503 6896
124632160 24 831 6907
124852581 24 1342 6953
124861412 23 637 6955
124987497 26 624 6979
124999640 30 138 6982
125099874 37 229 7001
125210514 32 1552 7023
125214418 32 755 7024
125316278 36 1664 7044
125360667 24 479 7053
125405608 34 94 7062
125441842 33 27 7069
125464165 31 1822 7073
125485727 25 1536 7078
125496007 35 1789 7080
125591989 24 1924 7099
125630204 21 829 7106
125663767 31 1023 7113
125701502 26 1552 7121
125732341 21 1279 7127
125779797 25 815 7137
125868356 32 182 7155
125973736 39 728 7175
125990623 21 1908 7178
126033174 23 393 7187
126071171 38 278 7194
126147731 36 1912 7209
126237337 39 1844 7227
126272158 36 1203 7235
126310284 38 185 7242
126359362 39 281 7252
126523689 39 1212 7285
126545638 39 1342 7290
126633482 32 621 7308
126725028 34 1861 7326
126821383 32 524 7344
126855857 35 58 7351
126872361 25 1040 7354
126958268 24 36 7371
127061125 33 248 7392
127065447 23 1272 7393
127448071 25 437 7467
127471900 28 909 7471
127488216 33 1780 7474
127548187 21 1034 7486
127567918 30 363 7490
127624703 24 1799 7501
127635102 35 1561 7503
127639877 20 1219 7504
127700169 28 1904 7517
127705780 22 471 7518
127959916 36 28 7569
128035084 27 1394 7584
128144386 37 336 7606
128151789 25 430 7608
128173481 20 544 7612
128200923 26 44 7618
128211548 39 1221 7620
128252650 38 539 7628
128479861 24 1816 7675
128664298 37 726 7713
128685801 26 804 7717
128691231 21 402 7718
128719554 20 343 7724
128872806 35 1268 7754
129049449 29 439 7790
129139998 27 997 7808
129144921 39 1904 7809
129217417 25 1967 7823
129292058 23 330 7838
129323881 24 796 7844
129428183 39 1827 7865
129432240 33 1773 7867
129488911 20 1505 7879
129688498 21 146 7918
129821007 30 103 7944
129832058 31 278 7946
129895345 34 656 7959
129957246 32 1840 7971
130005374 35 1570 7981
130015443 33 1360 7983
130240369 28 1876 8029
130258607 29 1058 8033
130325586 27 1203 8047
130505490 20 772 8084
130710523 34 669 8124
130791877 21 909 8141
130954616 26 468 8175
130963813 31 1728 8177
130989849 25 1644 8182
130994995 38 329 8183
131012530 24 1063 8186
131260765 33 439 8236
131281337 21 1263 8241
131301530 37 919 8245
131360829 22 1710 8258
131523812 25 709 8290
131529372 31 680 8291
131565808 21 225 8298
131574204 31 742 8300
131677449 20 632 8321
131687536 20 762 8323
131725737 39 1107 8331
131767598 28 1300 8340
131859117 31 1859 8357
131888866 24 1103 8364
132010970 38 465 8389
132049395 33 396 8396
132114602 25 1057 8409
132303638 22 1526 8447
132338138 34 1268 8454
132440676 26 375 8475
132449508 33 1093 8477
132472650 27 1350 8483
132545399 22 26 8497
132572339 39 682 8502
132921348 39 621 8571
133065747 33 94 8603
133094074 35 769 8608
133110453 20 1367 8611
133224935 37 1979 8633
133279709 21 1039 8643
133339812 38 255 8657
133407524 34 227 8671
133546216 29 1378 8699
133552303 36 1125 8700
133640654 36 1573 8718
133652681 37 864 8720
133762998 31 1286 8744
133835571 35 785 8758
133886875 35 1019 8768
133904008 39 1747 8772
133974707 22 1955 8786
134080338 32 734 8807
134168044 34 1616 8824
134179610 23 363 8826
134219089 23 475 8834
134300232 33 1880 8850
134402233 35 183 8871
134418123 20 928 8874
134445699 38 1309 8880
134517584 33 643 8894
134608437 22 1114 8912
134692340 24 246 8928
134717885 23 1034 8933
134740540 25 1597 8938
134782168 26 1358 8946
134816422 27 165 8953
134869173 25 179 8964
134910974 22 537 8973
134922062 30 1814 8975
134932612 39 304 8977
135100569 33 1568 9013
135137306 26 1840 9020
135236690 27 43 9041
135387160 34 1909 9070
135477148 29 1819 9088
135702108 23 40 9133
135896851 39 969 9173
135934567 33 277 9181
136026354 27 1332 9200
136046768 20 1421 9204
136067666 24 1073 9208
136072549 33 1460 9209
136245397 33 1505 9242
136300652 28 1981 9253
136331128 22 1475 9259
136585620 37 261 9309
136737108 36 1552 9340
136773612 21 1861 9347
136797992 26 91 9353
136834414 28 1155 9360
136864108 26 1974 9366
136906164 35 1596 9374
136985866 30 1882 9389
137132247 23 50 9418
137137933 21 331 9419
137350101 35 1019 9461
137429342 38 1313 9478
137474122 38 367 9487
137483199 27 1027 9489
137492860 35 1638 9491
137535126 30 1130 9499
137663799 38 1580 9524
137673858 28 526 9526
137757207 31 814 9542
137809997 25 1562 9553
137840113 26 677 9559
137871455 22 1096 9565
137974722 24 1067 9585
138000330 20 81 9590
138032892 24 684 9596
138045959 26 872 9599
138132846 37 1297 9615
138181321 36 1983 9625
138193296 22 1752 9627
138378920 29 579 9665
138396177 24 61 9668
138451187 22 662 9678
138516726 34 1857 9691
138542241 28 1446 9696
138604194 37 76 9708
138615278 20 676 9710
138717074 24 669 9732
138781794 28 877 9745
138825705 35 1007 9754
138912455 29 35 9772
138917966 23 1502 9773
139024945 38 1157 9794
139029911 29 713 9795
139047960 39 1660 9799
139137369 26 346 9817
139142797 37 1343 9818
139151949 31 455 9820
139169969 32 1859 9824
139186018 39 706 9827
139382261 30 88 9865
139553367 38 1544 9899
139648568 35 1271 9918
139812195 34 555 9950
139840058 39 530 9957
139903172 37 417 9969
140068780 37 1464 10002
140229122 24 575 10037
140386515 39 342 10070
140520383 39 430 10098
140526303 30 1338 10099
140530853 33 951 10100
140541318 30 1872 10102
140798789 27 303 10155
140912394 33 520 10178
141247807 25 306 10243
141276590 31 1273 10249
141393888 20 436 10274
141410343 34 1102 10277
141484325 30 1400 10292
141601328 28 1041 10316
141859681 31 675 10367
141987379 23 1797 10393
142071998 28 1820 10412
142101694 32 1410 10418
142144988 38 271 10427
142234410 38 947 10445
142306348 39 728 10460
142328801 39 1763 10464
142395424 36 1777 10477
142416022 38 1952 10481
142426364 30 1906 10483
142459423 33 1253 10489
142608256 20 581 10521
142635648 24 739 10526
142755283 26 975 10549
142805630 32 1781 10559
142857786 31 1978 10570
142957251 28 542 10590
142998193 34 702 10598
143004114 35 645 10599
143055151 32 587 10609
143229753 32 1033 10645
143249077 34 440 10650
143255191 28 474 10651
143320985 29 1875 10663
143387205 30 83 10676
143397233 36 1147 10678
143487754 32 1778 10695
143720269 20 1165 10740
143732988 38 50 10743
143760685 20 1755 10749
143791030 28 1888 10755
144084960 33 532 10815
144226421 20 59 10843
144239963 31 385 10846
144367553 22 1334 10872
144376861 21 780 10874
144432664 35 750 10885
144449449 38 534 10889
144500067 21 54 10899
144504292 34 351 10900
144581162 27 1841 10915
144683917 23 275 10937
144724167 31 766 10945
144729674 20 671 10946
144808857 33 1888 10963
144854886 39 1976 10973
144878235 38 493 10977
144895594 34 1046 10981
144988393 38 1438 10999
145147087 32 1183 11032
145412022 26 651 11083
145483981 35 1817 11097
145503147 38 436 11101
145511517 27 1968 11103
145554925 24 272 11111
145657395 25 713 11132
145694721 30 1010 11139
145878770 27 869 11177
145923466 39 1480 11186
145955178 23 1021 11192
146008791 35 1240 11203
146070125 33 1101 11215
146132778 26 790 11227
146164666 33 106 11233
146199354 22 729 11240
146213669 27 1609 11243
146237330 29 1374 11248
146242827 39 52 11249
146302252 27 264 11261
146339706 27 1162 11268
146397195 39 339 11279
146449299 24 866 11290
146472142 24 1561 11295
146511448 31 416 11302
146561205 31 1905 11312
146695063 39 934 11339
146706911 23 1681 11342
146779044 32 1847 11358
146817929 27 1007 11366
146823553 33 638 11367
146871135 26 834 11376
146895056 25 1198 11381
146929219 39 1904 11389
147328152 35 214 11468
147349785 27 1141 11472
147400967 36 1908 11483
147413474 37 940 11485
147426731 39 82 11488
147471198 37 1596 11497
147492450 36 1494 11501
147510550 36 575 11505
147523366 22 1545 11508
147538735 27 638 11511
147643710 32 1543 11534
147660057 33 1345 11537
147675239 30 824 11540
147707533 25 1493 11547
147740795 26 1080 11554
147839816 26 408 11574
147990299 22 72 11604
148012954 32 1910 11609
148258784 29 1668 11660
148301890 27 842 11669
148434291 24 1145 11696
148780111 29 1775 11766
148830914 23 244 11776
148943835 35 806 11798
149027231 33 1729 11815
149070714 39 762 11824
149174889 20 1184 11846
149183745 33 249 11848
149240017 20 1820 11861
149256508 25 1337 11864
149493958 20 1064 11913
149569150 38 1035 11927
149642177 23 659 11942
149659731 29 554 11946
149892882 32 1940 11992
149896532 31 812 11993
150024605 37 203 12019
150087818 29 1019 12032
150129728 22 707 12041
150343551 29 468 12084
150349354 39 718 12085
150370406 24 1295 12090
150433670 35 1910 12103
150557546 34 1688 12128
150830365 27 1944 12180
150865838 37 1505 12188
150945432 22 1193 12204
150974279 38 145 12209
150985829 38 754 12211
150991003 24 194 12212
151078114 31 834 12230
151087723 36 206 12232
151109561 37 1642 12236
151285663 32 1540 12271
151327133 30 1629 12279
151414450 37 1538 12297
151446785 22 798 12303
151474988 34 1773 12309
151484051 34 976 12311
151530767 23 1585 12320
151546887 27 1081 12323
151615751 28 108 12337
151726666 28 1815 12359
151738254 24 830 12361
151813524 24 681 12377
151867910 39 265 12389
151915009 27 1874 12399
151953347 38 1190 12407
152040585 32 1265 12425
152065948 29 1711 12430
152107161 36 1197 12438
152278146 34 1776 12472
152287993 26 959 12474
152422555 23 850 12502
152565831 29 516 12531
152631652 35 1214 12545
152646594 29 1280 12548
152691251 22 1410 12557
152723787 33 1227 12564
152787870 29 1305 12577
152810808 32 220 12581
152912424 22 361 12600
152982954 37 297 12615
153178957 30 994 12654
153276424 21 234 12673
153288257 27 1643 12675
153301188 39 1173 12678
153399485 24 1122 12699
153439348 37 1981 12707
153450045 23 421 12709
153633775 35 1629 12747
153644176 33 1526 12749
153657891 25 392 12752
153669321 26 1649 12754
153691211 38 770 12759
153724163 34 942 12766
153779707 28 701 12777
153940238 32 1185 12808
153979220 28 316 12816
154006282 26 1939 12822
154139516 39 1042 12851
154170098 33 334 12858
154177992 32 1931 12860
154272718 21 119 12880
154346754 20 441 12895
154376696 25 1922 12901
154391127 24 908 12904
154495553 30 245 12924
154542161 22 567 12933
154621033 25 1529 12950
154653178 38 516 12957
154667269 36 81 12960
154689189 23 876 12964
154712408 33 1300 12969
154750215 28 1661 12977
154816359 21 1899 12990
154825119 30 731 12992
154881344 24 437 13003
154907296 20 422 13008
155087360 24 1444 13044
155110667 27 371 13049
155130720 21 1377 13053
155160262 36 1953 13058
155415890 33 71 13108
155432667 20 1514 13111
155642837 32 1734 13150
155742391 28 1282 13170
155788218 34 1363 13179
155830988 26 973 13187
156032014 31 426 13227
156130981 33 1524 13248
156200453 31 590 13261
156306270 21 773 13283
156316604 39 471 13285
156322935 37 38 13286
156383649 29 1274 13298
156496040 26 390 13320
156564834 32 1285 13335
156884982 29 1397 13399
156909651 32 277 13404
156958077 36 1599 13414
157213961 37 40 13466
157250878 20 1874 13473
157297886 24 1102 13483
157544819 23 1806 13533
157824444 24 19 13589
157888478 32 962 13603
157900080 22 1319 13605
157922222 27 1795 13609
157931720 31 1211 13611
157997396 33 749 13625
158028004 33 1471 13632
158256236 31 313 13680
158445895 36 1618 13721
158788408 36 559 13790
158851415 20 1091 13802
158891218 30 1089 13810
158918309 29 229 13817
158927323 27 144 13819
159046649 32 1643 13845
159185910 35 1671 13873
159233941 21 1626 13882
159271493 24 1214 13889
159302841 28 149 13896
159438454 37 38 13922
159519793 20 646 13939
159558023 30 1775 13948
159567994 24 1867 13950
159897499 29 611 14014
159975233 29 623 14030
160115932 30 1657 14058
160268573 39 1603 14089
160381436 37 1547 14112
160441598 26 381 14124
160489190 38 1376 14133
160705725 26 1794 14179
160725849 23 1928 14183
160799128 25 366 14197
160880675 38 845 14212
160983564 30 1819 14232
161137350 30 1128 14262
161190680 36 685 14273
161226243 20 48 14279
161283729 32 1284 14291
161460167 23 538 14326
161519377 33 449 14338
161538752 29 1974 14342
161586133 26 497 14351
161649748 22 1237 14364
161894964 27 216 14414
162052568 35 1257 14445
162090044 26 1213 14453
162114353 27 1222 14458
162151490 22 703 14465
162168005 31 912 14468
162364936 37 973 14508
162400565 36 129 14516
162505536 21 1711 14537
162602702 32 674 14558
162661850 27 1652 14570
162716364 30 464 14581
162742621 21 1245 14586
162793789 39 1317 14597
162886110 24 1364 14615
162973888 32 1617 14633
163044230 22 1510 14647
163067853 36 617 14652
163208036 21 1846 14682
163212447 24 1448 14683
163241138 36 1467 14689
163331823 26 163 14708
163499060 37 209 14741
163536597 24 102 14748
163568943 38 1723 14755
163591699 39 450 14759
163609450 30 766 14762
163658168 31 1752 14772
163693089 26 1832 14779
163771152 23 558 14795
163863626 30 727 14813
163936716 29 1428 14827
163991379 35 522 14839
164136093 29 1560 14866
164356457 31 1083 14910
164424457 39 1439 14925
164520377 21 1166 14943
164551394 27 890 14949
164570307 28 416 14953
164621797 21 774 14963
164809190 25 682 15002
164845047 26 1114 15009
164857339 29 295 15012
164867451 23 1434 15014
164926712 25 1434 15026
165006993 27 489 15042
165012449 21 120 15043
165027272 20 217 15046
165123907 39 1094 15066
165357055 27 1555 15112
165370532 27 168 15115
165458529 28 711 15133
165492078 36 889 15140
165535622 26 872 15149
165558420 22 1004 15154
165670222 37 1298 15175
165751009 30 1285 15191
165827041 39 941 15205
165899223 30 597 15219
165960838 24 438 15232
166052647 25 1411 15251
166078354 34 474 15256
166088021 28 284 15258
166101264 35 706 15261
166147018 28 699 15270
166170968 20 1007 15275
166236891 24 550 15287
166313877 22 935 15302
166382303 33 1835 15317
166460995 29 599 15332
166518900 32 1113 15343
166609061 38 149 15361
166721689 26 1268 15384
166735681 31 85 15387
166783311 22 758 15396
166895078 26 207 15419
166904502 37 1103 15421
166926601 24 560 15426
166985625 37 835 15438
167086986 26 1205 15457
167096468 38 1667 15459
167109841 29 739 15462
167121264 35 1014 15464
167127171 24 552 15465
167190777 20 1003 15478
167225006 30 1324 15485
167325685 25 654 15505
167334400 38 1522 15507
167441169 32 1204 15528
167524054 20 372 15546
167647230 38 288 15569
167650523 26 654 15570
167699394 22 1703 15579
167738040 39 1835 15587
167761852 34 1116 15592
167791559 24 1553 15599
167839727 35 1768 15609
167879683 37 683 15617
167889088 33 1423 15619
167899562 26 846 15621
168060994 21 974 15654
168084353 30 1464 15659
168090022 34 1219 15660
168102434 37 1274 15663
168379410 24 1379 15717
168427668 26 1131 15728
168443251 27 1756 15731
168505271 38 1282 15744
168547731 23 456 15753
168632876 22 1650 15772
168696091 31 393 15784
168712417 35 1909 15787
168775330 28 1696 15800
168829674 31 1280 15812
168939054 30 429 15833
168998136 32 384 15844
169024805 25 1313 15850
169140219 21 162 15873
169194578 34 586 15885
169404204 21 1407 15927
169433658 27 1400 15933
169540585 23 89 15954
169673197 39 228 15980
169763971 36 892 15997
169831855 38 1645 16009
169885345 32 1797 16020
169975892 23 407 16038
169995180 32 1393 16042
170276620 28 141 16100
170356762 23 998 16116
170403687 31 822 16126
170443665 35 1016 16134
170499336 32 1205 16145
170539824 21 1313 16154
170784180 32 1307 16203
170806319 36 381 16207
171360301 29 1498 16322
171502502 34 1849 16351
171517788 20 1996 16354
171532586 24 1064 16357
171561453 36 1819 16363
171576989 34 833 16366
171604761 28 1683 16372
171608112 32 936 16373
171744284 25 1852 16399
171764240 37 939 16403
171768801 21 1194 16404
171825166 24 390 16415
171885241 28 879 16427
171902528 36 534 16430
171969943 38 1915 16443
172107632 21 1001 16470
172115773 38 308 16472
172129373 34 304 16475
172307741 22 1610 16514
172422660 31 1862 16538
172535362 23 1434 16562
172582142 27 1766 16572
172615487 37 1509 16579
172629730 39 1783 16582
172632457 38 867 16583
172636282 35 155 16584
172691260 39 1312 16595
172775606 21 975 16612
172808549 21 1920 16618
172890475 31 1263 16634
172912320 22 1356 16638
173008729 33 1466 16657
173075901 29 455 16671
173096677 37 409 16675
173147890 38 208 16685
173192749 28 1169 16694
173223281 39 630 16700
173244647 27 421 16704
173281742 20 166 16712
173370383 33 702 16731
173469909 39 1384 16752
173575725 26 349 16773
173641502 20 956 16785
173709697 39 1935 16799
173753550 26 120 16807
174021118 21 1740 16860
174041515 34 898 16864
174136259 31 130 16883
174229237 22 1325 16900
174239633 30 1392 16902
174287391 35 1331 16912
174388023 21 1217 16932
174489770 37 1354 16953
174505260 31 164 16956
174579285 30 453 16971
174732166 38 511 17001
174738666 25 1208 17002
174943162 26 1590 17043
175064053 29 1617 17066
175211505 38 198 17097
175339339 25 1457 17123
175409170 38 1389 17136
175424846 27 1372 17139
175565881 29 1333 17166
175578128 31 528 17168
175584221 20 1416 17169
175743611 34 23 17203
175773226 32 424 17209
175822700 37 620 17218
175906539 30 1166 17235
175965714 24 71 17247
176006619 37 1338 17255
176043799 38 818 17262
176219558 20 675 17298
176317859 27 1737 17317
176451263 20 1609 17343
176455926 26 1912 17344
176486355 34 169 17349
176660375 29 1201 17386
176699611 29 958 17394
176757601 39 1462 17406
176825945 22 1038 17419
177010627 27 752 17455
177088700 32 304 17471
177116522 25 875 17476
177119516 21 1214 17477
177145842 24 726 17482
177168516 23 209 17487
177338443 27 26 17521
177452120 24 180 17543
177566163 26 673 17565
177671336 34 1809 17588
177987774 39 66 17653
178014258 35 403 17659
178054453 33 1096 17667
178183346 37 360 17693
178542043 33 1731 17766
178624396 32 731 17782
178656840 35 1773 17788
178677753 20 1737 17792
178711487 25 1929 17799
178830553 37 1674 17822
178929555 26 1234 17844
179017854 21 1187 17861
179086979 34 1374 17875
179175119 21 1639 17894
179450673 38 515 17949
179506920 28 391 17960
179539333 22 1608 17967
179594562 23 662 17977
179610925 22 783 17980
179626852 26 769 17983
179755384 27 967 18009
180036378 37 1763 18065
180050892 24 1014 18068
180105899 25 1095 18078
180260023 23 1154 18109
180269515 29 1960 18111
180341086 22 795 18126
180415545 29 1000 18140
180439525 33 1190 18145
180764339 20 1775 18210
180769415 33 1028 18211
180945249 26 1570 18246
180957090 34 145 18248
181144128 23 134 18285
181157807 34 1870 18288
181276067 21 990 18313
181330127 25 435 18324
181385089 29 1033 18335
181516091 27 87 18360
181541546 29 1387 18365
181574463 24 1211 18372
181612986 21 190 18379
181627269 20 319 18382
181638012 30 1411 18384
181767055 21 350 18410
181830343 30 791 18424
181993934 26 849 18456
182017253 25 782 18461
182273106 31 200 18511
182453411 30 1075 18547
182479082 21 649 18552
182543053 33 1090 18565
182660638 33 1302 18588
182676806 31 616 18591
182757140 31 314 18607
182959585 23 906 18646
182990591 26 1642 18653
182996157 36 126 18654
183054402 31 2 18665
183176061 22 1568 18689
183261436 37 836 18706
183276666 28 168 18709
183370316 28 726 18729
183381731 34 8 18731
183477994 36 1846 18750
183493188 27 620 18753
183532512 38 1610 18762
183565115 20 830 18768
183591377 39 1067 18774
183632007 22 800 18782
183975645 27 838 18848
184039888 30 32 18861
184066082 30 765 18867
184084338 33 1615 18871
184206054 31 1876 18896
184251438 39 118 18905
184371543 31 217 18929
184538665 34 875 18963
184662835 27 62 18986
184765118 23 753 19007
184806328 22 1184 19016
184842078 31 1348 19024
184968874 31 149 19049
184994420 34 578 19054
185004754 27 631 19056
185031964 26 1558 19061
185047891 33 1435 19065
185064098 26 1960 19068
185129649 31 1121 19082
185475989 38 1964 19151
185553404 24 289 19167
185807116 20 714 19217
185817134 23 1209 19219
185877185 21 1556 19231
185963848 29 1700 19248
186056475 38 649 19266
186077126 26 294 19271
186102606 35 515 19275
186124445 39 1333 19279
186160347 34 1471 19286
186260474 31 1936 19306
186353949 36 1403 19327
186365459 30 708 19329
186589511 27 1443 19374
186614304 35 570 19379
186647813 37 400 19385
186764003 34 63 19410
186874380 24 1462 19433
186892145 37 423 19437
187053822 24 1444 19471
187129764 31 818 19486
187139294 37 146 19488
187150685 36 1119 19490
187434316 33 794 19546
187450350 24 53 19549
187531490 36 14 19565
187614786 36 742 19583
187721798 24 474 19605
187728298 24 373 19606
187946255 30 265 19649
188011568 28 454 19662
188030511 34 1847 19666
188082313 30 43 19676
188159206 35 293 19691
188230228 37 1878 19707
188245951 24 1357 19710
188259991 20 604 19713
188428670 30 803 19746
188453184 26 1117 19751
188458115 27 1877 19752
188564260 31 1877 19773
188610080 29 851 19783
188713765 28 1346 19805
188779111 20 551 19818
188814229 22 751 19825
188873176 26 448 19836
188935194 28 898 19849
188949083 33 109 19852
188954185 34 907 19853
189091579 33 1665 19881
189096777 39 1669 19882
189148630 38 829 19894
189264265 22 1983 19916
189431903 31 414 19951
189468375 37 396 19959
189473584 29 1608 19960
189509831 33 1310 19967
189530578 36 295 19971
189534977 24 1182 19972
189551480 30 1422 19975
189605390 27 322 19987
