59137 120 1854 2
812943 121 689 40
1087815 121 1435 53
1192075 120 1635 58
2166198 129 1712 107
2203586 135 1660 109
2628427 138 1514 130
2806893 122 886 138
3104070 137 570 153
3399710 126 519 167
3747749 126 1588 184
3770232 123 566 185
4214635 135 1732 208
4335650 122 1325 214
4450858 130 1469 220
4819353 135 1067 239
5232600 129 1311 259
5250183 134 847 260
5544209 120 1253 275
5690837 131 319 282
5798823 121 202 288
5926106 135 1435 295
6551010 136 1550 327
6995291 128 730 349
7246011 131 283 362
8276403 123 1301 412
8772953 137 355 437
8994124 120 1655 448
9529968 134 360 474
9892973 137 1020 493
10196151 127 1229 508
10371491 130 742 517
10870829 138 831 542
10924045 138 787 545
11127249 139 1504 555
11211078 135 620 559
11308561 134 703 564
11532448 138 322 576
11595701 137 1794 579
11995756 127 688 598
12142110 135 1553 606
12282618 129 211 613
12430455 126 1511 620
13160980 131 305 657
13243956 128 1433 661
13717792 136 940 684
13930126 136 1621 694
13967338 125 642 696
14462908 124 415 721
14542329 125 120 725
15685539 133 304 780
17234005 128 826 857
17542162 128 1082 872
17563893 120 1949 873
17893991 125 287 889
18415347 126 337 915
18437877 127 853 916
18603708 137 1378 924
18809420 130 1839 934
19223899 132 1856 954
19573834 131 1478 972
19592453 139 1337 973
19696017 139 1638 978
20162485 130 656 1001
20521387 132 158 1019
20596407 134 682 1023
20888259 133 1886 1037
20966813 134 846 1041
21475499 127 487 1067
21872657 135 1828 1087
21947660 131 626 1091
22440956 130 785 1116
23517551 136 305 1167
24414437 123 1097 1213
25009821 135 1670 1244
25033470 127 1896 1245
25233857 120 186 1256
25625625 136 1077 1275
25968160 126 517 1292
26754605 126 1952 1331
27190502 129 1486 1352
27632826 132 1871 1374
28525817 128 673 1420
28683960 131 1348 1428
29007263 136 1143 1445
29072801 139 491 1448
29501641 134 1977 1469
29591823 132 40 1474
29897501 130 1378 1489
29957763 133 846 1492
30142232 135 1301 1501
30538363 125 26 1522
31189861 121 791 1553
31535079 123 788 1570
31751023 121 1083 1581
31812716 136 492 1584
31991815 123 205 1593
32042338 136 1752 1596
32222312 130 75 1605
32277473 121 524 1608
32518168 124 1670 1621
32675805 122 1040 1629
33684628 125 33 1681
33943797 126 1034 1694
34750029 123 1391 1736
34830423 122 1572 1740
34868625 134 1120 1742
35259837 120 888 1761
35489723 135 437 1773
35544088 120 1696 1776
35736394 127 498 1786
36068810 139 76 1803
37354709 130 1292 1867
37489671 123 117 1874
37788466 130 1504 1890
38032495 132 446 1902
38340067 138 67 1917
38434660 136 930 1922
39050982 129 1491 1952
39088117 124 602 1954
39497241 120 215 1975
40206657 131 311 2010
40753223 125 847 2038
40871028 124 143 2044
41585781 127 1483 2079
41760696 123 1691 2087
41780510 121 183 2088
41946759 125 1697 2097
42374199 120 1600 2118
43041722 126 1195 2151
43418062 134 1459 2170
43788464 127 643 2188
44196955 133 124 2209
44449579 137 1181 2222
44961277 121 481 2249
45198412 126 884 2261
45338703 136 1584 2268
45358482 126 1712 2269
45490683 123 1136 2276
45692454 131 220 2286
45761953 139 380 2290
46117897 125 340 2308
46770299 134 1771 2340
46802545 120 1298 2342
46949713 132 1883 2350
47031205 132 305 2354
47456520 121 1470 2375
48366323 125 869 2421
48828746 139 894 2443
48955611 122 1062 2450
49219020 129 725 2463
49305291 123 1691 2467
49553523 133 323 2479
49700704 124 477 2486
50364099 125 1810 2519
50641227 139 1022 2533
50744314 120 1091 2538
50888672 131 521 2545
50906204 128 1303 2546
51276709 122 488 2565
51405531 134 1170 2572
53167231 138 598 2661
53663682 123 1860 2685
54164603 125 1017 2710
54579625 134 1108 2731
54813717 126 1265 2742
55463298 139 1926 2773
55690075 122 1592 2785
56103192 128 1251 2806
56142440 136 1993 2808
56426905 130 1034 2822
56482168 121 1439 2825
56500270 131 811 2826
56760918 134 1981 2839
56842273 120 1643 2843
57069186 139 281 2854
57359590 124 1922 2868
58003378 120 140 2901
58079391 138 1341 2905
59679138 127 1000 2985
59837180 137 1392 2993
59966180 131 1123 2999
60451643 128 329 3023
60807539 124 1451 3041
61585917 132 110 3080
62459189 127 884 3124
62616465 135 220 3132
62699342 127 1825 3136
62827372 127 1687 3142
62988394 131 439 3150
63654379 125 1800 3184
63734364 138 167 3188
63816883 127 1188 3192
64056456 122 34 3204
64147999 126 847 3209
64429369 124 345 3223
64690506 135 807 3236
64823895 130 378 3243
64869902 130 1581 3245
65667917 133 28 3285
65851252 137 885 3295
66215448 134 916 3313
66233217 137 1994 3314
67153390 122 1880 3359
67172946 129 1464 3360
67298980 124 234 3366
67346595 125 902 3368
67742873 131 988 3387
67986064 128 1638 3399
68712266 137 1360 3435
68843246 121 1705 3441
68957070 134 523 3447
69083928 134 1281 3453
69226393 120 1284 3460
69342199 120 1264 3466
69415838 127 675 3470
69541910 138 280 3476
69779839 120 1047 3488
70022554 132 1018 3500
70112061 126 89 3505
70326544 138 935 3516
70540269 135 1536 3526
70577019 131 1431 3528
71025397 123 934 3550
71228888 129 1359 3560
72106750 132 1954 3603
72269724 136 1134 3612
72306202 133 655 3614
72540588 137 1381 3625
72733913 122 373 3635
72824967 133 1727 3640
73134537 128 545 3655
73235374 133 1418 3660
73566696 137 371 3677
73822448 130 948 3690
73958506 134 668 3696
74249241 139 1219 3710
74565202 121 1401 3726
74780982 127 1938 3737
75726515 134 1423 3785
75748933 130 46 3786
77256084 131 1879 3861
77393849 125 1711 3868
77415945 128 798 3869
77552057 138 1157 3876
77797589 127 46 3889
77938428 138 1720 3896
78048720 130 546 3901
78093573 122 1904 3903
78843570 138 1280 3940
79274781 126 1226 3961
79602171 134 924 3976
80320407 122 1264 4012
80513379 137 38 4022
80705018 121 434 4032
81161825 131 1206 4055
81203012 124 562 4057
81613874 133 309 4078
81914890 139 85 4093
82297634 120 1607 4113
82513577 121 1746 4124
84325104 137 593 4215
84710593 137 747 4234
84969135 132 1435 4247
85141322 120 1424 4255
85285595 121 1311 4262
86304632 131 58 4313
86472517 121 334 4321
86953525 122 1733 4346
87069975 137 1665 4352
87167940 137 1026 4357
87434127 125 1791 4370
87712577 134 339 4384
87786705 124 1055 4388
87894839 120 1568 4393
88465356 125 1237 4421
88676142 138 101 4432
88733759 128 445 4435
91150030 135 490 4554
91722879 123 994 4584
91743094 127 1941 4585
91847405 131 1737 4590
92035672 126 1607 4600
92128127 128 141 4605
92200342 126 1875 4609
92261597 129 1419 4612
92456743 132 1692 4622
92494131 127 1836 4624
92699477 136 124 4634
92976249 130 1588 4648
93022597 125 1498 4651
93645420 127 1072 4682
93682946 124 660 4684
93962889 129 1140 4698
94070887 128 610 4704
94112568 123 66 4706
94921660 127 923 4746
95496952 130 885 4774
95529364 136 231 4776
95618307 134 976 4780
95639483 134 574 4781
95694108 126 600 4784
96132831 132 376 4806
96307978 126 676 4815
96415929 138 1021 4820
96450969 135 608 4822
96598615 123 462 4829
97223970 121 667 4860
97529345 127 1572 4875
97675842 129 204 4882
98355061 121 1144 4916
98848765 137 408 4941
99574262 137 1887 4979
99991602 134 1484 4999
100175489 122 927 5009
100399275 138 325 5020
100563375 125 81 5028
101796106 120 1757 5090
101967260 136 1861 5099
102064552 125 544 5104
103450452 135 1380 5171
103568371 139 1278 5177
104324071 134 1893 5214
104463402 137 23 5221
105811252 136 273 5288
106004486 130 1452 5298
106138272 122 473 5305
106197841 131 57 5308
106678689 139 1484 5332
106830650 138 1988 5340
107566997 120 990 5377
108156829 121 532 5405
108323235 128 1566 5413
108765000 136 512 5435
108822680 125 870 5438
108977976 137 609 5446
109455546 133 1915 5470
109794433 126 1331 5486
110449035 136 1730 5519
110692656 125 1110 5531
110821406 122 994 5537
110924040 123 1505 5542
110949040 128 123 5543
111334254 135 1602 5562
112445862 125 1386 5618
112508068 136 876 5621
113394289 121 1366 5665
113501357 135 1609 5670
113790601 138 116 5685
114199918 126 1279 5705
114439408 138 573 5717
114477842 133 1796 5719
114984707 122 193 5744
115021643 127 980 5746
115039580 126 468 5747
115180430 136 1808 5754
115450365 123 1796 5767
115565581 135 48 5773
115641550 129 1597 5777
115677760 134 354 5779
115741186 120 670 5782
115782151 128 857 5784
115864722 129 535 5788
115945813 121 668 5792
116065150 132 100 5798
116369368 123 1151 5813
116491549 135 1462 5819
116574678 121 1406 5823
116864365 131 1112 5837
117716867 127 1150 5879
117803316 134 22 5883
118470152 137 1332 5917
118553019 121 1492 5921
118571711 131 242 5922
118651246 122 935 5926
118715035 130 1873 5929
118776616 122 933 5932
119109720 129 44 5949
119216351 139 532 5955
119488822 136 214 5969
120115009 137 1426 6000
120195973 139 1998 6016
120208863 132 207 6019
120267725 131 1635 6030
120325656 139 315 6042
120398718 138 146 6058
120409027 131 1466 6060
120557836 126 1753 6088
120639029 136 188 6104
120722490 125 1414 6123
120829292 137 926 6144
120882948 122 324 6155
120934974 122 434 6165
120940780 135 1210 6166
121061009 133 1847 6191
121105950 131 1342 6200
121175479 135 1275 6214
121217691 129 1399 6221
121221240 127 1106 6222
121267934 126 1272 6232
121370627 121 577 6253
121428653 120 1373 6265
121551479 129 1165 6290
121604234 130 539 6300
121677329 139 1568 6314
121700240 128 1703 6318
121771154 131 534 6331
121919123 122 369 6360
121990883 137 636 6373
122050640 122 1885 6385
122307103 139 1711 6437
122348529 132 1355 6445
122402879 128 1620 6456
122438698 126 723 6464
122535694 122 739 6483
122565197 129 1643 6489
122589486 138 1236 6494
122712716 127 731 6520
122737206 136 854 6525
122813452 124 1791 6541
122886136 123 1459 6554
122972856 126 1619 6572
123027568 136 1949 6583
123205902 131 1992 6619
123266422 136 1322 6631
123333280 136 304 6644
123396539 129 638 6657
123419182 138 706 6661
123505259 139 1433 6678
123520335 136 60 6681
123833384 130 1635 6746
123907303 139 1442 6761
123937466 136 488 6767
124064022 123 281 6792
124088429 126 743 6797
124120262 122 983 6803
124139901 132 1176 6807
124229135 136 389 6826
124270978 124 227 6834
124387443 136 1657 6857
124431331 138 1293 6866
124442102 126 871 6868
124501754 123 1216 6880
124566511 129 1317 6893
124593996 132 64 6899
124607243 133 800 6902
124680961 127 1375 6917
124722211 123 694 6926
124873677 135 1920 6957
125113622 136 1816 7004
125134515 130 279 7008
125143008 129 253 7010
125157475 123 1098 7013
125273004 132 184 7036
125491372 138 494 7079
125532286 139 370 7087
125557013 127 1949 7092
125572384 120 1942 7095
125633965 126 1716 7107
125658412 130 138 7112
125712270 134 67 7123
125789952 124 682 7139
125793319 128 1277 7140
125821616 128 347 7146
125856512 128 1216 7153
125898306 123 1984 7160
126081241 132 333 7196
126096183 134 897 7199
126141750 124 448 7208
126161641 131 859 7212
126188981 134 1171 7217
126199016 131 1790 7219
126254681 126 891 7231
126354570 122 1396 7251
126458774 120 1385 7271
126741897 133 1333 7329
126789064 133 1230 7338
126810602 125 739 7342
126984695 122 495 7377
127034099 123 1161 7387
127268727 130 1078 7432
127293307 135 1421 7437
127403341 126 1818 7459
127424018 136 229 7463
127435802 126 843 7465
127504147 129 354 7477
127576703 122 1845 7492
127659428 123 204 7508
127729433 129 1493 7523
127755145 138 232 7528
127789501 123 1448 7534
127858233 132 1609 7548
127880155 134 157 7553
127904459 131 763 7558
128085537 132 619 7594
128343508 128 1474 7647
128499290 126 795 7679
128530243 124 1888 7685
128623530 124 1208 7705
128653679 121 1929 7711
128674127 137 376 7715
128736244 136 1599 7727
128754304 134 1045 7731
128806567 126 1014 7741
128884330 134 841 7756
129016508 121 1776 7783
129065354 127 449 7793
129193183 138 663 7818
129198198 131 494 7819
129243953 128 987 7828
129378645 135 1478 7855
129469532 123 1476 7875
129509269 123 76 7883
129557907 128 285 7892
129561738 139 856 7893
129578495 137 511 7897
129593287 138 170 7900
129799861 123 230 7940
129910773 130 1617 7962
129994361 132 420 7979
130161682 138 1021 8012
130201168 126 1358 8020
130210728 125 796 8022
130278798 135 1520 8037
130519305 121 389 8087
130593427 130 549 8102
130637939 132 1884 8110
130674013 125 157 8117
130717023 121 365 8125
130837671 121 1736 8151
131056820 136 784 8196
131338237 122 233 8253
131357416 133 906 8257
131366429 134 489 8259
131393290 131 481 8264
131423399 138 353 8270
131433654 126 1427 8272
131595400 139 1919 8304
131717423 133 121 8329
131733301 129 118 8333
131823122 133 1704 8350
131994577 132 1465 8386
132005233 124 185 8388
132329861 137 1691 8452
132341455 122 491 8455
132378194 139 798 8462
132414894 122 1656 8470
132425710 120 909 8472
132524426 120 1292 8493
132550865 120 126 8498
132586605 125 562 8505
132687551 122 1637 8525
132716950 138 1711 8531
132721129 136 545 8532
132756593 134 1232 8539
132776569 139 974 8543
132831754 130 1074 8553
132842639 137 1758 8555
132863339 126 13 8559
132880867 126 323 8563
132985864 138 1548 8585
132995103 126 1065 8587
133087675 127 1137 8607
133100345 139 782 8609
133148974 136 650 8618
133381139 133 1538 8666
133566775 134 1167 8703
133600039 123 1980 8710
133625742 131 1504 8715
133719243 122 519 8735
133752540 124 142 8742
133893798 135 489 8770
133897508 135 1696 8771
133990408 120 1965 8789
134041829 131 738 8799
134093301 139 293 8810
134173628 135 1301 8825
134267823 120 694 8844
134277341 129 1658 8846
134326137 130 40 8855
134346842 123 443 8859
134398272 125 1427 8870
134533871 121 627 8897
134579881 139 1643 8906
134635736 134 178 8917
134687984 120 1236 8927
134706564 136 1593 8931
134722818 126 1874 8934
134726822 123 125 8935
134756522 138 32 8941
134855078 124 29 8961
134897499 120 1692 8970
134957866 127 1212 8982
134978065 137 112 8986
135030565 132 483 8998
135069548 127 1366 9006
135116768 120 1148 9016
135121336 120 226 9017
135325494 133 370 9059
135520229 135 375 9097
135616115 136 531 9116
135624051 135 835 9118
135760986 128 727 9145
135782509 129 923 9149
135825548 135 1331 9158
135963517 135 897 9187
135969049 134 1200 9188
135978675 139 1549 9190
136112779 126 1327 9217
136156544 139 894 9225
136266436 139 1765 9246
136321236 125 96 9257
136336745 129 1457 9260
136393206 130 1134 9271
136406163 122 1695 9274
136411987 124 1900 9275
136510307 125 1666 9294
136697223 137 1693 9332
136784682 122 939 9350
136875243 133 67 9368
137000615 139 1943 9392
137115410 130 1388 9415
137147737 138 1345 9421
137243234 121 859 9440
137276409 136 1343 9446
137373531 139 1226 9466
137398236 126 814 9471
137855035 132 693 9562
137899811 125 1481 9570
137943852 137 1399 9579
138078367 135 979 9605
138097610 125 219 9609
138121285 132 1156 9613
138137314 126 1091 9616
138212195 134 1863 9631
138249816 128 869 9639
138254966 122 950 9640
138318913 121 1864 9653
138360209 130 1100 9661
138402032 120 196 9669
138422860 128 982 9673
138513276 136 277 9690
138560312 120 811 9699
138888593 136 1885 9767
139102905 121 1698 9810
139218796 134 786 9833
139294358 136 1502 9847
139533611 134 14 9895
139543873 121 131 9897
139633212 133 898 9915
139761184 125 1695 9940
139896870 123 54 9968
140246944 127 206 10041
140262773 133 39 10045
140308248 128 338 10055
140325777 135 1596 10059
140486831 124 608 10091
140565277 120 800 10107
140620083 135 745 10118
140689418 134 371 10132
140754480 126 1630 10146
140852435 126 287 10166
140908641 126 189 10177
140926147 127 1714 10181
140951706 121 281 10186
141045897 129 756 10205
141193684 121 1249 10232
141243811 128 1081 10242
141297153 133 1145 10254
141354650 121 901 10266
141384276 122 121 10272
141658367 126 407 10327
141707666 136 222 10337
141773568 124 434 10350
141873080 138 1121 10370
141917814 132 896 10379
141924314 120 1758 10380
141967232 120 1704 10389
142030223 124 1850 10402
142035304 134 1063 10403
142064460 128 1602 10410
142128534 126 1695 10423
142211705 120 544 10440
142239695 125 23 10446
142281049 124 489 10454
142511988 128 721 10501
142567222 131 1064 10512
142576368 126 1937 10514
142588309 121 789 10517
142613993 134 1797 10522
142659758 129 1170 10531
142675355 137 133 10534
142746429 133 32 10547
142786647 129 718 10555
142791868 127 1867 10556
142816395 129 71 10561
142853439 127 416 10569
142925101 129 874 10584
143060325 134 1956 10610
143070145 123 85 10612
143107446 128 1976 10619
143152806 131 41 10629
143177429 130 1906 10635
143193982 122 1124 10638
143391715 134 1605 10677
143407304 122 1459 10680
143430833 122 1173 10684
143519468 136 708 10702
143553140 127 478 10708
143724417 133 734 10741
143752289 133 1402 10747
143786674 120 73 10754
143918361 125 1169 10780
143921870 121 286 10781
143981470 139 1650 10793
143995378 124 351 10796
144036716 131 1532 10805
144081600 126 183 10814
144102184 133 1611 10818
144115900 129 1948 10821
144160405 135 1660 10830
144313295 137 758 10861
144444754 127 1060 10888
144527511 131 604 10905
144783836 136 1568 10957
144818374 139 1781 10965
144841369 122 323 10970
144860488 136 575 10974
144871790 136 0 10976
144885707 128 72 10979
144966931 134 610 10995
145045402 123 605 11012
145055234 137 1542 11014
145063045 132 1800 11016
145080621 128 564 11019
145116356 120 1885 11026
145130395 126 1357 11029
145235464 135 116 11049
145346962 124 1164 11070
145352221 130 1998 11071
145372278 132 1421 11075
145548992 127 721 11110
145561324 127 544 11113
145758683 127 746 11152
145811362 136 1020 11163
145854939 139 1036 11172
145890310 138 81 11179
146081647 137 1587 11217
146219903 131 1093 11244
146230786 127 1086 11246
146234820 125 876 11247
146297106 130 125 11260
146345294 125 53 11269
146369371 134 880 11274
146466837 136 703 11294
146477841 129 670 11296
146500031 124 1065 11300
146540537 127 266 11308
146590490 120 808 11318
146744568 137 1405 11350
146839117 136 1100 11370
146924677 130 1207 11388
146948960 128 1868 11393
146983220 136 888 11400
146997273 124 238 11403
147022975 135 492 11408
147038483 138 662 11411
147083605 133 88 11420
147196036 135 157 11442
147276814 139 1185 11458
147332574 138 1208 11469
147388220 134 1795 11480
147451519 121 306 11493
147515522 136 909 11506
147600787 130 971 11525
147654800 121 959 11536
148042813 124 486 11615
148090808 124 1363 11626
148095781 120 708 11627
148142879 122 431 11636
148222750 136 1675 11653
148226960 122 95 11654
148465638 127 1766 11702
148505599 128 828 11711
148513902 126 747 11713
148608803 131 1012 11732
148642779 132 42 11739
148656790 137 1266 11742
148662417 130 1471 11743
148699727 136 1797 11750
148724959 125 1570 11755
148735280 135 1290 11757
148775127 135 701 11765
148938234 120 102 11797
148964261 122 1176 11802
149061434 135 1647 11822
149178826 135 636 11847
149213067 126 58 11855
149450426 127 1131 11905
149479842 136 668 11910
149563714 138 195 11926
149665759 136 1625 11947
149883890 120 1531 11990
149976989 123 1105 12009
150212973 135 1358 12057
150248931 134 1673 12065
150301692 125 617 12075
150477507 131 1697 12112
150614596 135 635 12139
150696735 131 902 12155
150759167 126 521 12167
150819412 128 359 12178
150824028 136 1852 12179
150853570 128 1298 12185
150876294 135 1817 12190
150881334 135 1553 12191
151019602 123 7 12218
151124665 127 161 12239
151204636 129 1281 12255
151229038 136 972 12260
151291103 133 1935 12272
151316460 136 1581 12277
151337921 132 1828 12281
151374546 134 1119 12289
151741785 132 439 12362
151749946 138 1779 12364
151806044 121 1974 12375
151969094 133 678 12410
151972907 122 1332 12411
152006706 121 1251 12418
152152060 127 1657 12447
152199005 128 276 12457
152219740 136 1208 12461
152371022 124 1567 12491
152526286 125 90 12523
152602248 129 1120 12539
152640665 136 777 12547
152662527 132 1478 12551
152685323 133 623 12556
152769329 125 1713 12573
152779662 129 1298 12575
152947712 123 60 12608
153040760 138 1462 12627
153054901 125 1946 12630
153205471 126 323 12659
153296354 135 1551 12677
153555892 133 826 12731
153564693 129 686 12733
153585704 132 564 12737
153640134 129 1356 12748
153838201 130 227 12788
153948939 135 250 12810
154103552 133 1182 12842
154108230 137 1585 12843
154277958 122 915 12881
154370789 139 316 12900
154452678 128 1795 12915
154517862 135 709 12928
154550373 122 1643 12935
154578700 132 1437 12941
154616329 134 1690 12949
154639152 121 770 12954
154696139 139 0 12966
154795847 137 225 12986
154800780 136 568 12987
154805005 123 638 12988
154989047 123 731 13025
155183438 124 1546 13062
155220495 134 78 13069
155267016 135 186 13078
155299925 133 1521 13084
155302008 124 1329 13085
155317611 124 702 13088
155357858 138 1980 13096
155465810 122 175 13117
155512679 131 1022 13125
155546226 124 1852 13131
155671008 130 669 13156
155818265 122 1234 13184
155864836 133 261 13193
155897441 122 1388 13200
155947586 126 129 13210
155982250 123 1328 13217
156066499 130 874 13234
156195305 123 274 13260
156220264 132 1706 13265
156365783 139 245 13294
156375073 124 383 13296
156442981 134 1385 13310
156514615 129 1607 13324
156654535 130 972 13354
156708216 134 1717 13364
156750778 127 403 13372
156795092 137 1684 13381
156844939 130 1333 13391
156855678 125 1803 13393
156916823 122 1077 13406
157065211 124 265 13435
157096489 132 695 13442
157130006 136 940 13449
157491149 120 1476 13522
157500311 123 1498 13524
157731551 137 592 13571
157803720 137 867 13585
157874462 131 1342 13600
157883585 136 1545 13602
157988375 123 932 13623
158061516 138 1172 13639
158099171 128 1197 13646
158171772 131 173 13662
158200886 127 223 13668
158230511 134 1063 13674
158385363 130 321 13708
158413859 138 797 13714
158427654 124 1320 13717
158432960 136 1937 13718
158637434 129 183 13760
158856247 130 89 13803
158977203 126 1387 13830
159022143 126 1317 13840
159041934 133 10 13844
159195741 132 163 13875
159206082 128 670 13877
159222900 138 1754 13880
159245326 137 1888 13884
159250713 137 342 13885
159282105 125 399 13891
159335418 139 306 13902
159427767 130 1471 13920
159498321 137 619 13934
159529008 129 1653 13941
159548193 133 1203 13946
159576339 138 392 13952
159606647 125 331 13958
159638018 132 951 13964
159744276 125 1970 13985
159782119 138 1449 13992
159945154 139 1388 14024
160028249 126 1726 14041
160037724 130 1074 14043
160066311 139 1263 14049
160076916 137 1137 14051
160311290 139 982 14098
160341407 138 1140 14104
160366021 127 1417 14109
160387936 138 1477 14113
160531447 133 767 14142
160630291 134 414 14163
160669459 128 1217 14171
160715845 130 528 14181
160741332 122 1136 14186
160842671 134 811 14205
160863673 122 443 14209
160973349 134 1976 14230
161089889 131 1697 14253
161279114 130 1228 14290
161525838 138 170 14339
161581437 138 177 14350
161606312 122 146 14355
161668234 130 1186 14368
161700516 134 1697 14374
161850089 139 1590 14405
161920924 138 393 14419
161926480 121 1981 14420
162011391 127 1162 14437
162096544 129 1991 14454
162104044 126 1625 14456
162244902 122 1869 14484
162291261 125 5 14493
162303613 128 806 14496
162320910 131 1235 14500
162359135 128 902 14507
162457115 134 1220 14527
162495013 135 503 14535
162521249 138 453 14540
162618251 133 1109 14561
162656483 123 1743 14569
162668583 136 1496 14572
162682820 136 1529 14575
162738549 129 1627 14585
162849646 128 47 14608
162876976 123 1580 14613
162896770 128 1730 14617
162926976 122 1608 14624
162941296 131 1416 14627
162945684 120 1613 14628
163020728 134 174 14642
163092265 134 1498 14658
163149567 130 1526 14670
163175781 123 818 14676
163276602 130 509 14696
163352217 122 1294 14712
163382490 126 305 14718
163406616 131 536 14723
163422256 124 1817 14726
163473689 132 513 14736
163687822 126 258 14778
163736989 136 1518 14788
163818589 127 663 14804
163834387 139 141 14807
163853306 125 303 14811
163883105 131 456 14817
164047978 122 288 14850
164081950 139 1832 14856
164087062 128 734 14857
164168540 135 86 14872
164222383 126 508 14883
164327401 131 56 14904
164365368 132 1871 14912
164497510 134 1171 14938
164507531 138 814 14940
164530327 126 1960 14945
164555688 134 1417 14950
164603100 137 1275 14959
164617138 132 1642 14962
164637299 131 36 14966
164674770 138 1016 14974
164725258 138 1927 14983
164750339 127 1519 14989
164850288 120 611 15010
164921514 124 193 15025
165083478 136 1168 15057
165091888 125 373 15059
165267655 139 1565 15095
165375567 122 1812 15116
165508659 128 1278 15143
165631639 122 1116 15168
165695101 138 1494 15180
165701300 135 547 15181
165805357 123 1062 15201
165820623 128 1793 15204
165947509 131 1513 15229
165966071 129 1844 15233
165971324 137 1080 15234
166024111 130 1101 15245
166046147 135 1216 15250
166098104 120 1266 15260
166176553 135 330 15276
166220136 121 1746 15284
166275391 125 1563 15295
166287547 128 1210 15297
166320377 138 24 15303
166359485 136 1243 15312
166577144 135 613 15354
166775144 121 1485 15394
166802607 136 838 15400
166938307 129 1616 15429
167008489 139 1633 15442
167058457 132 421 15452
167075491 125 1670 15455
167458573 136 1653 15532
167489181 133 1547 15538
167619176 127 189 15564
167656173 139 1068 15571
167664967 120 1206 15573
167732772 123 1418 15586
167843829 121 916 15610
167918051 130 269 15625
168034296 127 845 15648
168047240 123 655 15651
168404556 132 1844 15723
168500163 132 726 15743
168509648 131 259 15745
168515524 131 667 15746
168528350 136 998 15749
168568972 122 801 15758
168601424 139 102 15765
168614327 134 998 15768
168737723 135 1180 15792
168756274 132 1432 15796
168805770 128 1319 15807
169090116 126 1435 15863
169110327 136 128 15867
169115037 126 1501 15868
169154580 139 725 15876
169159934 127 1550 15877
169500453 125 1911 15946
169505179 129 1138 15947
169525515 136 1958 15951
169583021 123 383 15963
169710001 128 1391 15986
169843527 122 1050 16011
170170387 131 1330 16078
170196012 126 1279 16083
170238241 128 13 16092
170248214 125 1452 16094
170336793 125 755 16112
170346689 134 1303 16114
170417339 122 1179 16129
170614557 130 414 16170
170691420 138 1420 16185
170825279 126 1619 16211
170836455 120 327 16213
170847167 124 454 16215
170934648 125 309 16233
170972432 130 661 16241
170999677 134 1636 16247
171015636 124 432 16250
171021214 134 685 16251
171025543 137 1814 16252
171030102 124 187 16253
171045129 123 896 16256
171134504 122 1183 16275
171140601 135 1136 16276
171194381 129 1976 16288
171200881 128 1182 16289
171268282 127 182 16303
171332527 138 1172 16316
171372224 139 1965 16325
171586546 129 316 16368
171629313 137 491 16377
171775230 132 1492 16406
171850167 121 1645 16420
171890059 121 1431 16428
172508194 127 366 16556
172663719 133 1703 16590
172716375 135 359 16600
172761661 136 1416 16609
172786822 123 616 16614
172840314 132 915 16625
172862164 130 1547 16629
172906518 130 847 16637
172917985 138 379 16639
172998742 133 1546 16655
173132042 138 1976 16682
173228312 129 17 16701
173267767 125 386 16709
173307257 123 484 16717
173315347 131 1276 16719
173321010 124 519 16720
173381140 130 815 16733
173554516 135 953 16769
173654130 123 180 16787
173804290 134 391 16816
173829166 136 1874 16821
174109595 136 1206 16878
174172255 134 457 16890
174192059 122 1165 16894
174265323 123 420 16907
174269019 134 1597 16908
174296365 132 1612 16914
174326033 134 1277 16920
174345493 135 991 16924
174397678 121 1495 16934
174458751 133 1360 16947
174561749 130 661 16967
174748678 134 805 17004
174801846 127 1827 17015
174811590 129 588 17017
174886610 121 687 17031
175013410 127 1408 17056
175027250 125 1139 17059
175090939 130 680 17072
175105775 123 1903 17075
175110161 121 664 17076
175162359 129 193 17087
175207098 136 1362 17096
175222236 129 561 17099
175240823 134 1459 17103
175300968 130 584 17115
175328539 133 407 17120
175334763 130 229 17122
175533342 125 1056 17160
175595852 131 1674 17172
175650363 122 81 17184
175667847 128 227 17187
176034372 127 1825 17260
176198891 128 1059 17294
176532642 120 334 17358
176832069 131 1924 17420
176899784 135 665 17434
177075168 129 1244 17468
177155035 127 1445 17484
177226673 133 1502 17498
177236119 135 1153 17500
177256881 120 642 17504
177299061 120 565 17513
177307615 129 1826 17515
177415127 135 193 17536
177473748 139 1777 17547
177514339 136 276 17555
177689939 139 1938 17592
177773051 136 1717 17608
177809211 134 1718 17616
177897564 137 22 17634
177914793 126 70 17638
177919824 120 733 17639
177924388 129 637 17640
178193335 127 1824 17695
178224937 127 271 17701
178511682 120 1 17760
178562054 128 930 17770
178673704 121 1760 17791
178716224 135 791 17800
178779982 124 1755 17812
178833764 135 1619 17823
178852813 133 1070 17827
178902043 121 822 17838
178914169 124 281 17841
179170244 120 1269 17893
179420463 136 1588 17943
179435668 120 582 17946
179491674 134 248 17957
179550430 123 293 17969
179567236 130 653 17972
179633352 122 1880 17984
179706984 136 1886 17999
179710838 123 1989 18000
179737832 127 70 18005
179780865 137 1330 18014
179794316 126 358 18017
179822288 139 711 18023
179827191 125 290 18024
179997125 125 591 18057
180056412 123 243 18069
180076589 131 1591 18073
180181376 124 1875 18094
180254561 136 609 18108
180298304 133 1733 18117
180312673 131 29 18120
180351962 131 901 18128
180388859 124 283 18135
180489442 129 1598 18155
180675264 125 474 18192
180828551 127 503 18223
180893082 138 1191 18236
180981772 135 1734 18253
181034260 138 1479 18263
181063114 120 145 18269
181117594 135 1122 18279
181125775 126 1748 18281
181307796 136 1188 18319
181556025 137 1554 18368
181617341 136 1461 18380
181622148 136 675 18381
181676971 134 1708 18392
181812912 125 1743 18420
181835376 138 1648 18425
181841037 120 530 18426
181894229 139 1412 18437
181968546 135 887 18451
181980502 124 1775 18453
181985845 127 1125 18454
182099645 132 87 18477
182176580 120 338 18491
182232191 130 1370 18502
182283719 137 447 18513
182304133 126 87 18517
182426770 135 1953 18541
182535398 124 1123 18563
182548947 127 285 18566
182643852 125 467 18585
182953165 129 589 18645
182975090 125 1453 18650
182980250 135 1718 18651
183209001 125 249 18695
183351641 135 1966 18725
183499728 125 1508 18755
183503582 123 1337 18756
183596755 133 1316 18775
183783165 137 1631 18811
183816682 138 1188 18817
183826603 123 1663 18819
183891735 121 970 18831
184091077 120 1148 18873
184100286 137 551 18875
184236633 138 109 18902
184319888 129 1621 18918
184350280 131 58 18924
184442762 129 1165 18944
184498747 137 92 18955
184589531 133 878 18972
184600612 138 255 18974
184622009 127 1088 18978
184719865 132 22 18997
184791821 135 461 19013
184868507 131 396 19029
184879457 120 1838 19031
184902041 120 955 19036
184978963 136 1706 19051
185136149 122 1990 19083
185143540 132 968 19085
185231602 135 1001 19102
185268319 132 1771 19109
185331482 132 976 19122
185503538 131 1672 19157
185522414 133 979 19161
185538139 131 1430 19164
185660417 134 1465 19188
185681912 132 1875 19193
185881894 136 1580 19232
186060491 132 16 19267
186067365 126 921 19269
186071572 125 1283 19270
186128282 131 1950 19280
186151456 128 1703 19284
186190324 126 232 19292
186307891 133 1075 19316
186331560 132 1109 19322
186360055 131 1709 19328
186423025 135 774 19340
186451785 128 112 19346
186503825 126 10 19356
186539203 129 1824 19363
186608851 138 45 19378
186726040 121 1278 19402
186758127 132 910 19409
186852771 138 871 19429
186902468 130 1866 19439
186973230 132 697 19454
187015394 136 1772 19463
187020961 130 1605 19464
187057391 138 1753 19472
187202591 124 932 19500
187208997 124 871 19501
187344467 133 1374 19529
187377986 137 1488 19535
187458082 131 919 19551
187525398 127 1255 19564
187547045 128 718 19568
187699305 120 738 19601
187757872 126 1085 19611
187831215 131 284 19625
187854407 132 1034 19630
187925795 139 67 19645
188077015 130 1955 19675
188126342 121 323 19684
188175528 121 1094 19694
188189167 138 256 19697
188211076 135 666 19702
188299863 134 1160 19720
188443209 121 239 19749
188478298 122 1393 19756
188560177 136 815 19772
188573704 127 14 19775
188723071 135 624 19807
188835280 131 1084 19829
188898388 135 326 19841
189005329 120 548 19863
189011753 135 1286 19865
189054437 124 569 19873
189115981 138 1509 19887
189168891 120 866 19898
189231693 138 738 19909
189241865 132 1119 19911
189268837 120 444 19917
189438311 124 822 19952
189447349 137 490 19954
189485885 126 1619 19962
189563457 130 269 19978
189631974 127 1109 19992
