1349277 97 811 66
1371049 96 56 67
1433135 81 1638 70
1583135 89 908 78
1782575 96 1684 88
1827164 91 435 90
2242713 85 1181 111
2731893 97 578 135
2756893 90 134 136
2852213 91 1717 140
3321791 89 442 163
3900235 82 1308 192
3983895 95 998 196
4004859 88 946 197
4195654 93 259 207
5043836 81 1401 250
5273906 93 76 261
5762301 94 212 286
6128185 95 580 305
6147822 81 1026 306
6399532 91 1189 319
6690348 96 1362 334
7092762 84 1292 354
7129713 87 1686 356
8111628 96 865 404
8130887 89 1410 405
8582144 94 75 427
8790146 96 1479 438
8958506 85 353 446
9202592 80 842 458
10709224 90 1085 534
10763548 91 673 537
11168635 93 161 557
11384677 93 412 568
11419990 90 320 570
12109665 87 81 604
12201922 90 1418 609
12343737 91 771 616
12752577 85 786 636
12899402 95 1680 643
13762053 92 74 686
13865126 80 436 691
14406012 94 1393 718
14426127 97 1294 719
14630940 89 121 729
14722008 86 722 733
15707178 82 825 781
15893219 96 548 790
15940888 96 433 792
16025771 80 332 796
16065728 96 1279 798
16478282 93 1513 819
16742679 92 344 833
17132007 81 1893 852
17256569 84 1701 858
17500294 92 327 870
18319073 92 1301 910
18665493 86 752 927
18987847 92 497 943
19529308 90 1205 970
19918338 85 1371 989
20344631 92 1177 1010
20388933 90 457 1012
20683996 80 1602 1027
20906747 88 60 1038
21126786 88 141 1049
21177173 94 543 1052
21748945 97 1134 1081
22004657 95 61 1094
22231761 81 1748 1105
22348941 91 929 1111
22461813 91 1268 1117
22877446 88 271 1136
23605015 83 546 1171
23734154 83 810 1178
23811801 99 746 1182
23925546 93 365 1188
24162734 88 69 1200
24183463 86 593 1201
24588402 91 1679 1222
24698728 93 1924 1228
25186689 96 528 1254
25294403 82 1908 1259
25875190 85 1743 1287
26236042 98 1284 1305
26355340 88 739 1311
26493900 99 1072 1318
26514538 93 45 1319
26716989 89 537 1329
26841015 98 107 1335
26968132 93 988 1341
27231570 89 467 1354
27286415 81 834 1357
27941418 92 348 1390
28290547 93 70 1408
29521339 89 100 1470
29608823 96 928 1475
30183208 88 901 1503
30750824 87 784 1532
31084961 91 466 1548
31594664 99 1492 1573
31641210 97 588 1575
31875780 99 1354 1587
31976248 89 341 1592
32083704 97 85 1598
32654153 82 252 1628
32754687 93 58 1633
33101249 95 1586 1651
33782677 95 279 1686
33845732 83 1696 1689
34107857 87 638 1703
34484521 96 850 1722
34596763 99 718 1728
37191334 88 3 1859
37207525 97 702 1860
37809654 98 212 1891
38137565 91 1537 1907
39349753 86 985 1967
39457458 98 746 1973
39616685 96 1911 1981
39997529 92 466 2000
40104017 87 962 2005
40405263 84 105 2020
40477098 95 856 2024
41242617 91 237 2062
41626783 82 1943 2081
41715675 94 1115 2085
41911766 87 5 2095
41928684 97 480 2096
42092844 93 1908 2104
42110889 86 1806 2105
42172573 96 153 2108
42765225 87 1249 2138
42869418 82 990 2143
42886944 85 1733 2144
42991722 85 1898 2149
43275861 80 612 2163
43583862 97 1841 2178
44138812 90 115 2206
44296989 83 1680 2214
44464579 93 322 2223
44902805 91 1377 2246
45175505 97 681 2260
45271908 95 894 2265
45558596 89 162 2279
45838318 86 1001 2294
46000886 80 1619 2302
46478833 91 434 2326
46503833 86 198 2327
46650375 97 1693 2334
46785299 98 952 2341
47121694 94 149 2358
47522098 82 295 2378
47692460 98 510 2386
48349678 88 24 2420
48414571 87 1624 2423
49404060 96 759 2472
50001424 91 581 2501
50246160 95 950 2513
50575516 89 690 2530
50723811 98 1725 2537
50966673 98 225 2549
51880174 80 1424 2597
52543168 81 1848 2630
52711326 91 1557 2639
53327281 92 1920 2669
54381651 89 1236 2721
54464631 83 1267 2725
54595968 80 298 2732
55248987 80 1379 2762
55579272 96 1610 2779
55636240 85 1173 2782
55887989 90 1099 2795
55984456 99 1228 2800
56042942 93 1265 2803
56322687 90 1550 2817
56633489 86 1959 2833
56700741 81 1152 2836
57135398 96 1112 2857
57414181 82 1339 2871
57457441 97 1435 2873
57861945 87 900 2894
58218746 91 1613 2912
58340279 97 1331 2918
58586969 98 870 2930
58780218 82 1866 2940
59338685 86 1339 2968
59921683 92 532 2997
59984764 84 1926 3000
60028911 91 1384 3002
60769026 84 1503 3039
61199520 94 773 3060
61345128 98 910 3068
62397498 92 1012 3121
62417253 86 1060 3122
63026641 88 654 3152
63282015 80 1693 3165
63776315 90 1600 3190
63873038 83 739 3195
63989660 93 945 3201
64093349 99 1698 3206
64190164 85 1464 3211
64287922 83 1773 3216
64652060 98 983 3234
64671288 88 1814 3235
64749126 92 619 3239
65369088 86 686 3270
65529923 96 291 3278
65596610 89 1650 3281
65896893 85 1485 3297
66053546 89 1203 3305
66250594 93 1763 3315
66290876 99 1076 3317
67108071 87 106 3357
67449749 91 1738 3373
67491871 83 1047 3375
67718541 93 616 3386
67967351 99 661 3398
68473334 88 1355 3423
68674576 80 1052 3433
69663319 83 682 3482
70062121 98 1455 3502
71156151 86 1951 3556
71693113 96 1966 3582
72127551 80 149 3604
72871680 89 1907 3642
73289499 88 531 3663
73457313 84 262 3672
73611749 96 500 3679
73763941 90 637 3687
73872118 81 548 3692
73981958 85 543 3697
74450978 97 1185 3720
74606662 82 647 3728
74680830 83 1517 3732
75239245 97 47 3760
75786340 81 1561 3788
76306267 87 1293 3814
76351054 93 486 3816
76468574 95 609 3822
76779770 91 785 3838
77777700 95 1482 3888
77819257 86 771 3890
78243279 94 1025 3911
78351699 96 1878 3916
78778480 93 851 3937
78885261 86 795 3942
79078330 80 1996 3952
79978505 88 1787 3995
80587011 89 87 4026
80603370 84 417 4027
80768038 97 455 4035
80806278 88 1181 4037
81800554 92 1744 4087
82118186 87 1333 4104
82224355 99 489 4109
82335002 93 913 4115
83503265 94 280 4173
83989801 86 1333 4198
84548495 85 979 4226
84669045 91 1927 4232
84786189 90 337 4238
85182171 91 421 4257
85811871 80 319 4288
85927710 82 381 4294
86028327 96 145 4299
86321111 97 119 4314
86609984 84 1108 4328
86711759 95 1937 4334
87202741 87 1697 4359
87830003 84 448 4390
88490356 89 1317 4422
88566213 94 1926 4426
88842781 84 1212 4440
89301915 94 138 4463
89539587 98 461 4475
89681931 91 234 4482
89863322 90 377 4491
89976898 82 35 4497
91314795 84 1124 4563
91882637 86 1405 4592
91994743 82 1909 4598
92052764 99 464 4601
92514113 90 1737 4625
92553023 85 1618 4627
92783183 94 135 4638
93125898 98 409 4656
93739327 99 1221 4687
94650937 96 392 4732
95143662 85 1886 4757
95162843 99 921 4758
95894123 96 1793 4794
96825092 97 448 4840
97572037 90 578 4877
98145540 94 646 4906
98213326 93 952 4909
99293008 98 1840 4964
99402305 80 80 4970
99676864 95 51 4984
100271927 97 746 5014
100337379 99 470 5017
100518253 81 149 5026
100739315 86 113 5037
101008595 80 1534 5050
101167611 84 794 5058
101532981 82 940 5077
101618681 85 1768 5081
102497638 94 1526 5125
102810564 95 639 5140
103415276 92 1990 5169
103940511 93 1376 5195
104099536 83 1140 5203
104946779 81 1889 5246
105032844 84 1691 5250
105239493 89 1436 5260
105273901 87 1805 5262
105865971 96 1143 5291
106494733 82 987 5323
106534078 87 805 5325
106809942 92 1643 5339
107350077 81 221 5366
107504261 97 1851 5374
107985806 86 954 5397
108253000 97 366 5410
108470037 91 1807 5421
109217554 80 1038 5458
109292967 87 1604 5462
109599440 95 183 5477
110583274 89 1379 5526
111446123 87 1019 5568
111561957 88 1589 5574
111687684 96 763 5580
111903205 86 1029 5591
111958427 95 1790 5594
111982127 86 1439 5595
112085083 84 1493 5600
112127292 97 618 5602
112693974 94 679 5630
112716859 92 1170 5631
113300425 86 1330 5660
113541986 80 1966 5672
113558487 99 1523 5673
113832759 99 22 5687
114682331 93 751 5729
114772575 97 679 5733
115225958 95 522 5756
115351726 92 424 5762
115472494 89 990 5768
116656378 80 1961 5827
117214999 83 818 5854
117388988 98 1218 5862
117518645 97 1019 5869
117587070 80 1973 5872
117905623 94 951 5888
118492501 99 667 5918
119144324 93 242 5951
119270840 88 98 5958
119311622 85 583 5960
119388606 88 583 5964
119684060 98 946 5979
120139255 89 291 6005
120143302 80 133 6006
120239231 81 1053 6025
120294134 93 64 6035
120305002 93 1230 6037
120346734 91 57 6046
120371559 93 1885 6052
120376615 94 645 6053
120458628 83 1167 6070
120492554 89 941 6076
120519197 88 1239 6081
120541525 93 627 6085
120587461 96 1240 6094
120740543 95 380 6126
120785297 92 1103 6135
120824310 91 617 6143
120842381 95 1672 6147
121080434 91 251 6195
121100229 97 574 6199
121495182 97 629 6278
121532334 92 434 6286
121593662 82 686 6298
121665411 97 1839 6311
121704822 89 868 6319
121749634 98 1395 6327
121781167 99 1748 6333
121882730 81 741 6353
121912623 82 1077 6359
122020473 83 34 6379
122102399 83 220 6395
122127915 80 305 6400
122414982 88 995 6459
122478101 86 593 6472
122603169 89 1269 6497
122741903 98 1468 6526
122836482 82 580 6545
122853152 88 1474 6548
122864431 92 925 6550
122944075 95 456 6566
122968414 87 1755 6571
122984280 81 1423 6574
123019190 97 664 6581
123050178 82 343 6587
123170163 89 55 6612
123180976 81 978 6614
123186967 83 356 6615
123249143 83 317 6628
123261324 86 654 6630
123382939 85 1894 6654
123431215 85 1572 6663
123570062 87 1846 6691
123588113 94 390 6695
123745926 86 457 6728
123813584 85 305 6742
123838994 89 640 6747
123871905 80 839 6754
123926994 97 1262 6765
123978639 98 551 6775
123997076 93 935 6779
124046784 92 1263 6789
124249156 84 1605 6830
124295929 94 273 6839
124397073 80 43 6859
124484623 96 71 6877
124513892 90 881 6882
124603530 91 1413 6901
124663995 90 1546 6913
124771333 80 1298 6936
124816246 94 566 6945
124867912 84 1103 6956
124928029 82 1143 6968
124968564 81 316 6975
125069370 93 201 6995
125085187 91 1537 6998
125166361 96 1904 7015
125421027 93 1407 7065
125452738 86 1821 7071
125510810 85 1734 7083
125588993 90 921 7098
125766445 97 124 7134
125919319 90 747 7164
126066520 90 814 7193
126264201 94 1543 7233
126375198 90 1270 7255
126440968 90 1251 7267
126518234 87 1767 7284
126536076 84 844 7288
126555988 82 1044 7292
126622618 90 1087 7306
126834638 97 1645 7347
126882999 84 1417 7356
126907628 97 981 7361
126981309 85 55 7376
127050609 80 285 7390
127176755 80 1841 7414
127234319 97 1737 7426
127240030 94 582 7427
127326175 92 1768 7443
127407418 92 680 7460
127498649 95 859 7476
127572023 95 922 7491
127587209 81 1410 7494
127847464 89 978 7546
128000701 80 1158 7577
128039259 91 796 7585
128161705 80 768 7610
128205048 83 1407 7619
128395053 94 233 7657
128469586 89 248 7673
128505790 89 1083 7680
128601004 82 653 7700
128631969 94 748 7707
128636902 96 1253 7708
128878100 80 55 7755
128905898 86 260 7760
128927903 83 243 7764
129010421 96 155 7781
129029408 97 308 7786
129127649 90 1065 7805
129430183 89 1789 7866
129683330 80 502 7917
129741968 90 113 7929
129850367 86 200 7950
129942210 83 846 7968
129975117 95 433 7975
130215683 85 965 8023
130227892 93 1692 8026
130232178 85 1340 8027
130308969 89 1619 8044
130343811 94 718 8051
130524782 84 1203 8088
130562935 83 55 8095
130570007 80 362 8097
130627794 90 1032 8108
130929914 92 700 8170
131125442 83 337 8210
131297473 84 1505 8244
131387878 96 563 8263
131410393 81 1403 8267
131438658 97 1912 8273
131472594 97 962 8280
131550006 95 1773 8295
131643964 95 210 8314
131661606 94 600 8318
131742390 99 249 8335
131831719 90 892 8352
131854418 89 430 8356
131883456 94 737 8363
131892439 99 593 8365
131931568 98 1445 8373
131982625 99 1347 8383
131992088 96 303 8385
132000224 90 1268 8387
132032966 98 763 8393
132190991 82 1091 8425
132282979 81 1343 8443
132356308 83 1145 8458
132493340 84 1451 8487
132660390 91 845 8520
132959865 81 1210 8579
133015893 84 1306 8591
133045586 80 1364 8599
133139856 86 1664 8616
133179052 83 201 8624
133231435 95 876 8634
133241541 88 945 8636
133327298 96 1212 8654
133494229 90 1007 8688
133615050 82 531 8713
133676459 85 1179 8725
133680942 86 314 8726
134139539 90 1248 8819
134185982 81 144 8828
134306048 95 155 8851
134311449 98 1440 8852
134698488 95 455 8929
134804406 92 743 8950
134938959 88 137 8978
134946475 91 932 8980
134990627 93 647 8989
135039225 91 922 9000
135269269 94 1647 9047
135281395 97 1084 9050
135311901 84 646 9056
135496584 96 1930 9092
135524302 89 96 9098
135542445 90 21 9102
135711768 93 1915 9135
136096497 87 3 9214
136107626 85 126 9216
136144142 97 321 9223
136367862 82 120 9266
136446447 88 1154 9281
136505660 95 1746 9293
136529365 99 429 9298
136574106 83 179 9307
136628769 89 916 9318
136639216 99 1906 9320
136661089 80 1559 9324
136757400 81 147 9344
136802496 86 905 9354
136844084 86 1970 9362
136848703 89 1093 9363
136909385 89 1499 9375
137211701 94 1660 9434
137237293 87 518 9439
137324538 91 1126 9456
137333345 85 1463 9458
137353280 94 1741 9462
137455886 96 1548 9483
137545785 99 1121 9501
137549859 99 1761 9502
137597875 85 315 9511
137690549 81 318 9529
137846228 96 1939 9560
137948143 86 1588 9580
138006095 88 683 9591
138103737 90 39 9610
138149901 90 1545 9619
138154520 98 728 9620
138260952 83 115 9641
138553952 85 117 9698
138566263 98 990 9700
138722082 84 1129 9733
138787541 93 697 9746
138802004 85 1384 9749
138811915 93 1991 9751
138884780 84 919 9766
139013536 90 787 9792
139113884 86 293 9812
139310541 90 577 9851
139483733 86 611 9885
139558936 82 780 9900
139599384 90 870 9908
139643897 83 1872 9917
139651780 89 860 9919
139713434 97 1283 9930
139721462 83 965 9932
139821216 98 486 9952
139844380 94 836 9958
139927327 93 306 9974
139937177 90 1695 9976
139966176 86 58 9982
140063602 95 1328 10001
140156577 88 1543 10022
140181108 87 395 10027
140242449 98 1569 10040
140250662 98 1461 10042
140295056 96 888 10052
140337656 86 1498 10061
140449654 91 1470 10083
140459075 80 1881 10085
140465309 87 329 10086
140663048 88 778 10127
140709550 83 795 10137
140725293 93 1687 10140
140999014 90 758 10195
141010830 98 353 10197
141074474 87 1341 10210
141106303 90 1975 10216
141128510 87 1701 10220
141160718 80 248 10226
141311139 85 829 10257
141334084 97 67 10262
141339267 97 1955 10263
141434165 90 1082 10282
141547609 90 784 10305
141562199 85 1738 10308
141577905 94 181 10311
141678856 93 1749 10331
141742657 84 859 10344
141780068 84 1703 10351
141846101 93 1727 10364
142048868 84 1071 10406
142082224 90 191 10414
142119201 91 1530 10421
142135729 86 661 10425
142151101 92 961 10428
142338598 82 213 10466
142494261 91 628 10497
142502366 80 310 10499
142617920 86 907 10523
142623855 95 1454 10524
142664516 86 648 10532
142981877 92 1618 10595
143017954 95 1858 10602
143205050 82 204 10640
143265879 90 839 10653
143365811 89 792 10671
143466721 91 1946 10691
143481805 83 1095 10694
143540899 96 1331 10706
143586437 82 562 10715
143738282 87 256 10744
143822817 97 581 10761
143971026 99 692 10791
144047695 83 619 10807
144056544 99 521 10809
144090710 90 128 10816
144121246 82 1548 10822
144303829 94 588 10859
144341022 96 774 10867
144423013 88 277 10883
144469114 83 1325 10893
144564341 93 1220 10912
144662563 87 859 10932
144676316 85 799 10935
144746112 81 20 10949
144754681 80 1009 10951
144796714 96 1295 10960
145068470 96 1543 11017
145252149 85 1315 11052
145262728 93 1630 11054
145558676 95 707 11112
145651932 95 1072 11131
145707653 84 1618 11142
145712549 98 734 11143
145717798 87 1658 11144
145733449 98 125 11147
145763978 90 785 11153
145786709 81 944 11158
145868085 83 27 11175
145872819 81 1417 11176
145966098 92 1708 11194
146087222 88 1107 11218
146091278 86 1348 11219
146147533 99 1087 11230
146321981 80 396 11265
146411067 80 1695 11282
146453788 87 91 11291
146530952 99 194 11306
146534649 97 1791 11307
146566230 97 1267 11313
146783273 81 664 11359
146885580 96 1942 11379
146962044 97 1260 11396
147016938 99 1702 11407
147110690 90 1201 11425
147271852 91 1204 11457
147306313 85 1572 11464
147372572 87 1872 11477
147383129 90 1360 11479
147465495 94 942 11496
147486814 98 1721 11500
147571979 88 1677 11519
147744868 90 164 11555
147812181 82 1677 11569
147824465 80 1351 11571
147887849 94 731 11583
147904301 92 174 11587
147918960 85 1537 11590
147966327 89 740 11599
148037912 93 1017 11614
148216901 99 1495 11652
148264527 85 693 11661
148373942 93 250 11683
148501244 88 1244 11710
148603142 90 228 11731
148684185 99 1066 11747
148816847 93 1553 11773
148851867 85 1539 11780
148911626 91 1995 11792
149006733 82 1964 11811
149045410 88 823 11819
149075475 99 507 11825
149084505 85 367 11827
149098776 90 319 11830
149282372 89 899 11869
149308012 98 1717 11874
149324960 92 1183 11878
149372346 81 1680 11888
149498990 99 1694 11914
149510445 86 1652 11916
149528013 90 1782 11919
149625342 94 138 11939
149682757 85 1769 11950
149770381 94 1685 11967
149853638 95 1046 11984
150135124 84 1362 12042
150187971 86 1059 12052
150254883 95 148 12066
150287708 87 827 12072
150310737 83 1562 12077
150471814 88 385 12111
150483256 92 336 12113
150527064 96 1083 12122
150568748 88 1105 12130
150580175 88 121 12132
150635891 84 1437 12143
150675572 87 210 12150
150770588 83 1426 12169
150789814 84 1585 12173
150871976 83 480 12189
150886254 81 394 12192
150903774 87 1753 12195
150980501 88 110 12210
151046491 90 485 12224
151120079 83 1337 12238
151139020 92 1669 12242
151179944 94 1398 12250
151263563 95 1849 12267
151333485 81 1159 12280
151355157 85 1096 12284
151369467 89 1719 12287
151460441 86 785 12306
151479959 89 1120 12310
151665121 94 1639 12347
151732432 97 434 12360
151829084 88 1826 12380
151835584 96 1688 12381
151872090 81 822 12390
151909636 84 1298 12398
152179307 94 844 12453
152232655 85 1148 12463
152357998 95 533 12488
152365199 96 486 12490
152460081 90 189 12509
152555051 90 702 12529
152622444 81 1500 12543
152695248 81 1692 12558
152705144 88 1147 12560
152739461 83 556 12567
152765772 86 1905 12572
152784202 94 817 12576
152881084 94 163 12594
153005630 89 1079 12620
153200708 85 1633 12658
153614852 80 635 12743
153701467 93 1887 12761
153730663 99 346 12767
153858085 95 37 12792
153983377 93 868 12817
154000195 84 851 12821
154058311 99 826 12833
154112749 93 211 12844
154122681 82 1673 12846
154180159 88 820 12861
154207447 85 1433 12867
154225647 85 1783 12871
154253110 88 1007 12876
154283958 99 1802 12882
154507298 81 1224 12926
154566852 93 1505 12939
154601721 85 356 12946
154725853 87 1500 12972
154771793 92 192 12981
154791346 95 742 12985
154897641 85 1755 13006
155041059 96 693 13035
155141358 81 1925 13055
155257435 86 1150 13076
155352263 92 1094 13095
155528072 97 1644 13128
155718922 99 976 13165
155722309 92 1115 13166
155785130 89 270 13178
155849511 86 1614 13190
155908285 94 842 13202
155916912 91 1867 13204
156001001 84 192 13221
156078580 90 385 13237
156083497 99 3 13238
156109432 95 1124 13244
156280915 90 495 13278
156468428 97 939 13315
156523665 96 936 13326
156544826 92 951 13331
156641777 92 5 13351
156665298 89 415 13356
156686401 98 1945 13360
156698216 81 439 13362
156747232 86 1568 13371
156776060 97 1234 13377
156778671 87 1185 13378
156782872 92 1367 13379
156789254 99 140 13380
156809985 94 1782 13384
156906421 92 155 13403
156927079 90 1525 13408
157245552 95 1680 13472
157337601 86 334 13491
157352183 97 1258 13494
157450881 90 1220 13513
157522479 91 363 13528
157605472 88 1380 13546
157656226 80 1588 13556
157687466 82 187 13562
157766090 99 826 13578
157783017 86 1530 13581
157788519 94 970 13582
157813162 97 417 13587
157894335 92 228 13604
157927288 98 1220 13610
158176758 92 1810 13663
158196916 92 1945 13667
158271700 82 943 13684
158276731 86 559 13685
158335287 88 587 13697
158390318 85 1516 13709
158586127 95 1567 13750
158620906 93 54 13757
158642528 90 1891 13761
158673463 81 1434 13767
158737798 83 695 13780
158784455 89 830 13789
158802935 95 263 13793
158895004 99 1950 13811
158962793 86 49 13827
159065391 95 1383 13849
159085550 86 926 13853
159150147 84 1380 13866
159360825 88 1285 13907
159474616 99 498 13929
159478557 93 1227 13930
159755517 92 1125 13987
159765884 97 1837 13989
159837250 85 1661 14003
159841697 86 384 14004
159867935 87 723 14009
159891205 98 1846 14013
159965092 89 1061 14028
159969756 81 387 14029
160000717 98 843 14035
160146963 80 1536 14064
160195610 93 936 14074
160272219 93 970 14090
160396226 90 179 14115
160550106 82 5 14146
160566324 92 1880 14149
160604408 80 1239 14157
160674894 95 900 14172
160710584 83 46 14180
160782471 98 681 14194
160792932 94 211 14196
160931933 99 1020 14222
161037742 97 1648 14243
161058420 83 350 14247
161156603 90 645 14266
161220785 90 1355 14278
161337664 90 1389 14301
161413515 80 1878 14317
161473755 81 1313 14329
161635524 95 558 14361
161679533 85 1885 14370
161708993 86 458 14376
161764491 84 1128 14387
161780258 84 1904 14390
161799572 91 1764 14394
161809687 86 929 14396
161823918 92 1775 14399
161878363 85 1635 14411
162075672 86 1909 14450
162177426 92 1174 14470
162344907 82 950 14504
162378330 85 786 14511
162391699 83 1188 14514
162524554 87 832 14541
162545080 90 747 14545
162556412 91 1112 14547
162622656 89 1978 14562
162674946 94 538 14573
162722864 85 1538 14582
162782115 96 208 14594
162803416 86 1141 14599
163016196 83 345 14641
163078129 97 1470 14655
163096627 89 1486 14659
163260272 87 1047 14693
163307768 93 542 14703
163369155 80 1888 14715
163436614 93 770 14729
163541542 93 271 14749
163546699 87 1181 14750
163730760 85 451 14787
164037143 93 1409 14848
164065466 96 47 14853
164108348 86 1117 14861
164119779 97 981 14863
164358904 87 800 14911
164372162 97 878 14914
164411790 84 832 14922
164591241 89 335 14957
164804654 86 1077 15001
164949868 80 782 15031
165361170 81 1133 15113
165434724 94 1505 15128
165443713 94 964 15130
165502882 87 1707 15142
165772828 94 821 15195
165864846 84 178 15212
165985927 87 1931 15237
166057418 99 1027 15252
166094228 91 1434 15259
166196968 93 1117 15280
166292347 87 1046 15298
166540928 80 1996 15348
166587289 95 1243 15356
166637105 89 414 15367
166645470 80 1253 15369
166814932 97 956 15402
166826943 83 827 15405
166947355 92 1293 15431
167215523 81 157 15483
167230126 87 1755 15486
167235498 96 767 15487
167283621 95 783 15496
167407891 94 275 15521
167493425 95 1965 15539
167659645 96 717 15572
167684142 90 1908 15576
167833312 90 1270 15608
167869790 97 640 15615
168093442 80 1971 15661
168112922 83 236 15665
168128009 96 1264 15668
168133225 83 1554 15669
168301624 80 143 15702
168310652 81 483 15704
168315173 97 1498 15705
168456539 84 813 15734
168591499 97 1361 15763
168800564 98 1405 15806
168835106 80 217 15813
168884457 97 212 15823
168971370 88 1441 15839
168993809 96 40 15843
169016422 88 1872 15848
169036007 91 1389 15852
169229153 95 1425 15892
169274409 96 547 15901
169325161 81 1379 15911
169336078 92 897 15913
169339610 91 1465 15914
169349651 82 1422 15916
169420022 93 47 15930
169754603 97 1451 15995
169807356 91 1162 16005
169825569 97 809 16008
169870273 85 1155 16017
169925497 80 1231 16028
169935438 89 79 16030
170075837 94 965 16058
170206286 97 1789 16085
170288029 90 879 16102
170375103 94 401 16120
170474787 85 311 16140
170479237 85 1081 16141
170569732 80 1302 16160
171159830 89 490 16280
171171960 91 41 16283
171228882 83 1546 16295
171238480 92 1956 16297
171308457 81 1694 16310
171328949 95 512 16315
171403690 84 1069 16331
171570489 97 530 16365
171719316 96 1288 16394
171749564 94 1696 16400
171874121 86 551 16425
171919084 84 1427 16433
172045077 94 1225 16458
172217867 85 1931 16495
172265968 95 257 16505
172479136 80 122 16550
172606185 95 520 16577
172685315 99 1969 16594
172771888 90 588 16611
172812560 96 1191 16619
172993948 84 1380 16654
173034516 92 1023 16662
173055757 99 1438 16666
173087587 92 1439 16673
173105121 85 1987 16677
173121769 96 314 16680
173168529 95 279 16689
173272009 93 1898 16710
173465744 99 1092 16751
173488827 90 1940 16756
173560372 98 926 16770
173614536 96 294 16780
173621018 80 1806 16781
173813713 84 1369 16818
173833160 94 1280 16822
173874440 98 1569 16830
173880152 92 377 16831
173927223 93 904 16842
174051630 94 11 16866
174061174 80 839 16868
174094872 92 935 16875
174216637 86 1574 16898
174350442 93 1118 16925
174524983 99 586 16960
174677559 87 277 16990
174710727 90 443 16997
174776415 86 1693 17010
174780498 90 47 17011
174815905 97 1750 17018
174821974 88 732 17019
174965745 84 950 17047
175120622 92 1154 17078
175158078 95 1614 17086
175171114 86 1315 17089
175232175 90 14 17101
175290610 92 1952 17113
175388905 96 1298 17132
175513816 98 13 17156
175550943 94 557 17163
175656863 88 1457 17185
175990463 90 966 17252
175994769 83 534 17253
176022606 91 451 17258
176237652 85 454 17302
176386549 94 1151 17330
176394588 96 991 17332
176550845 94 225 17362
176584623 82 1091 17370
176593726 90 684 17372
176621032 89 848 17378
176631656 88 1535 17380
176640937 89 221 17382
176644849 88 109 17383
176723975 85 330 17399
176742775 95 188 17403
176953393 84 132 17444
177173207 85 278 17488
177245605 99 1846 17502
177390748 88 1545 17531
177431820 93 761 17539
177441203 98 867 17541
177551345 95 1641 17562
177640917 82 208 17581
177841735 87 1296 17623
177845421 91 744 17624
177850233 83 412 17625
177934263 80 1117 17642
177949347 85 901 17645
177984543 92 87 17652
178143099 91 971 17685
178296544 89 1036 17716
178374032 95 1372 17733
178604457 94 581 17778
178749581 82 1721 17806
178761902 87 551 17808
178842885 89 1780 17825
178871726 92 676 17831
178910434 80 809 17840
178992296 93 1252 17856
179023782 96 1821 17862
179120512 96 1775 17882
179181465 88 1357 17895
179281956 94 565 17915
179303662 94 998 17919
179330395 84 59 17924
179336258 91 160 17925
179403523 90 1364 17939
179429735 89 147 17945
179486188 91 216 17956
179497440 83 978 17958
179555907 80 63 17970
179561832 92 1563 17971
179643197 97 109 17986
179804191 92 143 18019
179817204 87 662 18022
179847588 96 1561 18028
179968616 95 203 18051
179988995 86 656 18055
179993879 93 460 18056
180030911 97 996 18064
180083089 87 1734 18074
180110922 87 428 18079
180176440 94 1351 18093
180245957 88 157 18106
180627317 94 985 18182
180686607 85 876 18194
180709416 91 255 18199
180722725 87 216 18202
180726783 85 1757 18203
180787029 86 1662 18215
180975918 93 207 18252
181111653 94 1288 18278
181201579 91 348 18297
181210430 88 1074 18299
181262584 82 247 18310
181407730 89 744 18339
181498705 82 3 18356
181507071 87 1932 18358
181716943 83 588 18400
181739153 93 763 18404
181825374 86 1869 18423
181846649 89 353 18427
181855550 91 20 18429
181914210 80 386 18441
182078290 97 1815 18473
182082642 80 400 18474
182086892 91 263 18475
182141069 92 432 18485
182240542 82 1312 18504
182245445 90 369 18505
182494016 91 809 18555
182539634 94 1371 18564
182554676 86 1997 18567
182627205 83 765 18582
182632733 97 380 18583
182638042 93 172 18584
182649454 80 1667 18586
182863343 94 1891 18629
183097853 94 69 18674
183141393 97 858 18682
183155593 80 767 18685
183198499 81 1638 18693
183222964 90 881 18698
183389198 84 1664 18733
183402198 93 444 18735
183543526 91 1489 18764
183705612 82 1858 18796
183725455 99 1087 18800
183752147 97 1204 18805
183812253 88 888 18816
183913892 92 950 18836
184211701 96 202 18897
184248807 84 1737 18904
184382895 84 153 18931
184391434 89 943 18933
184503571 81 1025 18956
184543242 94 1953 18964
184558499 86 1027 18967
184637352 89 1689 18981
184772319 99 612 19009
184874630 85 1690 19030
184932787 91 24 19042
185111517 80 89 19078
185148866 92 884 19086
185191460 99 554 19094
185258916 86 686 19107
185291758 84 1900 19114
185298258 90 1755 19115
185481356 96 1215 19152
185490631 84 1262 19154
185604262 95 1617 19177
185741670 87 591 19204
185829932 93 1566 19222
185854766 91 1604 19227
185902196 92 1849 19236
185915196 89 871 19238
185969136 95 214 19249
186040774 89 495 19263
186180223 90 1638 19290
186242357 85 972 19302
186316184 90 1304 19318
186380095 86 94 19332
186580544 91 1504 19372
186683825 84 140 19393
186697966 96 832 19396
186701267 87 319 19397
186887353 89 1947 19436
187007345 89 1928 19461
187171670 92 1141 19494
187265117 88 271 19513
187273140 86 239 19515
187299062 82 1424 19520
187335925 87 535 19527
187420373 97 525 19543
187551228 90 345 19569
187739528 86 613 19608
187797151 89 1091 19619
187808045 80 559 19621
187970812 86 1964 19653
187985650 94 164 19656
187990099 97 490 19657
187994068 89 264 19658
188130536 89 432 19685
188153548 84 95 19690
188253491 81 1749 19712
188278219 87 23 19716
188305268 85 130 19721
188379063 92 1744 19736
188406707 81 85 19742
188432994 90 1133 19747
188664973 86 183 19795
188755635 98 325 19813
188770155 80 1900 19816
188914681 96 1656 19845
188939840 92 780 19850
189048948 96 1540 19872
189158834 96 126 19896
189202757 85 240 19904
189383636 93 985 19941
189408200 96 1369 19946
189413452 97 47 19947
189455974 90 1795 19956
189558390 86 1688 19977
189636781 81 1198 19993
