283729 4 328 6
2539128 4 383 61
2790567 9 425 67
3933485 17 405 96
4903524 18 18 121
5882855 3 514 146
5966371 17 572 148
6482635 1 985 161
6522152 10 37 162
6858399 10 610 171
7091231 12 670 177
7969669 15 687 198
8006059 2 326 199
8149371 1 554 203
8456664 6 381 210
8775701 3 755 218
9487309 0 690 236
9803136 13 325 244
9852097 7 303 245
10044614 0 576 250
10315936 3 875 257
10919251 19 448 273
12090518 5 742 303
12174727 14 346 305
12219304 9 241 306
12625542 1 871 316
13035666 3 17 327
13825286 13 806 348
14163569 4 147 357
14547080 18 626 367
14625056 8 51 369
14860853 6 811 376
14980656 8 469 379
15248888 7 891 386
15683759 7 811 397
15733296 2 535 398
16046441 5 413 406
16663269 9 305 422
16782025 14 627 425
17013976 4 558 431
18891585 12 0 481
22465729 0 919 568
22872924 17 518 579
23702476 16 251 600
23775944 10 752 602
24231047 8 554 613
24269218 5 115 614
24995460 1 504 632
25635364 18 465 648
26865422 14 136 678
27948299 17 446 706
27983662 2 678 707
28838547 7 176 729
28879747 2 255 730
29143830 11 851 737
29221912 14 557 739
29440376 8 362 745
30370398 7 745 768
31325615 4 97 792
32404669 18 176 819
33398549 2 880 845
33720016 18 667 853
35768566 12 844 904
37053169 16 258 937
37342376 12 452 944
37879998 6 206 958
39089513 3 783 989
39227214 7 862 993
39425869 0 675 998
39695832 19 534 1005
40623231 15 611 1028
42287227 10 958 1068
43723163 17 63 1105
44032379 17 176 1113
44317572 5 43 1120
44349962 1 13 1121
45000806 7 174 1137
45830912 11 746 1157
46359264 0 880 1170
46959913 6 655 1185
47073725 11 444 1188
47623929 15 517 1202
48135306 11 882 1215
49006172 6 447 1237
49041837 16 83 1238
49296831 5 196 1244
49335097 12 56 1245
49811441 2 588 1257
50567208 3 59 1276
50948762 4 385 1286
51311264 17 58 1296
51867225 11 712 1309
53539355 10 683 1351
54104915 7 840 1365
54500332 18 484 1375
55436574 12 480 1399
55482565 17 815 1400
56684766 15 885 1430
57031567 7 174 1439
57647112 16 196 1454
57849627 17 697 1459
58104469 16 732 1466
58491019 10 191 1476
58887593 2 656 1486
59020808 9 97 1489
59628357 10 422 1504
59828367 0 915 1509
60549607 0 875 1526
61249335 17 932 1543
61508844 12 319 1549
61861190 16 662 1558
62057037 10 908 1563
62250625 0 77 1568
64068231 14 159 1613
64116444 4 366 1614
64540878 17 577 1625
66451593 16 583 1673
67011534 6 561 1687
67080257 4 593 1689
68270385 3 134 1719
69094030 17 11 1739
69283944 3 439 1744
69492625 11 722 1749
69679962 2 614 1754
70101786 0 948 1765
70496204 6 390 1775
70871173 17 413 1785
71780800 3 78 1806
72017299 1 526 1812
72161287 2 425 1816
72950182 16 140 1835
73024636 10 632 1837
73586885 2 98 1851
75046282 10 45 1887
75090810 1 545 1888
76317335 15 807 1920
78062765 17 57 1962
81426796 16 502 2047
81619733 3 557 2052
81786483 0 210 2056
81989919 14 104 2061
82464689 17 413 2072
82665907 18 347 2077
82992550 19 411 2085
83067780 18 331 2087
83322734 8 180 2093
83984569 19 286 2110
84018512 12 389 2111
84068512 6 105 2112
84234737 5 124 2116
84514048 2 382 2123
84746808 0 242 2129
84826808 2 336 2131
85645436 19 699 2152
85692254 8 792 2153
86141009 0 677 2164
88364694 6 581 2221
88573622 14 357 2226
89488753 10 721 2248
90989267 12 948 2285
92166903 4 170 2315
92611838 16 397 2326
93148908 16 177 2339
93614476 13 509 2351
94559827 1 341 2374
95581732 8 468 2399
95776857 14 176 2404
95819933 5 346 2405
96618365 11 34 2425
96705560 13 624 2427
96779351 7 351 2429
97442019 7 60 2446
99936029 1 986 2508
99982705 5 670 2509
100858117 18 578 2532
101900044 4 962 2557
102392500 0 730 2569
102435031 2 894 2570
102652523 1 346 2576
102687725 17 992 2577
103002711 17 741 2585
103168400 15 512 2589
103542457 0 460 2598
103586700 9 124 2599
103940568 5 376 2608
105096552 18 341 2637
105711745 15 12 2652
106022408 10 763 2659
106163584 2 447 2663
108466753 17 360 2721
108894264 15 684 2732
109573875 18 318 2749
110235231 13 922 2765
111205910 12 984 2789
111772294 6 467 2804
112499253 2 251 2822
113313287 19 143 2842
115622622 3 177 2899
115706880 11 567 2901
116275209 8 878 2916
116357960 18 43 2918
116846628 5 59 2930
116883514 3 571 2931
117518478 6 604 2947
118609377 1 364 2973
118643530 0 835 2974
120754576 0 280 3025
121881149 8 812 3053
122234025 4 535 3062
122428130 16 757 3067
124058407 14 573 3107
125384725 8 347 3140
125545032 18 510 3144
127306988 14 874 3187
129157543 5 631 3234
129711765 1 795 3247
130043810 2 85 3255
130557492 14 293 3267
130933057 19 356 3276
132274403 6 239 3308
132496254 8 292 3314
135689717 9 896 3391
136301427 17 58 3406
136704045 12 738 3416
136859689 13 401 3420
137329515 6 118 3432
138164983 9 998 3453
138464026 17 891 3461
138672248 6 173 3467
140944883 12 186 3523
142146210 2 903 3553
142189452 8 829 3554
143645306 9 464 3591
145729537 9 595 3642
146284771 0 457 3656
147271896 8 248 3681
147895385 15 837 3696
148011054 16 819 3699
149223871 3 622 3730
149262393 19 445 3731
149712898 1 922 3743
150288287 1 519 3758
152183766 8 602 3806
152445842 10 330 3812
152722269 0 146 3819
154266746 2 537 3859
154312415 16 239 3860
154622907 3 7 3868
154672560 4 763 3869
154748189 17 575 3871
155780709 2 134 3897
155829463 11 774 3898
155864603 9 380 3899
156435409 14 336 3913
156583353 16 982 3917
156702538 1 900 3920
156950333 11 911 3926
156994830 18 218 3927
157690563 5 449 3945
159192598 12 461 3982
159342598 6 767 3985
160387242 4 93 4010
160709539 2 472 4018
161220233 17 871 4031
164772520 9 447 4120
164903058 4 256 4123
165207640 13 572 4131
165539583 4 226 4139
165975499 1 654 4150
167303678 3 45 4182
167551238 12 253 4188
167806842 3 454 4194
167937679 8 441 4197
167980230 9 967 4198
168183773 11 576 4203
168685909 10 899 4216
169617187 12 646 4239
170201375 9 619 4253
170539691 11 470 4261
170663246 14 292 4264
170779108 6 366 4267
170904889 12 505 4270
171853540 5 417 4293
174078497 9 699 4346
175240144 11 626 4376
176020624 14 961 4395
177229056 11 262 4424
178158990 14 105 4447
178339251 18 238 4451
179460728 12 277 4479
179746237 17 101 4486
180178356 9 468 4497
180756425 14 696 4511
181538818 15 323 4531
182148205 14 110 4546
182491349 1 923 4555
182774982 6 597 4562
183283306 1 861 4574
183863545 1 790 4588
183944714 0 686 4590
184367092 2 609 4600
184860712 11 84 4612
184903189 9 541 4613
184934386 15 920 4614
185028522 12 664 4617
185788518 19 702 4637
187392210 15 323 4677
187828340 15 107 4688
188013827 16 915 4693
188341555 17 679 4701
188590686 12 234 4707
188670973 9 175 4709
189568132 5 985 4732
190217731 12 737 4748
190259759 13 888 4749
190396798 14 380 4753
192004741 6 379 4794
192078971 15 424 4796
193110539 9 62 4822
193552671 5 630 4833
194148919 9 972 4848
194694756 9 762 4862
194777150 16 24 4864
195016642 7 934 4870
195773206 1 961 4888
196371878 9 700 4903
197164107 18 283 4923
198264920 6 247 4951
198349597 2 832 4953
198443529 5 433 4955
198920074 16 555 4967
199120940 2 32 4972
199485266 6 460 4981
199611700 3 603 4984
200000562 1 293 4994
200366320 6 984 5003
201593894 0 118 5032
201666544 2 789 5034
201791465 17 210 5037
201921686 19 869 5040
202455769 5 173 5054
202972272 15 879 5067
203287205 0 141 5074
203818830 3 601 5087
203985906 4 561 5091
204241212 13 997 5097
205557620 8 814 5130
206036683 7 518 5142
206709484 17 105 5158
207008194 2 867 5166
207160232 17 168 5170
207230275 13 459 5172
207312279 3 906 5174
208856957 13 539 5212
209478430 11 795 5227
209841655 13 729 5235
209918771 16 115 5237
210076319 6 193 5241
210639341 16 144 5255
210757854 2 438 5258
210914626 19 95 5262
211697375 9 501 5281
211974204 5 656 5288
212180979 12 843 5293
212974362 7 45 5313
213777670 5 599 5333
214522705 14 426 5351
214884480 18 439 5360
215491169 9 384 5376
215645089 18 833 5380
216060716 16 426 5390
216487538 0 343 5400
216778141 8 895 5407
216861329 1 835 5409
217691892 16 20 5430
218567904 18 249 5452
218611964 18 855 5453
219004828 4 950 5462
219865898 13 168 5484
220261953 6 512 5494
220991458 10 820 5512
221710839 15 739 5531
223539569 1 592 5577
224724832 14 919 5606
224936313 13 158 5611
226335542 15 777 5646
226581314 13 213 5652
226659142 4 194 5654
227000076 4 55 5663
227394011 10 337 5673
228373788 1 747 5697
228609190 14 633 5702
228694600 7 286 5704
229066438 11 329 5713
229178617 4 517 5716
229637816 8 182 5727
234192686 10 868 5840
234838241 18 457 5856
234952976 17 929 5859
235101039 14 944 5863
235372495 8 78 5870
237402360 16 468 5921
238604603 15 651 5950
238839357 9 96 5956
239365849 0 29 5970
239495898 4 63 5973
240357929 9 50 5994
241853473 6 221 6031
242008759 7 720 6035
242254659 6 507 6042
242968038 9 741 6060
243010961 12 573 6061
244624770 5 490 6102
245352876 6 638 6120
246118323 7 235 6140
246550177 11 737 6151
246719867 7 486 6155
246826986 7 37 6158
246894551 1 878 6160
246994470 12 348 6162
247428242 13 323 6173
248856289 12 788 6209
249744399 11 728 6232
249943298 7 873 6237
250209319 12 167 6244
250556583 2 788 6253
250761526 5 273 6258
251056470 5 617 6265
251496203 6 936 6276
252251590 19 768 6295
253287314 9 78 6321
253479657 2 433 6326
253718882 6 117 6333
256091747 7 134 6390
256139494 16 806 6391
258151286 0 300 6441
258470338 19 711 6449
258953367 5 340 6461
260070513 3 557 6488
261158583 14 604 6516
261393443 9 690 6522
261462958 12 152 6524
262023485 10 663 6538
262066984 11 444 6539
262456886 2 435 6549
263798770 3 199 6582
263879981 17 58 6584
264644251 18 738 6604
266104509 4 903 6642
266230327 5 186 6645
267043657 0 760 6665
267237947 2 537 6670
267454248 7 418 6676
267495577 9 268 6677
267620877 11 711 6680
268573126 14 45 6703
269600078 0 150 6729
269754159 19 535 6733
269796353 2 874 6734
269843314 10 538 6735
270564694 15 663 6753
272795429 15 60 6808
272930336 16 178 6811
273129273 5 76 6816
273443777 4 987 6824
273716150 6 961 6831
274523036 13 431 6850
276437102 10 864 6899
276591798 17 880 6903
276800922 8 355 6908
276967187 2 954 6912
277329347 14 676 6921
277874693 1 832 6934
278372973 1 680 6947
279644049 8 552 6980
279805813 3 119 6984
280757042 2 356 7008
280950665 11 942 7013
281122853 1 333 7017
281576925 12 475 7028
281668263 2 530 7030
282260902 0 627 7044
282427332 17 87 7048
282462350 17 794 7049
283582447 1 852 7076
283615497 13 667 7077
285128611 12 362 7115
285545191 7 872 7125
285625478 11 941 7127
286325693 17 826 7145
286416424 5 550 7147
287046829 15 529 7162
287699867 6 333 7178
287997145 1 489 7186
288473087 0 68 7198
289884808 7 342 7234
290729497 13 975 7255
291161177 3 309 7265
291318410 15 515 7269
291465026 1 795 7273
291844988 15 529 7283
292069127 2 631 7289
292105501 8 108 7290
292380934 3 582 7297
292445924 14 814 7299
292560791 7 231 7302
292956457 5 536 7312
294143659 2 400 7342
294689105 11 804 7356
294940594 11 519 7363
297096194 11 381 7417
297716923 10 823 7432
298107154 0 620 7442
299975504 11 767 7489
300722828 4 499 7507
300756466 18 579 7508
300839219 9 884 7510
302237141 0 799 7546
304170270 8 88 7594
306438160 5 41 7650
307523965 0 74 7678
308909668 7 185 7712
310393782 15 777 7748
311127862 17 174 7766
311455361 8 101 7774
313835071 14 427 7834
314220805 7 405 7844
315774361 1 992 7884
316000580 3 200 7890
319421803 0 249 7976
319660251 16 67 7982
319749234 4 93 7984
320216205 18 671 7995
320291499 11 152 7997
320704296 5 564 8007
321653620 17 776 8031
321814021 3 486 8035
322537452 19 293 8053
322739874 13 723 8058
324116569 14 553 8092
324618477 15 261 8105
325415335 1 720 8126
327732732 17 113 8185
328155351 11 60 8196
328239836 18 252 8198
329883182 15 920 8239
329915018 0 986 8240
330315040 9 172 8250
330906277 19 367 8264
331106691 3 159 8269
332132489 2 730 8294
332221032 9 280 8296
332342180 16 125 8299
332538738 2 682 8304
334150708 1 217 8347
335199241 8 951 8373
335647657 16 331 8384
335845340 15 328 8389
336829885 15 60 8413
336917265 15 403 8415
336961166 10 722 8416
337663130 11 295 8434
338170491 14 799 8447
339174069 3 52 8472
340278456 10 869 8501
340498173 15 678 8507
340578558 0 634 8509
340685217 2 242 8512
341406396 14 874 8530
341492509 14 532 8532
343578322 5 925 8586
343755094 5 43 8590
343914096 19 4 8594
346518017 6 221 8659
346790079 11 231 8666
347610372 0 983 8686
347900977 5 157 8693
348257203 11 394 8702
348334826 7 170 8704
349508321 11 104 8733
349594223 7 910 8735
349742528 14 861 8739
349973716 14 345 8744
350940475 12 312 8767
354259663 11 149 8850
354418308 9 514 8854
354448308 4 400 8855
354526038 0 707 8857
355043258 0 936 8870
355447584 11 435 8881
356044506 19 642 8895
356129561 8 3 8897
356598928 1 205 8909
356799997 10 801 8914
357449226 2 21 8929
358222474 4 31 8948
358294230 0 288 8950
358578550 2 724 8957
359242556 11 632 8974
359664697 13 411 8984
360742217 9 632 9010
361300912 13 754 9024
361673710 3 827 9033
361944998 17 787 9040
363073258 7 629 9068
363726485 6 460 9084
363773230 6 474 9085
363888415 10 418 9088
364403816 15 930 9101
366169316 4 561 9144
366457353 1 50 9151
366710793 1 47 9157
371404640 0 255 9273
372784042 11 395 9306
374468006 10 113 9348
374540524 1 506 9350
374618672 5 195 9352
374835215 16 906 9357
375983711 8 500 9386
376726062 7 821 9404
376870462 13 716 9408
377073406 2 710 9413
377199627 6 305 9416
377722483 4 174 9429
379095368 12 547 9463
379367305 6 63 9470
380343203 8 428 9494
380986508 1 405 9510
381455434 17 320 9521
381494061 12 996 9522
382560061 4 728 9548
382749555 16 839 9553
383131713 2 179 9563
383856351 2 190 9581
383992539 17 40 9584
386082966 4 409 9635
386213368 4 687 9638
386735073 0 985 9651
386936389 11 55 9656
389405653 5 376 9719
389672682 10 109 9726
390091608 0 444 9737
391432964 4 537 9769
391916514 15 562 9781
392164760 3 159 9787
392487068 7 406 9795
392835422 3 687 9804
392868795 11 408 9805
394536425 8 267 9846
394717731 16 783 9850
395277850 15 912 9864
395351212 13 634 9866
395473189 3 444 9869
396190673 9 181 9887
396224183 2 352 9888
398184007 15 573 9938
398400368 13 187 9943
398719099 5 264 9951
398827706 13 678 9954
399079348 12 743 9960
399169434 15 839 9962
399310983 17 534 9966
399717873 14 822 9977
399837894 15 950 9980
400548091 1 951 9998
