323644 88 534 7
2196324 97 823 53
2244561 92 268 54
3275012 98 30 79
3700443 98 787 90
4053390 84 550 99
4129119 94 783 101
4197842 96 214 103
4321534 80 712 106
4798584 95 872 118
5185045 97 370 128
5340325 89 341 132
6138991 81 783 153
8414276 94 138 209
8950500 98 995 222
10649422 88 688 266
10683633 94 547 267
11330648 83 210 283
12319304 96 591 308
12430913 81 803 311
13138379 91 749 330
13499540 92 72 339
13762656 94 147 346
14276436 80 679 360
15186571 99 483 384
15888947 86 481 402
16079804 83 189 407
16236079 98 177 411
17384311 92 667 440
17482600 92 640 443
18544154 91 405 472
19241911 89 548 490
19768021 97 889 502
20188618 89 66 513
21485511 98 766 544
22537752 87 690 570
24303426 86 226 615
24870907 84 449 629
25892784 84 965 654
27005301 84 693 682
27114359 95 917 685
27393620 88 488 692
28459370 82 148 719
29371490 91 847 743
30708787 83 516 777
30912291 95 738 782
31503568 94 285 796
31569518 84 932 798
32518307 84 445 822
32760888 96 188 828
33099981 93 62 837
33436839 84 317 846
34637387 89 867 876
34977229 86 179 884
35591746 86 610 899
35853450 88 472 906
36193541 89 734 915
36270054 97 900 917
37301363 94 307 943
38017194 86 142 961
38134497 90 977 964
38595622 91 25 976
38634572 83 4 977
38745368 88 236 980
39007993 81 893 987
39844001 93 592 1009
40581761 93 413 1027
40690069 99 27 1030
41081635 84 303 1040
42211070 90 498 1066
43311448 88 250 1095
44880096 90 963 1134
45374298 80 480 1146
46825988 82 977 1181
46863552 80 699 1182
47558280 83 713 1200
47589088 84 186 1201
47657825 82 587 1203
48503248 87 582 1224
48766218 92 648 1231
49668864 98 574 1254
50307896 87 536 1269
51391524 93 705 1298
51660125 95 721 1304
51699089 99 909 1305
51735235 86 202 1306
52005062 82 345 1312
52644826 94 262 1328
52960366 94 587 1336
53196426 86 663 1342
53580853 89 205 1352
55394916 83 580 1398
55779358 98 212 1407
56869761 97 101 1435
56998164 86 847 1438
58178862 88 808 1468
59402308 93 563 1498
59668892 98 330 1505
61714248 87 243 1554
61977638 92 297 1561
62296351 90 384 1569
62847462 83 801 1583
63018195 96 306 1587
63100377 80 890 1589
63711175 83 950 1604
63795393 80 491 1606
64203330 86 306 1616
65452138 89 2 1648
66706867 91 964 1679
67046745 85 452 1688
67454378 84 94 1698
68574532 85 939 1727
69330365 87 445 1745
69532362 80 752 1750
69609673 98 361 1752
70337453 98 163 1771
71094523 88 882 1790
71597753 98 68 1802
72991830 85 336 1836
73313301 98 640 1844
73925058 84 129 1859
74513809 93 756 1874
75861595 81 493 1908
76049340 80 1 1913
76620193 97 97 1927
77492088 86 592 1948
78183776 81 693 1965
78700765 82 953 1978
78812579 80 205 1981
79273779 84 531 1994
79354014 82 994 1996
79686889 92 731 2004
79904717 90 410 2010
80870489 94 766 2033
81823784 90 265 2057
82866778 85 534 2082
82950551 95 531 2084
83504196 83 383 2098
85170556 96 73 2140
85207537 84 991 2141
85454683 95 854 2147
85484683 85 187 2148
86425598 91 144 2171
87091069 86 103 2188
87396720 82 208 2196
87771309 89 486 2206
88076194 81 578 2214
88791698 81 311 2231
88947558 82 285 2235
89291223 97 267 2243
89563667 82 137 2250
91415568 94 718 2296
91483170 92 163 2298
92293604 99 878 2318
92526825 93 406 2324
94139273 81 439 2363
94176041 90 2 2364
94525191 99 262 2373
95017044 96 335 2385
96265360 95 118 2416
96542318 97 323 2423
96820932 95 638 2430
97094501 80 448 2437
98003587 87 69 2460
98036860 91 155 2461
98509759 86 126 2473
98936369 88 845 2484
99346854 89 981 2494
100014456 91 173 2510
100666622 82 654 2527
101232675 99 493 2541
101408940 91 557 2545
101851202 81 483 2556
101983497 99 332 2559
103218400 86 160 2590
104273170 90 984 2616
104395823 82 944 2619
105363538 93 276 2644
105756624 89 325 2653
106678713 91 228 2676
107215713 82 657 2690
107768764 85 130 2703
107931786 98 848 2707
108057101 93 877 2710
108241635 80 62 2715
109540033 95 751 2748
109620695 95 288 2750
110075470 90 294 2761
110474662 80 734 2771
111001164 83 221 2784
111822294 92 415 2805
111951138 97 455 2808
112463847 93 770 2821
113736448 90 501 2853
114717564 97 517 2877
114867889 99 50 2881
115209880 82 630 2889
115667881 95 914 2900
116491274 99 837 2921
116585118 85 69 2923
116646889 92 98 2925
116956028 92 570 2933
117563411 96 426 2948
118361480 84 564 2967
118396894 93 7 2968
120016273 93 226 3007
120440439 96 507 3017
120792838 90 853 3026
121119952 92 237 3034
121322859 95 84 3039
121444491 89 69 3042
122957958 83 147 3081
123485001 95 874 3093
124252727 89 162 3112
124859451 89 387 3127
124941704 87 619 3129
126190501 98 141 3160
127386594 80 165 3189
128072431 85 273 3207
128394651 96 395 3215
128588078 95 576 3220
128719793 90 264 3223
129288302 80 979 3237
130093510 84 629 3256
132070114 81 101 3303
132340867 99 774 3310
133195201 84 806 3331
134031245 94 912 3351
134604549 96 819 3365
134727251 92 522 3368
135537618 85 664 3387
135819456 92 542 3394
135939073 95 207 3397
136553425 86 631 3412
138424448 91 253 3460
138797716 99 573 3470
138977258 93 866 3475
139144023 89 813 3479
139302533 88 356 3483
140372008 96 847 3509
140709721 84 749 3517
140750979 80 357 3518
142480941 88 851 3561
143571873 91 537 3589
144781846 99 905 3619
145932379 89 355 3647
146946102 88 70 3673
147440593 92 431 3685
147937138 83 642 3697
148316116 96 292 3707
149024079 99 259 3725
149567425 86 899 3739
149866456 99 897 3747
150400315 96 627 3761
150981524 85 199 3776
151816289 94 778 3797
152528862 82 241 3814
152640310 85 176 3817
153788001 92 172 3846
153960886 91 736 3851
154165161 85 930 3856
154347539 84 34 3861
155533641 87 839 3891
156787682 86 234 3922
157032331 82 440 3928
157464605 95 523 3939
157767577 81 506 3947
158140145 90 417 3956
159073855 92 329 3979
159391665 84 998 3986
159606978 84 574 3991
160865913 85 59 4022
161109375 96 442 4028
161269652 80 84 4032
161396862 86 839 4035
161434160 98 92 4036
161746610 85 519 4044
162127216 85 306 4054
162618389 95 56 4066
163690495 87 723 4093
164100627 86 481 4103
164174375 85 211 4105
164257948 95 160 4107
164302004 90 517 4108
165371351 88 435 4135
166778273 85 117 4169
167092424 80 508 4177
167265222 87 988 4181
168769858 98 174 4218
171072039 87 631 4274
171188191 80 188 4277
172961948 80 663 4320
173936833 86 333 4343
174275101 84 995 4351
174444626 81 13 4355
175326123 86 109 4378
177407922 81 264 4428
177764205 95 910 4437
178054749 92 44 4444
178940589 81 493 4465
180268929 82 724 4499
180309532 85 634 4500
180378424 88 480 4502
180416105 97 257 4503
180798878 97 297 4512
181455747 88 112 4529
181832578 93 769 4538
181956006 92 520 4541
182259457 96 364 4549
182333823 91 206 4551
182995516 92 10 4567
183365921 89 823 4576
183485733 94 284 4579
183744655 91 774 4585
184014097 82 668 4592
184193767 91 198 4596
184656474 80 645 4607
185536307 86 940 4630
185961925 81 375 4641
186048658 89 511 4643
186166824 93 913 4646
186200658 87 632 4647
186735607 95 739 4661
188391094 85 107 4702
188631341 98 60 4708
189921864 89 609 4741
190048819 83 761 4744
190135444 92 586 4746
190477906 99 95 4755
191840621 81 201 4790
191915401 92 63 4792
192122011 99 201 4797
193000200 81 382 4819
193517388 93 525 4832
194222717 99 385 4850
195614495 90 604 4884
196690094 93 52 4911
198592379 94 53 4959
199686377 80 784 4986
200191494 82 283 4999
200402250 83 37 5004
201026239 99 581 5019
203068548 89 138 5069
205047259 89 102 5117
205841918 87 769 5137
206304037 94 25 5148
206669052 82 31 5157
206812320 82 796 5161
206889933 92 834 5163
207633994 88 953 5182
207958756 81 798 5190
208252798 94 881 5197
208614091 84 936 5206
209322860 81 397 5223
209429980 94 111 5226
210351496 85 522 5248
210600180 98 48 5254
210846988 98 68 5260
212004204 90 831 5289
212052336 93 197 5290
212888133 90 885 5311
213288207 81 761 5321
213940935 83 866 5337
214063102 89 474 5340
214263509 86 716 5345
214400721 85 293 5348
214756985 93 65 5357
215765350 89 812 5383
216898543 97 218 5410
217081617 93 514 5415
217124449 90 308 5416
218355608 94 494 5447
218959092 87 816 5461
220071261 95 618 5489
220224921 97 580 5493
220822220 82 486 5508
221887611 99 391 5536
222101063 91 826 5541
222543482 95 378 5552
222657915 95 768 5555
222995856 92 25 5564
223669981 91 408 5580
224226265 99 578 5594
225555805 89 31 5627
225687388 83 700 5630
225729481 99 618 5631
226091587 95 198 5640
226696406 98 565 5655
227030076 97 442 5664
227468613 81 641 5675
228568553 97 12 5701
228815863 94 960 5707
228887899 88 669 5709
229338926 80 522 5720
229935474 90 697 5735
230891106 93 623 5758
231858850 94 862 5782
232367519 85 957 5794
232823758 91 531 5806
233724770 80 246 5829
234158642 89 594 5839
234716736 84 181 5853
234868722 95 276 5857
234914749 92 359 5858
235481550 98 572 5873
235764117 83 883 5880
236251435 84 666 5892
236361225 98 375 5895
237275321 92 7 5918
237634316 85 820 5927
237756637 82 721 5930
238057724 97 702 5937
238101097 99 915 5938
239111729 86 614 5963
239656934 94 192 5977
239983752 89 942 5985
240230444 85 763 5991
240919570 81 541 6008
241353247 86 376 6019
243051037 89 265 6062
243315469 96 176 6069
243481119 80 0 6073
244240651 99 538 6092
244734711 92 549 6105
244778166 88 410 6106
245016517 90 823 6112
246001711 88 163 6137
246188215 94 757 6142
249200063 98 802 6218
249626672 80 763 6229
250129064 85 478 6242
250173235 89 667 6243
251746675 95 854 6282
251790826 82 727 6283
252940703 80 352 6312
255346158 83 336 6372
256225314 80 565 6393
256298648 96 600 6395
256580762 81 899 6402
256779553 88 480 6407
257094673 96 154 6415
257735369 92 948 6431
257812032 85 14 6433
258717141 83 29 6455
259042029 90 975 6463
259241965 92 28 6468
259766614 96 493 6480
260587579 98 389 6502
262136743 97 489 6541
262645300 83 102 6554
263177401 85 124 6566
263366776 93 535 6571
263653007 82 596 6578
264369761 93 582 6597
265388063 83 676 6623
265490648 92 483 6626
265945124 86 980 6638
266358020 95 801 6648
267009268 97 11 6664
267731122 95 309 6683
267765170 94 486 6684
268481604 91 922 6701
269123796 99 241 6717
269523156 94 736 6727
270367568 84 255 6748
273674632 99 339 6830
274391923 89 718 6847
274913590 96 442 6860
276126161 94 454 6891
276400086 84 941 6898
277376328 83 694 6922
278072258 81 272 6939
278298303 91 581 6945
278461994 94 271 6949
278608989 90 349 6953
278722961 92 806 6956
279199356 93 501 6968
279339121 84 511 6972
279375106 97 922 6973
279735482 81 792 6982
280988858 92 724 7014
281084602 89 40 7016
281935527 89 229 7036
283307068 99 204 7069
283383289 90 842 7071
283456979 95 30 7073
285861501 80 365 7133
286974184 96 685 7160
287878469 85 346 7183
288791699 90 571 7206
289191231 93 433 7216
289553163 86 339 7226
289928861 90 79 7235
290043090 86 368 7238
290325512 82 798 7245
291074770 93 342 7263
291420783 82 535 7272
291993704 93 728 7287
293634103 83 901 7329
294441693 95 546 7350
294721391 90 843 7357
295281094 91 698 7372
295723895 96 970 7383
295814639 97 466 7385
297390255 90 140 7424
298216179 86 952 7445
298753740 89 314 7458
299035530 82 439 7466
299500829 99 555 7477
299613863 86 966 7480
301907505 98 270 7537
302352616 81 561 7549
303798660 92 162 7585
304302709 84 487 7597
304379673 91 485 7599
304936669 81 451 7613
305017153 90 985 7615
305416273 87 594 7625
306007567 95 855 7639
306743697 96 407 7657
306782203 81 560 7658
307068470 86 803 7666
307568046 98 341 7679
308952562 95 854 7713
309489316 95 232 7726
309576335 83 107 7728
309792290 85 620 7733
310637760 80 144 7754
310868904 95 547 7760
311571367 98 162 7777
311792618 90 517 7783
312922698 85 384 7811
313292226 86 741 7820
313452923 96 838 7824
314148338 89 559 7842
314190805 99 541 7843
315362512 84 573 7874
315807297 89 787 7885
315885383 81 352 7887
315964132 82 818 7889
316198690 88 342 7896
316401711 80 432 7901
316576965 99 946 7905
317257705 88 78 7922
317671072 88 224 7932
318204413 93 366 7945
318849800 92 453 7962
319926485 88 193 7988
320052149 82 253 7991
323626776 93 345 8079
323769831 86 284 8083
323924470 87 696 8087
324074365 99 773 8091
325038793 95 387 8116
325118913 80 842 8118
325224201 90 469 8121
326394175 86 630 8151
326466278 82 382 8153
326591078 81 638 8156
326819033 92 849 8162
327230609 87 693 8173
327492942 93 635 8179
328505910 88 324 8204
328674697 87 545 8208
330684983 94 612 8259
331034541 93 73 8267
331199811 89 867 8271
331320441 90 883 8274
331635186 92 785 8282
332469163 92 651 8302
332575705 83 521 8305
332898520 99 103 8313
333602294 81 595 8332
334283428 83 180 8350
335237291 93 144 8374
336426884 89 614 8403
336596807 85 499 8407
336706807 94 381 8410
337328255 95 34 8426
338000221 86 684 8443
338427466 95 794 8453
338902505 83 953 8465
339057630 86 819 8469
339262743 80 184 8474
339330663 87 493 8476
339592115 99 971 8483
339747684 82 729 8487
339824943 86 862 8489
340540841 95 303 8508
340732426 94 354 8513
341293905 96 369 8527
341326027 91 842 8528
341526787 98 594 8533
341865582 81 941 8542
342138629 99 344 8549
342361946 87 116 8555
342928972 87 58 8570
343079194 95 65 8574
344052162 89 946 8598
344196360 93 810 8602
344242233 99 938 8603
344363349 93 812 8606
344849848 94 779 8618
344965876 96 67 8621
346833367 91 719 8667
347133138 81 180 8674
349282957 98 228 8728
349328114 88 802 8729
349624223 86 345 8736
350702677 80 483 8761
351742172 91 446 8788
353369479 89 972 8827
353832529 88 188 8839
355495683 99 719 8882
356290056 94 445 8901
356328813 88 844 8902
357560574 84 69 8932
358953262 84 481 8967
359046540 97 458 8969
359276702 80 460 8975
360345749 95 585 9000
360922652 90 497 9015
361335084 84 156 9025
361458720 81 102 9028
362106063 94 37 9044
362142373 89 683 9045
362259595 80 882 9048
362586419 92 756 9056
363150032 88 624 9070
364206198 81 608 9096
364451459 88 310 9102
366088961 86 182 9142
366212035 93 990 9145
367570195 96 821 9178
367868132 93 588 9185
368078457 96 954 9190
369331214 80 441 9222
369372545 85 859 9223
369813375 80 332 9234
369944425 95 185 9237
370958045 84 404 9262
372829508 85 943 9307
373378812 88 202 9320
373844255 84 531 9332
373916210 97 635 9334
375121993 98 736 9364
375287779 84 669 9368
375833051 94 100 9382
376071263 91 538 9388
377520393 80 587 9424
378860319 87 378 9457
378945762 92 612 9459
379209321 96 350 9466
380671754 83 467 9502
382600121 98 205 9549
382786839 86 235 9554
383261760 97 660 9566
383310017 80 582 9567
383428482 88 946 9570
384211669 99 860 9589
384330397 93 226 9592
386305559 94 534 9640
387499183 85 48 9670
388444751 97 571 9695
388529068 87 917 9697
388607033 91 289 9699
389531002 93 585 9722
391800804 81 431 9778
391964602 90 672 9782
393127826 84 111 9811
393600517 85 465 9823
395842503 99 564 9878
396114958 91 809 9885
396623001 80 507 9898
399469843 97 121 9970
400474701 93 746 9996
